/h1_2/pelvis/left_hip_yaw_joint, /h1_2/left_hip_yaw_link/left_hip_pitch_joint, /h1_2/left_hip_pitch_link/left_hip_roll_joint, /h1_2/left_hip_roll_link/left_knee_joint, /h1_2/left_knee_link/left_ankle_pitch_joint, /h1_2/left_ankle_pitch_link/left_ankle_roll_joint, /h1_2/pelvis/right_hip_yaw_joint, /h1_2/right_hip_yaw_link/right_hip_pitch_joint, /h1_2/right_hip_pitch_link/right_hip_roll_joint, /h1_2/right_hip_roll_link/right_knee_joint, /h1_2/right_knee_link/right_ankle_pitch_joint, /h1_2/right_ankle_pitch_link/right_ankle_roll_joint, /h1_2/pelvis/torso_joint, /h1_2/torso_link/left_shoulder_pitch_joint, /h1_2/left_shoulder_pitch_link/left_shoulder_roll_joint, /h1_2/left_shoulder_roll_link/left_shoulder_yaw_joint, /h1_2/left_shoulder_yaw_link/left_elbow_joint, /h1_2/left_elbow_link/left_wrist_roll_joint, /h1_2/torso_link/right_shoulder_pitch_joint, /h1_2/right_shoulder_pitch_link/right_shoulder_roll_joint, /h1_2/right_shoulder_roll_link/right_shoulder_yaw_joint, /h1_2/right_shoulder_yaw_link/right_elbow_joint, /h1_2/right_elbow_link/right_wrist_roll_joint
24.637184, -9.097221, -5.4614534, -5.3489513, -0.40630898, 0.0, -24.473629, -54.24037, 12.910276, 44.58019, 16.460512, 0.0, -10.168314, -13.950432, 12.489647, 15.454748, 63.79896, 0.0, -11.663507, -7.20458, -33.143887, 68.41374, 0.0
24.637184, -9.008602, -5.5047608, -5.296558640000001, -0.8696878640000001, 0.0, -24.4963108, -54.511981999999996, 12.8836284, 44.615964, 16.6517988, 0.0, -10.14709, -13.483362999999999, 12.3764404, 15.6260974, 64.202156, 0.0, -11.5057428, -6.97839112, -32.9585346, 68.49660200000001, 0.0
24.637184, -8.919983, -5.5480681999999995, -5.24416598, -1.333066748, 0.0, -24.5189926, -54.783594, 12.856980799999999, 44.651738, 16.843085600000002, 0.0, -10.125866, -13.016294, 12.2632338, 15.797446800000001, 64.60535200000001, 0.0, -11.3479786, -6.75220224, -32.7731822, 68.579464, 0.0
24.637184, -8.831363999999999, -5.5913756, -5.19177332, -1.7964456320000002, 0.0, -24.541674399999998, -55.055206, 12.8303332, 44.687512, 17.0343724, 0.0, -10.104642, -12.549225, 12.1500272, 15.9687962, 65.008548, 0.0, -11.1902144, -6.52601336, -32.5878298, 68.66232600000001, 0.0
24.637184, -8.742745, -5.634683, -5.13938066, -2.259824516, 0.0, -24.5643562, -55.326818, 12.8036856, 44.723286, 17.2256592, 0.0, -10.083418, -12.082156000000001, 12.0368206, 16.1401456, 65.411744, 0.0, -11.0324502, -6.29982448, -32.4024774, 68.745188, 0.0
24.637184, -8.654126, -5.6779904, -5.086988, -2.7232034, 0.0, -24.587038, -55.59843, 12.777038, 44.75906, 17.416946, 0.0, -10.062194, -11.615087, 11.923614, 16.311495, 65.81494, 0.0, -10.874686, -6.0736356, -32.217125, 68.82805, 0.0
24.637184, -8.477095, -5.73929508, -4.86351054, -2.9351432600000003, 0.0, -24.5958564, -56.013504, 13.0279054, 44.378341999999996, 17.4904126, 0.0, -10.3001814, -11.1261278, 11.9926396, 16.6286206, 66.30108200000001, 0.0, -10.565523800000001, -5.99119636, -32.245716, 68.917624, 0.0
24.637184, -8.300063999999999, -5.80059976, -4.64003308, -3.14708312, 0.0, -24.604674799999998, -56.428578, 13.2787728, 43.997623999999995, 17.5638792, 0.0, -10.5381688, -10.6371686, 12.0616652, 16.945746200000002, 66.78722400000001, 0.0, -10.2563616, -5.90875712, -32.274307, 69.007198, 0.0
24.637184, -8.123033, -5.86190444, -4.4165556200000005, -3.35902298, 0.0, -24.6134932, -56.843652, 13.5296402, 43.616906, 17.637345800000002, 0.0, -10.7761562, -10.1482094, 12.1306908, 17.2628718, 67.273366, 0.0, -9.9471994, -5.82631788, -32.302898000000006, 69.096772, 0.0
24.637184, -7.946002, -5.92320912, -4.19307816, -3.57096284, 0.0, -24.6223116, -57.258726, 13.7805076, 43.236188, 17.710812400000002, 0.0, -11.0141436, -9.6592502, 12.1997164, 17.5799974, 67.759508, 0.0, -9.6380372, -5.74387864, -32.331489000000005, 69.186346, 0.0
24.637184, -7.768971, -5.9845138, -3.9696007, -3.7829027, 0.0, -24.63113, -57.6738, 14.031375, 42.85547, 17.784279, 0.0, -11.252131, -9.170291, 12.268742, 17.897123, 68.24565, 0.0, -9.328875, -5.6614394, -32.36008, 69.27592, 0.0
24.637184, -7.42279208, -5.78082944, -3.45381514, -3.61945284, 0.0, -24.630975199999998, -58.176987, 14.514032400000001, 41.9993312, 17.411929400000002, 0.0, -11.756961, -9.171324400000001, 12.3821624, 18.0365964, 68.480402, 0.0, -8.8419929, -5.78065492, -32.58679, 69.440012, 0.0
24.637184, -7.07661316, -5.57714508, -2.9380295800000003, -3.45600298, 0.0, -24.630820399999998, -58.680174, 14.9966898, 41.1431924, 17.039579800000002, 0.0, -12.261791, -9.1723578, 12.4955828, 18.1760698, 68.715154, 0.0, -8.3551108, -5.89987044, -32.813500000000005, 69.60410399999999, 0.0
24.637184, -6.730434239999999, -5.37346072, -2.42224402, -3.29255312, 0.0, -24.6306656, -59.183361, 15.479347200000001, 40.2870536, 16.6672302, 0.0, -12.766621, -9.173391200000001, 12.6090032, 18.3155432, 68.949906, 0.0, -7.8682286999999995, -6.01908596, -33.04021, 69.768196, 0.0
24.637184, -6.384255319999999, -5.16977636, -1.90645846, -3.12910326, 0.0, -24.6305108, -59.686548, 15.9620046, 39.4309148, 16.2948806, 0.0, -13.271451, -9.1744246, 12.722423599999999, 18.4550166, 69.184658, 0.0, -7.3813466, -6.13830148, -33.266920000000006, 69.932288, 0.0
24.637184, -6.0380764, -4.966092, -1.3906729, -2.9656534, 0.0, -24.630356, -60.189735, 16.444662, 38.574776, 15.922531, 0.0, -13.776281, -9.175458, 12.835844, 18.59449, 69.41941, 0.0, -6.8944645, -6.257517, -33.49363, 70.09638, 0.0
24.637184, -5.58875776, -4.4613894599999995, -0.56289524, -3.0978230399999998, 0.0, -24.6311602, -60.310688, 16.723543, 37.8062778, 15.211995799999999, 0.0, -14.068821600000001, -9.530965400000001, 12.8957034, 18.568428400000002, 69.330104, 0.0, -6.5122409999999995, -6.39724494, -33.5142284, 70.207596, 0.0
24.637184, -5.13943912, -3.9566869199999997, 0.26488241999999995, -3.22999268, 0.0, -24.6319644, -60.431641, 17.002424, 37.0377796, 14.5014606, 0.0, -14.3613622, -9.8864728, 12.955562800000001, 18.5423668, 69.240798, 0.0, -6.1300175, -6.53697288, -33.534826800000005, 70.318812, 0.0
24.637184, -4.69012048, -3.45198438, 1.0926600800000001, -3.36216232, 0.0, -24.6327686, -60.552594, 17.281305, 36.2692814, 13.790925399999999, 0.0, -14.653902800000001, -10.2419802, 13.0154222, 18.5163052, 69.151492, 0.0, -5.747794, -6.67670082, -33.5554252, 70.43002800000001, 0.0
24.637184, -4.24080184, -2.9472818399999996, 1.92043774, -3.4943319600000002, 0.0, -24.6335728, -60.673547, 17.560186, 35.5007832, 13.0803902, 0.0, -14.9464434, -10.5974876, 13.0752816, 18.4902436, 69.062186, 0.0, -5.3655705000000005, -6.81642876, -33.576023600000006, 70.541244, 0.0
24.637184, -3.7914832, -2.4425793, 2.7482154, -3.6265016, 0.0, -24.634377, -60.7945, 17.839067, 34.732285, 12.369855, 0.0, -15.238984, -10.952995, 13.135141, 18.464182, 68.97288, 0.0, -4.983347, -6.9561567, -33.596622, 70.65246, 0.0
24.6350604, -3.50862482, -1.889995486, 3.92755392, -4.13699382, 0.0, -24.6327462, -60.230655399999996, 17.706802, 34.491285399999995, 11.7057658, 0.0, -15.135405200000001, -11.2000682, 13.1164842, 18.4670656, 68.63826, 0.0, -4.8542654, -6.95921616, -33.175928600000006, 70.523494, 0.0
24.6329368, -3.22576644, -1.337411672, 5.106892439999999, -4.64748604, 0.0, -24.6311154, -59.6668108, 17.574537, 34.2502858, 11.0416766, 0.0, -15.0318264, -11.4471414, 13.0978274, 18.469949200000002, 68.30364, 0.0, -4.7251838, -6.96227562, -32.7552352, 70.39452800000001, 0.0
24.630813200000002, -2.9429080599999997, -0.7848278580000001, 6.286230959999999, -5.15797826, 0.0, -24.6294846, -59.1029662, 17.442272, 34.0092862, 10.3775874, 0.0, -14.9282476, -11.6942146, 13.079170600000001, 18.4728328, 67.96902, 0.0, -4.596102200000001, -6.96533508, -32.334541800000004, 70.265562, 0.0
24.6286896, -2.6600496799999997, -0.2322440440000002, 7.465569479999999, -5.66847048, 0.0, -24.6278538, -58.5391216, 17.310007, 33.7682866, 9.7134982, 0.0, -14.8246688, -11.9412878, 13.0605138, 18.4757164, 67.6344, 0.0, -4.467020600000001, -6.968394539999999, -31.913848400000003, 70.13659600000001, 0.0
24.626566, -2.3771913, 0.32033977, 8.644908, -6.1789627, 0.0, -24.626223, -57.975277, 17.177742, 33.527287, 9.049409, 0.0, -14.72109, -12.188361, 13.041857, 18.4786, 67.29978, 0.0, -4.337939, -6.971454, -31.493155, 70.00763, 0.0
24.5831002, -2.42461952, 1.0526064160000002, 10.0922384, -7.02064176, 0.0, -24.586615, -56.7614596, 16.9137774, 33.5539112, 8.45091732, 0.0, -14.3002353, -12.1023656, 12.8225254, 18.4779038, 66.9677, 0.0, -4.32805146, -6.861857499999999, -30.671058600000002, 69.58005, 0.0
24.5396344, -2.47204774, 1.784873062, 11.5395688, -7.86232082, 0.0, -24.547007, -55.5476422, 16.6498128, 33.5805354, 7.852425640000001, 0.0, -13.879380600000001, -12.0163702, 12.6031938, 18.4772076, 66.63562, 0.0, -4.31816392, -6.752261, -29.848962200000003, 69.15247000000001, 0.0
24.4961686, -2.51947596, 2.5171397079999998, 12.9868992, -8.703999880000001, 0.0, -24.507399, -54.3338248, 16.385848199999998, 33.607159599999996, 7.25393396, 0.0, -13.458525900000001, -11.9303748, 12.383862200000001, 18.4765114, 66.30354, 0.0, -4.308276380000001, -6.6426644999999995, -29.026865800000003, 68.72489, 0.0
24.4527028, -2.56690418, 3.249406354, 14.4342296, -9.54567894, 0.0, -24.467791000000002, -53.1200074, 16.1218836, 33.633783799999996, 6.655442280000001, 0.0, -13.0376712, -11.8443794, 12.1645306, 18.4758152, 65.97146000000001, 0.0, -4.29838884, -6.533068, -28.2047694, 68.29731000000001, 0.0
24.409237, -2.6143324, 3.981673, 15.88156, -10.387358, 0.0, -24.428183, -51.90619, 15.857919, 33.660408, 6.0569506, 0.0, -12.6168165, -11.758384, 11.945199, 18.475119, 65.63938, 0.0, -4.2885013, -6.4234715, -27.382673, 67.86973, 0.0
24.127746600000002, -3.33292252, 4.15048312, 16.896486, -11.410467, 0.0, -24.2260192, -50.050727200000004, 15.6602014, 33.7361672, 5.5853160200000005, 0.0, -11.7129908, -11.2387828, 11.7156416, 18.6584582, 65.656496, 0.0, -4.6804071800000004, -6.441531879999999, -26.2047228, 67.083098, 0.0
23.846256200000003, -4.05151264, 4.3192932399999995, 17.911412, -12.433576, 0.0, -24.0238554, -48.1952644, 15.462483800000001, 33.8119264, 5.113681440000001, 0.0, -10.8091651, -10.719181599999999, 11.4860842, 18.8417974, 65.673612, 0.0, -5.07231306, -6.45959226, -25.0267726, 66.29646600000001, 0.0
23.5647658, -4.77010276, 4.48810336, 18.926338, -13.456685, 0.0, -23.8216916, -46.3398016, 15.2647662, 33.8876856, 4.642046860000001, 0.0, -9.905339399999999, -10.199580399999999, 11.2565268, 19.0251366, 65.690728, 0.0, -5.46421894, -6.47765264, -23.8488224, 65.509834, 0.0
23.2832754, -5.48869288, 4.65691348, 19.941264, -14.479794, 0.0, -23.6195278, -44.484338799999996, 15.067048600000001, 33.9634448, 4.17041228, 0.0, -9.0015137, -9.6799792, 11.0269694, 19.208475800000002, 65.707844, 0.0, -5.85612482, -6.49571302, -22.670872199999998, 64.723202, 0.0
23.001785, -6.207283, 4.8257236, 20.95619, -15.502903, 0.0, -23.417364, -42.628876, 14.869331, 34.039204, 3.6987777, 0.0, -8.097688, -9.160378, 10.797412, 19.391815, 65.72496, 0.0, -6.2480307, -6.5137734, -21.492922, 63.93657, 0.0
22.200529600000003, -7.738794, 4.3435288, 21.190884999999998, -16.0406368, 0.0, -23.057829599999998, -40.3470984, 14.5038572, 34.0677958, 3.34842078, 0.0, -6.7022153, -8.68336708, 10.633054999999999, 19.628674, 65.990358, 0.0, -7.18443756, -6.78711312, -20.0866134, 62.943988000000004, 0.0
21.3992742, -9.270305, 3.861334, 21.42558, -16.5783706, 0.0, -22.6982952, -38.0653208, 14.1383834, 34.0963876, 2.9980638600000002, 0.0, -5.3067426, -8.20635616, 10.468698, 19.865533, 66.255756, 0.0, -8.120844420000001, -7.06045284, -18.680304800000002, 61.951406000000006, 0.0
20.598018800000002, -10.801816, 3.3791392, 21.660275, -17.1161044, 0.0, -22.3387608, -35.7835432, 13.7729096, 34.1249794, 2.64770694, 0.0, -3.9112698999999997, -7.729345240000001, 10.304340999999999, 20.102392000000002, 66.521154, 0.0, -9.057251280000001, -7.33379256, -17.2739962, 60.958824, 0.0
19.7967634, -12.333327, 2.8969443999999998, 21.89497, -17.6538382, 0.0, -21.9792264, -33.5017656, 13.4074358, 34.1535712, 2.29735002, 0.0, -2.5157971999999997, -7.25233432, 10.139984, 20.339251, 66.786552, 0.0, -9.99365814, -7.60713228, -15.8676876, 59.966242, 0.0
18.995508, -13.864838, 2.4147496, 22.129665, -18.191572, 0.0, -21.619692, -31.219988, 13.041962, 34.182163, 1.9469931, 0.0, -1.1203245, -6.7753234, 9.975627, 20.57611, 67.05195, 0.0, -10.930065, -7.880472, -14.461379, 58.97366, 0.0
17.9037814, -15.9051364, 2.1047005199999997, 21.4787854, -17.9533706, 0.0, -21.5072972, -29.0658084, 12.2165566, 34.3793704, 1.59326, 0.0, 0.44606199999999996, -6.266756320000001, 9.8364, 20.9610494, 67.421574, 0.0, -11.9987964, -7.9605722, -13.0817083, 57.9436954, 0.0
16.812054800000002, -17.9454348, 1.79465144, 20.8279058, -17.715169200000002, 0.0, -21.3949024, -26.911628800000003, 11.3911512, 34.5765778, 1.2395269, 0.0, 2.0124484999999996, -5.75818924, 9.697173, 21.3459888, 67.79119800000001, 0.0, -13.0675278, -8.0406724, -11.7020376, 56.9137308, 0.0
15.7203282, -19.985733200000002, 1.4846023599999998, 20.1770262, -17.4769678, 0.0, -21.282507600000002, -24.7574492, 10.5657458, 34.7737852, 0.8857937999999999, 0.0, 3.5788349999999998, -5.24962216, 9.557946, 21.730928199999997, 68.160822, 0.0, -14.1362592, -8.1207726, -10.3223669, 55.8837662, 0.0
14.6286016, -22.026031600000003, 1.1745532799999998, 19.5261466, -17.238766400000003, 0.0, -21.170112800000002, -22.6032696, 9.740340400000001, 34.9709926, 0.5320606999999999, 0.0, 5.1452215, -4.741055080000001, 9.418719, 22.115867599999998, 68.530446, 0.0, -15.204990599999999, -8.200872799999999, -8.9426962, 54.8538016, 0.0
13.536875, -24.06633, 0.8645042, 18.875267, -17.000565, 0.0, -21.057718, -20.44909, 8.914935, 35.1682, 0.1783276, 0.0, 6.711608, -4.232488, 9.279492, 22.500807, 68.90007, 0.0, -16.273722, -8.280973, -7.5630255, 53.823837, 0.0
12.8240154, -25.694101, 0.9186068199999999, 17.6235424, -16.254621800000002, 0.0, -21.2278384, -18.862258200000003, 7.743803939999999, 35.6436726, 0.060407680000000005, 0.0, 7.7838008, -3.85773056, 9.191514399999999, 22.936574999999998, 69.16185, 0.0, -17.0017542, -8.2271067, -6.5592848, 52.431022399999996, 0.0
12.1111558, -27.321872, 0.9727094399999999, 16.371817800000002, -15.508678600000001, 0.0, -21.3979588, -17.2754264, 6.57267288, 36.1191452, -0.05751223999999999, 0.0, 8.8559936, -3.48297312, 9.103536799999999, 23.372342999999997, 69.42363, 0.0, -17.7297864, -8.1732404, -5.5555441000000005, 51.038207799999995, 0.0
11.3982962, -28.949643000000002, 1.02681206, 15.120093200000001, -14.7627354, 0.0, -21.5680792, -15.688594600000002, 5.40154182, 36.5946178, -0.17543215999999998, 0.0, 9.9281864, -3.10821568, 9.0155592, 23.808111, 69.68540999999999, 0.0, -18.4578186, -8.1193741, -4.5518034, 49.6453932, 0.0
10.6854366, -30.577414, 1.0809146799999998, 13.8683686, -14.016792200000001, 0.0, -21.7381996, -14.101762800000001, 4.23041076, 37.0700904, -0.29335208, 0.0, 11.0003792, -2.73345824, 8.9275816, 24.243879, 69.94718999999999, 0.0, -19.185850799999997, -8.065507799999999, -3.5480627, 48.2525786, 0.0
9.972577, -32.205185, 1.1350173, 12.616644, -13.270849, 0.0, -21.90832, -12.514931, 3.0592797, 37.545563, -0.411272, 0.0, 12.072572, -2.3587008, 8.839604, 24.679647, 70.20897, 0.0, -19.913883, -8.0116415, -2.544322, 46.859764, 0.0
9.8350212, -33.000466, 1.11893074, 11.849277800000001, -12.9320593, 0.0, -21.8904332, -11.50452988, 2.05933034, 38.1101844, 0.02101596, 0.0, 12.4330042, -2.2813589999999997, 8.7287694, 25.0398732, 70.19002599999999, 0.0, -20.5641718, -8.2221035, -2.1512535, 44.7860626, 0.0
9.6974654, -33.795747, 1.10284418, 11.081911600000002, -12.593269600000001, 0.0, -21.8725464, -10.49412876, 1.05938098, 38.6748058, 0.45330392, 0.0, 12.7934364, -2.2040172, 8.6179348, 25.4000994, 70.171082, 0.0, -21.2144606, -8.432565499999999, -1.758185, 42.7123612, 0.0
9.5599096, -34.591028, 1.08675762, 10.3145454, -12.2544799, 0.0, -21.854659599999998, -9.48372764, 0.05943162000000024, 39.2394272, 0.88559188, 0.0, 13.1538686, -2.1266754, 8.5071002, 25.7603256, 70.152138, 0.0, -21.8647494, -8.6430275, -1.3651165, 40.6386598, 0.0
9.4223538, -35.386309, 1.07067106, 9.5471792, -11.9156902, 0.0, -21.8367728, -8.47332652, -0.9405177399999998, 39.8040486, 1.31787984, 0.0, 13.514300800000001, -2.0493336, 8.396265600000001, 26.1205518, 70.133194, 0.0, -22.5150382, -8.8534895, -0.972048, 38.564958399999995, 0.0
9.284798, -36.18159, 1.0545845, 8.779813, -11.5769005, 0.0, -21.818886, -7.4629254, -1.9404671, 40.36867, 1.7501678, 0.0, 13.874733, -1.9719918, 8.285431, 26.480778, 70.11425, 0.0, -23.165327, -9.0639515, -0.5789795, 36.491257, 0.0
9.6176034, -36.108948, 0.78598088, 8.8928428, -11.944994600000001, 0.0, -21.4571676, -7.035936919999999, -2.43277788, 40.9156864, 2.54881944, 0.0, 13.526401400000001, -2.03503152, 8.290468200000001, 26.9619028, 69.843776, 0.0, -24.0394024, -9.461321, -0.87800002, 33.7426154, 0.0
9.9504088, -36.036305999999996, 0.51737726, 9.0058726, -12.3130887, 0.0, -21.095449199999997, -6.60894844, -2.92508866, 41.4627028, 3.34747108, 0.0, 13.178069800000001, -2.09807124, 8.295505400000001, 27.4430276, 69.573302, 0.0, -24.9134778, -9.8586905, -1.17702054, 30.9939738, 0.0
10.2832142, -35.963664, 0.2487736399999999, 9.118902400000001, -12.6811828, 0.0, -20.7337308, -6.1819599599999995, -3.4173994400000005, 42.0097192, 4.14612272, 0.0, 12.829738200000001, -2.1611109600000002, 8.3005426, 27.9241524, 69.302828, 0.0, -25.787553199999998, -10.25606, -1.47604106, 28.2453322, 0.0
10.6160196, -35.891022, -0.019829980000000136, 9.231932200000001, -13.049276899999999, 0.0, -20.3720124, -5.75497148, -3.90971022, 42.5567356, 4.94477436, 0.0, 12.4814066, -2.22415068, 8.3055798, 28.4052772, 69.032354, 0.0, -26.6616286, -10.6534295, -1.77506158, 25.4966906, 0.0
10.948825, -35.81838, -0.2884336, 9.344962, -13.417371, 0.0, -20.010294, -5.327983, -4.402021, 43.103752, 5.743426, 0.0, 12.133075, -2.2871904, 8.310617, 28.886402, 68.76188, 0.0, -27.535704, -11.050799, -2.0740821, 22.748049, 0.0
11.4298254, -34.961935999999994, -0.6210522599999999, 10.128893600000001, -14.1089522, 0.0, -19.419790199999998, -5.60734966, -4.0753585, 43.264685, 6.031327940000001, 0.0, 11.1490818, -2.69874872, 8.619582000000001, 29.319361400000002, 68.186846, 0.0, -28.6114978, -11.864762599999999, -3.06743208, 19.791383200000002, 0.0
11.9108258, -34.105492, -0.95367092, 10.9128252, -14.800533399999999, 0.0, -18.829286399999997, -5.88671632, -3.7486960000000003, 43.425618, 6.31922988, 0.0, 10.1650886, -3.11030704, 8.928547, 29.7523208, 67.611812, 0.0, -29.6872916, -12.6787262, -4.06078206, 16.834717400000002, 0.0
12.3918262, -33.249048, -1.2862895799999998, 11.696756800000001, -15.4921146, 0.0, -18.2387826, -6.16608298, -3.4220335, 43.586551, 6.60713182, 0.0, 9.1810954, -3.52186536, 9.237512, 30.1852802, 67.036778, 0.0, -30.7630854, -13.492689799999999, -5.05413204, 13.8780516, 0.0
12.8728266, -32.392604, -1.6189082399999999, 12.480688400000002, -16.1836958, 0.0, -17.6482788, -6.44544964, -3.095371, 43.747484, 6.8950337600000005, 0.0, 8.1971022, -3.9334236799999998, 9.546477, 30.6182396, 66.461744, 0.0, -31.8388792, -14.306653399999998, -6.04748202, 10.9213858, 0.0
13.353827, -31.53616, -1.9515269, 13.26462, -16.875277, 0.0, -17.057775, -6.7248163, -2.7687085, 43.908417, 7.1829357, 0.0, 7.213109, -4.344982, 9.855442, 31.051199, 65.88671, 0.0, -32.914673, -15.120617, -7.040832, 7.96472, 0.0
13.789599200000001, -30.1099732, -1.88150858, 14.354022400000002, -17.4652618, 0.0, -16.768012, -7.7959032399999995, -1.5354144799999998, 43.3642588, 6.7320578399999995, 0.0, 5.80453562, -5.3265404, 10.5381654, 31.0458126, 65.0349586, 0.0, -34.0036504, -16.1753712, -8.477787, 5.6108346, 0.0
14.2253714, -28.6837864, -1.81149026, 15.4434248, -18.0552466, 0.0, -16.478248999999998, -8.86699018, -0.3021204599999998, 42.8201006, 6.28117998, 0.0, 4.39596224, -6.3080988, 11.2208888, 31.0404262, 64.1832072, 0.0, -35.0926278, -17.2301254, -9.914742, 3.2569491999999993, 0.0
14.6611436, -27.2575996, -1.7414719399999998, 16.5328272, -18.6452314, 0.0, -16.188486, -9.93807712, 0.9311735600000004, 42.2759424, 5.83030212, 0.0, 2.9873888600000003, -7.289657200000001, 11.903612200000001, 31.0350398, 63.33145579999999, 0.0, -36.1816052, -18.2848796, -11.351697, 0.9030637999999991, 0.0
15.0969158, -25.8314128, -1.6714536199999999, 17.6222296, -19.2352162, 0.0, -15.898723, -11.00916406, 2.16446758, 41.7317842, 5.37942426, 0.0, 1.5788154800000003, -8.271215600000001, 12.5863356, 31.029653399999997, 62.479704399999996, 0.0, -37.270582600000004, -19.3396338, -12.788651999999999, -1.4508216000000012, 0.0
15.532688, -24.405226, -1.6014353, 18.711632, -19.825201, 0.0, -15.60896, -12.080251, 3.3977616, 41.187626, 4.9285464, 0.0, 0.1702421, -9.252774, 13.269059, 31.024267, 61.627953, 0.0, -38.35956, -20.394388, -14.225607, -3.804707, 0.0
16.1654682, -22.7744878, -0.98961956, 20.091561600000002, -20.1071864, 0.0, -16.009078, -13.691774800000001, 5.154868479999999, 39.8098308, 4.36026712, 0.0, -1.32672002, -10.238786000000001, 13.7813494, 30.7423732, 61.134876399999996, 0.0, -39.059866, -21.118206999999998, -15.5348622, -5.310683, 0.0
16.7982484, -21.1437496, -0.37780382, 21.471491200000003, -20.3891718, 0.0, -16.409195999999998, -15.3032986, 6.91197536, 38.4320356, 3.79198784, 0.0, -2.8236821400000003, -11.224798, 14.2936398, 30.4604794, 60.6417998, 0.0, -39.760172, -21.842026, -16.8441174, -6.816659, 0.0
17.4310286, -19.5130114, 0.23401191999999993, 22.8514208, -20.6711572, 0.0, -16.809314, -16.9148224, 8.669082239999998, 37.0542404, 3.22370856, 0.0, -4.32064426, -12.21081, 14.805930199999999, 30.178585599999998, 60.1487232, 0.0, -40.460478, -22.565845, -18.153372599999997, -8.322635, 0.0
18.0638088, -17.8822732, 0.8458276599999999, 24.2313504, -20.9531426, 0.0, -17.209432, -18.5263462, 10.42618912, 35.6764452, 2.65542928, 0.0, -5.81760638, -13.196822000000001, 15.3182206, 29.8966918, 59.655646600000004, 0.0, -41.160784, -23.289664000000002, -19.4626278, -9.828611, 0.0
18.696589, -16.251535, 1.4576434, 25.61128, -21.235128, 0.0, -17.60955, -20.13787, 12.183296, 34.29865, 2.08715, 0.0, -7.3145685, -14.182834, 15.830511, 29.614798, 59.16257, 0.0, -41.86109, -24.013483, -20.771883, -11.334587, 0.0
19.4287498, -14.9197288, 2.56322372, 27.1341466, -20.8663758, 0.0, -18.436625, -21.4994558, 13.644771800000001, 32.3710428, 2.02530324, 0.0, -8.5723406, -14.697447799999999, 15.8813328, 29.1156478, 59.183976, 0.0, -42.238010599999996, -24.4633602, -21.598394799999998, -11.9787546, 0.0
20.160910599999998, -13.5879226, 3.6688040400000004, 28.6570132, -20.4976236, 0.0, -19.2637, -22.8610416, 15.1062476, 30.4434356, 1.9634564799999998, 0.0, -9.8301127, -15.2120616, 15.9321546, 28.6164976, 59.205382, 0.0, -42.6149312, -24.9132374, -22.4249066, -12.6229222, 0.0
20.893071399999997, -12.2561164, 4.77438436, 30.179879800000002, -20.128871399999998, 0.0, -20.090775, -24.2226274, 16.5677234, 28.5158284, 1.90160972, 0.0, -11.0878848, -15.7266754, 15.9829764, 28.1173474, 59.226788, 0.0, -42.9918518, -25.3631146, -23.2514184, -13.2670898, 0.0
21.6252322, -10.9243102, 5.8799646800000005, 31.702746400000002, -19.7601192, 0.0, -20.917849999999998, -25.5842132, 18.0291992, 26.5882212, 1.8397629599999998, 0.0, -12.3456569, -16.2412892, 16.0337982, 27.618197199999997, 59.248194, 0.0, -43.368772400000005, -25.8129918, -24.0779302, -13.9112574, 0.0
22.357393, -9.592504, 6.985545, 33.225613, -19.391367, 0.0, -21.744925, -26.945799, 19.490675, 24.660614, 1.7779162, 0.0, -13.603429, -16.755903, 16.08462, 27.119047, 59.2696, 0.0, -43.745693, -26.262869, -24.904442, -14.555425, 0.0
22.7325628, -8.8668967, 8.3068952, 34.3984958, -18.4336274, 0.0, -22.218505, -27.5879418, 20.2672, 23.1711566, 2.28591516, 0.0, -14.3319704, -16.785396, 16.0034038, 26.739413, 59.216089, 0.0, -44.374018400000004, -26.847279399999998, -25.2238202, -14.3417238, 0.0
23.1077326, -8.1412894, 9.6282454, 35.5713786, -17.4758878, 0.0, -22.692085, -28.2300846, 21.043725, 21.6816992, 2.7939141199999997, 0.0, -15.0605118, -16.814889, 15.9221876, 26.359779, 59.162577999999996, 0.0, -45.002343800000006, -27.431689799999997, -25.543198399999998, -14.1280226, 0.0
23.4829024, -7.4156821, 10.9495956, 36.7442614, -16.5181482, 0.0, -23.165665, -28.8722274, 21.82025, 20.192241799999998, 3.3019130799999994, 0.0, -15.7890532, -16.844382, 15.8409714, 25.980145, 59.109067, 0.0, -45.6306692, -28.0161002, -25.8625766, -13.9143214, 0.0
23.8580722, -6.6900748, 12.2709458, 37.9171442, -15.5604086, 0.0, -23.639245, -29.514370200000002, 22.596775, 18.7027844, 3.8099120399999995, 0.0, -16.5175946, -16.873875, 15.7597552, 25.600511, 59.055556, 0.0, -46.2589946, -28.6005106, -26.1819548, -13.7006202, 0.0
24.233242, -5.9644675, 13.592296, 39.090027, -14.602669, 0.0, -24.112825, -30.156513, 23.3733, 17.213327, 4.317911, 0.0, -17.246136, -16.903368, 15.678539, 25.220877, 59.002045, 0.0, -46.88732, -29.184921, -26.501333, -13.486919, 0.0
24.3023368, -5.958129479999999, 14.7029008, 39.747683, -13.8048094, 0.0, -24.2008424, -29.9988574, 23.50073, 16.5358266, 5.2155857999999995, 0.0, -17.3124232, -16.774041, 15.5647996, 25.0574862, 58.6378192, 0.0, -48.1749026, -29.7042288, -26.106244399999998, -12.4699008, 0.0
24.3714316, -5.95179146, 15.8135056, 40.405339, -13.006949800000001, 0.0, -24.2888598, -29.8412018, 23.62816, 15.8583262, 6.1132606, 0.0, -17.3787104, -16.644714, 15.4510602, 24.8940954, 58.2735934, 0.0, -49.4624852, -30.2235366, -25.7111558, -11.4528826, 0.0
24.4405264, -5.94545344, 16.9241104, 41.062995, -12.2090902, 0.0, -24.3768772, -29.6835462, 23.755589999999998, 15.180825800000001, 7.0109354, 0.0, -17.4449976, -16.515387, 15.3373208, 24.7307046, 57.9093676, 0.0, -50.7500678, -30.7428444, -25.3160672, -10.4358644, 0.0
24.5096212, -5.93911542, 18.0347152, 41.720651, -11.4112306, 0.0, -24.4648946, -29.5258906, 23.88302, 14.5033254, 7.9086102, 0.0, -17.5112848, -16.38606, 15.2235814, 24.5673138, 57.5451418, 0.0, -52.0376504, -31.2621522, -24.9209786, -9.4188462, 0.0
24.578716, -5.9327774, 19.14532, 42.378307, -10.613371, 0.0, -24.552912, -29.368235, 24.01045, 13.825825, 8.806285, 0.0, -17.577572, -16.256733, 15.109842, 24.403923, 57.180916, 0.0, -53.325233, -31.78146, -24.52589, -8.401828, 0.0
24.4571356, -6.72494212, 19.6010156, 42.4813222, -10.492119200000001, 0.0, -24.374892199999998, -28.4336104, 23.8510602, 13.902679000000001, 9.3504962, 0.0, -16.924021, -16.2967294, 15.324386800000001, 24.4961682, 56.563892800000005, 0.0, -54.996280399999996, -31.7265432, -23.2636464, -6.866569752, 0.0
24.3355552, -7.51710684, 20.056711200000002, 42.5843374, -10.3708674, 0.0, -24.1968724, -27.4989858, 23.6916704, 13.979533, 9.8947074, 0.0, -16.27047, -16.3367258, 15.538931600000002, 24.5884134, 55.9468696, 0.0, -56.667327799999995, -31.671626399999997, -22.0014028, -5.331311504, 0.0
24.2139748, -8.30927156, 20.5124068, 42.6873526, -10.2496156, 0.0, -24.0188526, -26.5643612, 23.5322806, 14.056387, 10.438918600000001, 0.0, -15.616919, -16.3767222, 15.7534764, 24.680658599999997, 55.3298464, 0.0, -58.3383752, -31.6167096, -20.7391592, -3.7960532559999995, 0.0
24.0923944, -9.10143628, 20.968102400000003, 42.7903678, -10.128363799999999, 0.0, -23.8408328, -25.6297366, 23.3728908, 14.133241, 10.9831298, 0.0, -14.963368000000001, -16.4167186, 15.9680212, 24.772903799999998, 54.712823199999995, 0.0, -60.0094226, -31.5617928, -19.476915599999998, -2.2607950079999997, 0.0
23.970814, -9.893601, 21.423798, 42.893383, -10.007112, 0.0, -23.662813, -24.695112, 23.213501, 14.210095, 11.527341, 0.0, -14.309817, -16.456715, 16.182566, 24.865149, 54.0958, 0.0, -61.68047, -31.506876, -18.214672, -0.72553676, 0.0
23.424689, -11.4981484, 20.92676, 42.3672624, -10.460475599999999, 0.0, -22.9288534, -23.073702800000003, 23.206406400000002, 14.7441648, 11.7208762, 0.0, -12.9800842, -16.9859896, 16.8649868, 24.920142, 53.188508999999996, 0.0, -62.92801, -30.6120822, -16.032225060000002, 0.5417832920000001, 0.0
22.878564, -13.1026958, 20.429722, 41.8411418, -10.9138392, 0.0, -22.1948938, -21.4522936, 23.1993118, 15.278234600000001, 11.9144114, 0.0, -11.6503514, -17.5152642, 17.5474076, 24.975134999999998, 52.281217999999996, 0.0, -64.17555, -29.7172884, -13.84977812, 1.8091033440000002, 0.0
22.332439, -14.7072432, 19.932684, 41.3150212, -11.3672028, 0.0, -21.4609342, -19.830884400000002, 23.1922172, 15.8123044, 12.1079466, 0.0, -10.3206186, -18.044538799999998, 18.229828400000002, 25.030128, 51.373927, 0.0, -65.42309, -28.8224946, -11.667331180000001, 3.076423396, 0.0
21.786314, -16.311790600000002, 19.435646, 40.7889006, -11.8205664, 0.0, -20.7269746, -18.2094752, 23.1851226, 16.3463742, 12.301481800000001, 0.0, -8.990885800000001, -18.5738134, 18.9122492, 25.085121, 50.466636, 0.0, -66.67063, -27.9277008, -9.484884240000001, 4.343743448000001, 0.0
21.240189, -17.916338, 18.938608, 40.26278, -12.27393, 0.0, -19.993015, -16.588066, 23.178028, 16.880444, 12.495017, 0.0, -7.661153, -19.103088, 19.59467, 25.140114, 49.559345, 0.0, -67.91817, -27.032907, -7.3024373, 5.6110635, 0.0
20.293199400000002, -19.9672794, 17.4982886, 38.9958716, -12.5858136, 0.0, -18.617312, -14.68288, 23.0522628, 17.589378, 12.7640516, 0.0, -6.00591471, -19.5372468, 19.808702, 24.8537062, 49.0889632, 0.0, -68.440084, -25.5515304, -4.55510978, 6.265778, 0.0
19.3462098, -22.0182208, 16.0579692, 37.7289632, -12.8976972, 0.0, -17.241609, -12.777694, 22.9264976, 18.298312, 13.0330862, 0.0, -4.35067642, -19.9714056, 20.022734, 24.567298400000002, 48.618581400000004, 0.0, -68.961998, -24.0701538, -1.8077822600000006, 6.9204925, 0.0
18.399220200000002, -24.0691622, 14.6176498, 36.4620548, -13.209580800000001, 0.0, -15.865905999999999, -10.872508, 22.8007324, 19.007246000000002, 13.3021208, 0.0, -2.6954381300000003, -20.4055644, 20.236766, 24.2808906, 48.1481996, 0.0, -69.483912, -22.588777200000003, 0.93954526, 7.575207000000001, 0.0
17.4522306, -26.1201036, 13.1773304, 35.1951464, -13.521464400000001, 0.0, -14.490203, -8.967322, 22.6749672, 19.71618, 13.5711554, 0.0, -1.0401998400000005, -20.8397232, 20.450798, 23.9944828, 47.6778178, 0.0, -70.005826, -21.107400600000002, 3.686872779999999, 8.2299215, 0.0
16.505241, -28.171045, 11.737011, 33.928238, -13.833348, 0.0, -13.1145, -7.062136, 22.549202, 20.425114, 13.84019, 0.0, 0.61503845, -21.273882, 20.66483, 23.708075, 47.207436, 0.0, -70.52774, -19.626024, 6.4342003, 8.884636, 0.0
15.761390800000001, -29.735486, 9.904232780000001, 32.1724758, -13.4877414, 0.0, -11.4344842, -5.649401021119999, 22.378289000000002, 21.558947200000002, 14.5617848, 0.0, 1.85905676, -21.0101068, 20.332123799999998, 23.7754658, 47.5394188, 0.0, -70.265942, -18.3976744, 8.780278039999999, 9.1133372, 0.0
15.0175406, -31.299927, 8.07145456, 30.4167136, -13.142134800000001, 0.0, -9.7544684, -4.2366660422399995, 22.207376, 22.6927804, 15.2833796, 0.0, 3.10307507, -20.7463316, 19.999417599999997, 23.8428566, 47.8714016, 0.0, -70.004144, -17.169324800000002, 11.126355779999999, 9.3420384, 0.0
14.2736904, -32.864368, 6.23867634, 28.660951400000002, -12.796528200000001, 0.0, -8.074452599999999, -2.823931063359999, 22.036463, 23.8266136, 16.0049744, 0.0, 4.34709338, -20.4825564, 19.6667114, 23.9102474, 48.203384400000004, 0.0, -69.742346, -15.9409752, 13.47243352, 9.570739600000001, 0.0
13.5298402, -34.428809, 4.40589812, 26.9051892, -12.4509216, 0.0, -6.394436799999999, -1.4111960844799993, 21.86555, 24.9604468, 16.7265692, 0.0, 5.59111169, -20.218781200000002, 19.3340052, 23.9776382, 48.5353672, 0.0, -69.480548, -14.712625599999999, 15.818511259999998, 9.799440800000001, 0.0
12.78599, -35.99325, 2.5731199, 25.149427, -12.105315, 0.0, -4.714421, 0.0015388944, 21.694637, 26.09428, 17.448164, 0.0, 6.83513, -19.955006, 19.001299, 24.045029, 48.86735, 0.0, -69.21875, -13.484276, 18.164589, 10.028142, 0.0
12.5101878, -36.6884668, 1.07449952, 23.9092126, -11.332340799999999, 0.0, -3.50328152, 0.67804367552, 21.7323206, 27.2195132, 18.242884399999998, 0.0, 7.436384400000001, -18.9222816, 18.468142, 24.7096984, 49.855093000000004, 0.0, -68.184372, -12.995308, 19.7390612, 10.120278, 0.0
12.2343856, -37.383683600000005, -0.42412085999999993, 22.6689982, -10.559366599999999, 0.0, -2.29214204, 1.3545484566400001, 21.7700042, 28.344746400000002, 19.0376048, 0.0, 8.0376388, -17.889557200000002, 17.934985, 25.3743678, 50.842836, 0.0, -67.14999399999999, -12.50634, 21.3135334, 10.212414, 0.0
11.9585834, -38.0789004, -1.9227412399999997, 21.428783799999998, -9.7863924, 0.0, -1.08100256, 2.0310532377599997, 21.8076878, 29.469979600000002, 19.8323252, 0.0, 8.6388932, -16.8568328, 17.401828, 26.0390372, 51.830579, 0.0, -66.115616, -12.017372, 22.8880056, 10.30455, 0.0
11.682781199999999, -38.774117200000006, -3.42136162, 20.1885694, -9.0134182, 0.0, 0.13013692, 2.70755801888, 21.845371399999998, 30.5952128, 20.627045600000002, 0.0, 9.2401476, -15.8241084, 16.868671, 26.7037066, 52.818321999999995, 0.0, -65.081238, -11.528404, 24.462477800000002, 10.396686, 0.0
11.406979, -39.469334, -4.919982, 18.948355, -8.240444, 0.0, 1.3412764, 3.3840628, 21.883055, 31.720446, 21.421766, 0.0, 9.841402, -14.791384, 16.335514, 27.368376, 53.806065, 0.0, -64.04686, -11.039436, 26.03695, 10.488822, 0.0
11.604817, -39.321638, -5.52651952, 18.5515688, -8.0241218, 0.0, 1.7115337199999998, 3.2584580400000003, 21.6727052, 32.3198408, 21.5956468, 0.0, 9.8221862, -13.4372738, 15.776971, 28.3524736, 55.0568606, 0.0, -62.26366899999999, -11.3489886, 26.8225574, 11.1349806, 0.0
11.802655, -39.173942000000004, -6.133057040000001, 18.1547826, -7.8077996, 0.0, 2.0817910399999997, 3.13285328, 21.4623554, 32.9192356, 21.7695276, 0.0, 9.802970400000001, -12.0831636, 15.218428, 29.336571199999998, 56.3076562, 0.0, -60.480478, -11.6585412, 27.6081648, 11.7811392, 0.0
12.000493, -39.026246, -6.7395945600000005, 17.7579964, -7.5914774, 0.0, 2.45204836, 3.00724852, 21.2520056, 33.5186304, 21.943408400000003, 0.0, 9.7837546, -10.7290534, 14.659885, 30.3206688, 57.5584518, 0.0, -58.697286999999996, -11.9680938, 28.3937722, 12.4272978, 0.0
12.198331, -38.878550000000004, -7.34613208, 17.361210200000002, -7.3751552, 0.0, 2.82230568, 2.88164376, 21.0416558, 34.1180252, 22.117289200000002, 0.0, 9.7645388, -9.3749432, 14.101342, 31.3047664, 58.8092474, 0.0, -56.914096, -12.2776464, 29.1793796, 13.0734564, 0.0
12.396169, -38.730854, -7.9526696, 16.964424, -7.158833, 0.0, 3.192563, 2.756039, 20.831306, 34.71742, 22.29117, 0.0, 9.745323, -8.020833, 13.542799, 32.288864, 60.060043, 0.0, -55.130905, -12.587199, 29.964987, 13.719615, 0.0
12.9855056, -37.8614812, -7.5528468, 17.1602232, -7.7018021999999995, 0.0, 2.6426926999999996, 1.76540836, 20.214484000000002, 34.543492, 21.582901200000002, 0.0, 9.291596080000001, -7.1978164, 13.161661800000001, 33.0060546, 60.9409064, 0.0, -52.651892, -13.3965564, 30.0288904, 15.283697199999999, 0.0
13.5748422, -36.9921084, -7.153024, 17.3560224, -8.2447714, 0.0, 2.0928223999999997, 0.7747777199999999, 19.597662, 34.369564, 20.8746324, 0.0, 8.83786916, -6.3747998, 12.7805246, 33.7232452, 61.8217698, 0.0, -50.172879, -14.2059138, 30.0927938, 16.8477794, 0.0
14.1641788, -36.1227356, -6.7532011999999995, 17.5518216, -8.7877406, 0.0, 1.5429520999999997, -0.21585292000000011, 18.98084, 34.195636, 20.1663636, 0.0, 8.38414224, -5.551783199999999, 12.3993874, 34.440435799999996, 62.7026332, 0.0, -47.693866, -15.0152712, 30.1566972, 18.4118616, 0.0
14.753515400000001, -35.2533628, -6.3533783999999995, 17.7476208, -9.3307098, 0.0, 0.9930817999999997, -1.2064835600000001, 18.364017999999998, 34.021708, 19.458094799999998, 0.0, 7.93041532, -4.728766599999999, 12.018250199999999, 35.1576264, 63.5834966, 0.0, -45.214853000000005, -15.8246286, 30.220600599999997, 19.9759438, 0.0
15.342852, -34.38399, -5.9535556, 17.94342, -9.873679, 0.0, 0.4432115, -2.1971142, 17.747196, 33.84778, 18.749826, 0.0, 7.4766884, -3.90575, 11.637113, 35.874817, 64.46436, 0.0, -42.73584, -16.633986, 30.284504, 21.540026, 0.0
16.0138282, -32.8757096, -5.16270196, 18.413495, -10.386527599999999, 0.0, -1.0089914000000002, -4.01342096, 17.1914108, 32.8122176, 17.4394414, 0.0, 7.02353718, -3.9475644, 11.8116886, 35.9957506, 64.7656088, 0.0, -39.927894800000004, -17.2310878, 29.7235826, 23.8608142, 0.0
16.6848044, -31.367429199999997, -4.37184832, 18.88357, -10.899376199999999, 0.0, -2.4611943000000003, -5.829727720000001, 16.6356256, 31.7766552, 16.1290568, 0.0, 6.570385959999999, -3.9893788, 11.986264199999999, 36.1166842, 65.06685759999999, 0.0, -37.119949600000005, -17.8281896, 29.1626612, 26.181602400000003, 0.0
17.3557806, -29.8591488, -3.58099468, 19.353645, -11.4122248, 0.0, -3.913397200000001, -7.646034480000001, 16.0798404, 30.7410928, 14.8186722, 0.0, 6.11723474, -4.0311932, 12.1608398, 36.237617799999995, 65.3681064, 0.0, -34.312004400000006, -18.4252914, 28.6017398, 28.502390600000002, 0.0
18.0267568, -28.3508684, -2.79014104, 19.823719999999998, -11.9250734, 0.0, -5.3656001, -9.46234124, 15.5240552, 29.7055304, 13.5082876, 0.0, 5.66408352, -4.0730076, 12.335415399999999, 36.358551399999996, 65.6693552, 0.0, -31.5040592, -19.0223932, 28.0408184, 30.8231788, 0.0
18.697733, -26.842588, -1.9992874, 20.293795, -12.437922, 0.0, -6.817803, -11.278648, 14.96827, 28.669968, 12.197903, 0.0, 5.2109323, -4.114822, 12.509991, 36.479485, 65.970604, 0.0, -28.696114, -19.619495, 27.479897, 33.143967, 0.0
19.3877998, -24.9022316, -1.0177427600000002, 20.9806536, -12.619649, 0.0, -8.7027096, -13.4184228, 15.049669, 27.1203326, 11.26926428, 0.0, 4.56921672, -4.7950444, 13.238882799999999, 36.244735399999996, 65.8396212, 0.0, -26.1985812, -19.9432106, 26.3333862, 35.5734592, 0.0
20.0778666, -22.9618752, -0.03619812000000033, 21.6675122, -12.801376000000001, 0.0, -10.5876162, -15.5581976, 15.131068, 25.5706972, 10.34062556, 0.0, 3.92750114, -5.4752668, 13.9677746, 36.009985799999995, 65.7086384, 0.0, -23.7010484, -20.2669262, 25.1868754, 38.0029514, 0.0
20.7679334, -21.021518800000003, 0.9453465199999993, 22.354370799999998, -12.983103, 0.0, -12.4725228, -17.6979724, 15.212467, 24.0210618, 9.41198684, 0.0, 3.28578556, -6.1554892, 14.6966664, 35.7752362, 65.5776556, 0.0, -21.2035156, -20.5906418, 24.0403646, 40.4324436, 0.0
21.4580002, -19.0811624, 1.9268911599999994, 23.0412294, -13.16483, 0.0, -14.357429400000001, -19.837747200000003, 15.293866000000001, 22.4714264, 8.48334812, 0.0, 2.6440699800000003, -6.8357116, 15.425558200000001, 35.5404866, 65.4466728, 0.0, -18.7059828, -20.9143574, 22.893853800000002, 42.861935800000005, 0.0
22.148067, -17.140806, 2.9084358, 23.728088, -13.346557, 0.0, -16.242336, -21.977522, 15.375265, 20.921791, 7.5547094, 0.0, 2.0023544, -7.515934, 16.15445, 35.305737, 65.31569, 0.0, -16.20845, -21.238073, 21.747343, 45.291428, 0.0
22.546981000000002, -15.28567108, 3.85920404, 24.4683442, -13.038183400000001, 0.0, -17.4885708, -23.52897, 15.9338096, 19.8804806, 7.46969732, 0.0, 0.9699535600000002, -8.2400038, 16.9305852, 35.2546276, 64.92504120000001, 0.0, -14.2157778, -21.2079576, 20.2447974, 47.2822424, 0.0
22.945895, -13.43053616, 4.80997228, 25.2086004, -12.7298098, 0.0, -18.7348056, -25.080418, 16.4923542, 18.839170199999998, 7.38468524, 0.0, -0.06244727999999977, -8.9640736, 17.706720400000002, 35.2035182, 64.5343924, 0.0, -12.2231056, -21.1778422, 18.742251800000002, 49.2730568, 0.0
23.344809, -11.57540124, 5.760740520000001, 25.9488566, -12.4214362, 0.0, -19.9810404, -26.631866000000002, 17.050898800000002, 17.797859799999998, 7.29967316, 0.0, -1.0948481199999995, -9.688143400000001, 18.4828556, 35.1524088, 64.1437436, 0.0, -10.230433399999999, -21.1477268, 17.2397062, 51.2638712, 0.0
23.743723, -9.72026632, 6.71150876, 26.6891128, -12.1130626, 0.0, -21.2272752, -28.183314, 17.6094434, 16.7565494, 7.21466108, 0.0, -2.1272489599999997, -10.4122132, 19.258990800000003, 35.1012994, 63.7530948, 0.0, -8.2377612, -21.1176114, 15.7371606, 53.2546856, 0.0
24.142637, -7.8651314, 7.662277, 27.429369, -11.804689, 0.0, -22.47351, -29.734762, 18.167988, 15.715239, 7.129649, 0.0, -3.1596498, -11.136283, 20.035126, 35.05019, 63.362446, 0.0, -6.245089, -21.087496, 14.234615, 55.2455, 0.0
24.2351098, -6.53547804, 8.320099599999999, 28.014474800000002, -11.03379026, 0.0, -22.842510400000002, -30.4285076, 18.568881400000002, 15.5673225, 7.8025008, 0.0, -4.07576776, -11.4603524, 20.3451334, 35.0820992, 62.7222672, 0.0, -4.8049062, -20.6655778, 12.798406139999999, 56.570698, 0.0
24.3275826, -5.20582468, 8.9779222, 28.5995806, -10.26289152, 0.0, -23.2115108, -31.1222532, 18.9697748, 15.419406, 8.475352599999999, 0.0, -4.99188572, -11.7844218, 20.6551408, 35.1140084, 62.082088399999996, 0.0, -3.3647234, -20.2436596, 11.36219728, 57.895896, 0.0
24.420055400000003, -3.87617132, 9.6357448, 29.1846864, -9.49199278, 0.0, -23.5805112, -31.815998800000003, 19.3706682, 15.2714895, 9.1482044, 0.0, -5.90800368, -12.1084912, 20.9651482, 35.1459176, 61.4419096, 0.0, -1.9245406000000003, -19.8217414, 9.92598842, 59.221094, 0.0
24.512528200000002, -2.54651796, 10.2935674, 29.769792199999998, -8.72109404, 0.0, -23.949511599999997, -32.5097444, 19.7715616, 15.123573, 9.8210562, 0.0, -6.8241216399999995, -12.4325606, 21.2751556, 35.1778268, 60.8017308, 0.0, -0.4843577999999997, -19.3998232, 8.489779559999999, 60.546292, 0.0
24.605001, -1.2168646, 10.95139, 30.354898, -7.9501953, 0.0, -24.318512, -33.20349, 20.172455, 14.9756565, 10.493908, 0.0, -7.7402396, -12.75663, 21.585163, 35.209736, 60.161552, 0.0, 0.955825, -18.977905, 7.0535707, 61.87149, 0.0
24.581929000000002, -0.5820736200000001, 11.4138506, 30.797315599999997, -7.25447164, 0.0, -24.1552728, -33.10952, 20.095782, 15.6104248, 11.242343799999999, 0.0, -8.14877208, -12.453226899999999, 21.143486600000003, 34.7895508, 59.7066996, 0.0, 1.66005928, -18.1795416, 6.144031099999999, 62.414996, 0.0
24.558857, 0.052717359999999935, 11.8763112, 31.2397332, -6.55874798, 0.0, -23.9920336, -33.015550000000005, 20.019109, 16.2451931, 11.9907796, 0.0, -8.55730456, -12.1498238, 20.7018102, 34.3693656, 59.2518472, 0.0, 2.36429356, -17.3811782, 5.2344915, 62.958502, 0.0
24.535785, 0.6875083399999999, 12.3387718, 31.6821508, -5.86302432, 0.0, -23.8287944, -32.92158, 19.942436, 16.8799614, 12.739215399999999, 0.0, -8.96583704, -11.8464207, 20.260133800000002, 33.949180399999996, 58.7969948, 0.0, 3.06852784, -16.5828148, 4.324951899999999, 63.502008000000004, 0.0
24.512712999999998, 1.32229932, 12.8012324, 32.1245684, -5.16730066, 0.0, -23.6655552, -32.82761, 19.865763, 17.5147297, 13.487651199999998, 0.0, -9.37436952, -11.5430176, 19.8184574, 33.5289952, 58.3421424, 0.0, 3.77276212, -15.7844514, 3.4154122999999994, 64.045514, 0.0
24.489641, 1.9570903, 13.263693, 32.566986, -4.471577, 0.0, -23.502316, -32.73364, 19.78909, 18.149498, 14.236087, 0.0, -9.782902, -11.2396145, 19.376781, 33.10881, 57.88729, 0.0, 4.4769964, -14.986088, 2.5058727, 64.58902, 0.0
24.232549199999998, 1.8580428599999999, 13.3056062, 32.5741848, -4.42578656, 0.0, -22.8301372, -32.0459628, 19.5929618, 19.1344356, 14.7980848, 0.0, -9.546367, -10.4030846, 18.3369074, 32.1958744, 58.0661576, 0.0, 4.35502032, -14.271294000000001, 2.3116483199999998, 64.326538, 0.0
23.9754574, 1.75899542, 13.3475194, 32.5813836, -4.3799961199999995, 0.0, -22.1579584, -31.358285600000002, 19.3968336, 20.119373200000002, 15.3600826, 0.0, -9.309832, -9.5665547, 17.2970338, 31.2829388, 58.2450252, 0.0, 4.23304424, -13.5565, 2.11742394, 64.06405600000001, 0.0
23.7183656, 1.6599479799999999, 13.389432600000001, 32.5885824, -4.33420568, 0.0, -21.4857796, -30.6706084, 19.2007054, 21.1043108, 15.922080399999999, 0.0, -9.073297, -8.730024799999999, 16.2571602, 30.3700032, 58.4238928, 0.0, 4.11106816, -12.841706, 1.92319956, 63.801574, 0.0
23.4612738, 1.56090054, 13.4313458, 32.595781200000005, -4.28841524, 0.0, -20.8136008, -29.9829312, 19.0045772, 22.089248400000002, 16.4840782, 0.0, -8.836762, -7.8934949, 15.2172866, 29.457067600000002, 58.6027604, 0.0, 3.9890920800000003, -12.126912, 1.72897518, 63.539092, 0.0
23.204182, 1.4618531, 13.473259, 32.60298, -4.2426248, 0.0, -20.141422, -29.295254, 18.808449, 23.074186, 17.046076, 0.0, -8.600227, -7.056965, 14.177413, 28.544132, 58.781628, 0.0, 3.867116, -11.412118, 1.5347508, 63.27661, 0.0
22.6424076, 0.9218822799999999, 13.0974546, 32.209737600000004, -4.7296431, 0.0, -19.474148, -28.5346048, 18.5225424, 23.8381356, 17.65206, 0.0, -7.984018, -6.41150204, 13.3736786, 27.781371800000002, 59.2050112, 0.0, 3.2676800100000003, -11.185642, 1.8349819600000001, 62.595908, 0.0
22.080633199999998, 0.38191146, 12.721650200000001, 31.816495200000002, -5.2166614, 0.0, -18.806874, -27.7739556, 18.2366358, 24.6020852, 18.258043999999998, 0.0, -7.367809, -5.7660390800000005, 12.5699442, 27.0186116, 59.6283944, 0.0, 2.66824402, -10.959166, 2.13521312, 61.915206, 0.0
21.5188588, -0.15805935999999998, 12.3458458, 31.4232528, -5.7036797, 0.0, -18.1396, -27.013306399999998, 17.9507292, 25.3660348, 18.864028, 0.0, -6.7516, -5.12057612, 11.766209799999999, 26.2558514, 60.0517776, 0.0, 2.0688080299999996, -10.73269, 2.43544428, 61.234504, 0.0
20.9570844, -0.69803018, 11.9700414, 31.030010400000002, -6.190698, 0.0, -17.472326, -26.252657199999998, 17.6648226, 26.1299844, 19.470012, 0.0, -6.135391, -4.47511316, 10.962475399999999, 25.4930912, 60.4751608, 0.0, 1.4693720399999997, -10.506214, 2.73567544, 60.553802, 0.0
20.39531, -1.238001, 11.594237, 30.636768, -6.6777163, 0.0, -16.805052, -25.492008, 17.378916, 26.893934, 20.075996, 0.0, -5.519182, -3.8296502, 10.158741, 24.730331, 60.898544, 0.0, 0.86993605, -10.279738, 3.0359066, 59.8731, 0.0
