/h1_2/pelvis/left_hip_yaw_joint, /h1_2/left_hip_yaw_link/left_hip_pitch_joint, /h1_2/left_hip_pitch_link/left_hip_roll_joint, /h1_2/left_hip_roll_link/left_knee_joint, /h1_2/left_knee_link/left_ankle_pitch_joint, /h1_2/left_ankle_pitch_link/left_ankle_roll_joint, /h1_2/pelvis/right_hip_yaw_joint, /h1_2/right_hip_yaw_link/right_hip_pitch_joint, /h1_2/right_hip_pitch_link/right_hip_roll_joint, /h1_2/right_hip_roll_link/right_knee_joint, /h1_2/right_knee_link/right_ankle_pitch_joint, /h1_2/right_ankle_pitch_link/right_ankle_roll_joint, /h1_2/pelvis/torso_joint, /h1_2/torso_link/left_shoulder_pitch_joint, /h1_2/left_shoulder_pitch_link/left_shoulder_roll_joint, /h1_2/left_shoulder_roll_link/left_shoulder_yaw_joint, /h1_2/left_shoulder_yaw_link/left_elbow_joint, /h1_2/left_elbow_link/left_wrist_roll_joint, /h1_2/torso_link/right_shoulder_pitch_joint, /h1_2/right_shoulder_pitch_link/right_shoulder_roll_joint, /h1_2/right_shoulder_roll_link/right_shoulder_yaw_joint, /h1_2/right_shoulder_yaw_link/right_elbow_joint, /h1_2/right_elbow_link/right_wrist_roll_joint
24.51975, -0.24203782, -0.79985595, -5.4448667, 19.790127, 0.0, -18.287252, -0.7016942, -1.3815387, -3.1207066, 14.666454, 0.0, 4.5284095, 3.1780071, 8.649579, -0.11207324, 63.330692, 0.0, 2.0875313, -10.410479, -15.342148, 54.768185, 0.0
24.525986399999997, -0.25197325, -0.81292638, -5.4511920400000005, 19.799569599999998, 0.0, -18.2736956, -0.71900332, -1.3805307199999999, -3.14035906, 14.6562732, 0.0, 4.5231845, 3.1640648799999997, 8.6390224, -0.13374977400000002, 63.2989536, 0.0, 2.0814004400000004, -10.4257342, -15.3634254, 54.757052800000004, 0.0
24.5322228, -0.26190868, -0.82599681, -5.4575173800000005, 19.809012199999998, 0.0, -18.2601392, -0.7363124400000001, -1.3795227399999999, -3.1600115200000003, 14.6460924, 0.0, 4.5179595, 3.15012266, 8.628465799999999, -0.155426308, 63.267215199999995, 0.0, 2.07526958, -10.440989400000001, -15.3847028, 54.745920600000005, 0.0
24.5384592, -0.27184411, -0.83906724, -5.46384272, 19.8184548, 0.0, -18.2465828, -0.75362156, -1.37851476, -3.17966398, 14.6359116, 0.0, 4.5127345000000005, 3.13618044, 8.6179092, -0.177102842, 63.2354768, 0.0, 2.06913872, -10.4562446, -15.4059802, 54.7347884, 0.0
24.5446956, -0.28177954, -0.8521376700000001, -5.47016806, 19.8278974, 0.0, -18.2330264, -0.7709306800000001, -1.37750678, -3.19931644, 14.625730800000001, 0.0, 4.5075095, 3.1222382200000003, 8.607352599999999, -0.198779376, 63.2037384, 0.0, 2.06300786, -10.4714998, -15.427257599999999, 54.7236562, 0.0
24.550932, -0.29171497, -0.8652081, -5.4764934, 19.83734, 0.0, -18.21947, -0.7882398, -1.3764988, -3.2189689, 14.61555, 0.0, 4.5022845, 3.108296, 8.596796, -0.22045591, 63.172, 0.0, 2.056877, -10.486755, -15.448535, 54.712524, 0.0
24.5514568, -0.30763509, -0.88994942, -5.47783092, 19.8510484, 0.0, -18.1903988, -0.82245104, -1.37537664, -3.25329368, 14.578800000000001, 0.0, 4.4881706, 3.1136102400000003, 8.5988236, -0.234303528, 63.1670648, 0.0, 2.05799954, -10.496582, -15.470216, 54.698477600000004, 0.0
24.5519816, -0.32355521, -0.9146907400000001, -5.47916844, 19.8647568, 0.0, -18.1613276, -0.85666228, -1.37425448, -3.28761846, 14.542050000000001, 0.0, 4.4740567, 3.11892448, 8.6008512, -0.24815114600000002, 63.1621296, 0.0, 2.05912208, -10.506409, -15.491897, 54.6844312, 0.0
24.5525064, -0.33947532999999996, -0.93943206, -5.48050596, 19.8784652, 0.0, -18.132256400000003, -0.89087352, -1.37313232, -3.32194324, 14.5053, 0.0, 4.459942799999999, 3.12423872, 8.602878800000001, -0.261998764, 63.157194399999995, 0.0, 2.06024462, -10.516236000000001, -15.513578, 54.6703848, 0.0
24.5530312, -0.35539545, -0.9641733800000001, -5.48184348, 19.8921736, 0.0, -18.103185200000002, -0.9250847600000001, -1.37201016, -3.35626802, 14.46855, 0.0, 4.4458288999999995, 3.12955296, 8.6049064, -0.275846382, 63.152259199999996, 0.0, 2.06136716, -10.526063, -15.535259, 54.656338399999996, 0.0
24.553556, -0.37131557, -0.9889147, -5.483181, 19.905882, 0.0, -18.074114, -0.959296, -1.370888, -3.3905928, 14.4318, 0.0, 4.431715, 3.1348672, 8.606934, -0.289694, 63.147324, 0.0, 2.0624897, -10.53589, -15.55694, 54.642292, 0.0
24.5642734, -0.36846527, -0.9818253800000001, -5.4616342, 19.908322199999997, 0.0, -18.0693032, -0.9687554, -1.3889560200000002, -3.39698046, 14.381530600000001, 0.0, 4.3963871999999995, 3.16716056, 8.614636800000001, -0.30287396, 63.1757652, 0.0, 2.08960438, -10.523961, -15.576152400000002, 54.6358612, 0.0
24.574990800000002, -0.36561497, -0.97473606, -5.4400874, 19.9107624, 0.0, -18.0644924, -0.9782148, -1.40702404, -3.40336812, 14.3312612, 0.0, 4.361059399999999, 3.19945392, 8.6223396, -0.31605392, 63.2042064, 0.0, 2.11671906, -10.512032, -15.5953648, 54.6294304, 0.0
24.5857082, -0.36276467, -0.9676467400000001, -5.4185406, 19.913202599999998, 0.0, -18.0596816, -0.9876742000000001, -1.42509206, -3.40975578, 14.2809918, 0.0, 4.3257316, 3.23174728, 8.6300424, -0.32923388, 63.2326476, 0.0, 2.1438337400000003, -10.500103000000001, -15.614577200000001, 54.6229996, 0.0
24.5964256, -0.35991437, -0.96055742, -5.396993800000001, 19.9156428, 0.0, -18.0548708, -0.9971336000000001, -1.44316008, -3.41614344, 14.2307224, 0.0, 4.2904038, 3.2640406399999997, 8.6377452, -0.34241384, 63.261088799999996, 0.0, 2.17094842, -10.488174, -15.6337896, 54.616568799999996, 0.0
24.607143, -0.35706407, -0.9534681, -5.375447, 19.918083, 0.0, -18.05006, -1.006593, -1.4612281, -3.4225311, 14.180453, 0.0, 4.255076, 3.296334, 8.645448, -0.3555938, 63.28953, 0.0, 2.1980631, -10.476245, -15.653002, 54.610138, 0.0
24.6127434, -0.33891888400000003, -0.9248509540000001, -5.3411232, 19.895943199999998, 0.0, -18.0624456, -0.9987647500000001, -1.495296, -3.40910958, 14.1198074, 0.0, 4.2193518, 3.3550062, 8.6425904, -0.38813974, 63.3298654, 0.0, 2.2320109, -10.445699000000001, -15.664148200000001, 54.600201399999996, 0.0
24.6183438, -0.320773698, -0.8962338080000001, -5.3067994, 19.8738034, 0.0, -18.0748312, -0.9909365000000001, -1.5293638999999999, -3.39568806, 14.0591618, 0.0, 4.1836276, 3.4136784, 8.639732799999999, -0.42068568000000006, 63.3702008, 0.0, 2.2659587, -10.415153, -15.6752944, 54.5902648, 0.0
24.6239442, -0.302628512, -0.8676166620000001, -5.2724756, 19.8516636, 0.0, -18.0872168, -0.98310825, -1.5634318, -3.3822665400000003, 13.9985162, 0.0, 4.1479034, 3.4723506, 8.6368752, -0.45323162000000006, 63.4105362, 0.0, 2.2999065, -10.384607, -15.686440600000001, 54.5803282, 0.0
24.629544600000003, -0.28448332600000004, -0.838999516, -5.2381518, 19.8295238, 0.0, -18.0996024, -0.97528, -1.5974997, -3.36884502, 13.9378706, 0.0, 4.1121792, 3.5310227999999997, 8.6340176, -0.48577756000000005, 63.4508716, 0.0, 2.3338543, -10.354061, -15.6975868, 54.5703916, 0.0
24.635145, -0.26633814, -0.81038237, -5.203828, 19.807384, 0.0, -18.111988, -0.96745175, -1.6315676, -3.3554235, 13.877225, 0.0, 4.076455, 3.589695, 8.63116, -0.5183235, 63.491207, 0.0, 2.3678021, -10.323515, -15.708733, 54.560455, 0.0
24.635552800000003, -0.258231112, -0.7945541660000001, -5.1825927, 19.756281599999998, 0.0, -18.0965202, -0.97272154, -1.64629948, -3.35610784, 13.821375399999999, 0.0, 4.00966116, 3.6367024, 8.618005199999999, -0.5844231400000001, 63.515786600000006, 0.0, 2.40016552, -10.294644, -15.7233334, 54.537994, 0.0
24.6359606, -0.250124084, -0.778725962, -5.1613574, 19.7051792, 0.0, -18.0810524, -0.97799133, -1.66103136, -3.3567921800000002, 13.765525799999999, 0.0, 3.94286732, 3.6837098, 8.6048504, -0.65052278, 63.5403662, 0.0, 2.43252894, -10.265773, -15.7379338, 54.515533, 0.0
24.636368400000002, -0.242017056, -0.762897758, -5.140122099999999, 19.6540768, 0.0, -18.0655846, -0.98326112, -1.67576324, -3.35747652, 13.7096762, 0.0, 3.87607348, 3.7307172, 8.5916956, -0.71662242, 63.564945800000004, 0.0, 2.46489236, -10.236902, -15.7525342, 54.493072, 0.0
24.6367762, -0.233910028, -0.747069554, -5.118886799999999, 19.6029744, 0.0, -18.0501168, -0.98853091, -1.69049512, -3.3581608600000004, 13.6538266, 0.0, 3.8092796399999997, 3.7777246, 8.5785408, -0.78272206, 63.5895254, 0.0, 2.49725578, -10.208031, -15.7671346, 54.470611, 0.0
24.637184, -0.225803, -0.73124135, -5.0976515, 19.551872, 0.0, -18.034649, -0.9938007, -1.705227, -3.3588452, 13.597977, 0.0, 3.7424858, 3.824732, 8.565386, -0.8488217, 63.614105, 0.0, 2.5296192, -10.17916, -15.781735, 54.44815, 0.0
24.637184, -0.21626859, -0.727869372, -5.08097554, 19.5089732, 0.0, -18.017020600000002, -0.99227866, -1.71921114, -3.3581418800000002, 13.558398500000001, 0.0, 3.6849331199999997, 3.85962744, 8.556348400000001, -0.92455354, 63.621624600000004, 0.0, 2.53961724, -10.1607754, -15.7927172, 54.415304, 0.0
24.637184, -0.20673418000000002, -0.724497394, -5.06429958, 19.4660744, 0.0, -17.999392200000003, -0.99075662, -1.7331952800000001, -3.3574385600000003, 13.51882, 0.0, 3.62738044, 3.8945228800000002, 8.5473108, -1.00028538, 63.6291442, 0.0, 2.54961528, -10.1423908, -15.8036994, 54.382458, 0.0
24.637184, -0.19719977, -0.721125416, -5.0476236199999995, 19.4231756, 0.0, -17.9817638, -0.98923458, -1.74717942, -3.35673524, 13.4792415, 0.0, 3.56982776, 3.92941832, 8.5382732, -1.07601722, 63.6366638, 0.0, 2.55961332, -10.1240062, -15.8146816, 54.349612, 0.0
24.637184, -0.18766536, -0.717753438, -5.03094766, 19.3802768, 0.0, -17.9641354, -0.98771254, -1.76116356, -3.35603192, 13.439663, 0.0, 3.51227508, 3.96431376, 8.5292356, -1.15174906, 63.644183399999996, 0.0, 2.5696113599999997, -10.1056216, -15.8256638, 54.316766, 0.0
24.637184, -0.17813095, -0.71438146, -5.0142717, 19.337378, 0.0, -17.946507, -0.9861905, -1.7751477, -3.3553286, 13.4000845, 0.0, 3.4547224, 3.9992092, 8.520198, -1.2274809, 63.651703, 0.0, 2.5796094, -10.087237, -15.836646, 54.28392, 0.0
24.637184, -0.16207455, -0.71436794, -4.9999829, 19.319834200000003, 0.0, -17.92579, -0.979650868, -1.78704862, -3.35433508, 13.379339, 0.0, 3.4096458000000003, 4.00612536, 8.5168478, -1.28477302, 63.6345788, 0.0, 2.58398738, -10.0777346, -15.841116, 54.266342, 0.0
24.637184, -0.14601815, -0.71435442, -4.9856941, 19.3022904, 0.0, -17.905073, -0.973111236, -1.79894954, -3.35334156, 13.3585935, 0.0, 3.3645692, 4.01304152, 8.5134976, -1.34206514, 63.6174546, 0.0, 2.58836536, -10.0682322, -15.845585999999999, 54.248764, 0.0
24.637184, -0.12996175, -0.7143409, -4.9714053, 19.284746600000002, 0.0, -17.884356, -0.966571604, -1.81085046, -3.35234804, 13.337848000000001, 0.0, 3.3194926000000002, 4.01995768, 8.5101474, -1.39935726, 63.6003304, 0.0, 2.5927433399999997, -10.0587298, -15.850056, 54.231186, 0.0
24.637184, -0.11390535, -0.71432738, -4.9571165, 19.2672028, 0.0, -17.863639000000003, -0.960031972, -1.82275138, -3.35135452, 13.3171025, 0.0, 3.274416, 4.0268738399999995, 8.5067972, -1.45664938, 63.5832062, 0.0, 2.59712132, -10.049227400000001, -15.854526, 54.213608, 0.0
24.637184, -0.09784895, -0.71431386, -4.9428277, 19.249659, 0.0, -17.842922, -0.95349234, -1.8346523, -3.350361, 13.296357, 0.0, 3.2293394, 4.03379, 8.503447, -1.5139415, 63.566082, 0.0, 2.6014993, -10.039725, -15.858996, 54.19603, 0.0
24.637184, -0.0828421976, -0.7136193479999999, -4.9373140399999995, 19.263406, 0.0, -17.816704400000003, -0.9508597120000001, -1.84398474, -3.35759344, 13.290950800000001, 0.0, 3.1893394400000004, 4.02499542, 8.5006458, -1.5530308, 63.5323502, 0.0, 2.61029394, -10.037293400000001, -15.8595612, 54.1932056, 0.0
24.637184, -0.06783544520000001, -0.712924836, -4.931800379999999, 19.277153000000002, 0.0, -17.7904868, -0.948227084, -1.85331718, -3.36482588, 13.2855446, 0.0, 3.14933948, 4.01620084, 8.497844599999999, -1.5921201, 63.498618400000005, 0.0, 2.61908858, -10.0348618, -15.8601264, 54.1903812, 0.0
24.637184, -0.05282869280000001, -0.712230324, -4.92628672, 19.2909, 0.0, -17.7642692, -0.945594456, -1.86264962, -3.37205832, 13.2801384, 0.0, 3.1093395200000002, 4.00740626, 8.4950434, -1.6312094, 63.4648866, 0.0, 2.6278832199999997, -10.0324302, -15.8606916, 54.1875568, 0.0
24.637184, -0.037821940400000004, -0.711535812, -4.92077306, 19.304647000000003, 0.0, -17.7380516, -0.942961828, -1.87198206, -3.37929076, 13.274732199999999, 0.0, 3.06933956, 3.99861168, 8.4922422, -1.6702987, 63.4311548, 0.0, 2.63667786, -10.029998599999999, -15.8612568, 54.1847324, 0.0
24.637184, -0.022815188, -0.7108413, -4.9152594, 19.318394, 0.0, -17.711834, -0.9403292, -1.8813145, -3.3865232, 13.269326, 0.0, 3.0293396, 3.9898171, 8.489441, -1.709388, 63.397423, 0.0, 2.6454725, -10.027567, -15.861822, 54.181908, 0.0
24.637184, -0.010688771, -0.70949748, -4.91507052, 19.356829, 0.0, -17.6884488, -0.93205236, -1.88923822, -3.39219104, 13.2972622, 0.0, 2.9971696800000003, 3.99228054, 8.4783796, -1.75068738, 63.366284400000005, 0.0, 2.648917, -10.0317566, -15.8614746, 54.1760318, 0.0
24.637184, 0.0014376460000000008, -0.70815366, -4.91488164, 19.395264, 0.0, -17.6650636, -0.92377552, -1.89716194, -3.3978588800000002, 13.3251984, 0.0, 2.96499976, 3.99474398, 8.4673182, -1.79198676, 63.3351458, 0.0, 2.6523615, -10.0359462, -15.8611272, 54.1701556, 0.0
24.637184, 0.013564063000000001, -0.70680984, -4.91469276, 19.433699, 0.0, -17.6416784, -0.91549868, -1.9050856600000001, -3.40352672, 13.3531346, 0.0, 2.93282984, 3.9972074199999996, 8.4562568, -1.83328614, 63.3040072, 0.0, 2.6558059999999997, -10.0401358, -15.8607798, 54.1642794, 0.0
24.637184, 0.02569048, -0.70546602, -4.91450388, 19.472134, 0.0, -17.6182932, -0.90722184, -1.91300938, -3.40919456, 13.3810708, 0.0, 2.90065992, 3.9996708599999997, 8.4451954, -1.87458552, 63.272868599999995, 0.0, 2.6592504999999997, -10.0443254, -15.8604324, 54.1584032, 0.0
24.637184, 0.037816897, -0.7041222, -4.914315, 19.510569, 0.0, -17.594908, -0.898945, -1.9209331, -3.4148624, 13.409007, 0.0, 2.86849, 4.0021343, 8.434134, -1.9158849, 63.24173, 0.0, 2.662695, -10.048515, -15.860085, 54.152527, 0.0
24.637184, 0.0344884664, -0.7110586520000001, -4.92738152, 19.545945, 0.0, -17.563148, -0.88806738, -1.9146032400000002, -3.4243916, 13.4711868, 0.0, 2.85465696, 4.03480338, 8.4281582, -1.95868228, 63.220189999999995, 0.0, 2.6545935999999997, -10.0527366, -15.8405454, 54.1314316, 0.0
24.637184, 0.0311600358, -0.717995104, -4.94044804, 19.581321, 0.0, -17.531388, -0.87718976, -1.90827338, -3.4339208, 13.5333666, 0.0, 2.84082392, 4.067472459999999, 8.4221824, -2.00147966, 63.19865, 0.0, 2.6464922, -10.0569582, -15.8210058, 54.1103362, 0.0
24.637184, 0.0278316052, -0.724931556, -4.95351456, 19.616697000000002, 0.0, -17.499628, -0.86631214, -1.90194352, -3.44345, 13.5955464, 0.0, 2.82699088, 4.10014154, 8.416206599999999, -2.04427704, 63.17711, 0.0, 2.6383908, -10.0611798, -15.8014662, 54.0892408, 0.0
24.637184, 0.0245031746, -0.731868008, -4.96658108, 19.652073, 0.0, -17.467868, -0.8554345200000001, -1.89561366, -3.4529792, 13.6577262, 0.0, 2.81315784, 4.13281062, 8.410230799999999, -2.08707442, 63.155570000000004, 0.0, 2.6302894, -10.0654014, -15.7819266, 54.0681454, 0.0
24.637184, 0.021174744, -0.73880446, -4.9796476, 19.687449, 0.0, -17.436108, -0.8445569, -1.8892838, -3.4625084, 13.719906, 0.0, 2.7993248, 4.1654797, 8.404255, -2.1298718, 63.13403, 0.0, 2.622188, -10.069623, -15.762387, 54.04705, 0.0
24.637184, -0.009009384799999999, -0.769964778, -5.01684778, 19.697472400000002, 0.0, -17.3784956, -0.8476111080000001, -1.86244904, -3.49694472, 13.776113, 0.0, 2.78207244, 4.21747696, 8.4072868, -2.1697222800000002, 63.0924276, 0.0, 2.61180704, -10.0778846, -15.6994784, 53.9990306, 0.0
24.637184, -0.03919351359999999, -0.801125096, -5.05404796, 19.7074958, 0.0, -17.3208832, -0.8506653160000001, -1.83561428, -3.53138104, 13.83232, 0.0, 2.76482008, 4.26947422, 8.4103186, -2.20957276, 63.0508252, 0.0, 2.60142608, -10.0861462, -15.6365698, 53.951011199999996, 0.0
24.637184, -0.0693776424, -0.832285414, -5.091248139999999, 19.7175192, 0.0, -17.2632708, -0.853719524, -1.80877952, -3.56581736, 13.888527, 0.0, 2.74756772, 4.32147148, 8.413350399999999, -2.24942324, 63.0092228, 0.0, 2.59104512, -10.0944078, -15.5736612, 53.9029918, 0.0
24.637184, -0.0995617712, -0.8634457320000001, -5.1284483199999995, 19.7275426, 0.0, -17.2056584, -0.856773732, -1.78194476, -3.60025368, 13.944733999999999, 0.0, 2.73031536, 4.37346874, 8.4163822, -2.2892737199999997, 62.9676204, 0.0, 2.58066416, -10.1026694, -15.5107526, 53.8549724, 0.0
24.637184, -0.1297459, -0.89460605, -5.1656485, 19.737566, 0.0, -17.148046, -0.85982794, -1.75511, -3.63469, 14.000941, 0.0, 2.713063, 4.425466, 8.419414, -2.3291242, 62.926018, 0.0, 2.5702832, -10.110931, -15.447844, 53.806953, 0.0
24.637184, -0.15487656, -0.9178194000000001, -5.1980688, 19.7298496, 0.0, -17.111300800000002, -0.8102512319999999, -1.72485078, -3.62544876, 14.0764436, 0.0, 2.7177914, 4.51293588, 8.4329952, -2.34896292, 62.7969058, 0.0, 2.56637166, -10.118783, -15.2731296, 53.6940684, 0.0
24.637184, -0.18000722, -0.9410327500000001, -5.2304891, 19.722133200000002, 0.0, -17.0745556, -0.760674524, -1.6945915599999999, -3.61620752, 14.1519462, 0.0, 2.7225198, 4.60040576, 8.4465764, -2.36880164, 62.667793599999996, 0.0, 2.56246012, -10.126635, -15.0984152, 53.5811838, 0.0
24.637184, -0.20513788, -0.9642461, -5.2629094, 19.7144168, 0.0, -17.0378104, -0.711097816, -1.66433234, -3.60696628, 14.2274488, 0.0, 2.7272482, 4.68787564, 8.4601576, -2.3886403599999997, 62.5386814, 0.0, 2.55854858, -10.134487, -14.9237008, 53.468299200000004, 0.0
24.637184, -0.23026854, -0.98745945, -5.2953297, 19.7067004, 0.0, -17.0010652, -0.6615211080000001, -1.63407312, -3.5977250400000003, 14.3029514, 0.0, 2.7319766000000003, 4.77534552, 8.4737388, -2.4084790799999998, 62.4095692, 0.0, 2.55463704, -10.142339, -14.7489864, 53.3554146, 0.0
24.637184, -0.2553992, -1.0106728, -5.32775, 19.698984, 0.0, -16.96432, -0.6119444, -1.6038139, -3.5884838, 14.378454, 0.0, 2.736705, 4.8628154, 8.48732, -2.4283178, 62.280457, 0.0, 2.5507255, -10.150191, -14.574272, 53.24253, 0.0
24.637184, -0.258004412, -1.00954388, -5.34253028, 19.6929594, 0.0, -16.923656, -0.56490435, -1.58542024, -3.59160418, 14.452162, 0.0, 2.74415306, 4.98958064, 8.4928436, -2.39706852, 61.9284056, 0.0, 2.6178892, -10.1687766, -14.193103, 52.9804254, 0.0
24.637184, -0.260609624, -1.00841496, -5.35731056, 19.6869348, 0.0, -16.882992, -0.5178643, -1.56702658, -3.59472456, 14.52587, 0.0, 2.75160112, 5.11634588, 8.4983672, -2.36581924, 61.5763542, 0.0, 2.6850529, -10.187362199999999, -13.811934, 52.7183208, 0.0
24.637184, -0.263214836, -1.0072860399999999, -5.37209084, 19.6809102, 0.0, -16.842328, -0.47082425, -1.54863292, -3.5978449400000003, 14.599578000000001, 0.0, 2.75904918, 5.24311112, 8.5038908, -2.33456996, 61.224302800000004, 0.0, 2.7522166, -10.2059478, -13.430765000000001, 52.4562162, 0.0
24.637184, -0.265820048, -1.00615712, -5.38687112, 19.6748856, 0.0, -16.801664, -0.4237842, -1.53023926, -3.6009653200000002, 14.673286000000001, 0.0, 2.76649724, 5.36987636, 8.5094144, -2.30332068, 60.8722514, 0.0, 2.8193803, -10.2245334, -13.049596, 52.1941116, 0.0
24.637184, -0.26842526, -1.0050282, -5.4016514, 19.668861, 0.0, -16.761, -0.37674415, -1.5118456, -3.6040857, 14.746994, 0.0, 2.7739453, 5.4966416, 8.514938, -2.2720714, 60.5202, 0.0, 2.886544, -10.243119, -12.668427, 51.932007, 0.0
24.636730800000002, -0.262115016, -0.9930238699999999, -5.41638552, 19.672794, 0.0, -16.7030226, -0.35880868, -1.50207844, -3.6556240200000003, 14.795411000000001, 0.0, 2.82203584, 5.62607528, 8.5300864, -2.06653608, 59.763432, 0.0, 3.05760566, -10.2745692, -11.9108336, 51.330639, 0.0
24.6362776, -0.255804772, -0.9810195399999999, -5.43111964, 19.676727, 0.0, -16.6450452, -0.34087321, -1.49231128, -3.70716234, 14.843828, 0.0, 2.87012638, 5.75550896, 8.545234800000001, -1.86100076, 59.006664, 0.0, 3.22866732, -10.3060194, -11.153240199999999, 50.729271, 0.0
24.6358244, -0.249494528, -0.96901521, -5.44585376, 19.68066, 0.0, -16.5870678, -0.32293774, -1.48254412, -3.75870066, 14.892245, 0.0, 2.91821692, 5.88494264, 8.5603832, -1.6554654400000002, 58.249896, 0.0, 3.39972898, -10.3374696, -10.3956468, 50.127903, 0.0
24.635371199999998, -0.243184284, -0.95701088, -5.46058788, 19.684593, 0.0, -16.529090399999998, -0.30500227, -1.47277696, -3.81023898, 14.940662, 0.0, 2.96630746, 6.01437632, 8.575531600000001, -1.44993012, 57.493128, 0.0, 3.5707906400000002, -10.3689198, -9.6380534, 49.526535, 0.0
24.634918, -0.23687404, -0.94500655, -5.475322, 19.688526, 0.0, -16.471113, -0.2870668, -1.4630098, -3.8617773, 14.989079, 0.0, 3.014398, 6.14381, 8.59068, -1.2443948, 56.73636, 0.0, 3.7418523, -10.40037, -8.88046, 48.925167, 0.0
24.626552, -0.220278888, -0.91446018, -5.4936208, 19.7359924, 0.0, -16.4215548, -0.263038518, -1.46047062, -3.93495084, 15.0460054, 0.0, 3.15836788, 6.1120596, 8.7124982, -0.6628009, 55.4066196, 0.0, 3.98472416, -10.4933128, -7.639897039999999, 47.7728446, 0.0
24.618186, -0.203683736, -0.88391381, -5.511919600000001, 19.783458800000002, 0.0, -16.3719966, -0.23901023600000001, -1.45793144, -4.00812438, 15.1029318, 0.0, 3.30233776, 6.0803092, 8.8343164, -0.08120700000000003, 54.0768792, 0.0, 4.22759602, -10.5862556, -6.39933408, 46.6205222, 0.0
24.60982, -0.187088584, -0.85336744, -5.5302184, 19.8309252, 0.0, -16.3224384, -0.214981954, -1.45539226, -4.08129792, 15.1598582, 0.0, 3.44630764, 6.0485588, 8.9561346, 0.5003868999999999, 52.747138799999995, 0.0, 4.470467879999999, -10.6791984, -5.158771120000001, 45.4681998, 0.0
24.601454, -0.170493432, -0.82282107, -5.5485172, 19.8783916, 0.0, -16.2728802, -0.19095367200000002, -1.4528530800000001, -4.15447146, 15.2167846, 0.0, 3.59027752, 6.0168084, 9.0779528, 1.0819808, 51.417398399999996, 0.0, 4.7133397399999994, -10.7721412, -3.9182081600000007, 44.315877400000005, 0.0
24.593088, -0.15389828, -0.7922747, -5.566816, 19.925858, 0.0, -16.223322, -0.16692539, -1.4503139, -4.227645, 15.273711, 0.0, 3.7342474, 5.985058, 9.199771, 1.6635747, 50.087658, 0.0, 4.9562116, -10.865084, -2.6776452, 43.163555, 0.0
24.552235600000003, -0.152680566, -0.720237424, -5.61351092, 19.999444200000003, 0.0, -16.1665012, -0.12314266, -1.41744266, -4.313308, 15.3509324, 0.0, 3.93085992, 5.4999012, 9.5109582, 2.6874299, 48.0854272, 0.0, 5.10027548, -11.0560788, -1.0818574800000003, 41.344448, 0.0
24.5113832, -0.151462852, -0.648200148, -5.660205840000001, 20.0730304, 0.0, -16.1096804, -0.07935993, -1.38457142, -4.398971, 15.4281538, 0.0, 4.12747244, 5.0147444000000005, 9.8221454, 3.7112851000000004, 46.0831964, 0.0, 5.24433936, -11.2470736, 0.5139302399999996, 39.525341, 0.0
24.470530800000002, -0.150245138, -0.576162872, -5.70690076, 20.1466166, 0.0, -16.0528596, -0.035577199999999976, -1.35170018, -4.484634, 15.5053752, 0.0, 4.32408496, 4.5295876, 10.1333326, 4.7351403, 44.0809656, 0.0, 5.38840324, -11.438068399999999, 2.10971796, 37.706233999999995, 0.0
24.4296784, -0.14902742400000002, -0.504125596, -5.75359568, 20.2202028, 0.0, -15.996038800000001, 0.008205530000000016, -1.31882894, -4.570297, 15.5825966, 0.0, 4.52069748, 4.0444308, 10.4445198, 5.7589955, 42.0787348, 0.0, 5.53246712, -11.6290632, 3.7055056799999995, 35.887127, 0.0
24.388826, -0.14780971, -0.43208832, -5.8002906, 20.293789, 0.0, -15.939218, 0.05198826, -1.2859577, -4.65596, 15.659818, 0.0, 4.71731, 3.559274, 10.755707, 6.7828507, 40.076504, 0.0, 5.676531, -11.820058, 5.3012934, 34.06802, 0.0
24.340425200000002, -0.08942815, -0.3356926776, -5.8571602, 20.3655514, 0.0, -15.932788200000001, 0.16284283400000002, -1.25920418, -4.715143520000001, 15.7376464, 0.0, 4.922147880000001, 2.51555686, 11.3712178, 8.14247736, 37.42702, 0.0, 5.4417838, -12.1348012, 6.828462119999999, 31.549257799999996, 0.0
24.292024400000003, -0.031046589999999985, -0.2392970352, -5.9140298, 20.437313800000002, 0.0, -15.9263584, 0.27369740800000003, -1.23245066, -4.77432704, 15.8154748, 0.0, 5.12698576, 1.4718397199999997, 11.9867286, 9.50210402, 34.777536, 0.0, 5.2070365999999995, -12.4495444, 8.35563084, 29.0304956, 0.0
24.2436236, 0.02733497000000004, -0.14290139279999997, -5.9708994, 20.5090762, 0.0, -15.9199286, 0.38455198200000007, -1.20569714, -4.833510560000001, 15.8933032, 0.0, 5.3318236400000005, 0.4281225799999997, 12.6022394, 10.86173068, 32.128052, 0.0, 4.972289399999999, -12.7642876, 9.882799559999999, 26.511733399999997, 0.0
24.1952228, 0.08571653000000004, -0.04650575039999999, -6.027769, 20.5808386, 0.0, -15.9134988, 0.49540655600000005, -1.17894362, -4.89269408, 15.971131600000001, 0.0, 5.53666152, -0.6155945600000003, 13.217750200000001, 12.22135734, 29.478568000000003, 0.0, 4.7375422, -13.0790308, 11.409968280000001, 23.9929712, 0.0
24.146822, 0.14409809, 0.049889892, -6.0846386, 20.652601, 0.0, -15.907069, 0.60626113, -1.1521901, -4.9518776, 16.04896, 0.0, 5.7414994, -1.6593117, 13.833261, 13.580984, 26.829084, 0.0, 4.502795, -13.393774, 12.937137, 21.474209, 0.0
24.1824852, 0.33470519200000004, 0.16714869359999998, -6.07995648, 20.762483, 0.0, -16.0391966, 0.818177904, -1.21129788, -4.93272168, 16.112736, 0.0, 5.94580324, -2.9663571600000003, 14.6764644, 15.0534592, 23.9546782, 0.0, 3.639057404, -13.7911492, 13.9777748, 18.57969774, 0.0
24.2181484, 0.5253122940000001, 0.28440749519999997, -6.07527436, 20.872365, 0.0, -16.1713242, 1.030094678, -1.27040566, -4.91356576, 16.176512000000002, 0.0, 6.15010708, -4.273402620000001, 15.5196678, 16.5259344, 21.080272400000002, 0.0, 2.775319808, -14.1885244, 15.018412600000001, 15.685186479999999, 0.0
24.2538116, 0.7159193960000001, 0.40166629679999993, -6.07059224, 20.982247, 0.0, -16.303451799999998, 1.242011452, -1.32951344, -4.894409840000001, 16.240288, 0.0, 6.354410919999999, -5.58044808, 16.3628712, 17.9984096, 18.2058666, 0.0, 1.911582212, -14.5858996, 16.0590504, 12.79067522, 0.0
24.2894748, 0.9065264980000001, 0.5189250984, -6.06591012, 21.092129, 0.0, -16.435579399999998, 1.453928226, -1.38862122, -4.8752539200000005, 16.304064, 0.0, 6.55871476, -6.88749354, 17.2060746, 19.4708848, 15.3314608, 0.0, 1.047844616, -14.9832748, 17.099688200000003, 9.89616396, 0.0
24.325138, 1.0971336, 0.6361839, -6.061228, 21.202011, 0.0, -16.567707, 1.665845, -1.447729, -4.856098, 16.36784, 0.0, 6.7630186, -8.194539, 18.049278, 20.94336, 12.457055, 0.0, 0.18410702, -15.38065, 18.140326, 7.0016527, 0.0
24.3463672, 1.23673324, 0.69911702, -6.03225914, 21.3135808, 0.0, -16.6694668, 1.80763422, -1.49860572, -4.8772732, 16.413406600000002, 0.0, 6.915880479999999, -9.389993800000001, 18.909725, 22.251932, 10.14438324, 0.0, -1.200216244, -15.986794, 18.471279600000003, 4.6434081, 0.0
24.3675964, 1.37633288, 0.76205014, -6.00329028, 21.4251506, 0.0, -16.7712266, 1.94942344, -1.54948244, -4.8984484, 16.458973200000003, 0.0, 7.06874236, -10.5854486, 19.770172000000002, 23.560503999999998, 7.831711480000001, 0.0, -2.584539508, -16.592938, 18.8022332, 2.2851635000000003, 0.0
24.3888256, 1.51593252, 0.82498326, -5.97432142, 21.5367204, 0.0, -16.8729864, 2.09121266, -1.60035916, -4.9196235999999995, 16.5045398, 0.0, 7.22160424, -11.7809034, 20.630619000000003, 24.869076, 5.519039720000001, 0.0, -3.9688627720000005, -17.199082, 19.1331868, -0.07308109999999957, 0.0
24.4100548, 1.65553216, 0.8879163800000001, -5.94535256, 21.648290199999998, 0.0, -16.9747462, 2.2330018799999998, -1.65123588, -4.9407988, 16.5501064, 0.0, 7.37446612, -12.9763582, 21.491066, 26.177647999999998, 3.2063679600000015, 0.0, -5.353186036, -17.805226, 19.464140399999998, -2.4313256999999995, 0.0
24.431284, 1.7951318, 0.9508495, -5.9163837, 21.75986, 0.0, -17.076506, 2.3747911, -1.7021126, -4.961974, 16.595673, 0.0, 7.527328, -14.171813, 22.351513, 27.48622, 0.8936962, 0.0, -6.7375093, -18.41137, 19.795094, -4.7895703, 0.0
24.3483562, 1.74834342, 0.92696049, -5.90241782, 21.8478924, 0.0, -17.130594799999997, 2.4121975, -1.7065972999999999, -5.0274638, 16.6854824, 0.0, 7.6699592, -14.9520816, 22.8843988, 28.32101, -0.59185704, 0.0, -8.01858524, -18.650978600000002, 19.562150199999998, -6.31643424, 0.0
24.2654284, 1.7015550400000001, 0.90307148, -5.88845194, 21.9359248, 0.0, -17.1846836, 2.4496039, -1.711082, -5.0929535999999995, 16.7752918, 0.0, 7.8125904, -15.7323502, 23.4172846, 29.1558, -2.07741028, 0.0, -9.299661180000001, -18.890587200000002, 19.3292064, -7.84329818, 0.0
24.1825006, 1.65476666, 0.8791824699999999, -5.87448606, 22.0239572, 0.0, -17.2387724, 2.4870102999999997, -1.7155666999999999, -5.1584434, 16.8651012, 0.0, 7.9552216, -16.5126188, 23.9501704, 29.99059, -3.5629635200000003, 0.0, -10.58073712, -19.1301958, 19.0962626, -9.37016212, 0.0
24.0995728, 1.60797828, 0.85529346, -5.86052018, 22.1119896, 0.0, -17.2928612, 2.5244166999999997, -1.7200514, -5.2239332, 16.9549106, 0.0, 8.0978528, -17.2928874, 24.4830562, 30.82538, -5.04851676, 0.0, -11.86181306, -19.3698044, 18.863318800000002, -10.89702606, 0.0
24.016645, 1.5611899, 0.83140445, -5.8465543, 22.200022, 0.0, -17.34695, 2.5618231, -1.7245361, -5.289423, 17.04472, 0.0, 8.240484, -18.073156, 25.015942, 31.66017, -6.53407, 0.0, -13.142889, -19.609413, 18.630375, -12.42389, 0.0
23.8943456, 1.41453813, 0.7888600139999999, -5.8319443, 22.252263, 0.0, -17.3738278, 2.52145668, -1.68175834, -5.3732344, 17.1584, 0.0, 8.3535166, -18.3447636, 25.1196496, 32.0315006, -7.2300504, 0.0, -13.7903564, -19.1894286, 18.5437574, -13.1299106, 0.0
23.772046200000002, 1.2678863599999999, 0.7463155779999999, -5.8173343, 22.304504, 0.0, -17.4007056, 2.4810902599999998, -1.63898058, -5.4570458, 17.27208, 0.0, 8.466549200000001, -18.6163712, 25.2233572, 32.4028312, -7.9260308, 0.0, -14.4378238, -18.7694442, 18.4571398, -13.835931200000001, 0.0
23.6497468, 1.12123459, 0.7037711419999999, -5.8027243, 22.356745, 0.0, -17.4275834, 2.44072384, -1.59620282, -5.5408572, 17.38576, 0.0, 8.5795818, -18.887978800000003, 25.3270648, 32.7741618, -8.6220112, 0.0, -15.0852912, -18.3494598, 18.3705222, -14.5419518, 0.0
23.5274474, 0.97458282, 0.661226706, -5.7881143, 22.408986000000002, 0.0, -17.454461199999997, 2.4003574199999997, -1.55342506, -5.6246686, 17.49944, 0.0, 8.6926144, -19.159586400000002, 25.4307724, 33.1454924, -9.317991600000001, 0.0, -15.7327586, -17.9294754, 18.2839046, -15.2479724, 0.0
23.405148, 0.82793105, 0.61868227, -5.7735043, 22.461227, 0.0, -17.481339, 2.359991, -1.5106473, -5.70848, 17.61312, 0.0, 8.805647, -19.431194, 25.53448, 33.516823, -10.013972, 0.0, -16.380226, -17.509491, 18.197287, -15.953993, 0.0
23.3478276, 0.727911768, 0.618429636, -5.71432232, 22.4938036, 0.0, -17.5239528, 2.2989375, -1.45951268, -5.7735864, 17.701571599999998, 0.0, 8.885267800000001, -19.3503194, 25.412428199999997, 33.7013424, -10.136919800000001, 0.0, -16.2343786, -16.722087000000002, 18.784098399999998, -15.8389968, 0.0
23.2905072, 0.6278924859999999, 0.618177002, -5.65514034, 22.526380200000002, 0.0, -17.566566599999998, 2.237884, -1.40837806, -5.8386928, 17.7900232, 0.0, 8.9648886, -19.269444800000002, 25.2903764, 33.8858618, -10.2598676, 0.0, -16.0885312, -15.934683, 19.3709098, -15.7240006, 0.0
23.2331868, 0.5278732039999999, 0.617924368, -5.59595836, 22.5589568, 0.0, -17.6091804, 2.1768305, -1.35724344, -5.9037992, 17.8784748, 0.0, 9.0445094, -19.1885702, 25.1683246, 34.0703812, -10.3828154, 0.0, -15.9426838, -15.147279000000001, 19.957721199999998, -15.6090044, 0.0
23.1758664, 0.42785392199999994, 0.617671734, -5.53677638, 22.591533400000003, 0.0, -17.651794199999998, 2.115777, -1.30610882, -5.968905599999999, 17.966926400000002, 0.0, 9.1241302, -19.107695600000003, 25.0462728, 34.2549006, -10.505763199999999, 0.0, -15.7968364, -14.359875, 20.5445326, -15.4940082, 0.0
23.118546, 0.32783464, 0.6174191, -5.4775944, 22.62411, 0.0, -17.694408, 2.0547235, -1.2549742, -6.034012, 18.055378, 0.0, 9.203751, -19.026821, 24.924221, 34.43942, -10.628711, 0.0, -15.650989, -13.572471, 21.131344, -15.379012, 0.0
23.0526058, 0.210484948, 0.64976488, -5.40728466, 22.6409334, 0.0, -17.7758152, 2.03152136, -1.18073824, -6.0420153, 18.1532036, 0.0, 9.2782366, -18.922665600000002, 24.736215599999998, 34.4441492, -10.5821256, 0.0, -14.8146686, -13.1228726, 22.273470399999997, -14.4493864, 0.0
22.9866656, 0.093135256, 0.68211066, -5.33697492, 22.6577568, 0.0, -17.8572224, 2.00831922, -1.10650228, -6.0500186, 18.2510292, 0.0, 9.3527222, -18.818510200000002, 24.5482102, 34.4488784, -10.5355402, 0.0, -13.9783482, -12.6732742, 23.4155968, -13.5197608, 0.0
22.9207254, -0.024214436000000006, 0.71445644, -5.2666651799999995, 22.6745802, 0.0, -17.9386296, 1.98511708, -1.03226632, -6.0580219, 18.348854799999998, 0.0, 9.4272078, -18.7143548, 24.360204799999998, 34.4536076, -10.4889548, 0.0, -13.1420278, -12.2236758, 24.557723199999998, -12.590135199999999, 0.0
22.8547852, -0.141564128, 0.74680222, -5.19635544, 22.6914036, 0.0, -18.0200368, 1.96191494, -0.95803036, -6.0660251999999995, 18.446680399999998, 0.0, 9.5016934, -18.6101994, 24.1721994, 34.4583368, -10.4423694, 0.0, -12.3057074, -11.7740774, 25.6998496, -11.6605096, 0.0
22.788845, -0.25891382, 0.779148, -5.1260457, 22.708227, 0.0, -18.101444, 1.9387128, -0.8837944, -6.0740285, 18.544506, 0.0, 9.576179, -18.506044, 23.984194, 34.463066, -10.395784, 0.0, -11.469387, -11.324479, 26.841976, -10.730884, 0.0
22.612322, -0.493424156, 0.7740644799999999, -5.11521636, 22.687918, 0.0, -18.1777982, 1.8953283, -0.792732086, -6.09235888, 18.6132328, 0.0, 9.6370652, -18.6888546, 23.8472072, 34.2329608, -10.427619, 0.0, -10.36058832, -11.3036724, 27.7807304, -9.334754199999999, 0.0
22.435799, -0.7279344919999999, 0.7689809599999999, -5.10438702, 22.667609, 0.0, -18.254152400000002, 1.8519438000000001, -0.701669772, -6.11068926, 18.6819596, 0.0, 9.6979514, -18.8716652, 23.7102204, 34.0028556, -10.459454000000001, 0.0, -9.251789639999998, -11.2828658, 28.7194848, -7.9386244, 0.0
22.259276, -0.962444828, 0.76389744, -5.09355768, 22.6473, 0.0, -18.3305066, 1.8085593000000002, -0.6106074579999999, -6.12901964, 18.7506864, 0.0, 9.7588376, -19.0544758, 23.5732336, 33.7727504, -10.491289, 0.0, -8.142990959999999, -11.262059200000001, 29.6582392, -6.5424945999999995, 0.0
22.082753, -1.196955164, 0.75881392, -5.08272834, 22.626991, 0.0, -18.4068608, 1.7651748, -0.519545144, -6.14735002, 18.8194132, 0.0, 9.8197238, -19.2372864, 23.4362468, 33.542645199999995, -10.523124000000001, 0.0, -7.034192279999999, -11.241252600000001, 30.5969936, -5.1463648, 0.0
21.90623, -1.4314655, 0.7537304, -5.071899, 22.606682, 0.0, -18.483215, 1.7217903, -0.42848283, -6.1656804, 18.88814, 0.0, 9.88061, -19.420097, 23.29926, 33.31254, -10.554959, 0.0, -5.9253936, -11.220446, 31.535748, -3.750235, 0.0
21.7616608, -1.58858136, 0.704403566, -5.04993214, 22.6199544, 0.0, -18.5622392, 1.68051276, -0.406907678, -6.16397272, 18.8938532, 0.0, 9.907698400000001, -19.584591399999997, 23.314899, 33.1629004, -10.6493124, 0.0, -5.07144794, -11.4070119, 31.919554400000003, -2.83346854, 0.0
21.617091600000002, -1.74569722, 0.655076732, -5.02796528, 22.6332268, 0.0, -18.6412634, 1.63923522, -0.385332526, -6.16226504, 18.8995664, 0.0, 9.934786800000001, -19.7490858, 23.330538, 33.0132608, -10.7436658, 0.0, -4.21750228, -11.5935778, 32.3033608, -1.9167020799999999, 0.0
21.4725224, -1.90281308, 0.605749898, -5.00599842, 22.6464992, 0.0, -18.720287600000002, 1.5979576800000002, -0.36375737399999997, -6.16055736, 18.9052796, 0.0, 9.9618752, -19.9135802, 23.346177, 32.863621200000004, -10.8380192, 0.0, -3.3635566199999998, -11.7801437, 32.6871672, -0.9999356199999996, 0.0
21.3279532, -2.05992894, 0.5564230640000001, -4.98403156, 22.6597716, 0.0, -18.7993118, 1.55668014, -0.342182222, -6.15884968, 18.910992800000002, 0.0, 9.9889636, -20.0780746, 23.361816, 32.713981600000004, -10.9323726, 0.0, -2.50961096, -11.9667096, 33.0709736, -0.08316915999999974, 0.0
21.183384, -2.2170448, 0.50709623, -4.9620647, 22.673044, 0.0, -18.878336, 1.5154026, -0.32060707, -6.157142, 18.916706, 0.0, 10.016052, -20.242569, 23.377455, 32.564342, -11.026726, 0.0, -1.6556653, -12.1532755, 33.45478, 0.8335973, 0.0
21.1122994, -2.23286888, 0.39402069440000004, -4.94697262, 22.686069200000002, 0.0, -18.9134774, 1.4556710800000001, -0.399887922, -6.15560414, 18.853076400000003, 0.0, 10.0081138, -20.1775788, 23.4264964, 32.5536776, -11.0592226, 0.0, -1.398276186, -12.6462526, 33.5228672, 0.93150478, 0.0
21.0412148, -2.24869296, 0.28094515880000004, -4.93188054, 22.6990944, 0.0, -18.948618800000002, 1.39593956, -0.47916877399999996, -6.15406628, 18.7894468, 0.0, 10.0001756, -20.1125886, 23.4755378, 32.543013200000004, -11.0917192, 0.0, -1.140887072, -13.1392297, 33.5909544, 1.02941226, 0.0
20.9701302, -2.26451704, 0.16786962319999998, -4.91678846, 22.7121196, 0.0, -18.9837602, 1.33620804, -0.5584496259999999, -6.15252842, 18.7258172, 0.0, 9.9922374, -20.047598400000002, 23.524579199999998, 32.5323488, -11.1242158, 0.0, -0.883497958, -13.6322068, 33.6590416, 1.12731974, 0.0
20.899045599999997, -2.28034112, 0.054794087599999985, -4.90169638, 22.7251448, 0.0, -19.0189016, 1.27647652, -0.6377304779999999, -6.15099056, 18.6621876, 0.0, 9.9842992, -19.9826082, 23.573620599999998, 32.521684400000005, -11.1567124, 0.0, -0.626108844, -14.1251839, 33.7271288, 1.22522722, 0.0
20.827961, -2.2961652, -0.058281448, -4.8866043, 22.73817, 0.0, -19.054043, 1.216745, -0.71701133, -6.1494527, 18.598558, 0.0, 9.976361, -19.917618, 23.622662, 32.51102, -11.189209, 0.0, -0.36871973, -14.618161, 33.795216, 1.3231347, 0.0
20.8478432, -2.20358822, -0.1889101124, -4.8714508400000005, 22.7495452, 0.0, -19.0134138, 1.150424512, -0.855368704, -6.156474220000001, 18.482640800000002, 0.0, 9.9382826, -19.7066168, 23.651772599999997, 32.624556, -11.1705672, 0.0, -0.672821684, -15.1015212, 33.8338088, 0.5980732200000001, 0.0
20.867725399999998, -2.11101124, -0.31953877680000004, -4.85629738, 22.7609204, 0.0, -18.9727846, 1.084104024, -0.9937260779999999, -6.16349574, 18.3667236, 0.0, 9.900204200000001, -19.4956156, 23.6808832, 32.738092, -11.1519254, 0.0, -0.9769236379999999, -15.5848814, 33.8724016, -0.12698825999999985, 0.0
20.8876076, -2.01843426, -0.4501674412000001, -4.84114392, 22.7722956, 0.0, -18.9321554, 1.017783536, -1.1320834519999998, -6.1705172600000004, 18.250806400000002, 0.0, 9.8621258, -19.2846144, 23.7099938, 32.851628, -11.1332836, 0.0, -1.2810255919999998, -16.0682416, 33.9109944, -0.8520497399999998, 0.0
20.907489799999997, -1.92585728, -0.5807961056000001, -4.82599046, 22.7836708, 0.0, -18.8915262, 0.951463048, -1.2704408259999997, -6.17753878, 18.1348892, 0.0, 9.8240474, -19.0736132, 23.739104400000002, 32.965164, -11.1146418, 0.0, -1.5851275459999998, -16.5516018, 33.9495872, -1.5771112199999997, 0.0
20.927372, -1.8332803, -0.71142477, -4.810837, 22.795046, 0.0, -18.850897, 0.88514256, -1.4087982, -6.1845603, 18.018972, 0.0, 9.785969, -18.862612, 23.768215, 33.0787, -11.096, 0.0, -1.8892295, -17.034962, 33.98818, -2.3021727, 0.0
21.084712999999997, -1.625127212, -0.763279496, -4.81627052, 22.7618228, 0.0, -18.7571696, 0.85818214, -1.53364152, -6.16095334, 17.9113168, 0.0, 9.701142599999999, -18.580581799999997, 23.807187600000002, 33.31579, -11.1211932, 0.0, -2.5579905199999997, -17.047304, 33.8026572, -3.84911076, 0.0
21.242054, -1.416974124, -0.815134222, -4.82170404, 22.7285996, 0.0, -18.6634422, 0.83122172, -1.65848484, -6.13734638, 17.8036616, 0.0, 9.6163162, -18.2985516, 23.8461602, 33.55288, -11.1463864, 0.0, -3.22675154, -17.059646, 33.6171344, -5.39604882, 0.0
21.399395, -1.208821036, -0.8669889479999999, -4.82713756, 22.6953764, 0.0, -18.5697148, 0.8042613000000001, -1.78332816, -6.11373942, 17.696006399999998, 0.0, 9.5314898, -18.0165214, 23.8851328, 33.78997, -11.1715796, 0.0, -3.8955125600000002, -17.071988, 33.431611600000004, -6.942986879999999, 0.0
21.556736, -1.000667948, -0.918843674, -4.83257108, 22.6621532, 0.0, -18.475987399999998, 0.77730088, -1.90817148, -6.09013246, 17.588351199999998, 0.0, 9.4466634, -17.7344912, 23.9241054, 34.02706, -11.1967728, 0.0, -4.56427358, -17.08433, 33.2460888, -8.48992494, 0.0
21.714077, -0.79251486, -0.9706984, -4.8380046, 22.62893, 0.0, -18.38226, 0.75034046, -2.0330148, -6.0665255, 17.480696, 0.0, 9.361837, -17.452461, 23.963078, 34.26415, -11.221966, 0.0, -5.2330346, -17.096672, 33.060566, -10.036863, 0.0
21.9559216, -0.533796328, -0.90617786, -4.875815279999999, 22.542478, 0.0, -18.284968, 0.817466528, -2.08081644, -5.966622, 17.424846199999998, 0.0, 9.245295, -17.1474164, 24.0351204, 34.5615946, -11.2838492, 0.0, -6.12795488, -16.6664472, 32.6032132, -12.0698656, 0.0
22.1977662, -0.27507779600000004, -0.8416573199999999, -4.91362596, 22.456026, 0.0, -18.187676, 0.884592596, -2.12861808, -5.8667185, 17.3689964, 0.0, 9.128753, -16.8423718, 24.1071628, 34.8590392, -11.345732400000001, 0.0, -7.02287516, -16.236222400000003, 32.145860400000004, -14.1028682, 0.0
22.4396108, -0.016359264000000096, -0.77713678, -4.95143664, 22.369574, 0.0, -18.090384, 0.9517186639999999, -2.17641972, -5.766815, 17.3131466, 0.0, 9.012211, -16.5373272, 24.1792052, 35.156483800000004, -11.4076156, 0.0, -7.917795440000001, -15.805997600000001, 31.6885076, -16.1358708, 0.0
22.6814554, 0.24235926799999996, -0.71261624, -4.9892473200000005, 22.283122000000002, 0.0, -17.993092, 1.0188447319999998, -2.22422136, -5.6669115, 17.257296800000002, 0.0, 8.895669, -16.232282599999998, 24.2512476, 35.4539284, -11.4694988, 0.0, -8.81271572, -15.3757728, 31.2311548, -18.1688734, 0.0
22.9233, 0.5010778, -0.6480957, -5.027058, 22.19667, 0.0, -17.8958, 1.0859708, -2.272023, -5.567008, 17.201447, 0.0, 8.779127, -15.927238, 24.32329, 35.751373, -11.531382, 0.0, -9.707636, -14.945548, 30.773802, -20.201876, 0.0
23.0414366, 0.65348096, -0.5891798880000001, -5.0961418, 22.1087028, 0.0, -17.8339728, 1.1863117799999998, -2.27118886, -5.461920920000001, 17.163573000000003, 0.0, 8.6720024, -15.685706, 24.368944, 35.947916400000004, -11.53927, 0.0, -10.1458358, -14.7509862, 30.4750112, -21.7751098, 0.0
23.1595732, 0.80588412, -0.530264076, -5.1652256, 22.020735600000002, 0.0, -17.7721456, 1.28665276, -2.27035472, -5.35683384, 17.125699, 0.0, 8.5648778, -15.444174, 24.414597999999998, 36.1444598, -11.547158, 0.0, -10.5840356, -14.556424400000001, 30.176220400000002, -23.3483436, 0.0
23.2777098, 0.95828728, -0.471348264, -5.2343094, 21.9327684, 0.0, -17.7103184, 1.3869937399999999, -2.26952058, -5.2517467600000005, 17.087825000000002, 0.0, 8.4577532, -15.202641999999999, 24.460252, 36.3410032, -11.555046, 0.0, -11.0222354, -14.3618626, 29.8774296, -24.9215774, 0.0
23.3958464, 1.11069044, -0.412432452, -5.3033932, 21.844801200000003, 0.0, -17.6484912, 1.4873347199999998, -2.2686864399999997, -5.14665968, 17.049951, 0.0, 8.3506286, -14.96111, 24.505906, 36.5375466, -11.562934, 0.0, -11.460435200000001, -14.167300800000001, 29.5786388, -26.4948112, 0.0
23.513983, 1.2630936, -0.35351664, -5.372477, 21.756834, 0.0, -17.586664, 1.5876757, -2.2678523, -5.0415726, 17.012077, 0.0, 8.243504, -14.719578, 24.55156, 36.73409, -11.570822, 0.0, -11.898635, -13.972739, 29.279848, -28.068045, 0.0
23.507139, 1.3057236799999998, -0.295321494, -5.399648, 21.7389298, 0.0, -17.571084799999998, 1.6564487799999998, -2.2619144799999997, -4.99420874, 16.969738800000002, 0.0, 8.18988472, -14.5985074, 24.5882638, 36.7641252, -11.508250199999999, 0.0, -11.7646764, -14.048282200000001, 29.377348400000002, -28.847591, 0.0
23.500294999999998, 1.34835376, -0.237126348, -5.426819, 21.7210256, 0.0, -17.5555056, 1.72522186, -2.25597666, -4.94684488, 16.927400600000002, 0.0, 8.136265439999999, -14.4774368, 24.624967599999998, 36.7941604, -11.4456784, 0.0, -11.630717800000001, -14.123825400000001, 29.4748488, -29.627137, 0.0
23.493451, 1.3909838399999999, -0.178931202, -5.45399, 21.7031214, 0.0, -17.5399264, 1.79399494, -2.2500388399999998, -4.89948102, 16.8850624, 0.0, 8.08264616, -14.3563662, 24.6616714, 36.824195599999996, -11.3831066, 0.0, -11.4967592, -14.1993686, 29.5723492, -30.406683, 0.0
23.486607, 1.43361392, -0.12073605600000001, -5.481161, 21.6852172, 0.0, -17.5243472, 1.8627680199999999, -2.24410102, -4.85211716, 16.8427242, 0.0, 8.02902688, -14.235295599999999, 24.698375199999997, 36.854230799999996, -11.3205348, 0.0, -11.3628006, -14.2749118, 29.6698496, -31.186229, 0.0
23.479763, 1.476244, -0.06254091, -5.508332, 21.667313, 0.0, -17.508768, 1.9315411, -2.2381632, -4.8047533, 16.800386, 0.0, 7.9754076, -14.114225, 24.735079, 36.884266, -11.257963, 0.0, -11.228842, -14.350455, 29.76735, -31.965775, 0.0
23.389550399999997, 1.44670462, -0.047060682000000006, -5.5034524000000005, 21.683873, 0.0, -17.539917, 1.96864648, -2.25060394, -4.79496012, 16.7212068, 0.0, 7.944131479999999, -14.0726406, 24.7711148, 36.7044048, -11.1844166, 0.0, -10.934596, -14.4087208, 29.8567072, -32.157126, 0.0
23.2993378, 1.4171652399999999, -0.031580454, -5.4985728, 21.700433, 0.0, -17.571066, 2.00575186, -2.26304468, -4.78516694, 16.6420276, 0.0, 7.91285536, -14.0310562, 24.8071506, 36.5245436, -11.1108702, 0.0, -10.64035, -14.4669866, 29.9460644, -32.348477, 0.0
23.2091252, 1.38762586, -0.016100225999999995, -5.4936932, 21.716993, 0.0, -17.602215, 2.04285724, -2.27548542, -4.77537376, 16.5628484, 0.0, 7.88157924, -13.989471799999999, 24.8431864, 36.344682399999996, -11.0373238, 0.0, -10.346104, -14.5252524, 30.0354216, -32.539828, 0.0
23.1189126, 1.3580864799999999, -0.0006199979999999966, -5.488813599999999, 21.733553, 0.0, -17.633364, 2.0799626200000003, -2.28792616, -4.76558058, 16.483669199999998, 0.0, 7.85030312, -13.947887399999999, 24.8792222, 36.1648212, -10.9637774, 0.0, -10.051858, -14.5835182, 30.1247788, -32.731179000000004, 0.0
23.0287, 1.3285471, 0.01486023, -5.483934, 21.750113, 0.0, -17.664513, 2.117068, -2.3003669, -4.7557874, 16.40449, 0.0, 7.819027, -13.906303, 24.915258, 35.98496, -10.890231, 0.0, -9.757612, -14.641784, 30.214136, -32.92253, 0.0
22.9868916, 1.32851882, 0.010660214880000001, -5.43408734, 21.788688999999998, 0.0, -17.729280799999998, 2.1387586, -2.34440638, -4.7390422, 16.282355199999998, 0.0, 7.7518942, -13.7180974, 24.9164102, 35.62764, -10.7437956, 0.0, -9.390092, -14.7206032, 30.1312108, -32.895416000000004, 0.0
22.9450832, 1.32849054, 0.00646019976, -5.38424068, 21.827265, 0.0, -17.7940486, 2.1604492, -2.38844586, -4.722297, 16.1602204, 0.0, 7.6847614, -13.5298918, 24.9175624, 35.27032, -10.5973602, 0.0, -9.022572, -14.7994224, 30.0482856, -32.868302, 0.0
22.903274800000002, 1.32846226, 0.002260184640000001, -5.33439402, 21.865841, 0.0, -17.8588164, 2.1821398000000003, -2.4324853400000004, -4.705551799999999, 16.0380856, 0.0, 7.6176286, -13.3416862, 24.9187146, 34.913000000000004, -10.4509248, 0.0, -8.655052, -14.8782416, 29.9653604, -32.841188, 0.0
22.8614664, 1.32843398, -0.0019398304799999998, -5.28454736, 21.904417000000002, 0.0, -17.9235842, 2.2038304, -2.4765248200000003, -4.6888065999999995, 15.9159508, 0.0, 7.5504958, -13.1534806, 24.9198668, 34.55568, -10.3044894, 0.0, -8.287532, -14.9570608, 29.8824352, -32.814074, 0.0
22.819658, 1.3284057, -0.0061398456, -5.2347007, 21.942993, 0.0, -17.988352, 2.225521, -2.5205643, -4.6720614, 15.793816, 0.0, 7.483363, -12.965275, 24.921019, 34.19836, -10.158054, 0.0, -7.920012, -15.03588, 29.79951, -32.78696, 0.0
22.832817600000002, 1.32741236, -0.04258346848, -5.20057816, 21.9626372, 0.0, -18.0226904, 2.20771854, -2.5630120400000003, -4.64096992, 15.6939446, 0.0, 7.3921869, -12.3491119, 24.7620154, 33.6966866, -9.6563648, 0.0, -7.19016772, -15.3179652, 29.448786600000002, -32.30219, 0.0
22.8459772, 1.3264190200000001, -0.07902709136, -5.16645562, 21.9822814, 0.0, -18.057028799999998, 2.18991608, -2.6054597800000003, -4.60987844, 15.5940732, 0.0, 7.301010799999999, -11.7329488, 24.6030118, 33.1950132, -9.1546756, 0.0, -6.46032344, -15.6000504, 29.098063200000002, -31.81742, 0.0
22.8591368, 1.32542568, -0.11547071424, -5.13233308, 22.0019256, 0.0, -18.0913672, 2.1721136199999997, -2.64790752, -4.5787869599999995, 15.494201799999999, 0.0, 7.2098347, -11.116785700000001, 24.4440082, 32.693339800000004, -8.6529864, 0.0, -5.73047916, -15.8821356, 28.7473398, -31.33265, 0.0
22.8722964, 1.32443234, -0.15191433712, -5.09821054, 22.0215698, 0.0, -18.1257056, 2.15431116, -2.69035526, -4.54769548, 15.3943304, 0.0, 7.1186586, -10.5006226, 24.2850046, 32.1916664, -8.1512972, 0.0, -5.00063488, -16.1642208, 28.3966164, -30.84788, 0.0
22.885456, 1.323439, -0.18835796, -5.064088, 22.041214, 0.0, -18.160044, 2.1365087, -2.732803, -4.516604, 15.294459, 0.0, 7.0274825, -9.8844595, 24.126001, 31.689993, -7.649608, 0.0, -4.2707906, -16.446306, 28.045893, -30.36311, 0.0
22.9457126, 1.28231532, -0.235738308, -5.07792532, 22.0184296, 0.0, -18.0973692, 2.0331466, -2.7308696, -4.5043144, 15.2742884, 0.0, 6.9107258, -8.89863834, 23.8249986, 31.0749508, -6.589947499999999, 0.0, -3.298445052, -16.8885492, 27.2544224, -29.2630576, 0.0
23.0059692, 1.24119164, -0.28311865599999997, -5.09176264, 21.995645200000002, 0.0, -18.0346944, 1.9297844999999998, -2.7289362, -4.4920248, 15.2541178, 0.0, 6.7939691, -7.91281718, 23.5239962, 30.459908600000002, -5.5302869999999995, 0.0, -2.3260995039999997, -17.3307924, 26.4629518, -28.1630052, 0.0
23.0662258, 1.20006796, -0.330499004, -5.10559996, 21.9728608, 0.0, -17.9720196, 1.8264223999999998, -2.7270027999999997, -4.4797351999999995, 15.233947200000001, 0.0, 6.677212399999999, -6.92699602, 23.2229938, 29.8448664, -4.4706265, 0.0, -1.3537539559999994, -17.7730356, 25.6714812, -27.062952799999998, 0.0
23.1264824, 1.15894428, -0.377879352, -5.11943728, 21.9500764, 0.0, -17.9093448, 1.7230603, -2.7250693999999998, -4.4674456, 15.213776600000001, 0.0, 6.5604556999999994, -5.94117486, 22.9219914, 29.229824200000003, -3.4109659999999993, 0.0, -0.38140840799999953, -18.2152788, 24.8800106, -25.9629004, 0.0
23.186739, 1.1178206, -0.4252597, -5.1332746, 21.927292, 0.0, -17.84667, 1.6196982, -2.723136, -4.455156, 15.193606, 0.0, 6.443699, -4.9553537, 22.620989, 28.614782, -2.3513055, 0.0, 0.59093714, -18.657522, 24.08854, -24.862848, 0.0
23.2881, 1.05719762, -0.45892679000000003, -5.16718148, 21.879442400000002, 0.0, -17.7035624, 1.45730435, -2.66932386, -4.4508836, 15.250307000000001, 0.0, 6.301117, -4.004525716, 22.3828722, 28.0229058, -0.8160918000000001, 0.0, 1.428575912, -19.1045276, 22.9392666, -23.2812304, 0.0
23.389461, 0.99657464, -0.49259388, -5.20108836, 21.831592800000003, 0.0, -17.5604548, 1.2949104999999999, -2.6155117199999998, -4.4466111999999995, 15.307008000000002, 0.0, 6.158535, -3.053697732, 22.1447554, 27.431029600000002, 0.7191218999999998, 0.0, 2.2662146839999995, -19.5515332, 21.789993199999998, -21.6996128, 0.0
23.490821999999998, 0.93595166, -0.52626097, -5.23499524, 21.7837432, 0.0, -17.417347200000002, 1.13251665, -2.56169958, -4.4423388, 15.363709, 0.0, 6.015953, -2.102869748, 21.9066386, 26.8391534, 2.2543355999999997, 0.0, 3.103853455999999, -19.9985388, 20.6407198, -20.1179952, 0.0
23.592183, 0.87532868, -0.55992806, -5.26890212, 21.7358936, 0.0, -17.2742396, 0.9701228, -2.5078874399999997, -4.438066399999999, 15.42041, 0.0, 5.873371, -1.1520417639999998, 21.6685218, 26.247277200000003, 3.7895492999999996, 0.0, 3.941492227999999, -20.4455444, 19.4914464, -18.5363776, 0.0
23.693544, 0.8147057, -0.59359515, -5.302809, 21.688044, 0.0, -17.131132, 0.80772895, -2.4540753, -4.433794, 15.477111, 0.0, 5.730789, -0.20121378, 21.430405, 25.655401, 5.324763, 0.0, 4.779131, -20.89255, 18.342173, -16.95476, 0.0
23.7822426, 0.7473426599999999, -0.6220810999999999, -5.33149452, 21.6233192, 0.0, -16.9932684, 0.6438235324, -2.39283402, -4.41663626, 15.53548, 0.0, 5.58497214, 0.47041583600000003, 21.293748, 25.1434962, 7.0110956, 0.0, 5.365796, -21.177724, 17.187864599999997, -15.2233448, 0.0
23.8709412, 0.67997962, -0.6505670499999999, -5.3601800399999995, 21.5585944, 0.0, -16.855404800000002, 0.4799181148, -2.33159274, -4.39947852, 15.593849, 0.0, 5.43915528, 1.142045452, 21.157091, 24.6315914, 8.697428200000001, 0.0, 5.952461, -21.462898, 16.0335562, -13.4919296, 0.0
23.959639799999998, 0.61261658, -0.6790529999999999, -5.38886556, 21.4938696, 0.0, -16.7175412, 0.3160126972, -2.27035146, -4.38232078, 15.652218, 0.0, 5.29333842, 1.813675068, 21.020433999999998, 24.1196866, 10.383760800000001, 0.0, 6.539126, -21.748072, 14.8792478, -11.7605144, 0.0
24.0483384, 0.54525354, -0.70753895, -5.41755108, 21.4291448, 0.0, -16.5796776, 0.15210727960000003, -2.20911018, -4.36516304, 15.710587, 0.0, 5.14752156, 2.485304684, 20.883777, 23.6077818, 12.070093400000001, 0.0, 7.125791, -22.033246, 13.7249394, -10.029099200000001, 0.0
24.137037, 0.4778905, -0.7360249, -5.4462366, 21.36442, 0.0, -16.441814, -0.011798138, -2.1478689, -4.3480053, 15.768956, 0.0, 5.0017047, 3.1569343, 20.74712, 23.095877, 13.756426, 0.0, 7.712456, -22.31842, 12.570631, -8.297684, 0.0
24.1913962, 0.443281956, -0.7702062399999999, -5.429610139999999, 21.3207234, 0.0, -16.389402, -0.12517708040000003, -2.1289007, -4.29151392, 15.7861558, 0.0, 4.86445122, 3.52229216, 20.6190014, 22.573673600000003, 15.3230416, 0.0, 8.049000600000001, -22.3205574, 11.6761326, -6.7341031440000005, 0.0
24.2457554, 0.408673412, -0.80438758, -5.41298368, 21.277026799999998, 0.0, -16.33699, -0.23855602280000004, -2.1099325, -4.23502254, 15.8033556, 0.0, 4.72719774, 3.88765002, 20.490882799999998, 22.0514702, 16.889657200000002, 0.0, 8.385545200000001, -22.3226948, 10.781634200000001, -5.170522288, 0.0
24.3001146, 0.374064868, -0.8385689199999999, -5.39635722, 21.2333302, 0.0, -16.284578, -0.35193496520000006, -2.0909643, -4.1785311599999995, 15.8205554, 0.0, 4.58994426, 4.25300788, 20.3627642, 21.529266800000002, 18.4562728, 0.0, 8.722089800000001, -22.3248322, 9.8871358, -3.6069414319999993, 0.0
24.3544738, 0.33945632400000003, -0.8727502599999999, -5.37973076, 21.1896336, 0.0, -16.232166, -0.4653139076000001, -2.0719961000000002, -4.12203978, 15.8377552, 0.0, 4.45269078, 4.61836574, 20.2346456, 21.0070634, 20.0228884, 0.0, 9.0586344, -22.3269696, 8.9926374, -2.0433605759999995, 0.0
24.408833, 0.30484778, -0.9069316, -5.3631043, 21.145937, 0.0, -16.179754, -0.57869285, -2.0530279, -4.0655484, 15.854955, 0.0, 4.3154373, 4.9837236, 20.106527, 20.48486, 21.589504, 0.0, 9.395179, -22.329107, 8.098139, -0.47977972, 0.0
24.443306, 0.288254162, -0.9109916499999999, -5.3197867, 21.102179, 0.0, -16.166415999999998, -0.65969106, -2.03146646, -3.9840807799999998, 15.8804626, 0.0, 4.1848059, 5.139284, 20.0010004, 19.9565716, 23.298784400000002, 0.0, 9.473931, -22.1320062, 7.3975845, 0.9285775239999998, 0.0
24.477779, 0.271660544, -0.9150516999999999, -5.2764691, 21.058421, 0.0, -16.153078, -0.7406892700000001, -2.00990502, -3.90261316, 15.9059702, 0.0, 4.0541745, 5.2948444, 19.895473799999998, 19.4282832, 25.0080648, 0.0, 9.552683, -21.9349054, 6.69703, 2.336934768, 0.0
24.512252, 0.255066926, -0.91911175, -5.2331515, 21.014663000000002, 0.0, -16.13974, -0.82168748, -1.98834358, -3.82114554, 15.9314778, 0.0, 3.9235431, 5.4504048, 19.7899472, 18.8999948, 26.7173452, 0.0, 9.631435, -21.7378046, 5.9964755, 3.745292012, 0.0
24.546725000000002, 0.238473308, -0.9231718, -5.1898339, 20.970905000000002, 0.0, -16.126402000000002, -0.90268569, -1.9667821399999998, -3.73967792, 15.9569854, 0.0, 3.7929117, 5.6059652, 19.6844206, 18.3717064, 28.4266256, 0.0, 9.710187, -21.540703800000003, 5.295921, 5.153649256, 0.0
24.581198, 0.22187969, -0.92723185, -5.1465163, 20.927147, 0.0, -16.113064, -0.9836839, -1.9452207, -3.6582103, 15.982493, 0.0, 3.6622803, 5.7615256, 19.578894, 17.843418, 30.135906, 0.0, 9.788939, -21.343603, 4.5953665, 6.5620065, 0.0
24.5917082, 0.1571417832, -0.9131581919999999, -5.10740664, 20.8657536, 0.0, -16.0863494, -1.0653508, -1.87451228, -3.58542806, 16.0327114, 0.0, 3.53603376, 5.7702626, 19.5079332, 17.291169, 32.120356799999996, 0.0, 9.6418024, -21.1380664, 3.88952074, 8.1390835, 0.0
24.6022184, 0.0924038764, -0.899084534, -5.0682969799999995, 20.8043602, 0.0, -16.0596348, -1.1470177000000001, -1.80380386, -3.51264582, 16.082929800000002, 0.0, 3.40978722, 5.7789996, 19.4369724, 16.73892, 34.1048076, 0.0, 9.4946658, -20.9325298, 3.18367498, 9.7161605, 0.0
24.6127286, 0.027665969600000007, -0.885010876, -5.02918732, 20.7429668, 0.0, -16.0329202, -1.2286846, -1.73309544, -3.43986358, 16.1331482, 0.0, 3.2835406799999998, 5.7877366, 19.3660116, 16.186671, 36.0892584, 0.0, 9.347529199999999, -20.7269932, 2.47782922, 11.2932375, 0.0
24.623238800000003, -0.03707193719999999, -0.870937218, -4.99007766, 20.6815734, 0.0, -16.0062056, -1.3103515, -1.6623870200000002, -3.36708134, 16.1833666, 0.0, 3.15729414, 5.7964736, 19.2950508, 15.634421999999999, 38.0737092, 0.0, 9.200392599999999, -20.5214566, 1.77198346, 12.8703145, 0.0
24.633749, -0.101809844, -0.85686356, -4.950968, 20.62018, 0.0, -15.979491, -1.3920184, -1.5916786, -3.2942991, 16.233585, 0.0, 3.0310476, 5.8052106, 19.22409, 15.082173, 40.05816, 0.0, 9.053256, -20.31592, 1.0661377, 14.4473915, 0.0
24.634436, -0.2062464472, -0.879613328, -4.88671128, 20.6140548, 0.0, -16.008764, -1.46966336, -1.5514885200000001, -3.23969672, 16.294352800000002, 0.0, 2.93869928, 5.7301978799999995, 19.114662, 14.426548599999999, 41.905814, 0.0, 8.793908, -20.177008999999998, 0.27586386000000007, 16.3231392, 0.0
24.635123, -0.3106830504, -0.902363096, -4.82245456, 20.607929600000002, 0.0, -16.038037, -1.54730832, -1.51129844, -3.18509434, 16.355120600000003, 0.0, 2.84635096, 5.655185159999999, 19.005234, 13.7709242, 43.753468, 0.0, 8.534559999999999, -20.038097999999998, -0.5144099799999999, 18.198886899999998, 0.0
24.635810000000003, -0.41511965359999997, -0.925112864, -4.75819784, 20.6018044, 0.0, -16.06731, -1.62495328, -1.4711083600000001, -3.13049196, 16.4158884, 0.0, 2.75400264, 5.58017244, 18.895806, 13.115299799999999, 45.601122000000004, 0.0, 8.275212, -19.899187, -1.3046838199999997, 20.0746346, 0.0
24.636497000000002, -0.5195562568, -0.947862632, -4.69394112, 20.5956792, 0.0, -16.096583, -1.70259824, -1.43091828, -3.07588958, 16.4766562, 0.0, 2.6616543200000002, 5.50515972, 18.786378000000003, 12.459675399999998, 47.448776, 0.0, 8.015864, -19.760276, -2.09495766, 21.9503823, 0.0
24.637184, -0.62399286, -0.9706124, -4.6296844, 20.589554, 0.0, -16.125856, -1.7802432, -1.3907282, -3.0212872, 16.537424, 0.0, 2.569306, 5.430147, 18.67695, 11.804051, 49.29643, 0.0, 7.756516, -19.621365, -2.8852315, 23.82613, 0.0
24.637184, -0.747803928, -0.99328496, -4.56397472, 20.5909796, 0.0, -16.1811902, -1.8484585999999998, -1.35121052, -2.9859636800000002, 16.591248200000003, 0.0, 2.5111193000000003, 5.39139772, 18.480778, 11.1193812, 50.8106654, 0.0, 7.5307192, -19.4599532, -3.7579386, 25.848046, 0.0
24.637184, -0.871614996, -1.01595752, -4.49826504, 20.5924052, 0.0, -16.2365244, -1.916674, -1.31169284, -2.9506401600000003, 16.6450724, 0.0, 2.4529326, 5.352648439999999, 18.284606, 10.4347114, 52.3249008, 0.0, 7.304922400000001, -19.2985414, -4.6306457, 27.869962, 0.0
24.637184, -0.995426064, -1.0386300800000001, -4.43255536, 20.5938308, 0.0, -16.291858599999998, -1.9848894, -1.27217516, -2.91531664, 16.6988966, 0.0, 2.3947459, 5.31389916, 18.088434000000003, 9.7500416, 53.8391362, 0.0, 7.0791256, -19.137129599999998, -5.5033528, 29.891878, 0.0
24.637184, -1.119237132, -1.06130264, -4.36684568, 20.5952564, 0.0, -16.3471928, -2.0531048, -1.23265748, -2.87999312, 16.7527208, 0.0, 2.3365592, 5.27514988, 17.892262000000002, 9.0653718, 55.3533716, 0.0, 6.853328800000001, -18.975717799999998, -6.3760599, 31.913794, 0.0
24.637184, -1.2430482, -1.0839752, -4.301136, 20.596682, 0.0, -16.402527, -2.1213202, -1.1931398, -2.8446696, 16.806545, 0.0, 2.2783725, 5.2364006, 17.69609, 8.380702, 56.867607, 0.0, 6.627532, -18.814306, -7.248767, 33.93571, 0.0
24.637184, -1.3609672800000001, -1.07638366, -4.2575908, 20.5709492, 0.0, -16.480499599999998, -2.12957312, -1.135449368, -2.78095128, 16.848723, 0.0, 2.266395, 5.228955679999999, 17.3823568, 7.864171, 57.9924544, 0.0, 6.44424734, -18.5416234, -8.2747362, 35.7129104, 0.0
24.637184, -1.47888636, -1.0687921200000001, -4.2140455999999995, 20.5452164, 0.0, -16.5584722, -2.1378260399999998, -1.077758936, -2.71723296, 16.890901, 0.0, 2.2544175, 5.221510759999999, 17.068623600000002, 7.34764, 59.1173018, 0.0, 6.2609626800000004, -18.2689408, -9.3007054, 37.4901108, 0.0
24.637184, -1.59680544, -1.06120058, -4.1705004, 20.5194836, 0.0, -16.6364448, -2.14607896, -1.020068504, -2.65351464, 16.933079, 0.0, 2.2424399999999998, 5.21406584, 16.7548904, 6.831109, 60.2421492, 0.0, 6.0776780200000005, -17.9962582, -10.3266746, 39.267311199999995, 0.0
24.637184, -1.7147245199999999, -1.05360904, -4.126955199999999, 20.4937508, 0.0, -16.714417400000002, -2.15433188, -0.962378072, -2.58979632, 16.975257, 0.0, 2.2304625, 5.20662092, 16.441157200000003, 6.314578, 61.3669966, 0.0, 5.89439336, -17.7235756, -11.3526438, 41.0445116, 0.0
24.637184, -1.8326436, -1.0460175, -4.08341, 20.468018, 0.0, -16.79239, -2.1625848, -0.90468764, -2.526078, 17.017435, 0.0, 2.218485, 5.199176, 16.127424, 5.798047, 62.491844, 0.0, 5.7111087, -17.450893, -12.378613, 42.821712, 0.0
24.637184, -1.91925528, -1.02308304, -4.04930552, 20.458654, 0.0, -16.8588796, -2.15192372, -0.845596466, -2.46998916, 17.100948, 0.0, 2.2059648999999997, 5.18645948, 15.789564200000001, 5.52062792, 63.2233012, 0.0, 5.557118239999999, -17.114636100000002, -13.5277302, 44.1193556, 0.0
24.637184, -2.00586696, -1.00014858, -4.01520104, 20.44929, 0.0, -16.925369200000002, -2.14126264, -0.786505292, -2.4139003199999998, 17.184461, 0.0, 2.1934448, 5.17374296, 15.4517044, 5.24320884, 63.9547584, 0.0, 5.403127779999999, -16.7783792, -14.6768474, 45.4169992, 0.0
24.637184, -2.09247864, -0.97721412, -3.9810965599999997, 20.439926, 0.0, -16.9918588, -2.13060156, -0.727414118, -2.35781148, 17.267974, 0.0, 2.1809247, 5.16102644, 15.1138446, 4.96578976, 64.6862156, 0.0, 5.24913732, -16.4421223, -15.8259646, 46.7146428, 0.0
24.637184, -2.1790903200000002, -0.95427966, -3.94699208, 20.430562000000002, 0.0, -17.0583484, -2.11994048, -0.668322944, -2.30172264, 17.351487, 0.0, 2.1684046, 5.14830992, 14.7759848, 4.68837068, 65.4176728, 0.0, 5.09514686, -16.1058654, -16.9750818, 48.0122864, 0.0
24.637184, -2.265702, -0.9313452, -3.9128876, 20.421198, 0.0, -17.124838, -2.1092794, -0.60923177, -2.2456338, 17.435, 0.0, 2.1558845, 5.1355934, 14.438125, 4.4109516, 66.14913, 0.0, 4.9411564, -15.7696085, -18.124199, 49.30993, 0.0
24.637184, -2.29598236, -0.91208442, -3.87863032, 20.4259976, 0.0, -17.1652788, -2.13474046, -0.582086408, -2.2497866799999997, 17.479979999999998, 0.0, 2.1074976, 5.14451082, 14.128001, 4.27715538, 66.55855, 0.0, 4.83440172, -15.4789166, -19.040138, 50.077832, 0.0
24.637184, -2.32626272, -0.89282364, -3.84437304, 20.4307972, 0.0, -17.2057196, -2.16020152, -0.5549410459999999, -2.2539395599999996, 17.52496, 0.0, 2.0591107, 5.15342824, 13.817877, 4.14335916, 66.96797, 0.0, 4.72764704, -15.1882247, -19.956077, 50.845734, 0.0
24.637184, -2.3565430800000002, -0.8735628599999999, -3.81011576, 20.4355968, 0.0, -17.2461604, -2.18566258, -0.527795684, -2.25809244, 17.56994, 0.0, 2.0107238, 5.16234566, 13.507753000000001, 4.0095629399999995, 67.37739, 0.0, 4.62089236, -14.8975328, -20.872016, 51.613636, 0.0
24.637184, -2.38682344, -0.85430208, -3.7758584799999997, 20.4403964, 0.0, -17.2866012, -2.21112364, -0.5006503219999999, -2.26224532, 17.61492, 0.0, 1.9623369, 5.17126308, 13.197629000000001, 3.8757667199999997, 67.78681, 0.0, 4.51413768, -14.6068409, -21.787955, 52.381538, 0.0
24.637184, -2.4171038, -0.8350413, -3.7416012, 20.445196, 0.0, -17.327042, -2.2365847, -0.47350496, -2.2663982, 17.6599, 0.0, 1.91395, 5.1801805, 12.887505, 3.7419705, 68.19623, 0.0, 4.407383, -14.316149, -22.703894, 53.14944, 0.0
24.637184, -2.405979, -0.82209666, -3.7117223999999998, 20.4078796, 0.0, -17.357297799999998, -2.2728370399999998, -0.483118828, -2.2942606999999997, 17.6535124, 0.0, 1.8472340600000001, 5.16775032, 12.690150000000001, 3.67119652, 68.3801148, 0.0, 4.3247454, -14.1525562, -23.1831878, 53.4919016, 0.0
24.637184, -2.3948542, -0.80915202, -3.6818435999999997, 20.3705632, 0.0, -17.3875536, -2.30908938, -0.492732696, -2.3221232, 17.6471248, 0.0, 1.78051812, 5.15532014, 12.492795000000001, 3.60042254, 68.5639996, 0.0, 4.2421078, -13.9889634, -23.6624816, 53.8343632, 0.0
24.637184, -2.3837294, -0.79620738, -3.6519648, 20.3332468, 0.0, -17.4178094, -2.34534172, -0.502346564, -2.3499857, 17.6407372, 0.0, 1.71380218, 5.14288996, 12.29544, 3.52964856, 68.7478844, 0.0, 4.1594702, -13.8253706, -24.1417754, 54.1768248, 0.0
24.637184, -2.3726046000000003, -0.78326274, -3.622086, 20.2959304, 0.0, -17.448065200000002, -2.3815940600000003, -0.5119604320000001, -2.3778482000000003, 17.6343496, 0.0, 1.6470862400000001, 5.13045978, 12.098085, 3.45887458, 68.9317692, 0.0, 4.0768326, -13.6617778, -24.6210692, 54.5192864, 0.0
24.637184, -2.3614798, -0.7703181, -3.5922072, 20.258614, 0.0, -17.478321, -2.4178464, -0.5215743, -2.4057107, 17.627962, 0.0, 1.5803703, 5.1180296, 11.90073, 3.3881006, 69.115654, 0.0, 3.994195, -13.498185, -25.100363, 54.861748, 0.0
24.637184, -2.35337194, -0.782856686, -3.56545268, 20.1891688, 0.0, -17.5112656, -2.40649032, -0.54062292, -2.39477406, 17.5839228, 0.0, 1.5543762, 5.06730576, 11.8551644, 3.36350816, 69.1726792, 0.0, 3.88583094, -13.4852446, -25.267454, 54.9581064, 0.0
24.637184, -2.34526408, -0.795395272, -3.53869816, 20.1197236, 0.0, -17.544210200000002, -2.39513424, -0.55967154, -2.38383742, 17.5398836, 0.0, 1.5283821, 5.01658192, 11.8095988, 3.33891572, 69.2297044, 0.0, 3.77746688, -13.4723042, -25.434545, 55.0544648, 0.0
24.637184, -2.33715622, -0.807933858, -3.5119436399999997, 20.0502784, 0.0, -17.5771548, -2.3837781600000003, -0.57872016, -2.37290078, 17.4958444, 0.0, 1.502388, 4.965858079999999, 11.7640332, 3.31432328, 69.2867296, 0.0, 3.66910282, -13.4593638, -25.601636000000003, 55.1508232, 0.0
24.637184, -2.32904836, -0.820472444, -3.48518912, 19.9808332, 0.0, -17.6100994, -2.37242208, -0.59776878, -2.36196414, 17.4518052, 0.0, 1.4763939, 4.9151342399999995, 11.7184676, 3.2897308400000003, 69.3437548, 0.0, 3.56073876, -13.4464234, -25.768727000000002, 55.2471816, 0.0
24.637184, -2.3209405, -0.83301103, -3.4584346, 19.911388, 0.0, -17.643044, -2.361066, -0.6168174, -2.3510275, 17.407766, 0.0, 1.4503998, 4.8644104, 11.672902, 3.2651384, 69.40078, 0.0, 3.4523747, -13.433483, -25.935818, 55.34354, 0.0
24.637184, -2.3091994, -0.863348078, -3.42822138, 19.864248399999997, 0.0, -17.6661352, -2.35469806, -0.64828224, -2.35709052, 17.318948799999998, 0.0, 1.46468132, 4.81781264, 11.7249274, 3.27882548, 69.40893, 0.0, 3.33941636, -13.5176964, -25.9963488, 55.344705, 0.0
24.637184, -2.2974582999999997, -0.893685126, -3.39800816, 19.8171088, 0.0, -17.6892264, -2.34833012, -0.67974708, -2.36315354, 17.2301316, 0.0, 1.47896284, 4.77121488, 11.7769528, 3.29251256, 69.41708, 0.0, 3.22645802, -13.6019098, -26.056879600000002, 55.34587, 0.0
24.637184, -2.2857172, -0.9240221740000001, -3.36779494, 19.7699692, 0.0, -17.712317600000002, -2.3419621800000003, -0.71121192, -2.36921656, 17.1413144, 0.0, 1.49324436, 4.7246171200000004, 11.8289782, 3.30619964, 69.42523, 0.0, 3.11349968, -13.6861232, -26.1174104, 55.347035, 0.0
24.637184, -2.2739761, -0.954359222, -3.3375817199999998, 19.7228296, 0.0, -17.735408800000002, -2.3355942400000003, -0.7426767599999999, -2.37527958, 17.0524972, 0.0, 1.50752588, 4.67801936, 11.8810036, 3.31988672, 69.43338, 0.0, 3.00054134, -13.7703366, -26.177941200000003, 55.3482, 0.0
24.637184, -2.262235, -0.98469627, -3.3073685, 19.67569, 0.0, -17.7585, -2.3292263, -0.7741416, -2.3813426, 16.96368, 0.0, 1.5218074, 4.6314216, 11.933029, 3.3335738, 69.44153, 0.0, 2.887583, -13.85455, -26.238472, 55.349365, 0.0
24.637184, -2.23417088, -1.004017336, -3.27891048, 19.658482199999998, 0.0, -17.7748168, -2.3166542800000003, -0.800784592, -2.38974692, 16.8994398, 0.0, 1.52694472, 4.609972480000001, 12.001697799999999, 3.35316108, 69.4403792, 0.0, 2.81969588, -13.948205, -26.2733342, 55.347671999999996, 0.0
24.637184, -2.20610676, -1.023338402, -3.25045246, 19.6412744, 0.0, -17.791133600000002, -2.3040822600000004, -0.8274275839999999, -2.39815124, 16.8351996, 0.0, 1.53208204, 4.58852336, 12.0703666, 3.37274836, 69.4392284, 0.0, 2.75180876, -14.04186, -26.3081964, 55.345979, 0.0
24.637184, -2.17804264, -1.042659468, -3.22199444, 19.6240666, 0.0, -17.8074504, -2.29151024, -0.854070576, -2.40655556, 16.770959400000002, 0.0, 1.53721936, 4.56707424, 12.1390354, 3.3923356399999998, 69.4380776, 0.0, 2.68392164, -14.135515, -26.343058600000003, 55.344286, 0.0
24.637184, -2.14997852, -1.061980534, -3.19353642, 19.6068588, 0.0, -17.823767200000002, -2.27893822, -0.880713568, -2.41495988, 16.706719200000002, 0.0, 1.54235668, 4.5456251199999995, 12.2077042, 3.41192292, 69.43692680000001, 0.0, 2.61603452, -14.22917, -26.377920800000002, 55.342593, 0.0
24.637184, -2.1219144, -1.0813016, -3.1650784, 19.589651, 0.0, -17.840084, -2.2663662, -0.90735656, -2.4233642, 16.642479, 0.0, 1.547494, 4.524176, 12.276373, 3.4315102, 69.435776, 0.0, 2.5481474, -14.322825, -26.412783, 55.3409, 0.0
24.637184, -2.1069703200000003, -1.07678974, -3.14990358, 19.556699599999998, 0.0, -17.851326, -2.25405346, -0.923695888, -2.43313592, 16.6204728, 0.0, 1.5289557, 4.51668568, 12.31343, 3.42917716, 69.43074680000001, 0.0, 2.53550942, -14.3670008, -26.4124194, 55.375077399999995, 0.0
24.637184, -2.09202624, -1.07227788, -3.1347287600000002, 19.5237482, 0.0, -17.862568, -2.24174072, -0.940035216, -2.44290764, 16.598466600000002, 0.0, 1.5104174, 4.50919536, 12.350487, 3.42684412, 69.4257176, 0.0, 2.52287144, -14.4111766, -26.4120558, 55.4092548, 0.0
24.637184, -2.0770821600000002, -1.06776602, -3.11955394, 19.4907968, 0.0, -17.873810000000002, -2.22942798, -0.956374544, -2.45267936, 16.5764604, 0.0, 1.4918791, 4.50170504, 12.387544, 3.42451108, 69.4206884, 0.0, 2.5102334600000002, -14.4553524, -26.4116922, 55.4434322, 0.0
24.637184, -2.06213808, -1.06325416, -3.10437912, 19.4578454, 0.0, -17.885052, -2.21711524, -0.9727138719999999, -2.46245108, 16.5544542, 0.0, 1.4733408, 4.4942147199999996, 12.424601, 3.42217804, 69.4156592, 0.0, 2.49759548, -14.4995282, -26.4113286, 55.4776096, 0.0
24.637184, -2.047194, -1.0587423, -3.0892043, 19.424894, 0.0, -17.896294, -2.2048025, -0.9890532, -2.4722228, 16.532448, 0.0, 1.4548025, 4.4867244, 12.461658, 3.419845, 69.41063, 0.0, 2.4849575, -14.543704, -26.410965, 55.511787, 0.0
24.637184, -2.0637706000000002, -1.038168406, -3.07544388, 19.3844812, 0.0, -17.9090812, -2.16986412, -0.9842223999999999, -2.4555700799999998, 16.539533, 0.0, 1.43844432, 4.48594192, 12.4758458, 3.40617042, 69.400064, 0.0, 2.49523992, -14.5265216, -26.3777604, 55.5549696, 0.0
24.637184, -2.0803472000000003, -1.017594512, -3.06168346, 19.344068399999998, 0.0, -17.9218684, -2.13492574, -0.9793915999999999, -2.43891736, 16.546618, 0.0, 1.42208614, 4.48515944, 12.4900336, 3.39249584, 69.389498, 0.0, 2.50552234, -14.5093392, -26.344555800000002, 55.5981522, 0.0
24.637184, -2.0969238, -0.997020618, -3.04792304, 19.3036556, 0.0, -17.9346556, -2.09998736, -0.9745608, -2.42226464, 16.553703, 0.0, 1.40572796, 4.48437696, 12.5042214, 3.37882126, 69.37893199999999, 0.0, 2.51580476, -14.4921568, -26.3113512, 55.641334799999996, 0.0
24.637184, -2.1135004, -0.976446724, -3.03416262, 19.263242799999997, 0.0, -17.9474428, -2.06504898, -0.96973, -2.40561192, 16.560788, 0.0, 1.38936978, 4.48359448, 12.5184092, 3.36514668, 69.368366, 0.0, 2.52608718, -14.474974399999999, -26.278146600000003, 55.6845174, 0.0
24.637184, -2.130077, -0.95587283, -3.0204022, 19.22283, 0.0, -17.96023, -2.0301106, -0.9648992, -2.3889592, 16.567873, 0.0, 1.3730116, 4.482812, 12.532597, 3.3514721, 69.3578, 0.0, 2.5363696, -14.457792, -26.244942, 55.7277, 0.0
24.637184, -2.14903654, -0.932792314, -2.99917696, 19.190455, 0.0, -17.956826799999998, -2.01708256, -0.955062188, -2.39238642, 16.5602852, 0.0, 1.38250812, 4.4921991, 12.5190088, 3.34324418, 69.35164, 0.0, 2.54595516, -14.4151622, -26.201530400000003, 55.757166, 0.0
24.637184, -2.16799608, -0.909711798, -2.97795172, 19.158079999999998, 0.0, -17.9534236, -2.00405452, -0.945225176, -2.39581364, 16.5526974, 0.0, 1.3920046400000001, 4.5015862, 12.5054206, 3.33501626, 69.34548, 0.0, 2.55554072, -14.372532399999999, -26.1581188, 55.786632, 0.0
24.637184, -2.18695562, -0.886631282, -2.95672648, 19.125705, 0.0, -17.9500204, -1.99102648, -0.9353881639999999, -2.39924086, 16.5451096, 0.0, 1.40150116, 4.5109733, 12.4918324, 3.32678834, 69.33932, 0.0, 2.56512628, -14.3299026, -26.1147072, 55.816098000000004, 0.0
24.637184, -2.20591516, -0.863550766, -2.9355012400000002, 19.093329999999998, 0.0, -17.946617200000002, -1.97799844, -0.9255511519999999, -2.40266808, 16.5375218, 0.0, 1.4109976800000001, 4.5203604, 12.4782442, 3.31856042, 69.33315999999999, 0.0, 2.57471184, -14.2872728, -26.0712956, 55.845564, 0.0
24.637184, -2.2248747, -0.84047025, -2.914276, 19.060955, 0.0, -17.943214, -1.9649704, -0.91571414, -2.4060953, 16.529934, 0.0, 1.4204942, 4.5297475, 12.464656, 3.3103325, 69.327, 0.0, 2.5842974, -14.244643, -26.027884, 55.87503, 0.0
24.637184, -2.21483728, -0.82075154, -2.8940122, 19.0399962, 0.0, -17.9322086, -1.97697438, -0.9140876619999999, -2.4323385, 16.4996778, 0.0, 1.44543326, 4.5559242, 12.4350588, 3.3066702, 69.329198, 0.0, 2.58856614, -14.2318316, -26.0117694, 55.881873, 0.0
24.637184, -2.20479986, -0.8010328299999999, -2.8737484, 19.019037400000002, 0.0, -17.9212032, -1.98897836, -0.912461184, -2.4585817, 16.4694216, 0.0, 1.47037232, 4.5821009, 12.4054616, 3.3030079, 69.331396, 0.0, 2.5928348800000003, -14.2190202, -25.9956548, 55.888716, 0.0
24.637184, -2.19476244, -0.78131412, -2.8534846, 18.9980786, 0.0, -17.9101978, -2.0009823399999997, -0.9108347059999999, -2.4848249, 16.4391654, 0.0, 1.49531138, 4.6082776, 12.3758644, 3.2993456, 69.333594, 0.0, 2.59710362, -14.2062088, -25.9795402, 55.895559, 0.0
24.637184, -2.18472502, -0.76159541, -2.8332208, 18.9771198, 0.0, -17.8991924, -2.01298632, -0.909208228, -2.5110680999999997, 16.4089092, 0.0, 1.52025044, 4.634454300000001, 12.3462672, 3.2956833, 69.335792, 0.0, 2.60137236, -14.1933974, -25.9634256, 55.902402, 0.0
24.637184, -2.1746876, -0.7418767, -2.812957, 18.956161, 0.0, -17.888187, -2.0249903, -0.90758175, -2.5373113, 16.378653, 0.0, 1.5451895, 4.660631, 12.31667, 3.292021, 69.33799, 0.0, 2.6056411, -14.180586, -25.947311, 55.909245, 0.0
