/h1_2/pelvis/left_hip_yaw_joint, /h1_2/left_hip_yaw_link/left_hip_pitch_joint, /h1_2/left_hip_pitch_link/left_hip_roll_joint, /h1_2/left_hip_roll_link/left_knee_joint, /h1_2/left_knee_link/left_ankle_pitch_joint, /h1_2/left_ankle_pitch_link/left_ankle_roll_joint, /h1_2/pelvis/right_hip_yaw_joint, /h1_2/right_hip_yaw_link/right_hip_pitch_joint, /h1_2/right_hip_pitch_link/right_hip_roll_joint, /h1_2/right_hip_roll_link/right_knee_joint, /h1_2/right_knee_link/right_ankle_pitch_joint, /h1_2/right_ankle_pitch_link/right_ankle_roll_joint, /h1_2/pelvis/torso_joint, /h1_2/torso_link/left_shoulder_pitch_joint, /h1_2/left_shoulder_pitch_link/left_shoulder_roll_joint, /h1_2/left_shoulder_roll_link/left_shoulder_yaw_joint, /h1_2/left_shoulder_yaw_link/left_elbow_joint, /h1_2/left_elbow_link/left_wrist_roll_joint, /h1_2/torso_link/right_shoulder_pitch_joint, /h1_2/right_shoulder_pitch_link/right_shoulder_roll_joint, /h1_2/right_shoulder_roll_link/right_shoulder_yaw_joint, /h1_2/right_shoulder_yaw_link/right_elbow_joint, /h1_2/right_elbow_link/right_wrist_roll_joint
24.637184, -1.9246273, -0.884458, -3.8836262, 21.67763, 0.0, -18.651182, -3.7477002, -1.0818449, -2.324825, 18.230614, 0.0, -1.8314323, 0.089294314, 7.7213798, 11.564179, 67.61157, 0.0, -0.5718815, -8.705723, -20.302855, 57.8887, 0.0
24.637184, -1.8922628400000001, -0.90170322, -3.86094364, 21.6731464, 0.0, -18.701854599999997, -3.74150252, -1.10929816, -2.28902588, 18.218376799999998, 0.0, -1.79866584, 0.12172954120000001, 7.76372952, 11.582586, 67.675394, 0.0, -0.600875412, -8.7645482, -20.3226746, 57.903572, 0.0
24.637184, -1.85989838, -0.91894844, -3.83826108, 21.6686628, 0.0, -18.7525272, -3.73530484, -1.13675142, -2.25322676, 18.2061396, 0.0, -1.76589938, 0.1541647684, 7.80607924, 11.600992999999999, 67.739218, 0.0, -0.6298693240000001, -8.8233734, -20.3424942, 57.918444, 0.0
24.637184, -1.82753392, -0.93619366, -3.81557852, 21.6641792, 0.0, -18.803199799999998, -3.7291071600000003, -1.16420468, -2.2174276400000004, 18.1939024, 0.0, -1.7331329199999999, 0.1865999956, 7.848428960000001, 11.6194, 67.803042, 0.0, -0.658863236, -8.8821986, -20.3623138, 57.933316, 0.0
24.637184, -1.7951694599999999, -0.95343888, -3.79289596, 21.6596956, 0.0, -18.8538724, -3.72290948, -1.19165794, -2.1816285200000003, 18.1816652, 0.0, -1.70036646, 0.21903522280000004, 7.89077868, 11.637807, 67.866866, 0.0, -0.687857148, -8.9410238, -20.3821334, 57.948188, 0.0
24.637184, -1.762805, -0.9706841, -3.7702134, 21.655212, 0.0, -18.904545, -3.7167118, -1.2191112, -2.1458294, 18.169428, 0.0, -1.6676, 0.25147045, 7.9331284, 11.656214, 67.93069, 0.0, -0.71685106, -8.999849, -20.401953, 57.96306, 0.0
24.637184, -1.79644512, -0.99572676, -3.72120516, 21.6437302, 0.0, -18.9336996, -3.76576344, -1.22496548, -2.1296845600000003, 18.16456, 0.0, -1.67130792, 0.25164846, 7.95578612, 11.648985, 67.982304, 0.0, -0.720377308, -9.0790086, -20.4538194, 57.997582, 0.0
24.637184, -1.83008524, -1.02076942, -3.6721969199999998, 21.632248399999998, 0.0, -18.9628542, -3.8148150800000002, -1.23081976, -2.1135397200000003, 18.159692, 0.0, -1.67501584, 0.25182647, 7.97844384, 11.641756, 68.033918, 0.0, -0.723903556, -9.1581682, -20.5056858, 58.032104, 0.0
24.637184, -1.8637253599999999, -1.04581208, -3.62318868, 21.6207666, 0.0, -18.9920088, -3.86386672, -1.23667404, -2.09739488, 18.154824, 0.0, -1.67872376, 0.25200448, 8.00110156, 11.634527, 68.085532, 0.0, -0.727429804, -9.2373278, -20.5575522, 58.066626, 0.0
24.637184, -1.89736548, -1.07085474, -3.57418044, 21.609284799999998, 0.0, -19.0211634, -3.91291836, -1.24252832, -2.08125004, 18.149956, 0.0, -1.6824316799999999, 0.25218249, 8.02375928, 11.627298000000001, 68.137146, 0.0, -0.730956052, -9.3164874, -20.609418599999998, 58.101147999999995, 0.0
24.637184, -1.9310056, -1.0958974, -3.5251722, 21.597803, 0.0, -19.050318, -3.96197, -1.2483826, -2.0651052, 18.145088, 0.0, -1.6861396, 0.2523605, 8.046417, 11.620069, 68.18876, 0.0, -0.7344823, -9.395647, -20.661285, 58.13567, 0.0
24.637184, -2.03900208, -1.13360496, -3.4462673600000002, 21.6028774, 0.0, -19.0671526, -4.0388994, -1.23675966, -2.04979286, 18.178242, 0.0, -1.6855548, 0.22200220599999998, 8.0348592, 11.594143200000001, 68.2017512, 0.0, -0.7417042, -9.434348400000001, -20.671388, 58.1590114, 0.0
24.637184, -2.14699856, -1.17131252, -3.36736252, 21.6079518, 0.0, -19.0839872, -4.1158288, -1.22513672, -2.0344805200000002, 18.211396, 0.0, -1.68497, 0.191643912, 8.0233014, 11.5682174, 68.2147424, 0.0, -0.7489261, -9.4730498, -20.681491, 58.1823528, 0.0
24.637184, -2.25499504, -1.20902008, -3.28845768, 21.6130262, 0.0, -19.100821800000002, -4.1927582, -1.21351378, -2.01916818, 18.24455, 0.0, -1.6843852, 0.161285618, 8.0117436, 11.5422916, 68.2277336, 0.0, -0.756148, -9.5117512, -20.691594, 58.2056942, 0.0
24.637184, -2.36299152, -1.24672764, -3.2095528399999997, 21.6181006, 0.0, -19.1176564, -4.2696876, -1.2018908400000001, -2.00385584, 18.277704, 0.0, -1.6838004, 0.130927324, 8.0001858, 11.516365799999999, 68.2407248, 0.0, -0.7633699, -9.5504526, -20.701697, 58.2290356, 0.0
24.637184, -2.470988, -1.2844352, -3.130648, 21.623175, 0.0, -19.134491, -4.346617, -1.1902679, -1.9885435, 18.310858, 0.0, -1.6832156, 0.10056903, 7.988628, 11.49044, 68.253716, 0.0, -0.7705918, -9.589154, -20.7118, 58.252377, 0.0
24.637184, -2.57570116, -1.34038998, -3.06683324, 21.6270708, 0.0, -19.1536674, -4.425258, -1.17110238, -1.96947468, 18.3337782, 0.0, -1.66149512, 0.0711973784, 7.954528600000001, 11.4528302, 68.2498288, 0.0, -0.79876806, -9.605704300000001, -20.6813296, 58.255740800000005, 0.0
24.637184, -2.68041432, -1.39634476, -3.0030184799999997, 21.6309666, 0.0, -19.1728438, -4.5038990000000005, -1.15193686, -1.95040586, 18.3566984, 0.0, -1.63977464, 0.0418257268, 7.9204292, 11.415220399999999, 68.2459416, 0.0, -0.8269443200000001, -9.6222546, -20.6508592, 58.2591046, 0.0
24.637184, -2.78512748, -1.45229954, -2.93920372, 21.6348624, 0.0, -19.1920202, -4.58254, -1.1327713400000001, -1.93133704, 18.3796186, 0.0, -1.61805416, 0.012454075199999998, 7.8863298, 11.3776106, 68.2420544, 0.0, -0.85512058, -9.6388049, -20.6203888, 58.2624684, 0.0
24.637184, -2.88984064, -1.50825432, -2.87538896, 21.6387582, 0.0, -19.2111966, -4.661181, -1.11360582, -1.91226822, 18.4025388, 0.0, -1.5963336799999999, -0.01691757640000001, 7.8522304, 11.3400008, 68.23816719999999, 0.0, -0.8832968400000001, -9.655355199999999, -20.5899184, 58.2658322, 0.0
24.637184, -2.9945538, -1.5642091, -2.8115742, 21.642654, 0.0, -19.230373, -4.739822, -1.0944403, -1.8931994, 18.425459, 0.0, -1.5746132, -0.046289228, 7.818131, 11.302391, 68.23428, 0.0, -0.9114731, -9.6719055, -20.559448, 58.269196, 0.0
24.637184, -3.00599342, -1.58182068, -2.77928202, 21.6274808, 0.0, -19.2837938, -4.79102666, -1.09303194, -1.8608681200000001, 18.3796116, 0.0, -1.56836084, -0.047590859400000005, 7.789036, 11.2678856, 68.231588, 0.0, -0.9140089, -9.69345, -20.5408198, 58.2721836, 0.0
24.637184, -3.01743304, -1.59943226, -2.74698984, 21.6123076, 0.0, -19.3372146, -4.84223132, -1.09162358, -1.8285368400000002, 18.3337642, 0.0, -1.56210848, -0.0488924908, 7.759941, 11.2333802, 68.228896, 0.0, -0.9165447, -9.7149945, -20.5221916, 58.2751712, 0.0
24.637184, -3.02887266, -1.61704384, -2.71469766, 21.597134399999998, 0.0, -19.3906354, -4.8934359800000005, -1.09021522, -1.79620556, 18.287916799999998, 0.0, -1.5558561199999998, -0.0501941222, 7.730846, 11.1988748, 68.226204, 0.0, -0.9190805000000001, -9.736539, -20.5035634, 58.2781588, 0.0
24.637184, -3.04031228, -1.6346554199999999, -2.68240548, 21.5819612, 0.0, -19.4440562, -4.94464064, -1.08880686, -1.76387428, 18.2420694, 0.0, -1.5496037599999999, -0.0514957536, 7.701751, 11.1643694, 68.223512, 0.0, -0.9216163, -9.7580835, -20.4849352, 58.281146400000004, 0.0
24.637184, -3.0517519, -1.652267, -2.6501133, 21.566788, 0.0, -19.497477, -4.9958453, -1.0873985, -1.731543, 18.196222, 0.0, -1.5433514, -0.052797385, 7.672656, 11.129864, 68.22082, 0.0, -0.9241521, -9.779628, -20.466307, 58.284134, 0.0
24.637184, -3.0340988, -1.6567408, -2.6538229600000003, 21.533823599999998, 0.0, -19.5620224, -5.02893818, -1.08355164, -1.68968632, 18.0799696, 0.0, -1.53042482, -0.0480732746, 7.6704242, 11.101467, 68.205288, 0.0, -0.9223375, -9.7864346, -20.449398600000002, 58.2916948, 0.0
24.637184, -3.0164457000000002, -1.6612145999999999, -2.65753262, 21.5008592, 0.0, -19.6265678, -5.06203106, -1.07970478, -1.64782964, 17.963717199999998, 0.0, -1.5174982399999999, -0.0433491642, 7.6681924, 11.07307, 68.189756, 0.0, -0.9205229, -9.7932412, -20.4324902, 58.2992556, 0.0
24.637184, -2.9987926, -1.6656884, -2.66124228, 21.4678948, 0.0, -19.6911132, -5.095123940000001, -1.07585792, -1.60597296, 17.8474648, 0.0, -1.50457166, -0.0386250538, 7.6659606, 11.044673, 68.174224, 0.0, -0.9187083, -9.8000478, -20.415581800000002, 58.3068164, 0.0
24.637184, -2.9811395, -1.6701622, -2.66495194, 21.434930400000002, 0.0, -19.7556586, -5.1282168200000005, -1.07201106, -1.56411628, 17.7312124, 0.0, -1.49164508, -0.0339009434, 7.6637287999999995, 11.016276, 68.158692, 0.0, -0.9168937, -9.8068544, -20.3986734, 58.3143772, 0.0
24.637184, -2.9634864, -1.674636, -2.6686616, 21.401966, 0.0, -19.820204, -5.1613097, -1.0681642, -1.5222596, 17.61496, 0.0, -1.4787185, -0.029176833, 7.661497, 10.987879, 68.14316, 0.0, -0.9150791, -9.813661, -20.381765, 58.321938, 0.0
24.637184, -2.94883432, -1.67233952, -2.67769624, 21.3658024, 0.0, -19.891643600000002, -5.1666576200000005, -1.05496368, -1.4450021, 17.498206, 0.0, -1.45192452, -0.030803164, 7.66681194, 10.9470096, 68.10520799999999, 0.0, -0.925335168, -9.7939112, -20.348557800000002, 58.329514, 0.0
24.637184, -2.93418224, -1.67004304, -2.68673088, 21.3296388, 0.0, -19.9630832, -5.172005540000001, -1.04176316, -1.3677446, 17.381452, 0.0, -1.42513054, -0.032429495, 7.6721268799999995, 10.9061402, 68.067256, 0.0, -0.935591236, -9.7741614, -20.315350600000002, 58.33709, 0.0
24.637184, -2.91953016, -1.66774656, -2.69576552, 21.2934752, 0.0, -20.0345228, -5.17735346, -1.02856264, -1.2904871, 17.264698, 0.0, -1.39833656, -0.034055826, 7.67744182, 10.8652708, 68.029304, 0.0, -0.9458473039999999, -9.7544116, -20.2821434, 58.344666, 0.0
24.637184, -2.90487808, -1.66545008, -2.70480016, 21.2573116, 0.0, -20.1059624, -5.18270138, -1.01536212, -1.2132296, 17.147944, 0.0, -1.37154258, -0.035682157, 7.68275676, 10.8244014, 67.991352, 0.0, -0.956103372, -9.7346618, -20.2489362, 58.352242, 0.0
24.637184, -2.890226, -1.6631536, -2.7138348, 21.221148, 0.0, -20.177402, -5.1880493, -1.0021616, -1.1359721, 17.03119, 0.0, -1.3447486, -0.037308488, 7.6880717, 10.783532, 67.9534, 0.0, -0.96635944, -9.714912, -20.215729, 58.359818, 0.0
24.637184, -2.86234498, -1.6478432, -2.70762628, 21.1820764, 0.0, -20.259020200000002, -5.197602160000001, -0.994454152, -1.04781056, 16.946569999999998, 0.0, -1.34139846, -0.0366375916, 7.68577196, 10.708877399999999, 67.896702, 0.0, -0.968692932, -9.68806, -20.179638399999998, 58.3568874, 0.0
24.637184, -2.83446396, -1.6325328000000001, -2.70141776, 21.1430048, 0.0, -20.3406384, -5.20715502, -0.986746704, -0.9596490200000001, 16.86195, 0.0, -1.33804832, -0.0359666952, 7.6834722200000005, 10.6342228, 67.84000400000001, 0.0, -0.9710264239999999, -9.661208, -20.1435478, 58.3539568, 0.0
24.637184, -2.80658294, -1.6172224, -2.69520924, 21.1039332, 0.0, -20.4222566, -5.21670788, -0.979039256, -0.87148748, 16.77733, 0.0, -1.33469818, -0.0352957988, 7.68117248, 10.5595682, 67.783306, 0.0, -0.973359916, -9.634356, -20.1074572, 58.3510262, 0.0
24.637184, -2.77870192, -1.601912, -2.68900072, 21.0648616, 0.0, -20.5038748, -5.22626074, -0.971331808, -0.78332594, 16.69271, 0.0, -1.33134804, -0.034624902400000004, 7.67887274, 10.4849136, 67.726608, 0.0, -0.975693408, -9.607504, -20.0713666, 58.3480956, 0.0
24.637184, -2.7508209, -1.5866016, -2.6827922, 21.02579, 0.0, -20.585493, -5.2358136, -0.96362436, -0.6951644, 16.60809, 0.0, -1.3279979, -0.033954006, 7.676573, 10.410259, 67.66991, 0.0, -0.9780269, -9.580652, -20.035276, 58.345165, 0.0
24.637184, -2.7266041999999997, -1.57457918, -2.65379276, 20.9737796, 0.0, -20.6709858, -5.2807322800000005, -0.9581997179999999, -0.616930386, 16.571352400000002, 0.0, -1.34687282, -0.017111819400000002, 7.677451860000001, 10.2890646, 67.574932, 0.0, -0.9644397800000001, -9.563351, -19.9845242, 58.318782, 0.0
24.637184, -2.7023875, -1.56255676, -2.62479332, 20.9217692, 0.0, -20.7564786, -5.32565096, -0.952775076, -0.538696372, 16.5346148, 0.0, -1.36574774, -0.00026963280000000256, 7.67833072, 10.1678702, 67.479954, 0.0, -0.95085266, -9.546050000000001, -19.9337724, 58.292399, 0.0
24.637184, -2.6781707999999997, -1.55053434, -2.59579388, 20.8697588, 0.0, -20.8419714, -5.37056964, -0.947350434, -0.460462358, 16.4978772, 0.0, -1.38462266, 0.016572553799999994, 7.67920958, 10.046675800000001, 67.384976, 0.0, -0.9372655400000001, -9.528749, -19.883020600000002, 58.266016, 0.0
24.637184, -2.6539541, -1.5385119200000001, -2.5667944400000002, 20.8177484, 0.0, -20.9274642, -5.41548832, -0.941925792, -0.382228344, 16.4611396, 0.0, -1.40349758, 0.0334147404, 7.68008844, 9.9254814, 67.289998, 0.0, -0.92367842, -9.511448, -19.8322688, 58.239633000000005, 0.0
24.637184, -2.6297374, -1.5264895, -2.537795, 20.765738, 0.0, -21.012957, -5.460407, -0.93650115, -0.30399433, 16.424402, 0.0, -1.4223725, 0.050256927, 7.6809673, 9.804287, 67.19502, 0.0, -0.9100913, -9.494147, -19.781517, 58.21325, 0.0
24.637184, -2.63769032, -1.5270400800000001, -2.4604485, 20.6782368, 0.0, -21.104756000000002, -5.54134186, -0.92296668, -0.22357010719999998, 16.431215, 0.0, -1.4497821, 0.1071502896, 7.69589484, 9.618847800000001, 67.001702, 0.0, -0.85231912, -9.4963718, -19.6780078, 58.133700000000005, 0.0
24.637184, -2.64564324, -1.52759066, -2.383102, 20.5907356, 0.0, -21.196555, -5.62227672, -0.90943221, -0.1431458844, 16.438028, 0.0, -1.4771917, 0.1640436522, 7.71082238, 9.4334086, 66.808384, 0.0, -0.79454694, -9.4985966, -19.574498600000002, 58.05415, 0.0
24.637184, -2.6535961599999998, -1.52814124, -2.3057555, 20.5032344, 0.0, -21.288354, -5.70321158, -0.89589774, -0.06272166160000003, 16.444841, 0.0, -1.5046013, 0.2209370148, 7.72574992, 9.2479694, 66.615066, 0.0, -0.73677476, -9.5008214, -19.4709894, 57.9746, 0.0
24.637184, -2.66154908, -1.52869182, -2.228409, 20.4157332, 0.0, -21.380153, -5.78414644, -0.8823632699999999, 0.017702561199999967, 16.451653999999998, 0.0, -1.5320109000000002, 0.2778303774, 7.74067746, 9.0625302, 66.42174800000001, 0.0, -0.6790025799999999, -9.5030462, -19.367480200000003, 57.89505, 0.0
24.637184, -2.669502, -1.5292424, -2.1510625, 20.328232, 0.0, -21.471952, -5.8650813, -0.8688288, 0.098126784, 16.458467, 0.0, -1.5594205, 0.33472374, 7.755605, 8.877091, 66.22843, 0.0, -0.6212304, -9.505271, -19.263971, 57.8155, 0.0
24.637184, -2.7572396, -1.54877232, -1.95977092, 20.1766328, 0.0, -21.576337000000002, -5.97334064, -0.8423105919999999, 0.2078961472, 16.489241399999997, 0.0, -1.57507164, 0.459461832, 7.7678241, 8.5822373, 65.823806, 0.0, -0.48145131599999996, -9.5201622, -18.9853628, 57.5800252, 0.0
24.637184, -2.8449772, -1.56830224, -1.76847934, 20.0250336, 0.0, -21.680722000000003, -6.08159998, -0.815792384, 0.3176655104, 16.5200158, 0.0, -1.5907227800000001, 0.584199924, 7.7800432, 8.2873836, 65.419182, 0.0, -0.34167223199999996, -9.5350534, -18.7067546, 57.3445504, 0.0
24.637184, -2.9327148000000003, -1.58783216, -1.57718776, 19.8734344, 0.0, -21.785107, -6.18985932, -0.7892741759999999, 0.4274348736, 16.550790199999998, 0.0, -1.60637392, 0.7089380160000001, 7.7922623, 7.9925299, 65.014558, 0.0, -0.20189314799999997, -9.5499446, -18.428146400000003, 57.1090756, 0.0
24.637184, -3.0204524, -1.60736208, -1.38589618, 19.7218352, 0.0, -21.889492, -6.29811866, -0.762755968, 0.5372042368000001, 16.5815646, 0.0, -1.6220250600000001, 0.8336761079999999, 7.804481399999999, 7.6976762, 64.609934, 0.0, -0.06211406399999997, -9.5648358, -18.149538200000002, 56.8736008, 0.0
24.637184, -3.10819, -1.626892, -1.1946046, 19.570236, 0.0, -21.993877, -6.406378, -0.73623776, 0.6469736, 16.612339, 0.0, -1.6376762, 0.9584142, 7.8167005, 7.4028225, 64.20531, 0.0, 0.07766502, -9.579727, -17.87093, 56.638126, 0.0
24.6325426, -3.3752792, -1.6820101, -0.773013612, 19.368075, 0.0, -22.0840444, -6.5674424, -0.687814128, 0.79283018, 16.7127476, 0.0, -1.60956006, 1.19416346, 7.82419828, 6.9656092, 63.417851999999996, 0.0, 0.34397367599999995, -9.597596, -17.182881000000002, 56.0317014, 0.0
24.6279012, -3.6423683999999996, -1.7371282000000001, -0.3514226239999999, 19.165914, 0.0, -22.174211800000002, -6.7285068, -0.639390496, 0.93868676, 16.813156199999998, 0.0, -1.58144392, 1.42991272, 7.83169606, 6.5283959000000005, 62.630393999999995, 0.0, 0.6102823319999999, -9.615465, -16.494832000000002, 55.4252768, 0.0
24.6232598, -3.9094575999999996, -1.7922463, 0.07016836400000015, 18.963753, 0.0, -22.2643792, -6.889571200000001, -0.590966864, 1.08454334, 16.9135648, 0.0, -1.55332778, 1.6656619799999999, 7.83919384, 6.0911826, 61.842936, 0.0, 0.8765909879999999, -9.633334, -15.806783000000001, 54.8188522, 0.0
24.6186184, -4.1765468, -1.8473644, 0.4917593520000001, 18.761592, 0.0, -22.354546600000003, -7.050635600000001, -0.542543232, 1.23039992, 17.013973399999998, 0.0, -1.52521164, 1.9014112399999998, 7.84669162, 5.6539693, 61.055478, 0.0, 1.1428996439999999, -9.651203, -15.118734, 54.2124276, 0.0
24.613977, -4.443636, -1.9024825, 0.91335034, 18.559431, 0.0, -22.444714, -7.2117, -0.4941196, 1.3762565, 17.114382, 0.0, -1.4970955, 2.1371605, 7.8541894, 5.216756, 60.26802, 0.0, 1.4092083, -9.669072, -14.430685, 53.606003, 0.0
24.539626799999997, -5.03482814, -2.0558546, 1.635503572, 18.3514018, 0.0, -22.4639168, -7.499816, -0.416066653, 1.51520666, 17.236093, 0.0, -1.3599999, 2.42220814, 7.8484633200000005, 4.6203642, 58.9150516, 0.0, 1.73754358, -9.6869186, -13.12168128, 52.4004284, 0.0
24.4652766, -5.62602028, -2.2092267, 2.357656804, 18.1433726, 0.0, -22.483119600000002, -7.787932, -0.338013706, 1.65415682, 17.357804, 0.0, -1.2229043, 2.7072557799999997, 7.84273724, 4.0239724, 57.5620832, 0.0, 2.0658788599999998, -9.7047652, -11.812677560000001, 51.194853800000004, 0.0
24.390926399999998, -6.21721242, -2.3625987999999998, 3.0798100359999996, 17.9353434, 0.0, -22.5023224, -8.076048, -0.259960759, 1.7931069800000001, 17.479515, 0.0, -1.0858086999999998, 2.99230342, 7.83701116, 3.4275806, 56.209114799999995, 0.0, 2.39421414, -9.7226118, -10.50367384, 49.9892792, 0.0
24.3165762, -6.80840456, -2.5159709, 3.8019632679999997, 17.7273142, 0.0, -22.521525200000003, -8.364163999999999, -0.181907812, 1.9320571400000002, 17.601226, 0.0, -0.9487131, 3.27735106, 7.83128508, 2.8311888, 54.8561464, 0.0, 2.72254942, -9.7404584, -9.19467012, 48.7837046, 0.0
24.242226, -7.3995967, -2.669343, 4.5241165, 17.519285, 0.0, -22.540728, -8.65228, -0.103854865, 2.0710073, 17.722937, 0.0, -0.8116175, 3.5623987, 7.825559, 2.234797, 53.503178, 0.0, 3.0508847, -9.758305, -7.8856664, 47.57813, 0.0
23.9707466, -8.31833476, -2.92915464, 5.4508366, 17.2516768, 0.0, -22.482677000000002, -9.0381454, -0.013642938000000007, 2.1583076, 17.5615878, 0.0, -0.485862988, 3.6357251, 7.8234311000000005, 1.47200604, 51.4615352, 0.0, 3.08065412, -9.8157454, -6.1554258, 45.6437784, 0.0
23.699267199999998, -9.23707282, -3.18896628, 6.3775566999999995, 16.9840686, 0.0, -22.424626, -9.4240108, 0.07656898899999999, 2.2456079, 17.4002386, 0.0, -0.160108476, 3.7090515, 7.8213032, 0.7092150799999999, 49.4198924, 0.0, 3.11042354, -9.8731858, -4.4251852, 43.7094268, 0.0
23.4277878, -10.15581088, -3.44877792, 7.3042768, 16.7164604, 0.0, -22.366575, -9.8098762, 0.16678091599999995, 2.3329082000000003, 17.2388894, 0.0, 0.16564603599999994, 3.7823779, 7.8191753, -0.05357587999999991, 47.378249600000004, 0.0, 3.14019296, -9.9306262, -2.6949445999999995, 41.7750752, 0.0
23.1563084, -11.07454894, -3.70858956, 8.230996900000001, 16.4488522, 0.0, -22.308524, -10.1957416, 0.25699284299999997, 2.4202085, 17.0775402, 0.0, 0.491400548, 3.8557043, 7.8170474, -0.8163668400000001, 45.3366068, 0.0, 3.16996238, -9.9880666, -0.9647039999999993, 39.8407236, 0.0
22.884829, -11.993287, -3.9684012, 9.157717, 16.181244, 0.0, -22.250473, -10.581607, 0.34720477, 2.5075088, 16.916191, 0.0, 0.81715506, 3.9290307, 7.8149195, -1.5791578, 43.294964, 0.0, 3.1997318, -10.045507, 0.7655366, 37.906372, 0.0
22.5592906, -12.834117800000001, -4.19581656, 10.2233714, 15.8195897, 0.0, -22.3283364, -10.6840308, 0.32986395, 2.73674792, 16.3830004, 0.0, 1.1803309880000001, 3.62252856, 7.8553034, -2.62790572, 40.5174906, 0.0, 2.588088306, -10.2359308, 2.11582912, 35.2018188, 0.0
22.2337522, -13.6749486, -4.42323192, 11.289025800000001, 15.4579354, 0.0, -22.4061998, -10.7864546, 0.31252313, 2.96598704, 15.849809800000001, 0.0, 1.5435069160000001, 3.31602642, 7.8956873, -3.6766536399999996, 37.7400172, 0.0, 1.976444812, -10.4263546, 3.46612164, 32.4972656, 0.0
21.9082138, -14.515779400000001, -4.650647279999999, 12.3546802, 15.096281099999999, 0.0, -22.4840632, -10.8888784, 0.29518231, 3.19522616, 15.3166192, 0.0, 1.906682844, 3.0095242800000004, 7.9360712, -4.72540156, 34.9625438, 0.0, 1.364801318, -10.616778400000001, 4.81641416, 29.7927124, 0.0
21.5826754, -15.356610200000002, -4.87806264, 13.4203346, 14.7346268, 0.0, -22.5619266, -10.9913022, 0.27784149, 3.42446528, 14.7834286, 0.0, 2.269858772, 2.7030221400000003, 7.976455099999999, -5.774149479999999, 32.1850704, 0.0, 0.7531578240000001, -10.8072022, 6.16670668, 27.0881592, 0.0
21.257137, -16.197441, -5.105478, 14.485989, 14.3729725, 0.0, -22.63979, -11.093726, 0.26050067, 3.6537044, 14.250238, 0.0, 2.6330347, 2.39652, 8.016839, -6.8228974, 29.407597, 0.0, 0.14151433, -10.997626, 7.5169992, 24.383606, 0.0
21.2831056, -16.539837600000002, -5.2190078, 15.6352318, 14.0302992, 0.0, -22.9091804, -10.7099098, 0.1977747064, 4.34518384, 13.8585762, 0.0, 2.77455096, 1.53967592, 8.084196599999999, -8.203593119999999, 26.0540686, 0.0, -1.184036536, -11.379941, 8.15479916, 21.1977894, 0.0
21.3090742, -16.882234200000003, -5.3325376, 16.7844746, 13.6876259, 0.0, -23.1785708, -10.3260936, 0.13504874279999998, 5.03666328, 13.4669144, 0.0, 2.91606722, 0.68283184, 8.1515542, -9.58428884, 22.7005402, 0.0, -2.5095874019999997, -11.762256, 8.79259912, 18.011972800000002, 0.0
21.3350428, -17.2246308, -5.4460674, 17.9337174, 13.3449526, 0.0, -23.4479612, -9.9422774, 0.07232277919999996, 5.728142719999999, 13.075252599999999, 0.0, 3.05758348, -0.17401224000000015, 8.218911799999999, -10.96498456, 19.3470118, 0.0, -3.8351382679999997, -12.144571, 9.43039908, 14.8261562, 0.0
21.361011400000002, -17.5670274, -5.5595972, 19.0829602, 13.0022793, 0.0, -23.7173516, -9.5584612, 0.009596815599999975, 6.419622159999999, 12.6835908, 0.0, 3.19909974, -1.0308563200000003, 8.2862694, -12.34568028, 15.9934834, 0.0, -5.160689134, -12.526886, 10.06819904, 11.6403396, 0.0
21.38698, -17.909424, -5.673127, 20.232203, 12.659606, 0.0, -23.986742, -9.174645, -0.053129148, 7.1111016, 12.291929, 0.0, 3.340616, -1.8877004, 8.353627, -13.726376, 12.639955, 0.0, -6.48624, -12.909201, 10.705999, 8.454523, 0.0
21.767058000000002, -17.9863462, -5.3359899, 20.9622672, 12.1497434, 0.0, -23.9948028, -8.714969, 0.08252871359999998, 8.096780279999999, 12.3555698, 0.0, 3.18695308, -3.40388752, 8.3460328, -15.0209564, 9.3355328, 0.0, -8.208451199999999, -13.6193308, 10.7118781, 5.64309448, 0.0
22.147136, -18.063268400000002, -4.9988528, 21.6923314, 11.6398808, 0.0, -24.002863599999998, -8.255293, 0.21818657519999995, 9.08245896, 12.4192106, 0.0, 3.03329016, -4.92007464, 8.3384386, -16.3155368, 6.0311106, 0.0, -9.9306624, -14.329460599999999, 10.7177572, 2.8316659600000005, 0.0
22.527214, -18.1401906, -4.6617157, 22.4223956, 11.1300182, 0.0, -24.0109244, -7.795617, 0.35384443679999994, 10.06813764, 12.4828514, 0.0, 2.87962724, -6.436261760000001, 8.3308444, -17.610117199999998, 2.7266884000000005, 0.0, -11.6528736, -15.0395904, 10.7236363, 0.020237440000000717, 0.0
22.907291999999998, -18.217112800000002, -4.324578600000001, 23.1524598, 10.6201556, 0.0, -24.0189852, -7.335941, 0.4895022983999999, 11.05381632, 12.5464922, 0.0, 2.72596432, -7.95244888, 8.3232502, -18.9046976, -0.5777338000000007, 0.0, -13.3750848, -15.749720199999999, 10.7295154, -2.791191079999999, 0.0
23.28737, -18.294035, -3.9874415, 23.882524, 10.110293, 0.0, -24.027046, -6.876265, 0.62516016, 12.039495, 12.610133, 0.0, 2.5723014, -9.468636, 8.315656, -20.199278, -3.882156, 0.0, -15.097296, -16.45985, 10.7353945, -5.6026196, 0.0
23.502429, -18.551588000000002, -3.38140593, 24.125626, 9.5869766, 0.0, -23.624759599999997, -6.7409105, 0.7583922479999999, 12.9433696, 13.0588988, 0.0, 2.1652044520000002, -11.2173794, 7.9974749, -21.379382, -6.5288056, 0.0, -16.6484712, -17.4919706, 10.3572958, -7.64244248, 0.0
23.717488, -18.809141, -2.77537036, 24.368728, 9.063660200000001, 0.0, -23.2224732, -6.605556, 0.891624336, 13.8472442, 13.5076646, 0.0, 1.758107504, -12.9661228, 7.6792938, -22.559486, -9.175455200000002, 0.0, -18.1996464, -18.5240912, 9.9791971, -9.682265359999999, 0.0
23.932547, -19.066694000000002, -2.1693347899999997, 24.611829999999998, 8.5403438, 0.0, -22.8201868, -6.4702015, 1.024856424, 14.7511188, 13.956430399999999, 0.0, 1.3510105559999999, -14.7148662, 7.3611127, -23.73959, -11.822104800000002, 0.0, -19.750821600000002, -19.5562118, 9.6010984, -11.72208824, 0.0
24.147606, -19.324247, -1.5632992199999998, 24.854931999999998, 8.0170274, 0.0, -22.4179004, -6.334847, 1.158088512, 15.6549934, 14.405196199999999, 0.0, 0.9439136079999999, -16.463609599999998, 7.0429316, -24.919694, -14.468754400000002, 0.0, -21.3019968, -20.5883324, 9.2229997, -13.76191112, 0.0
24.362665, -19.5818, -0.95726365, 25.098034, 7.493711, 0.0, -22.015614, -6.1994925, 1.2913206, 16.558868, 14.853962, 0.0, 0.53681666, -18.212353, 6.7247505, -26.099798, -17.115404, 0.0, -22.853172, -21.620453, 8.844901, -15.801734, 0.0
24.3843532, -19.908578000000002, -0.39394164, 25.1266324, 7.2431358, 0.0, -21.414214, -6.4840964, 1.3528699199999998, 17.0372324, 15.2540772, 0.0, 0.09792658799999987, -19.4385606, 6.6692012, -27.1496398, -18.943632400000002, 0.0, -23.8120538, -22.750463200000002, 8.5579732, -17.0237004, 0.0
24.4060414, -20.235356, 0.16938037000000006, 25.1552308, 6.9925606, 0.0, -20.812814, -6.7687003, 1.41441924, 17.5155968, 15.6541924, 0.0, -0.3409634840000002, -20.6647682, 6.6136519, -28.1994816, -20.771860800000002, 0.0, -24.7709356, -23.8804734, 8.2710454, -18.2456668, 0.0
24.4277296, -20.562134, 0.7327023800000001, 25.1838292, 6.7419854, 0.0, -20.211414, -7.0533042, 1.4759685599999999, 17.9939612, 16.0543076, 0.0, -0.7798535560000004, -21.8909758, 6.5581026, -29.2493234, -22.6000892, 0.0, -25.7298174, -25.0104836, 7.9841176, -19.4676332, 0.0
24.4494178, -20.888911999999998, 1.2960243900000001, 25.2124276, 6.4914102, 0.0, -19.610014, -7.3379081, 1.53751788, 18.4723256, 16.4544228, 0.0, -1.2187436280000004, -23.117183400000002, 6.5025533, -30.2991652, -24.4283176, 0.0, -26.6886992, -26.1404938, 7.6971898, -20.6895996, 0.0
24.471106, -21.21569, 1.8593464, 25.241026, 6.240835, 0.0, -19.008614, -7.622512, 1.5990672, 18.95069, 16.854538, 0.0, -1.6576337, -24.343391, 6.447004, -31.349007, -26.256546, 0.0, -27.647581, -27.270504, 7.410262, -21.911566, 0.0
24.404271599999998, -21.654518, 2.44553812, 25.2594612, 6.2724931999999995, 0.0, -18.5564106, -8.2669142, 1.6472610799999998, 18.9079042, 17.211182, 0.0, -1.8975305, -24.8994664, 6.8992088, -32.297713, -27.3033868, 0.0, -28.102597799999998, -28.385775799999998, 7.1806706, -22.3124064, 0.0
24.3374372, -22.093346, 3.03172984, 25.2778964, 6.304151399999999, 0.0, -18.1042072, -8.9113164, 1.69545496, 18.8651184, 17.567826, 0.0, -2.1374273, -25.4555418, 7.3514136, -33.246419, -28.3502276, 0.0, -28.557614599999997, -29.5010476, 6.9510792, -22.7132468, 0.0
24.2706028, -22.532173999999998, 3.61792156, 25.296331600000002, 6.3358096, 0.0, -17.6520038, -9.5557186, 1.7436488399999999, 18.822332600000003, 17.924470000000003, 0.0, -2.3773241, -26.0116172, 7.8036184, -34.195125, -29.3970684, 0.0, -29.0126314, -30.6163194, 6.7214878, -23.1140872, 0.0
24.2037684, -22.971002, 4.2041132800000005, 25.3147668, 6.3674678, 0.0, -17.1998004, -10.2001208, 1.79184272, 18.779546800000002, 18.281114000000002, 0.0, -2.6172209, -26.567692599999997, 8.2558232, -35.143831, -30.4439092, 0.0, -29.4676482, -31.731591199999997, 6.4918964, -23.5149276, 0.0
24.136934, -23.40983, 4.790305, 25.333202, 6.399126, 0.0, -16.747597, -10.844523, 1.8400366, 18.736761, 18.637758, 0.0, -2.8571177, -27.123768, 8.708028, -36.092537, -31.49075, 0.0, -29.922665, -32.846863, 6.262305, -23.915768, 0.0
23.7387606, -24.1986576, 5.13612574, 25.2984048, 6.6375993399999995, 0.0, -16.444209999999998, -11.610254600000001, 2.20690996, 18.3774154, 19.034135600000003, 0.0, -2.63524054, -27.3405766, 9.053199000000001, -36.947358, -31.867816599999998, 0.0, -30.5236826, -34.295291399999996, 5.614082219999999, -23.5020148, 0.0
23.340587199999998, -24.9874852, 5.4819464799999995, 25.2636076, 6.87607268, 0.0, -16.140823, -12.3759862, 2.57378332, 18.0180698, 19.4305132, 0.0, -2.41336338, -27.5573852, 9.39837, -37.802179, -32.2448832, 0.0, -31.1247002, -35.7437198, 4.965859439999999, -23.0882616, 0.0
22.9424138, -25.7763128, 5.82776722, 25.2288104, 7.11454602, 0.0, -15.837436, -13.1417178, 2.94065668, 17.6587242, 19.8268908, 0.0, -2.19148622, -27.7741938, 9.743541, -38.657, -32.6219498, 0.0, -31.7257178, -37.1921482, 4.31763666, -22.6745084, 0.0
22.5442404, -26.565140399999997, 6.17358796, 25.1940132, 7.35301936, 0.0, -15.534049, -13.9074494, 3.30753004, 17.2993786, 20.2232684, 0.0, -1.96960906, -27.9910024, 10.088712, -39.511821, -32.9990164, 0.0, -32.326735400000004, -38.6405766, 3.6694138799999996, -22.2607552, 0.0
22.146067, -27.353968, 6.5194087, 25.159216, 7.5914927, 0.0, -15.230662, -14.673181, 3.6744034, 16.940033, 20.619646, 0.0, -1.7477319, -28.207811, 10.433883, -40.366642, -33.376083, 0.0, -32.927753, -40.089005, 3.0211911, -21.847002, 0.0
21.404476799999998, -28.419186399999997, 6.53855982, 24.983143600000002, 7.78891016, 0.0, -15.0824916, -15.3270386, 4.12950312, 16.619137, 20.8344168, 0.0, -1.0880703, -28.2714216, 10.4310038, -41.1529006, -33.3495434, 0.0, -33.798209, -41.423833, 1.9835281599999999, -20.9680686, 0.0
20.6628866, -29.484404799999997, 6.55771094, 24.8070712, 7.98632762, 0.0, -14.934321200000001, -15.9808962, 4.58460284, 16.298241, 21.0491876, 0.0, -0.4284087000000001, -28.3350322, 10.4281246, -41.9391592, -33.3230038, 0.0, -34.668665000000004, -42.758661000000004, 0.94586522, -20.0891352, 0.0
19.9212964, -30.5496232, 6.57686206, 24.6309988, 8.18374508, 0.0, -14.7861508, -16.6347538, 5.03970256, 15.977345, 21.2639584, 0.0, 0.23125289999999987, -28.398642799999998, 10.4252454, -42.7254178, -33.2964642, 0.0, -35.539121, -44.093489000000005, -0.0917977200000002, -19.2102018, 0.0
19.179706200000002, -31.6148416, 6.59601318, 24.454926399999998, 8.38116254, 0.0, -14.6379804, -17.2886114, 5.49480228, 15.656449, 21.4787292, 0.0, 0.8909144999999998, -28.462253399999998, 10.4223662, -43.5116764, -33.2699246, 0.0, -36.409577000000006, -45.428317, -1.12946066, -18.331268400000003, 0.0
18.438116, -32.68006, 6.6151643, 24.278854, 8.57858, 0.0, -14.48981, -17.942469, 5.949902, 15.335553, 21.6935, 0.0, 1.5505761, -28.525864, 10.419487, -44.297935, -33.243385, 0.0, -37.280033, -46.763145, -2.1671236, -17.452335, 0.0
17.9826152, -33.413807399999996, 6.67184498, 24.1926046, 8.656756, 0.0, -14.434681900000001, -18.282201999999998, 6.236773739999999, 15.1481442, 21.6848076, 0.0, 2.02348048, -28.3560718, 10.4546354, -44.771406, -33.2928854, 0.0, -37.738689400000005, -47.461096, -2.7524596800000003, -17.0607338, 0.0
17.527114400000002, -34.147554799999995, 6.72852566, 24.1063552, 8.734932, 0.0, -14.3795538, -18.621935, 6.52364548, 14.9607354, 21.676115199999998, 0.0, 2.49638486, -28.1862796, 10.4897838, -45.244877, -33.3423858, 0.0, -38.1973458, -48.159047, -3.33779576, -16.6691326, 0.0
17.0716136, -34.8813022, 6.78520634, 24.0201058, 8.813108, 0.0, -14.3244257, -18.961668, 6.8105172199999995, 14.7733266, 21.6674228, 0.0, 2.96928924, -28.0164874, 10.5249322, -45.718348, -33.3918862, 0.0, -38.6560022, -48.856998, -3.92313184, -16.2775314, 0.0
16.6161128, -35.6150496, 6.84188702, 23.9338564, 8.891284, 0.0, -14.2692976, -19.301401000000002, 7.09738896, 14.5859178, 21.6587304, 0.0, 3.44219362, -27.8466952, 10.5600806, -46.191819, -33.4413866, 0.0, -39.1146586, -49.554949, -4.50846792, -15.8859302, 0.0
16.160612, -36.348797, 6.8985677, 23.847607, 8.96946, 0.0, -14.2141695, -19.641134, 7.3842607, 14.398509, 21.650038, 0.0, 3.915098, -27.676903, 10.595229, -46.66529, -33.490887, 0.0, -39.573315, -50.2529, -5.093804, -15.494329, 0.0
16.2616062, -36.4692316, 7.07867806, 23.9737856, 8.8782196, 0.0, -14.0503437, -19.606642, 7.488565479999999, 14.5075964, 21.6683664, 0.0, 3.77432326, -27.245437, 11.0363552, -46.5032594, -33.4879456, 0.0, -39.36079, -50.210919, -4.91365652, -15.942627, 0.0
16.3626004, -36.589666199999996, 7.25878842, 24.0999642, 8.7869792, 0.0, -13.886517900000001, -19.57215, 7.59287026, 14.6166838, 21.686694799999998, 0.0, 3.63354852, -26.813971, 11.4774814, -46.341228799999996, -33.4850042, 0.0, -39.148265, -50.168938, -4.73350904, -16.390925, 0.0
16.4635946, -36.7101008, 7.43889878, 24.2261428, 8.6957388, 0.0, -13.7226921, -19.537658, 7.697175039999999, 14.7257712, 21.7050232, 0.0, 3.4927737800000003, -26.382505000000002, 11.9186076, -46.1791982, -33.4820628, 0.0, -38.935739999999996, -50.126957, -4.55336156, -16.839223, 0.0
16.564588800000003, -36.830535399999995, 7.61900914, 24.3523214, 8.6044984, 0.0, -13.5588663, -19.503166, 7.80147982, 14.8348586, 21.723351599999997, 0.0, 3.35199904, -25.951039, 12.3597338, -46.0171676, -33.4791214, 0.0, -38.723214999999996, -50.084976, -4.37321408, -17.287520999999998, 0.0
16.665583, -36.95097, 7.7991195, 24.4785, 8.513258, 0.0, -13.3950405, -19.468674, 7.9057846, 14.943946, 21.74168, 0.0, 3.2112243, -25.519573, 12.80086, -45.855137, -33.47618, 0.0, -38.51069, -50.042995, -4.1930666, -17.735819, 0.0
17.2184874, -36.4966876, 8.0612774, 24.6876408, 8.235207860000001, 0.0, -13.0430294, -19.3085516, 7.92403936, 15.1901068, 21.824558, 0.0, 2.4909896480000002, -25.123504, 13.2845132, -45.093393, -33.80567, 0.0, -37.6203906, -49.2319866, -3.359442712, -18.9981728, 0.0
17.7713918, -36.0424052, 8.3234353, 24.8967816, 7.9571577200000005, 0.0, -12.6910183, -19.1484292, 7.94229412, 15.4362676, 21.907436, 0.0, 1.770754996, -24.727435, 13.7681664, -44.331649, -34.13516, 0.0, -36.7300912, -48.4209782, -2.525818824, -20.2605266, 0.0
18.324296200000003, -35.5881228, 8.5855932, 25.1059224, 7.67910758, 0.0, -12.339007200000001, -18.9883068, 7.96054888, 15.6824284, 21.990313999999998, 0.0, 1.0505203440000002, -24.331366000000003, 14.2518196, -43.569905, -34.46465, 0.0, -35.8397918, -47.609969799999995, -1.692194936, -21.5228804, 0.0
18.877200600000002, -35.1338404, 8.8477511, 25.3150632, 7.401057440000001, 0.0, -11.9869961, -18.828184399999998, 7.97880364, 15.9285892, 22.073192, 0.0, 0.3302856919999999, -23.935297000000002, 14.7354728, -42.808161, -34.79414, 0.0, -34.9494924, -46.798961399999996, -0.858571048, -22.7852342, 0.0
19.430105, -34.679558, 9.109909, 25.524204, 7.1230073, 0.0, -11.634985, -18.668062, 7.9970584, 16.17475, 22.15607, 0.0, -0.38994896, -23.539228, 15.219126, -42.046417, -35.12363, 0.0, -34.059193, -45.987953, -0.02494716, -24.047588, 0.0
20.076397200000002, -33.902653, 9.2824966, 25.627952, 6.88862696, 0.0, -11.288043400000001, -18.5361692, 7.99420662, 16.2953226, 22.0566072, 0.0, -1.254374968, -23.089563000000002, 15.734658999999999, -40.9302382, -35.6539004, 0.0, -32.733876, -44.664099799999995, 0.9868338720000001, -25.7232892, 0.0
20.7226894, -33.125748, 9.4550842, 25.7317, 6.65424662, 0.0, -10.9411018, -18.4042764, 7.99135484, 16.415895199999998, 21.9571444, 0.0, -2.118800976, -22.639898000000002, 16.250192, -39.8140594, -36.1841708, 0.0, -31.408559, -43.3402466, 1.998614904, -27.3989904, 0.0
21.3689816, -32.348843, 9.6276718, 25.835448, 6.41986628, 0.0, -10.594160200000001, -18.272383599999998, 7.98850306, 16.5364678, 21.8576816, 0.0, -2.983226984, -22.190233, 16.765725, -38.6978806, -36.7144412, 0.0, -30.083242, -42.0163934, 3.010395936, -29.0746916, 0.0
22.0152738, -31.571938, 9.8002594, 25.939196, 6.18548594, 0.0, -10.2472186, -18.1404908, 7.98565128, 16.6570404, 21.7582188, 0.0, -3.847652992, -21.740568, 17.281257999999998, -37.5817018, -37.2447116, 0.0, -28.757925, -40.6925402, 4.022176968, -30.7503928, 0.0
22.661566, -30.795033, 9.972847, 26.042944, 5.9511056, 0.0, -9.900277, -18.008598, 7.9827995, 16.777613, 21.658756, 0.0, -4.712079, -21.290903, 17.796791, -36.465523, -37.774982, 0.0, -27.432608, -39.368687, 5.033958, -32.426094, 0.0
22.9865152, -30.1421956, 9.853766, 25.8972882, 5.83597588, 0.0, -9.8666326, -17.634269, 7.93216712, 17.008668, 21.2334932, 0.0, -5.26947494, -20.8969756, 17.9939026, -35.6696184, -38.051672, 0.0, -26.4315978, -38.3337736, 5.5677012800000005, -33.606572, 0.0
23.3114644, -29.4893582, 9.734685, 25.7516324, 5.72084616, 0.0, -9.8329882, -17.25994, 7.88153474, 17.239722999999998, 20.8082304, 0.0, -5.8268708799999995, -20.503048200000002, 18.191014199999998, -34.8737138, -38.328362, 0.0, -25.4305876, -37.2988602, 6.10144456, -34.78705, 0.0
23.6364136, -28.8365208, 9.615604, 25.6059766, 5.60571644, 0.0, -9.7993438, -16.885610999999997, 7.83090236, 17.470778, 20.3829676, 0.0, -6.38426682, -20.1091208, 18.3881258, -34.0778092, -38.605052, 0.0, -24.4295774, -36.2639468, 6.63518784, -35.967528, 0.0
23.9613628, -28.1836834, 9.496523, 25.4603208, 5.49058672, 0.0, -9.7656994, -16.511281999999998, 7.78026998, 17.701832999999997, 19.9577048, 0.0, -6.94166276, -19.7151934, 18.5852374, -33.2819046, -38.881741999999996, 0.0, -23.4285672, -35.2290334, 7.16893112, -37.148006, 0.0
24.286312, -27.530846, 9.377442, 25.314665, 5.375457, 0.0, -9.732055, -16.136953, 7.7296376, 17.932888, 19.532442, 0.0, -7.4990587, -19.321266, 18.782349, -32.486, -39.158432, 0.0, -22.427557, -34.19412, 7.7026744, -38.328484, 0.0
24.352760999999997, -27.0966228, 9.01215754, 24.9861158, 5.35540214, 0.0, -10.070892800000001, -15.550854999999999, 7.72363408, 18.2427444, 19.0128704, 0.0, -7.72470156, -18.9231242, 18.6753832, -32.0489764, -39.104924, 0.0, -21.8589126, -33.583518999999995, 7.71707232, -38.7410008, 0.0
24.41921, -26.6623996, 8.64687308, 24.6575666, 5.33534728, 0.0, -10.409730600000001, -14.964756999999999, 7.71763056, 18.5526008, 18.4932988, 0.0, -7.95034442, -18.5249824, 18.5684174, -31.611952799999997, -39.051415999999996, 0.0, -21.2902682, -32.972918, 7.73147024, -39.1535176, 0.0
24.485659, -26.2281764, 8.28158862, 24.3290174, 5.3152924200000005, 0.0, -10.7485684, -14.378658999999999, 7.711627040000001, 18.862457199999998, 17.9737272, 0.0, -8.175987280000001, -18.1268406, 18.4614516, -31.1749292, -38.997908, 0.0, -20.7216238, -32.362317, 7.74586816, -39.5660344, 0.0
24.552108, -25.7939532, 7.91630416, 24.0004682, 5.29523756, 0.0, -11.0874062, -13.792561, 7.7056235200000005, 19.1723136, 17.4541556, 0.0, -8.40163014, -17.7286988, 18.354485800000003, -30.7379056, -38.9444, 0.0, -20.1529794, -31.751716, 7.76026608, -39.9785512, 0.0
24.618557, -25.35973, 7.5510197, 23.671919, 5.2751827, 0.0, -11.426244, -13.206463, 7.69962, 19.48217, 16.934584, 0.0, -8.627273, -17.330557, 18.24752, -30.300882, -38.890892, 0.0, -19.584335, -31.141115, 7.774664, -40.391068, 0.0
24.6222824, -24.8743838, 7.119846460000001, 23.360452, 5.36244356, 0.0, -12.0644772, -12.499896, 7.7174208, 19.6811256, 16.5690662, 0.0, -8.659265000000001, -16.7612496, 17.9552044, -29.828619200000002, -38.6181816, 0.0, -19.1020726, -30.508858399999998, 7.7082402, -40.325959399999995, 0.0
24.6260078, -24.389037599999998, 6.68867322, 23.048985, 5.44970442, 0.0, -12.7027104, -11.793329, 7.7352216, 19.8800812, 16.2035484, 0.0, -8.691257, -16.1919422, 17.6628888, -29.356356400000003, -38.3454712, 0.0, -18.6198102, -29.8766018, 7.6418164, -40.2608508, 0.0
24.6297332, -23.9036914, 6.25749998, 22.737518, 5.53696528, 0.0, -13.3409436, -11.086762, 7.753022400000001, 20.0790368, 15.8380306, 0.0, -8.723249000000001, -15.6226348, 17.3705732, -28.8840936, -38.072760800000005, 0.0, -18.1375478, -29.244345199999998, 7.5753926, -40.1957422, 0.0
24.6334586, -23.418345199999997, 5.826326740000001, 22.426051, 5.62422614, 0.0, -13.9791768, -10.380195, 7.770823200000001, 20.2779924, 15.4725128, 0.0, -8.755241, -15.053327399999999, 17.0782576, -28.4118308, -37.8000504, 0.0, -17.6552854, -28.6120886, 7.5089688, -40.1306336, 0.0
24.637184, -22.932999, 5.3951535, 22.114584, 5.711487, 0.0, -14.61741, -9.673628, 7.788624, 20.476948, 15.106995, 0.0, -8.787233, -14.48402, 16.785942, -27.939568, -37.52734, 0.0, -17.173023, -27.979832, 7.442545, -40.065525, 0.0
24.637184, -22.3097842, 4.977142880000001, 21.8804512, 5.80561586, 0.0, -15.478766, -9.1099335, 7.75605188, 20.3293658, 14.8167802, 0.0, -8.677502800000001, -13.803763799999999, 16.430607, -27.1672538, -37.086140400000005, 0.0, -16.6616744, -27.2408696, 7.5613626, -40.0062256, 0.0
24.637184, -21.6865694, 4.55913226, 21.6463184, 5.89974472, 0.0, -16.340122, -8.546239, 7.72347976, 20.1817836, 14.526565399999999, 0.0, -8.5677726, -13.1235076, 16.075272, -26.3949396, -36.6449408, 0.0, -16.1503258, -26.501907199999998, 7.6801802, -39.9469262, 0.0
24.637184, -21.0633546, 4.14112164, 21.4121856, 5.99387358, 0.0, -17.201478, -7.9825445, 7.690907640000001, 20.0342014, 14.2363506, 0.0, -8.4580424, -12.4432514, 15.719936999999998, -25.6226254, -36.2037412, 0.0, -15.6389772, -25.7629448, 7.7989978, -39.8876268, 0.0
24.637184, -20.4401398, 3.72311102, 21.1780528, 6.08800244, 0.0, -18.062834, -7.418850000000001, 7.6583355200000005, 19.8866192, 13.946135799999999, 0.0, -8.348312199999999, -11.762995199999999, 15.364602, -24.8503112, -35.7625416, 0.0, -15.1276286, -25.023982399999998, 7.9178154, -39.8283274, 0.0
24.637184, -19.816925, 3.3051004, 20.94392, 6.1821313, 0.0, -18.92419, -6.8551555, 7.6257634, 19.739037, 13.655921, 0.0, -8.238582, -11.082739, 15.009267, -24.077997, -35.321342, 0.0, -14.61628, -24.28502, 8.036633, -39.769028, 0.0
24.637184, -19.1107196, 2.82564552, 20.789493, 6.3739523, 0.0, -19.690616, -6.6768964, 7.3185239200000005, 19.2540848, 13.355324999999999, 0.0, -8.04218834, -10.3112194, 14.5884836, -23.1117984, -34.5949608, 0.0, -14.0145486, -23.7038334, 8.2747094, -39.687739, 0.0
24.637184, -18.4045142, 2.34619064, 20.635066, 6.5657733, 0.0, -20.457041999999998, -6.4986373, 7.01128444, 18.7691326, 13.054729, 0.0, -7.845794679999999, -9.5396998, 14.1677002, -22.1455998, -33.868579600000004, 0.0, -13.4128172, -23.1226468, 8.5127858, -39.60645, 0.0
24.637184, -17.6983088, 1.86673576, 20.480639, 6.7575943, 0.0, -21.223467999999997, -6.3203782, 6.70404496, 18.2841804, 12.754133, 0.0, -7.649401019999999, -8.7681802, 13.746916800000001, -21.1794012, -33.1421984, 0.0, -12.8110858, -22.5414602, 8.7508622, -39.525161, 0.0
24.637184, -16.9921034, 1.38728088, 20.326211999999998, 6.9494153, 0.0, -21.989894, -6.1421191, 6.396805479999999, 17.799228199999998, 12.453537, 0.0, -7.45300736, -7.9966606, 13.3261334, -20.2132026, -32.4158172, 0.0, -12.2093544, -21.960273599999997, 8.9889386, -39.443872, 0.0
24.637184, -16.285898, 0.907826, 20.171785, 7.1412363, 0.0, -22.75632, -5.96386, 6.089566, 17.314276, 12.152941, 0.0, -7.2566137, -7.225141, 12.90535, -19.247004, -31.689436, 0.0, -11.607623, -21.379087, 9.227015, -39.362583, 0.0
24.6358332, -15.6896744, 0.32483333999999997, 20.1162954, 7.49629264, 0.0, -23.075875999999997, -6.12648332, 5.454815539999999, 16.7780928, 11.9726416, 0.0, -7.01177184, -6.41391832, 12.444489, -18.3133282, -30.544397, 0.0, -10.8767109, -20.917645, 9.4235538, -38.9770392, 0.0
24.6344824, -15.0934508, -0.2581593200000001, 20.0608058, 7.85134898, 0.0, -23.395432, -6.28910664, 4.82006508, 16.2419096, 11.7923422, 0.0, -6.76692998, -5.60269564, 11.983628, -17.3796524, -29.399358, 0.0, -10.1457988, -20.456203, 9.6200926, -38.5914954, 0.0
24.633131600000002, -14.4972272, -0.8411519800000002, 20.0053162, 8.20640532, 0.0, -23.714987999999998, -6.451729960000001, 4.18531462, 15.7057264, 11.6120428, 0.0, -6.522088119999999, -4.79147296, 11.522767, -16.4459766, -28.254319000000002, 0.0, -9.4148867, -19.994761, 9.8166314, -38.2059516, 0.0
24.6317808, -13.9010036, -1.4241446400000002, 19.9498266, 8.561461659999999, 0.0, -24.034544, -6.6143532800000004, 3.55056416, 15.1695432, 11.4317434, 0.0, -6.27724626, -3.9802502800000004, 11.061905999999999, -15.5123008, -27.109280000000002, 0.0, -8.683974599999999, -19.533319, 10.0131702, -37.8204078, 0.0
24.63043, -13.30478, -2.0071373, 19.894337, 8.916518, 0.0, -24.3541, -6.7769766, 2.9158137, 14.63336, 11.251444, 0.0, -6.0324044, -3.1690276, 10.601045, -14.578625, -25.964241, 0.0, -7.9530625, -19.071877, 10.209709, -37.434864, 0.0
24.602056, -13.0349618, -2.55613212, 19.9454824, 9.316649, 0.0, -24.407187399999998, -7.10695248, 2.421623034, 14.1589646, 11.3264836, 0.0, -5.73972452, -2.35173804, 10.299315, -13.7113046, -24.2596744, 0.0, -7.12179916, -18.7507656, 10.329582, -36.543032, 0.0
24.573682, -12.7651436, -3.1051269400000003, 19.9966278, 9.71678, 0.0, -24.4602748, -7.4369283600000005, 1.927432368, 13.6845692, 11.4015232, 0.0, -5.44704464, -1.53444848, 9.997584999999999, -12.8439842, -22.555107800000002, 0.0, -6.29053582, -18.4296542, 10.449455, -35.651199999999996, 0.0
24.545308, -12.495325399999999, -3.6541217600000007, 20.0477732, 10.116911, 0.0, -24.5133622, -7.766904240000001, 1.4332417020000001, 13.2101738, 11.4765628, 0.0, -5.15436476, -0.7171589199999997, 9.695855, -11.9766638, -20.850541200000002, 0.0, -5.45927248, -18.1085428, 10.569328, -34.759368, 0.0
24.516934, -12.2255072, -4.2031165800000005, 20.0989186, 10.517042, 0.0, -24.566449600000002, -8.096880120000002, 0.939051036, 12.735778400000001, 11.5516024, 0.0, -4.86168488, 0.10013064000000016, 9.394124999999999, -11.1093434, -19.1459746, 0.0, -4.62800914, -17.7874314, 10.689201, -33.867536, 0.0
24.48856, -11.955689, -4.7521114, 20.150064, 10.917173, 0.0, -24.619537, -8.426856, 0.44486037, 12.261383, 11.626642, 0.0, -4.569005, 0.9174202, 9.092395, -10.242023, -17.441408, 0.0, -3.7967458, -17.46632, 10.809074, -32.975704, 0.0
24.3043704, -12.0077356, -4.964967720000001, 20.1946362, 11.131005, 0.0, -24.6090836, -8.814224000000001, 0.260777236, 11.8728884, 11.9155208, 0.0, -4.27720092, 1.63225244, 9.0126562, -9.41437092, -15.127995199999999, 0.0, -2.981785584, -17.328266799999998, 10.906572800000001, -31.5607118, 0.0
24.1201808, -12.0597822, -5.17782404, 20.2392084, 11.344837, 0.0, -24.598630200000002, -9.201592, 0.07669410199999999, 11.484393800000001, 12.2043996, 0.0, -3.98539684, 2.34708468, 8.932917400000001, -8.58671884, -12.814582399999999, 0.0, -2.166825368, -17.1902136, 11.004071600000001, -30.1457196, 0.0
23.9359912, -12.1118288, -5.39068036, 20.2837806, 11.558669, 0.0, -24.5881768, -9.58896, -0.10738903200000005, 11.095899200000002, 12.4932784, 0.0, -3.69359276, 3.0619169200000003, 8.8531786, -7.75906676, -10.5011696, 0.0, -1.3518651520000002, -17.052160399999998, 11.1015704, -28.7307274, 0.0
23.7518016, -12.1638754, -5.6035366799999995, 20.328352799999998, 11.772501, 0.0, -24.5777234, -9.976327999999999, -0.29147216600000003, 10.7074046, 12.7821572, 0.0, -3.40178868, 3.77674916, 8.7734398, -6.93141468, -8.1877568, 0.0, -0.536904936, -16.9141072, 11.1990692, -27.3157352, 0.0
23.567612, -12.215922, -5.816393, 20.372925, 11.986333, 0.0, -24.56727, -10.363696, -0.4755553, 10.31891, 13.071036, 0.0, -3.1099846, 4.4915814, 8.693701, -6.1037626, -5.874344, 0.0, 0.27805528, -16.776054, 11.296568, -25.900743, 0.0
23.116136400000002, -12.3396098, -5.7126357, 20.236102, 12.0215164, 0.0, -24.513158, -10.6930974, -0.495886492, 10.015079400000001, 13.400333999999999, 0.0, -2.8780697600000003, 4.88938932, 8.622919000000001, -5.4004045199999995, -3.2157631999999996, 0.0, 0.840244884, -16.7168508, 11.402802600000001, -24.109839599999997, 0.0
22.6646608, -12.4632976, -5.6088784, 20.099279, 12.0566998, 0.0, -24.459046, -11.0224988, -0.516217684, 9.7112488, 13.729631999999999, 0.0, -2.6461549200000003, 5.28719724, 8.552137, -4.697046439999999, -0.5571823999999994, 0.0, 1.402434488, -16.6576476, 11.5090372, -22.3189362, 0.0
22.2131852, -12.5869854, -5.505121099999999, 19.962456, 12.0918832, 0.0, -24.404934, -11.3519002, -0.536548876, 9.4074182, 14.05893, 0.0, -2.41424008, 5.68500516, 8.481355, -3.99368836, 2.1013984000000008, 0.0, 1.964624092, -16.598444399999998, 11.6152718, -20.5280328, 0.0
21.7617096, -12.7106732, -5.4013637999999995, 19.825633, 12.127066600000001, 0.0, -24.350822, -11.6813016, -0.556880068, 9.1035876, 14.388228, 0.0, -2.18232524, 6.08281308, 8.410573, -3.29033028, 4.759979200000001, 0.0, 2.5268136959999996, -16.5392412, 11.721506399999999, -18.7371294, 0.0
21.310234, -12.834361, -5.2976065, 19.68881, 12.16225, 0.0, -24.29671, -12.010703, -0.57721126, 8.799757, 14.717526, 0.0, -1.9504104, 6.480621, 8.339791, -2.5869722, 7.41856, 0.0, 3.0890033, -16.480038, 11.827741, -16.946226, 0.0
20.9008124, -12.8229954, -5.30460608, 19.22597, 12.3533836, 0.0, -24.202786200000002, -12.135190399999999, -0.557962184, 8.55545674, 15.0043708, 0.0, -1.78811564, 6.4766564, 8.19587054, -2.0119051519999998, 10.1157752, 0.0, 3.2868429, -16.424409, 11.860923399999999, -14.89869308, 0.0
20.4913908, -12.8116298, -5.31160566, 18.76313, 12.5445172, 0.0, -24.1088624, -12.259677799999999, -0.538713108, 8.31115648, 15.2912156, 0.0, -1.62582088, 6.4726918, 8.05195008, -1.436838104, 12.8129904, 0.0, 3.4846825, -16.36878, 11.8941058, -12.85116016, 0.0
20.0819692, -12.800264199999999, -5.31860524, 18.30029, 12.7356508, 0.0, -24.0149386, -12.3841652, -0.519464032, 8.06685622, 15.5780604, 0.0, -1.46352612, 6.4687272, 7.90802962, -0.861771056, 15.510205599999999, 0.0, 3.6825221, -16.313150999999998, 11.9272882, -10.80362724, 0.0
19.6725476, -12.7888986, -5.32560482, 17.83745, 12.926784399999999, 0.0, -23.9210148, -12.5086526, -0.500214956, 7.82255596, 15.864905199999999, 0.0, -1.30123136, 6.464762599999999, 7.76410916, -0.28670400800000007, 18.2074208, 0.0, 3.8803617, -16.257521999999998, 11.9604706, -8.75609432, 0.0
19.263126, -12.777533, -5.3326044, 17.37461, 13.117918, 0.0, -23.827091, -12.63314, -0.48096588, 7.5782557, 16.15175, 0.0, -1.1389366, 6.460798, 7.6201887, 0.28836304, 20.904636, 0.0, 4.0782013, -16.201893, 11.993653, -6.7085614, 0.0
19.2633076, -12.5275792, -5.39789052, 16.7781148, 13.503114799999999, 0.0, -23.7318034, -12.5223, -0.445726094, 7.34555376, 16.2835688, 0.0, -1.03407166, 6.1776839, 7.49827508, 0.812532472, 23.4436376, 0.0, 4.02275934, -16.083646799999997, 11.9268784, -4.5627438399999996, 0.0
19.2634892, -12.2776254, -5.46317664, 16.1816196, 13.8883116, 0.0, -23.6365158, -12.41146, -0.41048630799999997, 7.1128518199999995, 16.4153876, 0.0, -0.92920672, 5.8945698, 7.37636146, 1.3367019039999999, 25.9826392, 0.0, 3.96731738, -15.965400599999999, 11.8601038, -2.41692628, 0.0
19.2636708, -12.0276716, -5.52846276, 15.585124400000002, 14.273508399999999, 0.0, -23.5412282, -12.300619999999999, -0.37524652199999997, 6.880149879999999, 16.5472064, 0.0, -0.82434178, 5.6114557000000005, 7.25444784, 1.8608713360000002, 28.5216408, 0.0, 3.91187542, -15.847154399999999, 11.7933292, -0.27110871999999997, 0.0
19.263852399999998, -11.7777178, -5.593748880000001, 14.9886292, 14.6587052, 0.0, -23.4459406, -12.189779999999999, -0.340006736, 6.64744794, 16.679025199999998, 0.0, -0.71947684, 5.3283416, 7.13253422, 2.385040768, 31.0606424, 0.0, 3.85643346, -15.7289082, 11.7265546, 1.8747088399999994, 0.0
19.264034, -11.527764, -5.659035, 14.392134, 15.043902, 0.0, -23.350653, -12.07894, -0.30476695, 6.414746, 16.810844, 0.0, -0.6146119, 5.0452275, 7.0106206, 2.9092102, 33.599644, 0.0, 3.8009915, -15.610662, 11.65978, 4.0205264, 0.0
19.675551, -11.0480666, -5.58595688, 13.750351, 15.3653958, 0.0, -23.288327600000002, -11.8038182, -0.272909496, 6.1502286, 16.8318314, 0.0, -0.5688953919999999, 4.75368, 6.95006348, 3.38517116, 35.805803999999995, 0.0, 3.74104192, -15.4293934, 11.4601138, 6.26224052, 0.0
20.087068, -10.5683692, -5.51287876, 13.108568, 15.6868896, 0.0, -23.2260022, -11.5286964, -0.241052042, 5.8857112, 16.852818799999998, 0.0, -0.523178884, 4.4621325, 6.88950636, 3.8611321199999997, 38.011964, 0.0, 3.6810923399999997, -15.2481248, 11.2604476, 8.50395464, 0.0
20.498585, -10.0886718, -5.43980064, 12.466785, 16.0083834, 0.0, -23.1636768, -11.2535746, -0.20919458800000001, 5.6211938, 16.8738062, 0.0, -0.47746237599999997, 4.170585, 6.82894924, 4.33709308, 40.218123999999996, 0.0, 3.62114276, -15.0668562, 11.0607814, 10.745668760000001, 0.0
20.910102, -9.6089744, -5.36672252, 11.825002, 16.329877200000002, 0.0, -23.1013514, -10.9784528, -0.177337134, 5.3566764, 16.8947936, 0.0, -0.431745868, 3.8790375, 6.768392120000001, 4.81305404, 42.424284, 0.0, 3.56119318, -14.8855876, 10.861115199999999, 12.98738288, 0.0
21.321619, -9.129277, -5.2936444, 11.183219, 16.651371, 0.0, -23.039026, -10.703331, -0.14547968, 5.092159, 16.915781, 0.0, -0.38602936, 3.58749, 6.707835, 5.289015, 44.630444, 0.0, 3.5012436, -14.704319, 10.661449, 15.229097, 0.0
21.799212599999997, -8.5366698, -5.0890742, 10.425262199999999, 16.8294868, 0.0, -23.0512274, -10.304756000000001, -0.144640748, 4.8188447199999995, 16.902520799999998, 0.0, -0.397720562, 3.4513243, 6.70848992, 5.7102778, 46.4240138, 0.0, 3.50984848, -14.4524534, 10.2763188, 17.448296799999998, 0.0
22.2768062, -7.9440626000000005, -4.884504, 9.6673054, 17.007602600000002, 0.0, -23.0634288, -9.906181, -0.143801816, 4.545530439999999, 16.8892606, 0.0, -0.409411764, 3.3151585999999997, 6.70914484, 6.1315406, 48.2175836, 0.0, 3.51845336, -14.2005878, 9.8911886, 19.6674966, 0.0
22.754399799999998, -7.3514554, -4.6799338, 8.9093486, 17.1857184, 0.0, -23.0756302, -9.507606000000001, -0.142962884, 4.272216159999999, 16.8760004, 0.0, -0.42110296599999997, 3.1789929, 6.70979976, 6.5528034, 50.0111534, 0.0, 3.52705824, -13.9487222, 9.5060584, 21.886696399999998, 0.0
23.2319934, -6.7588482, -4.4753636, 8.151391799999999, 17.3638342, 0.0, -23.0878316, -9.109031, -0.142123952, 3.99890188, 16.8627402, 0.0, -0.432794168, 3.0428271999999996, 6.710454680000001, 6.9740662, 51.8047232, 0.0, 3.53566312, -13.6968566, 9.1209282, 24.105896199999997, 0.0
23.709587, -6.166241, -4.2707934, 7.393435, 17.54195, 0.0, -23.100033, -8.710456, -0.14128502, 3.7255876, 16.84948, 0.0, -0.44448537, 2.9066615, 6.7111096, 7.395329, 53.598293, 0.0, 3.544268, -13.444991, 8.735798, 26.325096, 0.0
23.8790716, -5.66363664, -4.0440005999999995, 6.6191412000000005, 17.7054064, 0.0, -23.1581376, -8.30191954, -0.15825428600000002, 3.45318084, 16.8289306, 0.0, -0.476944036, 2.8467537999999997, 6.716968280000001, 7.7241006, 54.9710058, 0.0, 3.5107192, -13.217223, 7.972224520000001, 28.4158598, 0.0
24.0485562, -5.161032280000001, -3.8172078, 5.8448474, 17.8688628, 0.0, -23.2162422, -7.89338308, -0.175223552, 3.18077408, 16.8083812, 0.0, -0.509402702, 2.7868461, 6.72282696, 8.0528722, 56.3437186, 0.0, 3.4771704, -12.989455, 7.20865104, 30.506623599999998, 0.0
24.218040799999997, -4.65842792, -3.5904149999999997, 5.0705536, 18.0323192, 0.0, -23.2743468, -7.48484662, -0.19219281800000002, 2.90836732, 16.7878318, 0.0, -0.541861368, 2.7269384, 6.72868564, 8.3816438, 57.716431400000005, 0.0, 3.4436216, -12.761687, 6.4450775600000005, 32.5973874, 0.0
24.387525399999998, -4.15582356, -3.3636222, 4.2962598, 18.195775599999997, 0.0, -23.3324514, -7.07631016, -0.20916208400000003, 2.63596056, 16.7672824, 0.0, -0.574320034, 2.6670307, 6.7345443199999995, 8.7104154, 59.0891442, 0.0, 3.4100728, -12.533919, 5.68150408, 34.6881512, 0.0
24.55701, -3.6532192, -3.1368294, 3.521966, 18.359232, 0.0, -23.390556, -6.6677737, -0.22613135, 2.3635538, 16.746733, 0.0, -0.6067787, 2.607123, 6.740403, 9.039187, 60.461857, 0.0, 3.376524, -12.306151, 4.9179306, 36.778915, 0.0
24.5726752, -3.35760858, -2.96717006, 2.9353698, 18.562056, 0.0, -23.4384442, -6.35171202, -0.229497708, 2.12623444, 16.761317599999998, 0.0, -0.602920666, 2.52983306, 6.76936974, 9.3001716, 61.450115600000004, 0.0, 3.3002856, -12.0950464, 3.72041126, 38.7533428, 0.0
24.5883404, -3.0619979600000002, -2.79751072, 2.3487736, 18.764879999999998, 0.0, -23.4863324, -6.03565034, -0.232864066, 1.88891508, 16.775902199999997, 0.0, -0.599062632, 2.45254312, 6.79833648, 9.561156200000001, 62.4383742, 0.0, 3.2240472, -11.8839418, 2.52289192, 40.7277706, 0.0
24.604005599999997, -2.76638734, -2.62785138, 1.7621774, 18.967704, 0.0, -23.5342206, -5.719588659999999, -0.236230424, 1.65159572, 16.7904868, 0.0, -0.595204598, 2.37525318, 6.82730322, 9.8221408, 63.4266328, 0.0, 3.1478088, -11.6728372, 1.3253725800000002, 42.7021984, 0.0
24.619670799999998, -2.47077672, -2.45819204, 1.1755811999999999, 19.170528, 0.0, -23.5821088, -5.40352698, -0.239596782, 1.4142763600000001, 16.8050714, 0.0, -0.591346564, 2.29796324, 6.85626996, 10.0831254, 64.4148914, 0.0, 3.0715703999999997, -11.461732600000001, 0.1278532400000003, 44.6766262, 0.0
24.635336, -2.1751661, -2.2885327, 0.588985, 19.373352, 0.0, -23.629997, -5.0874653, -0.24296314, 1.176957, 16.819656, 0.0, -0.58748853, 2.2206733, 6.8852367, 10.34411, 65.40315, 0.0, 2.995332, -11.250628, -1.0696661, 46.651054, 0.0
24.635705599999998, -2.07636214, -2.1818893200000002, 0.24870957999999993, 19.591987200000002, 0.0, -23.6581942, -4.8690368799999995, -0.22829560399999999, 1.01034269, 16.8894746, 0.0, -0.53068677, 2.11138804, 6.94800476, 10.6201262, 66.04933199999999, 0.0, 2.87294174, -11.065073400000001, -2.4403896, 48.261614, 0.0
24.6360752, -1.9775581800000002, -2.0752459400000003, -0.09156584000000012, 19.8106224, 0.0, -23.6863914, -4.65060846, -0.213628068, 0.84372838, 16.959293199999998, 0.0, -0.47388501, 2.00210278, 7.01077282, 10.8961424, 66.695514, 0.0, 2.75055148, -10.879518800000001, -3.8111131, 49.872174, 0.0
24.6364448, -1.87875422, -1.9686025600000001, -0.4318412600000002, 20.0292576, 0.0, -23.7145886, -4.43218004, -0.198960532, 0.67711407, 17.0291118, 0.0, -0.41708325, 1.89281752, 7.07354088, 11.1721586, 67.341696, 0.0, 2.62816122, -10.6939642, -5.1818366, 51.482734, 0.0
24.636814400000002, -1.7799502600000001, -1.86195918, -0.7721166800000002, 20.2478928, 0.0, -23.7427858, -4.21375162, -0.184292996, 0.51049976, 17.098930399999997, 0.0, -0.36028149, 1.78353226, 7.13630894, 11.4481748, 67.98787800000001, 0.0, 2.50577096, -10.5084096, -6.5525601, 53.093294, 0.0
24.637184, -1.6811463, -1.7553158, -1.1123921, 20.466528, 0.0, -23.770983, -3.9953232, -0.16962546, 0.34388545, 17.168749, 0.0, -0.30347973, 1.674247, 7.199077, 11.724191, 68.63406, 0.0, 2.3833807, -10.322855, -7.9232836, 54.703854, 0.0
24.637184, -1.59554014, -1.6799627, -1.30640518, 20.6404222, 0.0, -23.8293772, -3.84426734, -0.184494542, 0.2639272252, 17.2101452, 0.0, -0.24115674580000002, 1.64194736, 7.2203329, 12.0454182, 69.01423, 0.0, 2.26040798, -10.2710808, -9.04388148, 55.7682092, 0.0
24.637184, -1.50993398, -1.6046095999999999, -1.50041826, 20.8143164, 0.0, -23.887771400000002, -3.69321148, -0.19936362400000002, 0.18396900039999997, 17.2515414, 0.0, -0.1788337616, 1.6096477200000001, 7.2415888, 12.3666454, 69.3944, 0.0, 2.13743526, -10.2193066, -10.16447936, 56.8325644, 0.0
24.637184, -1.42432782, -1.5292564999999998, -1.69443134, 20.988210600000002, 0.0, -23.9461656, -3.54215562, -0.214232706, 0.10401077559999997, 17.2929376, 0.0, -0.11651077739999999, 1.57734808, 7.2628447000000005, 12.6878726, 69.77457, 0.0, 2.0144625400000002, -10.1675324, -11.28507724, 57.8969196, 0.0
24.637184, -1.33872166, -1.4539034, -1.88844442, 21.1621048, 0.0, -24.004559800000003, -3.39109976, -0.229101788, 0.02405255079999996, 17.3343338, 0.0, -0.0541877932, 1.54504844, 7.2841006, 13.0090998, 70.15474, 0.0, 1.8914898199999999, -10.1157582, -12.40567512, 58.9612748, 0.0
24.637184, -1.2531155, -1.3785503, -2.0824575, 21.335999, 0.0, -24.062954, -3.2400439, -0.24397087, -0.055905674, 17.37573, 0.0, 0.008135191, 1.5127488, 7.3053565, 13.330327, 70.53491, 0.0, 1.7685171, -10.063984, -13.526273, 60.02563, 0.0
24.637184, -1.12524514, -1.3095159399999998, -2.235356, 21.4158638, 0.0, -24.1299332, -3.14747846, -0.265573776, -0.0539132606, 17.3642368, 0.0, 0.0137572176, 1.55776254, 7.2839756, 13.649032, 70.74267, 0.0, 1.66140542, -10.0754726, -14.29112, 60.576562, 0.0
24.637184, -0.99737478, -1.24048158, -2.3882545, 21.4957286, 0.0, -24.1969124, -3.05491302, -0.287176682, -0.0519208472, 17.3527436, 0.0, 0.0193792442, 1.60277628, 7.2625947, 13.967737, 70.95043, 0.0, 1.5542937399999999, -10.0869612, -15.055967, 61.127494, 0.0
24.637184, -0.86950442, -1.17144722, -2.541153, 21.575593400000002, 0.0, -24.2638916, -2.96234758, -0.308779588, -0.0499284338, 17.3412504, 0.0, 0.025001270800000003, 1.64779002, 7.2412138, 14.286442000000001, 71.15819, 0.0, 1.4471820599999998, -10.098449800000001, -15.820814, 61.678426, 0.0
24.637184, -0.74163406, -1.1024128599999998, -2.6940515, 21.6554582, 0.0, -24.3308708, -2.86978214, -0.33038249399999997, -0.0479360204, 17.3297572, 0.0, 0.030623297400000003, 1.69280376, 7.2198329, 14.605147, 71.36595, 0.0, 1.34007038, -10.1099384, -16.585661, 62.229358, 0.0
24.637184, -0.6137637, -1.0333785, -2.84695, 21.735323, 0.0, -24.39785, -2.7772167, -0.3519854, -0.045943607, 17.318264, 0.0, 0.036245324, 1.7378175, 7.198452, 14.923852, 71.57371, 0.0, 1.2329587, -10.121427, -17.350508, 62.78029, 0.0
24.637184, -0.53745189, -0.9766669299999999, -2.96293536, 21.759523, 0.0, -24.4356124, -2.7586778, -0.34644566, -0.0028850235999999946, 17.3046288, 0.0, 0.0015881472000000008, 1.8364426, 7.22919588, 15.2172722, 71.70026, 0.0, 1.1692194599999999, -10.1809542, -17.834822000000003, 63.005732, 0.0
24.637184, -0.46114008, -0.91995536, -3.07892072, 21.783723000000002, 0.0, -24.4733748, -2.7401389, -0.34090592, 0.04017355980000001, 17.2909936, 0.0, -0.0330690296, 1.9350677, 7.25993976, 15.5106924, 71.82681000000001, 0.0, 1.10548022, -10.2404814, -18.319136, 63.231174, 0.0
24.637184, -0.38482827, -0.86324379, -3.19490608, 21.807923, 0.0, -24.5111372, -2.7216, -0.33536618, 0.0832321432, 17.2773584, 0.0, -0.06772620640000002, 2.0336928, 7.290683639999999, 15.8041126, 71.95336, 0.0, 1.04174098, -10.3000086, -18.80345, 63.456616, 0.0
24.637184, -0.30851646, -0.80653222, -3.3108914400000002, 21.832123, 0.0, -24.5488996, -2.7030610999999998, -0.32982644, 0.12629072660000001, 17.2637232, 0.0, -0.10238338320000001, 2.1323179, 7.321427519999999, 16.0975328, 72.07991000000001, 0.0, 0.97800174, -10.3595358, -19.287764, 63.682058, 0.0
24.637184, -0.23220465, -0.74982065, -3.4268768, 21.856323, 0.0, -24.586662, -2.6845222, -0.3242867, 0.16934931, 17.250088, 0.0, -0.13704056, 2.230943, 7.3521714, 16.390953, 72.20646, 0.0, 0.9142625, -10.419063, -19.772078, 63.9075, 0.0
24.637184, -0.259457514, -0.74575584, -3.48673964, 21.877216999999998, 0.0, -24.5919724, -2.73865126, -0.293630016, 0.211311142, 17.3064612, 0.0, -0.173738352, 2.3319498, 7.44879132, 16.6325744, 72.317042, 0.0, 0.89653076, -10.5123616, -20.1049586, 64.041868, 0.0
24.637184, -0.286710378, -0.74169103, -3.5466024800000002, 21.898111, 0.0, -24.5972828, -2.79278032, -0.262973332, 0.25327297400000004, 17.3628344, 0.0, -0.210436144, 2.4329566, 7.54541124, 16.8741958, 72.42762400000001, 0.0, 0.87879902, -10.605660199999999, -20.4378392, 64.176236, 0.0
24.637184, -0.31396324200000003, -0.73762622, -3.60646532, 21.919005, 0.0, -24.6025932, -2.84690938, -0.232316648, 0.295234806, 17.4192076, 0.0, -0.247133936, 2.5339634, 7.642031159999999, 17.115817200000002, 72.538206, 0.0, 0.86106728, -10.6989588, -20.770719800000002, 64.310604, 0.0
24.637184, -0.341216106, -0.7335614100000001, -3.66632816, 21.939899, 0.0, -24.6079036, -2.9010384399999998, -0.201659964, 0.337196638, 17.4755808, 0.0, -0.283831728, 2.6349702, 7.7386510799999995, 17.357438600000002, 72.64878800000001, 0.0, 0.84333554, -10.792257399999999, -21.1036004, 64.444972, 0.0
24.637184, -0.36846897, -0.7294966, -3.726191, 21.960793, 0.0, -24.613214, -2.9551675, -0.17100328, 0.37915847, 17.531954, 0.0, -0.32052952, 2.735977, 7.835271, 17.59906, 72.75937, 0.0, 0.8256038, -10.885556, -21.436481, 64.57934, 0.0
24.637184, -0.460969102, -0.761112334, -3.7379789, 21.977372, 0.0, -24.6033454, -3.040578, -0.127911856, 0.40278007600000004, 17.653548999999998, 0.0, -0.351136672, 2.78138634, 7.9537666, 17.795518400000002, 72.851809, 0.0, 0.8192627, -10.959616599999999, -21.680513, 64.6772232, 0.0
24.637184, -0.553469234, -0.7927280680000001, -3.7497668, 21.993951, 0.0, -24.593476799999998, -3.1259885, -0.084820432, 0.426401682, 17.775143999999997, 0.0, -0.381743824, 2.82679568, 8.0722622, 17.9919768, 72.944248, 0.0, 0.8129216, -11.0336772, -21.924545000000002, 64.7751064, 0.0
24.637184, -0.645969366, -0.824343802, -3.7615547, 22.01053, 0.0, -24.5836082, -3.211399, -0.041729007999999984, 0.450023288, 17.896739, 0.0, -0.412350976, 2.87220502, 8.1907578, 18.1884352, 73.036687, 0.0, 0.8065804999999999, -11.107737799999999, -22.168577, 64.8729896, 0.0
24.637184, -0.738469498, -0.8559595360000001, -3.7733426000000003, 22.027109, 0.0, -24.5737396, -3.2968094999999997, 0.0013624160000000052, 0.473644894, 18.018334, 0.0, -0.442958128, 2.91761436, 8.3092534, 18.384893599999998, 73.129126, 0.0, 0.8002393999999999, -11.1817984, -22.412609, 64.9708728, 0.0
24.637184, -0.83096963, -0.88757527, -3.7851305, 22.043688, 0.0, -24.563871, -3.38222, 0.04445384, 0.4972665, 18.139929, 0.0, -0.47356528, 2.9630237, 8.427749, 18.581352, 73.221565, 0.0, 0.7938983, -11.255859, -22.656641, 65.068756, 0.0
24.637184, -0.939321664, -0.944742156, -3.75518302, 22.0732444, 0.0, -24.5604504, -3.46520216, 0.079878366, 0.502851152, 18.2138764, 0.0, -0.464523678, 2.93938712, 8.493480400000001, 18.7386084, 73.26899399999999, 0.0, 0.7681630399999999, -11.287092, -22.7929848, 65.1237518, 0.0
24.637184, -1.0476736979999999, -1.001909042, -3.72523554, 22.1028008, 0.0, -24.5570298, -3.54818432, 0.11530289199999999, 0.508435804, 18.287823799999998, 0.0, -0.455482076, 2.91575054, 8.5592118, 18.8958648, 73.316423, 0.0, 0.74242778, -11.318325, -22.9293286, 65.1787476, 0.0
24.637184, -1.1560257319999998, -1.059075928, -3.69528806, 22.132357199999998, 0.0, -24.5536092, -3.63116648, 0.150727418, 0.514020456, 18.3617712, 0.0, -0.446440474, 2.89211396, 8.6249432, 19.0531212, 73.363852, 0.0, 0.7166925199999999, -11.349558, -23.0656724, 65.2337434, 0.0
24.637184, -1.264377766, -1.116242814, -3.66534058, 22.1619136, 0.0, -24.5501886, -3.71414864, 0.18615194399999999, 0.5196051079999999, 18.435718599999998, 0.0, -0.437398872, 2.86847738, 8.6906746, 19.210377599999997, 73.411281, 0.0, 0.69095726, -11.380791, -23.202016200000003, 65.2887392, 0.0
24.637184, -1.3727298, -1.1734097, -3.6353931, 22.19147, 0.0, -24.546768, -3.7971308, 0.22157647, 0.52518976, 18.509666, 0.0, -0.42835727, 2.8448408, 8.756406, 19.367634, 73.45871, 0.0, 0.665222, -11.412024, -23.33836, 65.343735, 0.0
24.637184, -1.4685152799999999, -1.2312934800000002, -3.58307108, 22.215874, 0.0, -24.5559554, -3.8758107, 0.237344648, 0.519443192, 18.5412148, 0.0, -0.399504212, 2.78167644, 8.7691998, 19.494283199999998, 73.478048, 0.0, 0.6169610799999999, -11.420725000000001, -23.3773874, 65.35710999999999, 0.0
24.637184, -1.5643007599999998, -1.28917726, -3.5307490599999998, 22.240278, 0.0, -24.5651428, -3.9544906, 0.253112826, 0.5136966239999999, 18.5727636, 0.0, -0.37065115400000004, 2.71851208, 8.7819936, 19.620932399999997, 73.497386, 0.0, 0.56870016, -11.429426000000001, -23.416414800000002, 65.370485, 0.0
24.637184, -1.66008624, -1.34706104, -3.47842704, 22.264682, 0.0, -24.5743302, -4.0331705, 0.26888100400000003, 0.507950056, 18.6043124, 0.0, -0.341798096, 2.65534772, 8.7947874, 19.7475816, 73.516724, 0.0, 0.52043924, -11.438127, -23.4554422, 65.38386, 0.0
24.637184, -1.75587172, -1.4049448199999999, -3.42610502, 22.289086, 0.0, -24.5835176, -4.1118504, 0.284649182, 0.502203488, 18.6358612, 0.0, -0.312945038, 2.59218336, 8.8075812, 19.8742308, 73.536062, 0.0, 0.47217832, -11.446828, -23.494469600000002, 65.39723500000001, 0.0
24.637184, -1.8516572, -1.4628286, -3.373783, 22.31349, 0.0, -24.592705, -4.1905303, 0.30041736, 0.49645692, 18.66741, 0.0, -0.28409198, 2.529019, 8.820375, 20.00088, 73.5554, 0.0, 0.4239174, -11.455529, -23.533497, 65.41061, 0.0
24.637184, -1.93147052, -1.51248524, -3.3263508, 22.322902000000003, 0.0, -24.5998536, -4.26994144, 0.315009168, 0.490261716, 18.7301828, 0.0, -0.272291538, 2.46182924, 8.827994, 20.1014192, 73.577122, 0.0, 0.356725376, -11.4813084, -23.5325636, 65.383666, 0.0
24.637184, -2.01128384, -1.56214188, -3.2789186, 22.332314, 0.0, -24.6070022, -4.34935258, 0.329600976, 0.484066512, 18.7929556, 0.0, -0.26049109600000003, 2.39463948, 8.835613, 20.2019584, 73.598844, 0.0, 0.289533352, -11.5070878, -23.5316302, 65.356722, 0.0
24.637184, -2.09109716, -1.61179852, -3.2314864, 22.341726, 0.0, -24.614150799999997, -4.42876372, 0.344192784, 0.477871308, 18.8557284, 0.0, -0.248690654, 2.32744972, 8.843232, 20.3024976, 73.62056600000001, 0.0, 0.22234132800000003, -11.5328672, -23.5306968, 65.329778, 0.0
24.637184, -2.17091048, -1.66145516, -3.1840542, 22.351138, 0.0, -24.621299399999998, -4.50817486, 0.358784592, 0.471676104, 18.918501199999998, 0.0, -0.236890212, 2.26025996, 8.850851, 20.4030368, 73.64228800000001, 0.0, 0.15514930400000004, -11.558646600000001, -23.5297634, 65.302834, 0.0
24.637184, -2.2507238, -1.7111118, -3.136622, 22.36055, 0.0, -24.628448, -4.587586, 0.3733764, 0.4654809, 18.981274, 0.0, -0.22508977, 2.1930702, 8.85847, 20.503576, 73.66401, 0.0, 0.08795728, -11.584426, -23.52883, 65.27589, 0.0
24.637184, -2.32257364, -1.73513082, -3.09441446, 22.363644, 0.0, -24.6300934, -4.65750148, 0.397447926, 0.468262052, 19.0790286, 0.0, -0.235317316, 2.1305038200000004, 8.8941854, 20.5865848, 73.683864, 0.0, 0.022466662, -11.6267578, -23.5352516, 65.235286, 0.0
24.637184, -2.39442348, -1.75914984, -3.05220692, 22.366738, 0.0, -24.6317388, -4.72741696, 0.421519452, 0.471043204, 19.1767832, 0.0, -0.245544862, 2.06793744, 8.9299008, 20.6695936, 73.703718, 0.0, -0.043023956, -11.6690896, -23.541673199999998, 65.194682, 0.0
24.637184, -2.46627332, -1.78316886, -3.00999938, 22.369832, 0.0, -24.6333842, -4.79733244, 0.445590978, 0.473824356, 19.2745378, 0.0, -0.255772408, 2.00537106, 8.9656162, 20.7526024, 73.723572, 0.0, -0.108514574, -11.7114214, -23.5480948, 65.154078, 0.0
24.637184, -2.53812316, -1.80718788, -2.9677918400000003, 22.372926, 0.0, -24.6350296, -4.8672479200000005, 0.469662504, 0.476605508, 19.3722924, 0.0, -0.265999954, 1.94280468, 9.0013316, 20.8356112, 73.743426, 0.0, -0.174005192, -11.7537532, -23.5545164, 65.113474, 0.0
24.637184, -2.609973, -1.8312069, -2.9255843, 22.37602, 0.0, -24.636675, -4.9371634, 0.49373403, 0.47938666, 19.470047, 0.0, -0.2762275, 1.8802383, 9.037047, 20.91862, 73.76328, 0.0, -0.23949581, -11.796085, -23.560938, 65.07287, 0.0
24.637184, -2.69367732, -1.84888054, -2.8805853800000003, 22.371563000000002, 0.0, -24.636776, -4.99603742, 0.520751392, 0.499981288, 19.547992400000002, 0.0, -0.281946966, 1.82256854, 9.082929799999999, 20.9972628, 73.773928, 0.0, -0.294948708, -11.834331, -23.5700116, 65.044658, 0.0
24.637184, -2.77738164, -1.86655418, -2.83558646, 22.367106, 0.0, -24.636877000000002, -5.054911440000001, 0.547768754, 0.520575916, 19.625937800000003, 0.0, -0.287666432, 1.76489878, 9.1288126, 21.075905600000002, 73.784576, 0.0, -0.350401606, -11.872577, -23.5790852, 65.016446, 0.0
24.637184, -2.86108596, -1.88422782, -2.79058754, 22.362649, 0.0, -24.636978, -5.11378546, 0.5747861160000001, 0.541170544, 19.7038832, 0.0, -0.293385898, 1.70722902, 9.1746954, 21.1545484, 73.79522399999999, 0.0, -0.405854504, -11.910823, -23.5881588, 64.98823399999999, 0.0
24.637184, -2.9447902800000003, -1.9019014600000002, -2.74558862, 22.358192, 0.0, -24.637079, -5.17265948, 0.601803478, 0.561765172, 19.7818286, 0.0, -0.299105364, 1.64955926, 9.2205782, 21.2331912, 73.805872, 0.0, -0.461307402, -11.949069, -23.5972324, 64.960022, 0.0
24.637184, -3.0284946, -1.9195751, -2.7005897, 22.353735, 0.0, -24.63718, -5.2315335, 0.62882084, 0.5823598, 19.859774, 0.0, -0.30482483, 1.5918895, 9.266461, 21.311834, 73.81652, 0.0, -0.5167603, -11.987315, -23.606306, 64.93181, 0.0
24.637184, -3.1461932800000003, -1.9603835200000002, -2.6854268, 22.252269000000002, 0.0, -24.6371808, -5.3109192, 0.653026118, 0.59774836, 19.8890688, 0.0, -0.313545532, 1.51458438, 9.3135142, 21.3630602, 73.80982, 0.0, -0.5621732199999999, -11.9852706, -23.6096886, 64.917782, 0.0
24.637184, -3.26389196, -2.00119194, -2.6702639, 22.150803, 0.0, -24.6371816, -5.3903049, 0.677231396, 0.61313692, 19.9183636, 0.0, -0.322266234, 1.43727926, 9.3605674, 21.4142864, 73.80311999999999, 0.0, -0.60758614, -11.9832262, -23.6130712, 64.903754, 0.0
24.637184, -3.38159064, -2.04200036, -2.655101, 22.049337, 0.0, -24.6371824, -5.4696906, 0.701436674, 0.62852548, 19.9476584, 0.0, -0.330986936, 1.35997414, 9.4076206, 21.4655126, 73.79642, 0.0, -0.65299906, -11.9811818, -23.6164538, 64.889726, 0.0
24.637184, -3.49928932, -2.08280878, -2.6399381, 21.947871, 0.0, -24.637183200000003, -5.5490763, 0.725641952, 0.64391404, 19.9769532, 0.0, -0.339707638, 1.2826690200000002, 9.4546738, 21.516738800000002, 73.78971999999999, 0.0, -0.6984119799999999, -11.9791374, -23.6198364, 64.875698, 0.0
24.637184, -3.616988, -2.1236172, -2.6247752, 21.846405, 0.0, -24.637184, -5.628462, 0.74984723, 0.6593026, 20.006248, 0.0, -0.34842834, 1.2053639, 9.501727, 21.567965, 73.78302, 0.0, -0.7438249, -11.977093, -23.623219, 64.86167, 0.0
24.637184, -3.7143842, -2.1486314, -2.65617488, 21.6431706, 0.0, -24.637184, -5.70831408, 0.764859564, 0.65745296, 20.01708, 0.0, -0.387265444, 1.1064832, 9.5377126, 21.569592, 73.75819, 0.0, -0.76369042, -11.9455466, -23.629697399999998, 64.86366, 0.0
24.637184, -3.8117804, -2.1736456, -2.6875745600000003, 21.4399362, 0.0, -24.637184, -5.78816616, 0.779871898, 0.65560332, 20.027912, 0.0, -0.426102548, 1.0076025, 9.5736982, 21.571219, 73.73335999999999, 0.0, -0.78355594, -11.9140002, -23.6361758, 64.86565, 0.0
24.637184, -3.9091766000000003, -2.1986598, -2.71897424, 21.2367018, 0.0, -24.637184, -5.86801824, 0.7948842319999999, 0.65375368, 20.038743999999998, 0.0, -0.464939652, 0.9087218, 9.609683799999999, 21.572846000000002, 73.70853, 0.0, -0.80342146, -11.8824538, -23.6426542, 64.86764, 0.0
24.637184, -4.0065728, -2.223674, -2.7503739200000004, 21.0334674, 0.0, -24.637184, -5.94787032, 0.8098965659999999, 0.65190404, 20.049576, 0.0, -0.5037767559999999, 0.8098411000000001, 9.6456694, 21.574473, 73.68369999999999, 0.0, -0.82328698, -11.8509074, -23.6491326, 64.86963, 0.0
24.637184, -4.103969, -2.2486882, -2.7817736, 20.830233, 0.0, -24.637184, -6.0277224, 0.8249089, 0.6500544, 20.060408, 0.0, -0.54261386, 0.7109604, 9.681655, 21.5761, 73.65887, 0.0, -0.8431525, -11.819361, -23.655611, 64.87162, 0.0
