/h1_2/pelvis/left_hip_yaw_joint, /h1_2/left_hip_yaw_link/left_hip_pitch_joint, /h1_2/left_hip_pitch_link/left_hip_roll_joint, /h1_2/left_hip_roll_link/left_knee_joint, /h1_2/left_knee_link/left_ankle_pitch_joint, /h1_2/left_ankle_pitch_link/left_ankle_roll_joint, /h1_2/pelvis/right_hip_yaw_joint, /h1_2/right_hip_yaw_link/right_hip_pitch_joint, /h1_2/right_hip_pitch_link/right_hip_roll_joint, /h1_2/right_hip_roll_link/right_knee_joint, /h1_2/right_knee_link/right_ankle_pitch_joint, /h1_2/right_ankle_pitch_link/right_ankle_roll_joint, /h1_2/pelvis/torso_joint, /h1_2/torso_link/left_shoulder_pitch_joint, /h1_2/left_shoulder_pitch_link/left_shoulder_roll_joint, /h1_2/left_shoulder_roll_link/left_shoulder_yaw_joint, /h1_2/left_shoulder_yaw_link/left_elbow_joint, /h1_2/left_elbow_link/left_wrist_roll_joint, /h1_2/torso_link/right_shoulder_pitch_joint, /h1_2/right_shoulder_pitch_link/right_shoulder_roll_joint, /h1_2/right_shoulder_roll_link/right_shoulder_yaw_joint, /h1_2/right_shoulder_yaw_link/right_elbow_joint, /h1_2/right_elbow_link/right_wrist_roll_joint
24.637184, -1.3502591, 0.27070737, -4.814998, 22.446634, 0.0, -23.468187, -2.9334037, -1.4455543, -1.390902, 15.072224, 0.0, 0.06773577, -0.66037416, 9.442702, 18.298561, 71.71474, 0.0, -3.297281, -11.365198, -28.082262, 61.40293, 0.0
24.637184, -1.36453092, 0.28568234, -4.82568566, 22.4493772, 0.0, -23.4732774, -2.93498166, -1.4285398999999999, -1.39317954, 15.050876, 0.0, 0.073095682, -0.6743249880000001, 9.4530548, 18.3054648, 71.708354, 0.0, -3.3059754, -11.370963, -28.066013, 61.3893286, 0.0
24.637184, -1.37880274, 0.30065731, -4.83637332, 22.4521204, 0.0, -23.4783678, -2.93655962, -1.4115255, -1.3954570800000001, 15.029528, 0.0, 0.078455594, -0.688275816, 9.4634076, 18.3123686, 71.70196800000001, 0.0, -3.3146698, -11.376728, -28.049764, 61.3757272, 0.0
24.637184, -1.3930745599999999, 0.31563228, -4.84706098, 22.4548636, 0.0, -23.4834582, -2.93813758, -1.3945111, -1.39773462, 15.00818, 0.0, 0.083815506, -0.702226644, 9.4737604, 18.3192724, 71.695582, 0.0, -3.3233642, -11.382493, -28.033515, 61.3621258, 0.0
24.637184, -1.40734638, 0.33060725, -4.85774864, 22.457606799999997, 0.0, -23.4885486, -2.93971554, -1.3774967, -1.4000121600000002, 14.986832, 0.0, 0.089175418, -0.7161774719999999, 9.4841132, 18.3261762, 71.68919600000001, 0.0, -3.3320586, -11.388258, -28.017266, 61.3485244, 0.0
24.637184, -1.4216182, 0.34558222, -4.8684363, 22.46035, 0.0, -23.493639, -2.9412935, -1.3604823, -1.4022897, 14.965484, 0.0, 0.09453533, -0.7301283, 9.494466, 18.33308, 71.68281, 0.0, -3.340753, -11.394023, -28.001017, 61.334923, 0.0
24.637184, -1.44490638, 0.369697424, -4.87989632, 22.4743668, 0.0, -23.5026844, -2.9374849, -1.33035764, -1.3957989400000002, 14.9387524, 0.0, 0.11050504, -0.73524812, 9.5078436, 18.349332999999998, 71.6776048, 0.0, -3.3532381, -11.412309200000001, -27.986324200000002, 61.3154884, 0.0
24.637184, -1.46819456, 0.393812628, -4.89135634, 22.4883836, 0.0, -23.5117298, -2.9336763, -1.3002329799999999, -1.38930818, 14.9120208, 0.0, 0.12647475, -0.74036794, 9.5212212, 18.365586, 71.6723996, 0.0, -3.3657232, -11.430595400000001, -27.9716314, 61.2960538, 0.0
24.637184, -1.49148274, 0.417927832, -4.90281636, 22.5024004, 0.0, -23.5207752, -2.9298677, -1.27010832, -1.38281742, 14.885289199999999, 0.0, 0.14244446, -0.74548776, 9.5345988, 18.381839, 71.6671944, 0.0, -3.3782083, -11.4488816, -27.9569386, 61.2766192, 0.0
24.637184, -1.51477092, 0.442043036, -4.9142763799999996, 22.5164172, 0.0, -23.5298206, -2.9260591000000002, -1.23998366, -1.37632666, 14.8585576, 0.0, 0.15841417, -0.75060758, 9.5479764, 18.398092000000002, 71.66198920000001, 0.0, -3.3906934, -11.4671678, -27.9422458, 61.2571846, 0.0
24.637184, -1.5380591, 0.46615824, -4.9257364, 22.530434, 0.0, -23.538866, -2.9222505, -1.209859, -1.3698359, 14.831826, 0.0, 0.17438388, -0.7557274, 9.561354, 18.414345, 71.656784, 0.0, -3.4031785, -11.485454, -27.927553, 61.23775, 0.0
24.637184, -1.56929502, 0.48095182000000003, -4.93802872, 22.5529536, 0.0, -23.5503888, -2.91706276, -1.1739006, -1.3528092, 14.791899599999999, 0.0, 0.20678574, -0.7460434, 9.5630276, 18.4325812, 71.6549472, 0.0, -3.41494054, -11.503822600000001, -27.9298198, 61.227233, 0.0
24.637184, -1.60053094, 0.4957454, -4.95032104, 22.5754732, 0.0, -23.5619116, -2.91187502, -1.1379422000000001, -1.3357825, 14.7519732, 0.0, 0.2391876, -0.7363594, 9.5647012, 18.450817400000002, 71.6531104, 0.0, -3.42670258, -11.5221912, -27.9320866, 61.216716, 0.0
24.637184, -1.63176686, 0.51053898, -4.96261336, 22.5979928, 0.0, -23.5734344, -2.90668728, -1.1019838, -1.3187558, 14.7120468, 0.0, 0.27158946, -0.7266754000000001, 9.5663748, 18.4690536, 71.6512736, 0.0, -3.43846462, -11.5405598, -27.9343534, 61.206199, 0.0
24.637184, -1.66300278, 0.5253325600000001, -4.97490568, 22.620512400000003, 0.0, -23.584957199999998, -2.90149954, -1.0660254, -1.3017291, 14.6721204, 0.0, 0.30399132, -0.7169914000000001, 9.5680484, 18.4872898, 71.6494368, 0.0, -3.4502266600000002, -11.5589284, -27.9366202, 61.195682, 0.0
24.637184, -1.6942387, 0.54012614, -4.987198, 22.643032, 0.0, -23.59648, -2.8963118, -1.030067, -1.2847024, 14.632194, 0.0, 0.33639318, -0.7073074, 9.569722, 18.505526, 71.6476, 0.0, -3.4619887, -11.577297, -27.938887, 61.185165, 0.0
24.637184, -1.73127666, 0.533780822, -4.99794912, 22.650610200000003, 0.0, -23.6114274, -2.89668472, -0.9989353000000001, -1.2587982, 14.584972800000001, 0.0, 0.383251716, -0.69378954, 9.556682200000001, 18.5155094, 71.64867699999999, 0.0, -3.4747266, -11.5752712, -27.948035400000002, 61.190002, 0.0
24.637184, -1.76831462, 0.527435504, -5.0087002400000005, 22.6581884, 0.0, -23.6263748, -2.89705764, -0.9678036000000001, -1.232894, 14.5377516, 0.0, 0.43011025199999997, -0.68027168, 9.543642400000001, 18.5254928, 71.649754, 0.0, -3.4874645, -11.5732454, -27.957183800000003, 61.194839, 0.0
24.637184, -1.80535258, 0.521090186, -5.01945136, 22.6657666, 0.0, -23.641322199999998, -2.89743056, -0.9366719000000001, -1.2069898000000001, 14.4905304, 0.0, 0.476968788, -0.6667538199999999, 9.5306026, 18.5354762, 71.650831, 0.0, -3.5002024, -11.571219600000001, -27.9663322, 61.199676, 0.0
24.637184, -1.84239054, 0.5147448680000001, -5.03020248, 22.6733448, 0.0, -23.656269599999998, -2.89780348, -0.9055402, -1.1810856, 14.4433092, 0.0, 0.523827324, -0.65323596, 9.5175628, 18.5454596, 71.651908, 0.0, -3.5129403000000003, -11.5691938, -27.9754806, 61.204513, 0.0
24.637184, -1.8794285, 0.50839955, -5.0409536, 22.680923, 0.0, -23.671217, -2.8981764, -0.8744085, -1.1551814, 14.396088, 0.0, 0.57068586, -0.6397181, 9.504523, 18.555443, 71.652985, 0.0, -3.5256782, -11.567168, -27.984629, 61.20935, 0.0
24.637184, -1.90444346, 0.491947332, -5.04580056, 22.6815922, 0.0, -23.685759599999997, -2.9127903600000002, -0.856596208, -1.12952316, 14.379058, 0.0, 0.598855028, -0.633098948, 9.4874696, 18.5506566, 71.654194, 0.0, -3.52747382, -11.560679, -27.990798400000003, 61.216478, 0.0
24.637184, -1.92945842, 0.475495114, -5.05064752, 22.6822614, 0.0, -23.7003022, -2.92740432, -0.838783916, -1.10386492, 14.362028, 0.0, 0.627024196, -0.626479796, 9.4704162, 18.5458702, 71.655403, 0.0, -3.52926944, -11.55419, -27.9969678, 61.223606000000004, 0.0
24.637184, -1.95447338, 0.45904289600000003, -5.05549448, 22.6829306, 0.0, -23.714844799999998, -2.94201828, -0.820971624, -1.07820668, 14.344998, 0.0, 0.6551933640000001, -0.619860644, 9.4533628, 18.5410838, 71.656612, 0.0, -3.53106506, -11.547701, -28.0031372, 61.230734, 0.0
24.637184, -1.97948834, 0.442590678, -5.06034144, 22.6835998, 0.0, -23.7293874, -2.95663224, -0.803159332, -1.05254844, 14.327968, 0.0, 0.683362532, -0.613241492, 9.4363094, 18.5362974, 71.657821, 0.0, -3.53286068, -11.541212, -28.0093066, 61.237862, 0.0
24.637184, -2.0045033, 0.42613846, -5.0651884, 22.684269, 0.0, -23.74393, -2.9712462, -0.78534704, -1.0268902, 14.310938, 0.0, 0.7115317, -0.60662234, 9.419256, 18.531511, 71.65903, 0.0, -3.5346563, -11.534723, -28.015476, 61.24499, 0.0
24.637184, -2.01482924, 0.407110744, -5.07546444, 22.6894452, 0.0, -23.762458, -3.00099776, -0.784145232, -1.002983174, 14.3389886, 0.0, 0.72031298, -0.6033497320000001, 9.414262, 18.5136808, 71.656936, 0.0, -3.53315608, -11.5358366, -28.0186268, 61.244568, 0.0
24.637184, -2.02515518, 0.388083028, -5.08574048, 22.6946214, 0.0, -23.780986, -3.03074932, -0.7829434239999999, -0.979076148, 14.3670392, 0.0, 0.72909426, -0.600077124, 9.409268, 18.4958506, 71.654842, 0.0, -3.53165586, -11.5369502, -28.0217776, 61.244146, 0.0
24.637184, -2.03548112, 0.369055312, -5.09601652, 22.6997976, 0.0, -23.799514, -3.06050088, -0.781741616, -0.955169122, 14.3950898, 0.0, 0.73787554, -0.5968045160000001, 9.404274, 18.4780204, 71.652748, 0.0, -3.5301556400000003, -11.5380638, -28.0249284, 61.243724, 0.0
24.637184, -2.04580706, 0.350027596, -5.10629256, 22.704973799999998, 0.0, -23.818042, -3.09025244, -0.780539808, -0.931262096, 14.4231404, 0.0, 0.74665682, -0.593531908, 9.39928, 18.4601902, 71.650654, 0.0, -3.52865542, -11.5391774, -28.0280792, 61.243302, 0.0
24.637184, -2.056133, 0.33099988, -5.1165686, 22.71015, 0.0, -23.83657, -3.120004, -0.779338, -0.90735507, 14.451191, 0.0, 0.7554381, -0.5902593, 9.394286, 18.44236, 71.64856, 0.0, -3.5271552, -11.540291, -28.03123, 61.24288, 0.0
24.637184, -2.04978726, 0.32047304400000004, -5.12225388, 22.7111532, 0.0, -23.8674, -3.1443148, -0.78556406, -0.859295596, 14.4718412, 0.0, 0.765403028, -0.59058418, 9.409438399999999, 18.4098638, 71.63304600000001, 0.0, -3.5266914600000003, -11.5403726, -28.026076, 61.2398668, 0.0
24.637184, -2.04344152, 0.309946208, -5.1279391599999995, 22.712156399999998, 0.0, -23.898229999999998, -3.1686256, -0.79179012, -0.8112361220000001, 14.4924914, 0.0, 0.775367956, -0.59090906, 9.424590799999999, 18.3773676, 71.617532, 0.0, -3.52622772, -11.5404542, -28.020922, 61.2368536, 0.0
24.637184, -2.03709578, 0.299419372, -5.13362444, 22.7131596, 0.0, -23.92906, -3.1929364000000002, -0.79801618, -0.763176648, 14.513141599999999, 0.0, 0.785332884, -0.5912339400000001, 9.4397432, 18.344871400000002, 71.602018, 0.0, -3.5257639800000002, -11.5405358, -28.015768, 61.2338404, 0.0
24.637184, -2.03075004, 0.288892536, -5.13930972, 22.7141628, 0.0, -23.959889999999998, -3.2172472, -0.80424224, -0.715117174, 14.5337918, 0.0, 0.7952978119999999, -0.59155882, 9.4548956, 18.3123752, 71.58650399999999, 0.0, -3.52530024, -11.5406174, -28.010614, 61.2308272, 0.0
24.637184, -2.0244043, 0.2783657, -5.144995, 22.715166, 0.0, -23.99072, -3.241558, -0.8104683, -0.6670577, 14.554442, 0.0, 0.80526274, -0.5918837, 9.470048, 18.279879, 71.57099, 0.0, -3.5248365, -11.540699, -28.00546, 61.227814, 0.0
24.637184, -2.00186652, 0.27472548, -5.1393442, 22.6937052, 0.0, -24.0370584, -3.24328088, -0.814127968, -0.571360146, 14.5094544, 0.0, 0.844412552, -0.575197788, 9.492048, 18.2257296, 71.54212679999999, 0.0, -3.5344218400000003, -11.529211, -27.9786622, 61.219642, 0.0
24.637184, -1.9793287400000001, 0.27108526, -5.1336934, 22.6722444, 0.0, -24.0833968, -3.24500376, -0.817787636, -0.475662592, 14.4644668, 0.0, 0.883562364, -0.558511876, 9.514048, 18.1715802, 71.5132636, 0.0, -3.54400718, -11.517723, -27.951864399999998, 61.21147, 0.0
24.637184, -1.95679096, 0.26744504, -5.1280426, 22.6507836, 0.0, -24.1297352, -3.24672664, -0.821447304, -0.37996503800000003, 14.4194792, 0.0, 0.9227121759999999, -0.541825964, 9.536048, 18.1174308, 71.4844004, 0.0, -3.55359252, -11.506235, -27.9250666, 61.203298000000004, 0.0
24.637184, -1.93425318, 0.26380482, -5.1223918, 22.6293228, 0.0, -24.1760736, -3.24844952, -0.825106972, -0.284267484, 14.3744916, 0.0, 0.9618619879999999, -0.525140052, 9.558048, 18.0632814, 71.45553720000001, 0.0, -3.5631778599999997, -11.494747, -27.8982688, 61.195126, 0.0
24.637184, -1.9117154, 0.2601646, -5.116741, 22.607862, 0.0, -24.222412, -3.2501724, -0.82876664, -0.18856993, 14.329504, 0.0, 1.0010118, -0.50845414, 9.580048, 18.009132, 71.426674, 0.0, -3.5727632, -11.483259, -27.871471, 61.186954, 0.0
24.637184, -1.88068622, 0.26570150600000003, -5.1045393400000005, 22.567572000000002, 0.0, -24.2609556, -3.2765854599999997, -0.83059822, -0.086324684, 14.2645328, 0.0, 1.03872222, -0.479405876, 9.5907796, 17.909282400000002, 71.367276, 0.0, -3.56352324, -11.4767634, -27.8307218, 61.1700392, 0.0
24.637184, -1.84965704, 0.27123841200000004, -5.09233768, 22.527282, 0.0, -24.2994992, -3.30299852, -0.8324298, 0.015920562, 14.1995616, 0.0, 1.07643264, -0.450357612, 9.6015112, 17.8094328, 71.307878, 0.0, -3.55428328, -11.4702678, -27.7899726, 61.153124399999996, 0.0
24.637184, -1.8186278599999999, 0.276775318, -5.08013602, 22.486992, 0.0, -24.3380428, -3.32941158, -0.83426138, 0.11816580799999998, 14.1345904, 0.0, 1.11414306, -0.421309348, 9.6122428, 17.7095832, 71.24848, 0.0, -3.54504332, -11.4637722, -27.7492234, 61.1362096, 0.0
24.637184, -1.7875986799999999, 0.282312224, -5.06793436, 22.446702, 0.0, -24.3765864, -3.3558246400000002, -0.83609296, 0.220411054, 14.0696192, 0.0, 1.15185348, -0.392261084, 9.6229744, 17.6097336, 71.189082, 0.0, -3.53580336, -11.4572766, -27.7084742, 61.1192948, 0.0
24.637184, -1.7565695, 0.28784913, -5.0557327, 22.406412, 0.0, -24.41513, -3.3822377, -0.83792454, 0.3226563, 14.004648, 0.0, 1.1895639, -0.36321282, 9.633706, 17.509884, 71.129684, 0.0, -3.5265634, -11.450781, -27.667725, 61.10238, 0.0
24.637184, -1.73861892, 0.28902342400000003, -5.04423156, 22.3520126, 0.0, -24.4410536, -3.44755146, -0.835299032, 0.429594192, 13.9691636, 0.0, 1.24104382, -0.2925509852, 9.626202600000001, 17.3519102, 71.0017332, 0.0, -3.48761072, -11.457906, -27.588922, 61.0512514, 0.0
24.637184, -1.72066834, 0.290197718, -5.03273042, 22.2976132, 0.0, -24.4669772, -3.51286522, -0.832673524, 0.536532084, 13.9336792, 0.0, 1.29252374, -0.22188915039999998, 9.6186992, 17.1939364, 70.8737824, 0.0, -3.44865804, -11.465031, -27.510119, 61.0001228, 0.0
24.637184, -1.7027177599999999, 0.291372012, -5.02122928, 22.2432138, 0.0, -24.4929008, -3.57817898, -0.830048016, 0.643469976, 13.898194799999999, 0.0, 1.34400366, -0.15122731559999997, 9.6111958, 17.0359626, 70.7458316, 0.0, -3.40970536, -11.472156, -27.431316000000002, 60.948994199999994, 0.0
24.637184, -1.68476718, 0.292546306, -5.00972814, 22.188814400000002, 0.0, -24.5188244, -3.64349274, -0.8274225080000001, 0.7504078679999999, 13.8627104, 0.0, 1.39548358, -0.08056548079999998, 9.6036924, 16.8779888, 70.6178808, 0.0, -3.37075268, -11.479281, -27.352513000000002, 60.897865599999996, 0.0
24.637184, -1.6668166, 0.2937206, -4.998227, 22.134415, 0.0, -24.544748, -3.7088065, -0.824797, 0.85734576, 13.827226, 0.0, 1.4469635, -0.009903646, 9.596189, 16.720015, 70.48993, 0.0, -3.3318, -11.486406, -27.27371, 60.846737, 0.0
24.637184, -1.6805235, 0.291590056, -4.97132272, 22.0847118, 0.0, -24.558933399999997, -3.8343973, -0.81086354, 0.970509928, 13.838137, 0.0, 1.51004292, 0.13867445720000002, 9.5640272, 16.4876644, 70.20551520000001, 0.0, -3.21626426, -11.503937200000001, -27.0887548, 60.691101599999996, 0.0
24.637184, -1.6942304, 0.289459512, -4.94441844, 22.0350086, 0.0, -24.5731188, -3.9599881, -0.79693008, 1.083674096, 13.849048, 0.0, 1.57312234, 0.2872525604, 9.531865400000001, 16.2553138, 69.9211004, 0.0, -3.10072852, -11.5214684, -26.9037996, 60.535466199999995, 0.0
24.637184, -1.7079373, 0.287328968, -4.9175141600000005, 21.985305399999998, 0.0, -24.5873042, -4.0855789, -0.78299662, 1.1968382640000002, 13.859959, 0.0, 1.63620176, 0.43583066360000006, 9.4997036, 16.0229632, 69.6366856, 0.0, -2.98519278, -11.5389996, -26.718844400000002, 60.3798308, 0.0
24.637184, -1.7216441999999998, 0.285198424, -4.89060988, 21.935602199999998, 0.0, -24.6014896, -4.211169699999999, -0.76906316, 1.310002432, 13.87087, 0.0, 1.69928118, 0.5844087668, 9.467541800000001, 15.7906126, 69.3522708, 0.0, -2.86965704, -11.556530799999999, -26.5338892, 60.2241954, 0.0
24.637184, -1.7353511, 0.28306788, -4.8637056, 21.885899, 0.0, -24.615675, -4.3367605, -0.7551297, 1.4231666, 13.881781, 0.0, 1.7623606, 0.73298687, 9.43538, 15.558262, 69.067856, 0.0, -2.7541213, -11.574062, -26.348934, 60.06856, 0.0
24.637184, -1.80544964, 0.288006504, -4.7884449600000005, 21.865730199999998, 0.0, -24.6190194, -4.5350681999999995, -0.7202332300000001, 1.57167652, 13.9505532, 0.0, 1.82507632, 1.020027836, 9.3886838, 15.2412218, 68.4802908, 0.0, -2.50277262, -11.602246, -25.9073702, 59.6350672, 0.0
24.637184, -1.87554818, 0.292945128, -4.71318432, 21.845561399999998, 0.0, -24.6223638, -4.7333758999999995, -0.68533676, 1.72018644, 14.0193254, 0.0, 1.8877920400000001, 1.3070688019999999, 9.3419876, 14.924181599999999, 67.8927256, 0.0, -2.25142394, -11.630429999999999, -25.465806399999998, 59.2015744, 0.0
24.637184, -1.94564672, 0.297883752, -4.63792368, 21.8253926, 0.0, -24.625708200000002, -4.9316835999999995, -0.65044029, 1.86869636, 14.088097600000001, 0.0, 1.95050776, 1.594109768, 9.2952914, 14.6071414, 67.3051604, 0.0, -2.00007526, -11.658614, -25.0242426, 58.7680816, 0.0
24.637184, -2.01574526, 0.302822376, -4.5626630399999994, 21.8052238, 0.0, -24.6290526, -5.1299913, -0.6155438200000001, 2.01720628, 14.1568698, 0.0, 2.01322348, 1.881150734, 9.248595199999999, 14.290101199999999, 66.7175952, 0.0, -1.74872658, -11.686798, -24.5826788, 58.3345888, 0.0
24.637184, -2.0858438, 0.307761, -4.4874024, 21.785055, 0.0, -24.632397, -5.328299, -0.58064735, 2.1657162, 14.225642, 0.0, 2.0759392, 2.1681917, 9.201899, 13.973061, 66.13003, 0.0, -1.4973779, -11.714982, -24.141115, 57.901096, 0.0
24.637184, -2.26569338, 0.28160918, -4.3645375, 21.7835302, 0.0, -24.6328718, -5.5973370000000005, -0.505407444, 2.40116312, 14.3569855, 0.0, 2.14353162, 2.60442268, 9.1146184, 13.534208999999999, 65.0664606, 0.0, -1.12431814, -11.695848799999998, -23.242424, 56.963326800000004, 0.0
24.637184, -2.44554296, 0.25545736, -4.2416726, 21.7820054, 0.0, -24.6333466, -5.866375000000001, -0.430167538, 2.63661004, 14.488329, 0.0, 2.21112404, 3.04065366, 9.0273378, 13.095357, 64.00289120000001, 0.0, -0.75125838, -11.6767156, -22.343733, 56.0255576, 0.0
24.637184, -2.62539254, 0.22930554, -4.1188077, 21.7804806, 0.0, -24.633821400000002, -6.135413, -0.354927632, 2.87205696, 14.6196725, 0.0, 2.27871646, 3.4768846399999997, 8.9400572, 12.656505, 62.9393218, 0.0, -0.37819862000000004, -11.657582399999999, -21.445042, 55.0877884, 0.0
24.637184, -2.80524212, 0.20315371999999998, -3.9959428, 21.7789558, 0.0, -24.6342962, -6.404451, -0.279687726, 3.1075038800000003, 14.751016, 0.0, 2.34630888, 3.9131156199999997, 8.8527766, 12.217653, 61.875752399999996, 0.0, -0.005138859999999967, -11.6384492, -20.546350999999998, 54.150019199999996, 0.0
24.637184, -2.9850917, 0.1770019, -3.8730779, 21.777431, 0.0, -24.634771, -6.673489, -0.20444782, 3.3429508, 14.8823595, 0.0, 2.4139013, 4.3493466, 8.765496, 11.778801, 60.812183, 0.0, 0.3679209, -11.619316, -19.64766, 53.21225, 0.0
24.637184, -3.30153156, 0.055252968, -3.7409568, 21.7564678, 0.0, -24.629966, -7.0907827999999995, -0.06453235600000001, 3.60184792, 15.093103, 0.0, 2.38710836, 4.62877668, 8.624639, 11.1250012, 59.1200464, 0.0, 0.6520655200000001, -11.439722, -18.1658522, 51.597153, 0.0
24.637184, -3.61797142, -0.06649596399999999, -3.6088357, 21.7355046, 0.0, -24.625161, -7.5080766, 0.07538310799999998, 3.8607450400000003, 15.303846499999999, 0.0, 2.36031542, 4.90820676, 8.483782, 10.4712014, 57.4279098, 0.0, 0.93621014, -11.260128, -16.684044399999998, 49.982056, 0.0
24.637184, -3.93441128, -0.188244896, -3.4767146, 21.7145414, 0.0, -24.620356, -7.925370399999999, 0.21529857199999997, 4.11964216, 15.51459, 0.0, 2.33352248, 5.18763684, 8.342925000000001, 9.8174016, 55.7357732, 0.0, 1.2203547600000002, -11.080534, -15.202236599999999, 48.366958999999994, 0.0
24.637184, -4.25085114, -0.30999382799999997, -3.3445934999999998, 21.6935782, 0.0, -24.615551, -8.3426642, 0.35521403599999996, 4.37853928, 15.7253335, 0.0, 2.30672954, 5.46706692, 8.202068, 9.1636018, 54.0436366, 0.0, 1.50449938, -10.90094, -13.7204288, 46.751861999999996, 0.0
24.637184, -4.567291, -0.43174276, -3.2124724, 21.672615, 0.0, -24.610746, -8.759958, 0.4951295, 4.6374364, 15.936077, 0.0, 2.2799366, 5.746497, 8.061211, 8.509802, 52.3515, 0.0, 1.788644, -10.721346, -12.238621, 45.136765, 0.0
24.637184, -4.9091198, -0.592881688, -3.06248758, 21.580986, 0.0, -24.5721074, -9.2675886, 0.65648476, 4.96178028, 16.1922484, 0.0, 2.1299639800000003, 5.4619352999999995, 8.0360509, 7.681143680000001, 49.937662, 0.0, 1.5260467, -10.4033756, -10.3448788, 42.7627354, 0.0
24.637184, -5.2509486, -0.754020616, -2.9125027599999997, 21.489357, 0.0, -24.5334688, -9.7752192, 0.81784002, 5.28612416, 16.4484198, 0.0, 1.97999136, 5.1773736, 8.0108908, 6.85248536, 47.523824000000005, 0.0, 1.2634493999999998, -10.0854052, -8.4511366, 40.3887058, 0.0
24.637184, -5.5927774, -0.915159544, -2.76251794, 21.397728, 0.0, -24.4948302, -10.282849800000001, 0.9791952799999999, 5.610468040000001, 16.7045912, 0.0, 1.83001874, 4.8928119, 7.9857306999999995, 6.0238270400000005, 45.109986000000006, 0.0, 1.0008521, -9.7674348, -6.5573944, 38.0146762, 0.0
24.637184, -5.9346062, -1.076298472, -2.61253312, 21.306099, 0.0, -24.4561916, -10.7904804, 1.14055054, 5.9348119200000005, 16.9607626, 0.0, 1.68004612, 4.6082502000000005, 7.9605706, 5.19516872, 42.696148, 0.0, 0.7382548, -9.4494644, -4.6636522, 35.6406466, 0.0
24.637184, -6.276435, -1.2374374, -2.4625483, 21.21447, 0.0, -24.417553, -11.298111, 1.3019058, 6.2591558, 17.216934, 0.0, 1.5300735, 4.3236885, 7.9354105, 4.3665104, 40.28231, 0.0, 0.4756575, -9.131494, -2.76991, 33.266617, 0.0
24.637184, -6.5058796, -1.40780318, -2.26955108, 20.982201399999997, 0.0, -24.367736, -11.798706600000001, 1.42343384, 6.6857846400000005, 17.306649999999998, 0.0, 1.3325851400000002, 3.2704469400000002, 8.148264, 3.4652391920000003, 37.1114532, 0.0, -0.5754738599999998, -8.827736999999999, -1.0158914, 30.1117872, 0.0
24.637184, -6.7353242, -1.5781689599999997, -2.0765538599999998, 20.7499328, 0.0, -24.317919, -12.2993022, 1.54496188, 7.112413480000001, 17.396366, 0.0, 1.13509678, 2.2172053800000002, 8.361117499999999, 2.563967984, 33.940596400000004, 0.0, -1.6266052199999996, -8.52398, 0.7381271999999997, 26.956957399999997, 0.0
24.637184, -6.9647688, -1.7485347399999998, -1.88355664, 20.5176642, 0.0, -24.268102000000003, -12.7998978, 1.66648992, 7.53904232, 17.486082, 0.0, 0.9376084200000001, 1.1639638200000002, 8.573971, 1.6626967759999998, 30.7697396, 0.0, -2.6777365799999995, -8.220223, 2.492145799999999, 23.8021276, 0.0
24.637184, -7.1942134, -1.9189005199999998, -1.69055942, 20.2853956, 0.0, -24.218285, -13.3004934, 1.78801796, 7.96567116, 17.575798000000002, 0.0, 0.7401200600000001, 0.11072226000000018, 8.7868245, 0.7614255679999999, 27.5988828, 0.0, -3.7288679399999993, -7.916466, 4.2461644, 20.647297799999997, 0.0
24.637184, -7.423658, -2.0892663, -1.4975622, 20.053127, 0.0, -24.168468, -13.801089, 1.909546, 8.3923, 17.665514, 0.0, 0.5426317, -0.9425193, 8.999678, -0.13984564, 24.428026, 0.0, -4.7799993, -7.612709, 6.000183, 17.492468, 0.0
24.637184, -7.3892054, -2.15557432, -1.155238784, 19.6704804, 0.0, -24.2244236, -14.0862266, 1.93474254, 9.0003854, 17.4929852, 0.0, 0.37958009200000004, -2.64305224, 9.4093828, -1.022553572, 20.82453234, 0.0, -6.51403244, -7.3269978, 7.3192156, 13.892454079999998, 0.0
24.637184, -7.3547528, -2.22188234, -0.812915368, 19.2878338, 0.0, -24.280379200000002, -14.3713642, 1.95993908, 9.608470800000001, 17.3204564, 0.0, 0.21652848400000002, -4.34358518, 9.8190876, -1.9052615040000003, 17.22103868, 0.0, -8.24806558, -7.0412866, 8.6382482, 10.292440159999998, 0.0
24.637184, -7.320300199999999, -2.2881903599999998, -0.4705919519999999, 18.9051872, 0.0, -24.3363348, -14.6565018, 1.9851356199999999, 10.2165562, 17.1479276, 0.0, 0.053476876000000007, -6.044118119999999, 10.2287924, -2.787969436, 13.617545020000001, 0.0, -9.98209872, -6.7555754, 9.9572808, 6.69242624, 0.0
24.637184, -7.285847599999999, -2.35449838, -0.128268536, 18.522540600000003, 0.0, -24.3922904, -14.9416394, 2.01033216, 10.8246416, 16.9753988, 0.0, -0.10957473200000001, -7.744651059999999, 10.6384972, -3.670677368, 10.014051360000002, 0.0, -11.71613186, -6.4698642, 11.2763134, 3.0924123199999993, 0.0
24.637184, -7.251395, -2.4208064, 0.21405488, 18.139894, 0.0, -24.448246, -15.226777, 2.0355287, 11.432727, 16.80287, 0.0, -0.27262634, -9.445184, 11.048202, -4.5533853, 6.4105577, 0.0, -13.450165, -6.184153, 12.595346, -0.5076016, 0.0
24.633902600000003, -7.061310499999999, -2.44384626, 0.7743520640000001, 17.520483600000002, 0.0, -24.4732586, -15.3321396, 2.0283381, 12.0393092, 16.351148, 0.0, -0.36561887200000004, -11.076786199999999, 11.4994638, -5.30311164, 3.30784816, 0.0, -15.2241636, -5.95278868, 13.632264, -3.60331048, 0.0
24.6306212, -6.871226, -2.46688612, 1.334649248, 16.901073200000003, 0.0, -24.4982712, -15.4375022, 2.0211475, 12.6458914, 15.899425999999998, 0.0, -0.458611404, -12.7083884, 11.9507256, -6.05283798, 0.2051386199999996, 0.0, -16.9981622, -5.72142436, 14.669182, -6.69901936, 0.0
24.6273398, -6.6811415, -2.48992598, 1.8949464320000002, 16.2816628, 0.0, -24.523283799999998, -15.5428648, 2.0139569, 13.2524736, 15.447703999999998, 0.0, -0.551603936, -14.3399906, 12.4019874, -6.80256432, -2.8975709200000015, 0.0, -18.7721608, -5.4900600399999995, 15.7061, -9.79472824, 0.0
24.6240584, -6.4910570000000005, -2.51296584, 2.455243616, 15.6622524, 0.0, -24.548296399999998, -15.648227400000001, 2.0067663000000002, 13.8590558, 14.995982, 0.0, -0.644596468, -15.9715928, 12.8532492, -7.55229066, -6.000280460000001, 0.0, -20.5461594, -5.2586957199999995, 16.743018, -12.89043712, 0.0
24.620777, -6.3009725, -2.5360057, 3.0155408, 15.042842, 0.0, -24.573309, -15.75359, 1.9995757, 14.465638, 14.54426, 0.0, -0.737589, -17.603195, 13.304511, -8.302017, -9.10299, 0.0, -22.320158, -5.0273314, 17.779936, -15.986146, 0.0
24.556403200000002, -6.0251162, -2.53066196, 4.047972440000001, 14.4177242, 0.0, -24.4458466, -15.746315200000002, 1.74290042, 14.9906074, 14.0263594, 0.0, -0.5582786820000001, -18.6200416, 13.5379832, -8.9814156, -11.3850134, 0.0, -23.517122999999998, -4.921862259999999, 18.7065828, -18.256776, 0.0
24.4920294, -5.7492599, -2.52531822, 5.08040408, 13.7926064, 0.0, -24.3183842, -15.7390404, 1.4862251400000002, 15.5155768, 13.5084588, 0.0, -0.378968364, -19.6368882, 13.771455399999999, -9.660814199999999, -13.667036800000002, 0.0, -24.714088, -4.81639312, 19.6332296, -20.527406, 0.0
24.4276556, -5.4734036, -2.51997448, 6.11283572, 13.1674886, 0.0, -24.190921799999998, -15.731765600000001, 1.22954986, 16.0405462, 12.9905582, 0.0, -0.19965804599999992, -20.653734800000002, 14.0049276, -10.3402128, -15.949060200000002, 0.0, -25.911053, -4.71092398, 20.5598764, -22.798036, 0.0
24.3632818, -5.1975473, -2.51463074, 7.14526736, 12.5423708, 0.0, -24.0634594, -15.7244908, 0.97287458, 16.5655156, 12.472657600000002, 0.0, -0.020347727999999954, -21.6705814, 14.2383998, -11.019611399999999, -18.2310836, 0.0, -27.108018, -4.60545484, 21.4865232, -25.068666, 0.0
24.298908, -4.921691, -2.509287, 8.177699, 11.917253, 0.0, -23.935997, -15.717216, 0.7161993, 17.090485, 11.954757, 0.0, 0.15896259, -22.687428, 14.471872, -11.69901, -20.513107, 0.0, -28.304983, -4.4999857, 22.41317, -27.339296, 0.0
23.927249800000002, -4.8101408, -2.71771384, 9.617884400000001, 11.6641204, 0.0, -23.4638706, -15.772423, 0.36896367999999996, 17.4903526, 11.478687, 0.0, 0.734698272, -22.962447, 14.6343982, -12.1673326, -21.978786600000003, 0.0, -28.7592254, -4.57115564, 23.2089258, -28.791374, 0.0
23.5555916, -4.6985906, -2.92614068, 11.0580698, 11.410987800000001, 0.0, -22.9917442, -15.827630000000001, 0.021728059999999938, 17.8902202, 11.002617, 0.0, 1.310433954, -23.237466, 14.7969244, -12.6356552, -23.4444662, 0.0, -29.2134678, -4.64232558, 24.0046816, -30.243452, 0.0
23.1839334, -4.5870404, -3.13456752, 12.498255200000001, 11.1578552, 0.0, -22.519617800000002, -15.882837, -0.32550756000000014, 18.2900878, 10.526547, 0.0, 1.8861696360000002, -23.512484999999998, 14.9594506, -13.1039778, -24.910145800000002, 0.0, -29.6677102, -4.71349552, 24.8004374, -31.695529999999998, 0.0
22.8122752, -4.4754902, -3.34299436, 13.9384406, 10.904722600000001, 0.0, -22.047491400000002, -15.938044000000001, -0.6727431800000001, 18.6899554, 10.050477, 0.0, 2.461905318, -23.787504, 15.1219768, -13.5723004, -26.375825400000004, 0.0, -30.1219526, -4.78466546, 25.596193200000002, -33.147608, 0.0
22.440617, -4.36394, -3.5514212, 15.378626, 10.65159, 0.0, -21.575365, -15.993251, -1.0199788, 19.089823, 9.574407, 0.0, 3.037641, -24.062523, 15.284503, -14.040623, -27.841505, 0.0, -30.576195, -4.8558354, 26.391949, -34.599686, 0.0
21.6487148, -4.7886981, -3.79480096, 16.5054932, 10.739611, 0.0, -20.8858944, -16.2703408, -1.35895828, 19.3342944, 8.929400260000001, 0.0, 3.8190093999999997, -23.7070996, 15.5485614, -14.177987, -28.4941222, 0.0, -30.442480999999997, -5.00440932, 27.1383436, -35.2978434, 0.0
20.8568126, -5.2134562, -4.03818072, 17.6323604, 10.827632, 0.0, -20.1964238, -16.5474306, -1.69793776, 19.5787658, 8.28439352, 0.0, 4.6003778, -23.3516762, 15.8126198, -14.315351, -29.1467394, 0.0, -30.308767, -5.15298324, 27.8847382, -35.9960008, 0.0
20.064910400000002, -5.6382143, -4.28156048, 18.759227600000003, 10.915653, 0.0, -19.506953199999998, -16.8245204, -2.03691724, 19.8232372, 7.639386780000001, 0.0, 5.3817462, -22.996252799999997, 16.0766782, -14.452715, -29.7993566, 0.0, -30.175053, -5.30155716, 28.6311328, -36.694158200000004, 0.0
19.2730082, -6.0629724, -4.52494024, 19.886094800000002, 11.003674, 0.0, -18.817482599999998, -17.1016102, -2.37589672, 20.0677086, 6.99438004, 0.0, 6.1631146, -22.640829399999998, 16.3407366, -14.590079, -30.4519738, 0.0, -30.041339, -5.45013108, 29.3775274, -37.3923156, 0.0
18.481106, -6.4877305, -4.76832, 21.012962, 11.091695, 0.0, -18.128012, -17.3787, -2.7148762, 20.31218, 6.3493733, 0.0, 6.944483, -22.285406, 16.604795, -14.727443, -31.104591, 0.0, -29.907625, -5.598705, 30.123922, -38.090473, 0.0
17.8865118, -7.221391, -4.8554826, 21.507506000000003, 11.2413736, 0.0, -17.576036, -17.7199594, -3.17234736, 20.510892000000002, 5.78044044, 0.0, 7.7223512, -21.637306199999998, 17.2036698, -14.357779899999999, -30.9400238, 0.0, -29.4955386, -5.77304188, 30.883154, -38.3671164, 0.0
17.2919176, -7.9550515, -4.9426452, 22.00205, 11.391052199999999, 0.0, -17.02406, -18.0612188, -3.62981852, 20.709604000000002, 5.21150758, 0.0, 8.5002194, -20.989206399999997, 17.8025446, -13.988116799999998, -30.7754566, 0.0, -29.0834522, -5.94737876, 31.642386000000002, -38.6437598, 0.0
16.6973234, -8.688712, -5.0298077999999995, 22.496594, 11.5407308, 0.0, -16.472084, -18.4024782, -4.08728968, 20.908316, 4.64257472, 0.0, 9.2780876, -20.3411066, 18.401419399999998, -13.6184537, -30.6108894, 0.0, -28.6713658, -6.12171564, 32.401618, -38.9204032, 0.0
16.1027292, -9.422372500000002, -5.1169704, 22.991138, 11.6904094, 0.0, -15.920107999999999, -18.7437376, -4.54476084, 21.107028, 4.07364186, 0.0, 10.0559558, -19.6930068, 19.0002942, -13.2487906, -30.4463222, 0.0, -28.2592794, -6.29605252, 33.16085, -39.1970466, 0.0
15.508135, -10.156033, -5.204133, 23.485682, 11.840088, 0.0, -15.368132, -19.084997, -5.002232, 21.30574, 3.504709, 0.0, 10.833824, -19.044907, 19.599169, -12.8791275, -30.281755, 0.0, -27.847193, -6.4703894, 33.920082, -39.47369, 0.0
15.4712102, -10.8765718, -5.1810012, 23.3431972, 12.0817218, 0.0, -14.9122454, -19.467887, -5.4617658, 21.4391908, 3.07127534, 0.0, 11.4076434, -18.5363236, 20.8392928, -11.87013226, -29.2910146, 0.0, -27.3562876, -6.842169220000001, 34.5138296, -39.8369086, 0.0
15.4342854, -11.5971106, -5.1578694, 23.2007124, 12.3233556, 0.0, -14.4563588, -19.850777, -5.9212996, 21.5726416, 2.63784168, 0.0, 11.9814628, -18.0277402, 22.0794166, -10.86113702, -28.3002742, 0.0, -26.8653822, -7.21394904, 35.1075772, -40.2001272, 0.0
15.397360599999999, -12.3176494, -5.134737599999999, 23.0582276, 12.5649894, 0.0, -14.0004722, -20.233667, -6.3808334, 21.7060924, 2.20440802, 0.0, 12.5552822, -17.519156799999998, 23.3195404, -9.85214178, -27.3095338, 0.0, -26.3744768, -7.585728860000001, 35.7013248, -40.5633458, 0.0
15.3604358, -13.0381882, -5.1116057999999995, 22.9157428, 12.806623199999999, 0.0, -13.5445856, -20.616557, -6.8403672, 21.8395432, 1.7709743599999999, 0.0, 13.1291016, -17.0105734, 24.5596642, -8.84314654, -26.3187934, 0.0, -25.883571399999997, -7.95750868, 36.2950724, -40.9265644, 0.0
15.323511, -13.758727, -5.088474, 22.773258, 13.048257, 0.0, -13.088699, -20.999447, -7.299901, 21.972994, 1.3375407, 0.0, 13.702921, -16.50199, 25.799788, -7.8341513, -25.328053, 0.0, -25.392666, -8.3292885, 36.88882, -41.289783, 0.0
15.6606678, -14.5032612, -4.9774481999999995, 22.240425799999997, 13.6691678, 0.0, -12.5376512, -21.4782916, -7.576438400000001, 21.9757116, 1.1647761799999998, 0.0, 13.9342966, -16.4217904, 27.7494068, -6.12903948, -23.5117464, 0.0, -24.8525426, -8.7613058, 37.3978144, -41.7945344, 0.0
15.997824600000001, -15.2477954, -4.866422399999999, 21.7075936, 14.2900786, 0.0, -11.9866034, -21.9571362, -7.8529758, 21.9784292, 0.99201166, 0.0, 14.1656722, -16.3415908, 29.6990256, -4.42392766, -21.6954398, 0.0, -24.3124192, -9.1933231, 37.9068088, -42.2992858, 0.0
16.3349814, -15.9923296, -4.7553966, 21.174761399999998, 14.9109894, 0.0, -11.4355556, -22.4359808, -8.1295132, 21.981146799999998, 0.8192471399999999, 0.0, 14.397047800000001, -16.261391200000002, 31.648644400000002, -2.7188158399999995, -19.8791332, 0.0, -23.7722958, -9.6253404, 38.4158032, -42.8040372, 0.0
16.672138200000003, -16.7368638, -4.6443708, 20.6419292, 15.531900199999999, 0.0, -10.884507800000002, -22.9148254, -8.4060506, 21.983864399999998, 0.6464826199999999, 0.0, 14.6284234, -16.181191600000002, 33.5982632, -1.0137040199999996, -18.0628266, 0.0, -23.2321724, -10.0573577, 38.9247976, -43.3087886, 0.0
17.009295, -17.481398, -4.533345, 20.109097, 16.152811, 0.0, -10.33346, -23.39367, -8.682588, 21.986582, 0.4737181, 0.0, 14.859799, -16.100992, 35.547882, 0.6914078, -16.24652, 0.0, -22.692049, -10.489375, 39.433792, -43.81354, 0.0
17.268804000000003, -18.2622634, -4.46924612, 19.8324288, 16.9797004, 0.0, -9.5049758, -24.045911, -8.6622514, 21.7698856, 0.72969748, 0.0, 14.521508800000001, -16.6174448, 37.786650800000004, 2.77812644, -13.951495000000001, 0.0, -22.349424, -10.5742984, 40.2571576, -44.238081, 0.0
17.528313, -19.043128799999998, -4.40514724, 19.5557606, 17.8065898, 0.0, -8.6764916, -24.698152, -8.6419148, 21.5531892, 0.9856768599999999, 0.0, 14.1832186, -17.1338976, 40.0254196, 4.86484508, -11.65647, 0.0, -22.006799, -10.659221800000001, 41.0805232, -44.662622, 0.0
17.787822000000002, -19.8239942, -4.34104836, 19.2790924, 18.6334792, 0.0, -7.8480074, -25.350393, -8.6215782, 21.3364928, 1.24165624, 0.0, 13.8449284, -17.6503504, 42.2641884, 6.95156372, -9.361445, 0.0, -21.664174, -10.7441452, 41.9038888, -45.087163000000004, 0.0
18.047331, -20.6048596, -4.27694948, 19.0024242, 19.460368600000002, 0.0, -7.0195232, -26.002634, -8.6012416, 21.1197964, 1.4976356199999998, 0.0, 13.5066382, -18.1668032, 44.5029572, 9.03828236, -7.066420000000001, 0.0, -21.321549, -10.829068600000001, 42.7272544, -45.511704, 0.0
18.30684, -21.385725, -4.2128506, 18.725756, 20.287258, 0.0, -6.191039, -26.654875, -8.580905, 20.9031, 1.753615, 0.0, 13.168348, -18.683256, 46.741726, 11.125001, -4.771395, 0.0, -20.978924, -10.913992, 43.55062, -45.936245, 0.0
18.5266866, -22.222462, -4.13201208, 18.773584800000002, 20.7756304, 0.0, -5.25849496, -27.3112272, -8.3787474, 20.5765708, 2.340771, 0.0, 12.5021952, -19.4761974, 48.465896, 12.732875799999999, -2.9558530000000003, 0.0, -20.6296708, -10.6302638, 44.667789400000004, -45.984111, 0.0
18.746533200000002, -23.059199, -4.0511735600000005, 18.8214136, 21.2640028, 0.0, -4.32595092, -27.9675794, -8.1765898, 20.2500416, 2.927927, 0.0, 11.8360424, -20.2691388, 50.190066, 14.3407506, -1.140311, 0.0, -20.2804176, -10.3465356, 45.784958800000005, -46.031977, 0.0
18.9663798, -23.895936, -3.97033504, 18.8692424, 21.752375200000003, 0.0, -3.3934068799999997, -28.6239316, -7.9744322, 19.9235124, 3.5150829999999997, 0.0, 11.1698896, -21.0620802, 51.914236, 15.9486254, 0.6752310000000001, 0.0, -19.9311644, -10.0628074, 46.9021282, -46.079843000000004, 0.0
19.1862264, -24.732673000000002, -3.88949652, 18.9170712, 22.240747600000002, 0.0, -2.46086284, -29.2802838, -7.772274599999999, 19.5969832, 4.102239, 0.0, 10.503736799999999, -21.8550216, 53.638405999999996, 17.5565002, 2.490773, 0.0, -19.5819112, -9.7790792, 48.0192976, -46.127709, 0.0
19.406073, -25.56941, -3.808658, 18.9649, 22.72912, 0.0, -1.5283188, -29.936636, -7.570117, 19.270454, 4.689395, 0.0, 9.837584, -22.647963, 55.362576, 19.164375, 4.306315, 0.0, -19.232658, -9.495351, 49.136467, -46.175575, 0.0
19.6654358, -26.0727014, -3.71871858, 18.9937832, 22.8889548, 0.0, -1.025357526, -30.2095928, -7.47875586, 19.1440858, 5.11088614, 0.0, 9.42988632, -23.053521, 56.3294168, 19.996518, 5.2721621999999995, 0.0, -18.954868, -9.3847942, 49.760733, -45.942475, 0.0
19.9247986, -26.5759928, -3.62877916, 19.0226664, 23.0487896, 0.0, -0.5223962520000001, -30.4825496, -7.38739472, 19.0177176, 5.53237728, 0.0, 9.02218864, -23.459079, 57.2962576, 20.828661, 6.238009399999999, 0.0, -18.677078, -9.2742374, 50.384999, -45.709375, 0.0
20.1841614, -27.0792842, -3.5388397400000002, 19.0515496, 23.2086244, 0.0, -0.019434978000000047, -30.7555064, -7.2960335800000005, 18.8913494, 5.95386842, 0.0, 8.61449096, -23.864637000000002, 58.2630984, 21.660804, 7.2038566, 0.0, -18.399288, -9.1636806, 51.009265, -45.476275, 0.0
20.4435242, -27.582575600000002, -3.44890032, 19.0804328, 23.3684592, 0.0, 0.48352629599999997, -31.0284632, -7.20467244, 18.7649812, 6.37535956, 0.0, 8.20679328, -24.270195, 59.2299392, 22.492947, 8.1697038, 0.0, -18.121498, -9.0531238, 51.633531, -45.243175, 0.0
20.702887, -28.085867, -3.3589609, 19.109316, 23.528294, 0.0, 0.98648757, -31.30142, -7.1133113, 18.638613, 6.7968507, 0.0, 7.7990956, -24.675753, 60.19678, 23.32509, 9.135551, 0.0, -17.843708, -8.942567, 52.257797, -45.010075, 0.0
20.914001, -28.026539200000002, -3.35887944, 19.0240688, 23.5406794, 0.0, 0.976167076, -31.132398, -7.1142563, 18.767684799999998, 6.6640058600000005, 0.0, 7.62959768, -24.5390968, 60.4393836, 23.4034832, 9.229481999999999, 0.0, -17.8584042, -8.9751476, 52.1552776, -44.797053, 0.0
21.125115, -27.9672114, -3.35879798, 18.9388216, 23.553064799999998, 0.0, 0.965846582, -30.963376, -7.1152013, 18.8967566, 6.53116102, 0.0, 7.46009976, -24.4024406, 60.6819872, 23.4818764, 9.323413, 0.0, -17.8731004, -9.0077282, 52.0527582, -44.584031, 0.0
21.336229, -27.9078836, -3.35871652, 18.8535744, 23.5654502, 0.0, 0.955526088, -30.794354, -7.1161463000000005, 19.025828399999998, 6.39831618, 0.0, 7.29060184, -24.2657844, 60.9245908, 23.560269599999998, 9.417344, 0.0, -17.8877966, -9.0403088, 51.950238799999994, -44.371009, 0.0
21.547343, -27.8485558, -3.35863506, 18.7683272, 23.5778356, 0.0, 0.945205594, -30.625332, -7.1170913, 19.1549002, 6.2654713399999995, 0.0, 7.12110392, -24.1291282, 61.1671944, 23.6386628, 9.511275000000001, 0.0, -17.9024928, -9.072889400000001, 51.847719399999995, -44.157987000000006, 0.0
21.758457, -27.789228, -3.3585536, 18.68308, 23.590221, 0.0, 0.9348851, -30.45631, -7.1180363, 19.283972, 6.1326265, 0.0, 6.951606, -23.992472, 61.409798, 23.717056, 9.605206, 0.0, -17.917189, -9.10547, 51.7452, -43.944965, 0.0
21.9727706, -27.307302800000002, -3.3873758, 18.4614614, 23.5454652, 0.0, 0.48852244000000006, -29.9270826, -7.14991858, 19.5770536, 5.43327668, 0.0, 6.90415886, -23.4543592, 60.9752834, 23.1257888, 8.825004, 0.0, -17.8969698, -9.2638084, 51.1502546, -43.890179200000006, 0.0
22.1870842, -26.8253776, -3.416198, 18.2398428, 23.500709399999998, 0.0, 0.04215978000000009, -29.3978552, -7.18180086, 19.8701352, 4.73392686, 0.0, 6.85671172, -22.9162464, 60.5407688, 22.534521599999998, 8.044802, 0.0, -17.8767506, -9.4221468, 50.555309199999996, -43.8353934, 0.0
22.401397799999998, -26.3434524, -3.4450202, 18.0182242, 23.4559536, 0.0, -0.40420287999999993, -28.8686278, -7.21368314, 20.163216799999997, 4.03457704, 0.0, 6.80926458, -22.3781336, 60.1062542, 21.9432544, 7.2646, 0.0, -17.856531399999998, -9.5804852, 49.9603638, -43.7806076, 0.0
22.6157114, -25.861527199999998, -3.4738424, 17.7966056, 23.4111978, 0.0, -0.8505655399999998, -28.3394004, -7.24556542, 20.456298399999998, 3.33522722, 0.0, 6.76181744, -21.8400208, 59.6717396, 21.3519872, 6.484398, 0.0, -17.8363122, -9.7388236, 49.3654184, -43.7258218, 0.0
22.830025, -25.379602, -3.5026646, 17.574987, 23.366442, 0.0, -1.2969282, -27.810173, -7.2774477, 20.74938, 2.6358774, 0.0, 6.7143703, -21.301908, 59.237225, 20.76072, 5.704196, 0.0, -17.816093, -9.897162, 48.770473, -43.671036, 0.0
22.978472399999998, -24.825694, -3.58981936, 17.1786896, 23.2212584, 0.0, -2.06139568, -27.066800999999998, -7.3610995599999995, 21.0305824, 1.79899332, 0.0, 6.83827624, -20.5494968, 58.1427296, 19.672921799999997, 4.06200968, 0.0, -17.697215, -10.2649432, 47.840282800000004, -43.6904832, 0.0
23.1269198, -24.271786, -3.67697412, 16.7823922, 23.0760748, 0.0, -2.82586316, -26.323428999999997, -7.444751419999999, 21.311784799999998, 0.9621092399999998, 0.0, 6.96218218, -19.7970856, 57.0482342, 18.5851236, 2.41982336, 0.0, -17.578337, -10.632724399999999, 46.910092600000006, -43.709930400000005, 0.0
23.275367199999998, -23.717878, -3.76412888, 16.386094800000002, 22.930891199999998, 0.0, -3.5903306400000004, -25.580056999999996, -7.52840328, 21.5929872, 0.1252251599999994, 0.0, 7.086088119999999, -19.044674399999998, 55.953738799999996, 17.4973254, 0.7776370400000001, 0.0, -17.459459, -11.0005056, 45.9799024, -43.7293776, 0.0
23.4238146, -23.16397, -3.85128364, 15.9897974, 22.7857076, 0.0, -4.35479812, -24.836685, -7.61205514, 21.874189599999998, -0.7116589200000005, 0.0, 7.20999406, -18.2922632, 54.8592434, 16.4095272, -0.8645492799999994, 0.0, -17.340581, -11.3682868, 45.0497122, -43.7488248, 0.0
23.572262, -22.610062, -3.9384384, 15.5935, 22.640524, 0.0, -5.1192656, -24.093313, -7.695707, 22.155392, -1.548543, 0.0, 7.3339, -17.539852, 53.764748, 15.321729, -2.5067356, 0.0, -17.221703, -11.736068, 44.119522, -43.768272, 0.0
23.559351799999998, -22.1042186, -4.14153552, 15.262347, 22.197781799999998, 0.0, -5.98779148, -23.384842799999998, -7.809366, 22.1277696, -1.8385172, 0.0, 7.6285832, -16.730097, 52.006904399999996, 13.9457076, -4.82786658, 0.0, -17.0331304, -12.3156486, 42.890045, -43.7418842, 0.0
23.546441599999998, -21.5983752, -4.3446326399999995, 14.931194, 21.7550396, 0.0, -6.85631736, -22.676372599999997, -7.923025, 22.1001472, -2.1284913999999997, 0.0, 7.9232664, -15.920342, 50.249060799999995, 12.5696862, -7.148997560000001, 0.0, -16.8445578, -12.8952292, 41.660568, -43.7154964, 0.0
23.5335314, -21.0925318, -4.547729759999999, 14.600041000000001, 21.3122974, 0.0, -7.72484324, -21.9679024, -8.036684, 22.0725248, -2.4184655999999998, 0.0, 8.2179496, -15.110587, 48.491217199999994, 11.1936648, -9.470128540000001, 0.0, -16.6559852, -13.4748098, 40.431091, -43.689108600000004, 0.0
23.5206212, -20.5866884, -4.75082688, 14.268888, 20.8695552, 0.0, -8.59336912, -21.2594322, -8.150343, 22.044902399999998, -2.7084398, 0.0, 8.5126328, -14.300832, 46.7333736, 9.817643400000001, -11.79125952, 0.0, -16.4674126, -14.0543904, 39.201614, -43.6627208, 0.0
23.507711, -20.080845, -4.953924, 13.937735, 20.426813, 0.0, -9.461895, -20.550962, -8.264002, 22.01728, -2.998414, 0.0, 8.807316, -13.491077, 44.97553, 8.441622, -14.1123905, 0.0, -16.27884, -14.633971, 37.972137, -43.636333, 0.0
23.3895794, -19.3734796, -5.13150792, 14.0685928, 19.7351322, 0.0, -10.2076108, -19.964957799999997, -8.2398392, 21.658399199999998, -2.6970107, 0.0, 9.0739296, -12.695459000000001, 42.7455668, 6.9099527400000005, -16.467846, 0.0, -16.0368176, -15.005643200000002, 36.8771092, -43.8164494, 0.0
23.2714478, -18.6661142, -5.30909184, 14.1994506, 19.0434514, 0.0, -10.9533266, -19.3789536, -8.2156764, 21.2995184, -2.3956074, 0.0, 9.340543199999999, -11.899841, 40.5156036, 5.37828348, -18.8233015, 0.0, -15.7947952, -15.3773154, 35.782081399999996, -43.9965658, 0.0
23.1533162, -17.958748800000002, -5.48667576, 14.3303084, 18.351770600000002, 0.0, -11.6990424, -18.792949399999998, -8.1915136, 20.9406376, -2.0942041, 0.0, 9.6071568, -11.104223000000001, 38.2856404, 3.84661422, -21.178757, 0.0, -15.5527728, -15.748987600000001, 34.6870536, -44.1766822, 0.0
23.0351846, -17.2513834, -5.66425968, 14.461166200000001, 17.6600898, 0.0, -12.444758199999999, -18.2069452, -8.1673508, 20.5817568, -1.7928008, 0.0, 9.8737704, -10.308605, 36.0556772, 2.31494496, -23.534212500000002, 0.0, -15.3107504, -16.120659800000002, 33.592025799999995, -44.3567986, 0.0
22.917053, -16.544018, -5.8418436, 14.592024, 16.968409, 0.0, -13.190474, -17.620941, -8.143188, 20.222876, -1.4913975, 0.0, 10.140384, -9.512987, 33.825714, 0.7832757, -25.889668, 0.0, -15.068728, -16.492332, 32.496998, -44.536915, 0.0
22.832291599999998, -15.6269573, -5.7992314799999996, 15.0704262, 16.3812038, 0.0, -13.8736122, -17.09937, -8.01492634, 19.772357799999998, -1.2121883039999999, 0.0, 10.318188699999999, -8.859850100000001, 31.738844599999997, -0.7404526399999999, -27.6122144, 0.0, -14.9733448, -16.5554336, 31.724582799999997, -44.750915, 0.0
22.7475302, -14.7098966, -5.75661936, 15.5488284, 15.7939986, 0.0, -14.5567504, -16.577799, -7.88666468, 19.3218396, -0.932979108, 0.0, 10.4959934, -8.206713200000001, 29.6519752, -2.26418098, -29.3347608, 0.0, -14.877961599999999, -16.6185352, 30.9521676, -44.964915, 0.0
22.6627688, -13.7928359, -5.71400724, 16.0272306, 15.2067934, 0.0, -15.2398886, -16.056227999999997, -7.75840302, 18.8713214, -0.653769912, 0.0, 10.673798099999999, -7.5535763000000005, 27.565105799999998, -3.78790932, -31.0573072, 0.0, -14.7825784, -16.6816368, 30.179752399999998, -45.178915, 0.0
22.5780074, -12.8757752, -5.671395120000001, 16.5056328, 14.619588199999999, 0.0, -15.9230268, -15.534657, -7.63014136, 18.4208032, -0.37456071599999996, 0.0, 10.8516028, -6.9004394, 25.4782364, -5.31163766, -32.7798536, 0.0, -14.6871952, -16.7447384, 29.4073372, -45.392915, 0.0
22.493246, -11.9587145, -5.628783, 16.984035, 14.032383, 0.0, -16.606165, -15.013086, -7.5018797, 17.970285, -0.09535152, 0.0, 11.0294075, -6.2473025, 23.391367, -6.835366, -34.5024, 0.0, -14.591812, -16.80784, 28.634922, -45.606915, 0.0
22.6031746, -10.8659792, -5.4204854000000005, 17.227584399999998, 13.6837802, 0.0, -17.257169, -14.4986114, -7.32371836, 17.607388, 0.025219484000000014, 0.0, 10.988321, -5.9938712, 21.973348599999998, -8.0878292, -35.4123632, 0.0, -14.572799799999999, -16.589295999999997, 28.2474488, -45.696366, 0.0
22.7131032, -9.7732439, -5.212187800000001, 17.4711338, 13.3351774, 0.0, -17.908173, -13.9841368, -7.14555702, 17.244491, 0.14579048800000002, 0.0, 10.9472345, -5.7404399, 20.5553302, -9.3402924, -36.3223264, 0.0, -14.5537876, -16.370752, 27.8599756, -45.785817, 0.0
22.8230318, -8.6805086, -5.003890200000001, 17.7146832, 12.9865746, 0.0, -18.559177, -13.4696622, -6.96739568, 16.881594, 0.26636149200000003, 0.0, 10.906148, -5.4870086, 19.1373118, -10.5927556, -37.2322896, 0.0, -14.5347754, -16.152208, 27.4725024, -45.875268, 0.0
22.9329604, -7.5877733, -4.7955926, 17.958232600000002, 12.6379718, 0.0, -19.210181, -12.9551876, -6.78923434, 16.518697, 0.386932496, 0.0, 10.865061500000001, -5.2335773, 17.719293399999998, -11.845218800000001, -38.1422528, 0.0, -14.5157632, -15.933664, 27.085029199999997, -45.964719, 0.0
23.042889, -6.495038, -4.587295, 18.201782, 12.289369, 0.0, -19.861185, -12.440713, -6.611073, 16.1558, 0.5075035, 0.0, 10.823975, -4.980146, 16.301275, -13.097682, -39.052216, 0.0, -14.496751, -15.71512, 26.697556, -46.05417, 0.0
23.2702506, -5.5066071, -4.40097656, 17.901040000000002, 12.141920200000001, 0.0, -20.4031962, -11.9633436, -6.4202115, 15.8981433, 0.64461148, 0.0, 10.566809600000001, -5.204836520000001, 15.643261, -13.743682, -39.1610168, 0.0, -14.586080599999999, -15.48912, 26.5028938, -46.0485232, 0.0
23.4976122, -4.5181762, -4.21465812, 17.600298000000002, 11.9944714, 0.0, -20.9452074, -11.4859742, -6.22935, 15.6404866, 0.78171946, 0.0, 10.309644200000001, -5.42952704, 14.985247000000001, -14.389682, -39.2698176, 0.0, -14.6754102, -15.26312, 26.3082316, -46.0428764, 0.0
23.7249738, -3.5297453, -4.02833968, 17.299556, 11.8470226, 0.0, -21.4872186, -11.0086048, -6.0384885, 15.3828299, 0.91882744, 0.0, 10.0524788, -5.65421756, 14.327233, -15.035682, -39.3786184, 0.0, -14.7647398, -15.03712, 26.1135694, -46.0372296, 0.0
23.9523354, -2.5413144, -3.84202124, 16.998814, 11.6995738, 0.0, -22.0292298, -10.5312354, -5.847627, 15.1251732, 1.05593542, 0.0, 9.7953134, -5.8789080799999995, 13.669219, -15.681681999999999, -39.487419200000005, 0.0, -14.8540694, -14.81112, 25.9189072, -46.0315828, 0.0
24.179697, -1.5528835, -3.6557028, 16.698072, 11.552125, 0.0, -22.571241, -10.053866, -5.6567655, 14.8675165, 1.1930434, 0.0, 9.538148, -6.1035986, 13.011205, -16.327682, -39.59622, 0.0, -14.943399, -14.58512, 25.724245, -46.025936, 0.0
24.265366, -1.083034332, -3.49925892, 15.899875399999999, 11.4821294, 0.0, -22.8938878, -9.698939, -5.4706068, 14.641907400000001, 1.49645136, 0.0, 9.234166, -6.46966828, 12.9791418, -16.2975656, -38.921118, 0.0, -15.0681292, -14.5144458, 25.2869132, -45.8617324, 0.0
24.351035, -0.6131851640000001, -3.34281504, 15.1016788, 11.4121338, 0.0, -23.2165346, -9.344012, -5.2844481, 14.416298300000001, 1.7998593200000002, 0.0, 8.930184, -6.8357379599999994, 12.947078600000001, -16.267449199999998, -38.246016, 0.0, -15.1928594, -14.4437716, 24.8495814, -45.6975288, 0.0
24.436704000000002, -0.14333599600000024, -3.18637116, 14.3034822, 11.3421382, 0.0, -23.5391814, -8.989085, -5.0982894, 14.1906892, 2.1032672800000003, 0.0, 8.626202, -7.20180764, 12.9150154, -16.2373328, -37.570914, 0.0, -15.3175896, -14.3730974, 24.4122496, -45.5333252, 0.0
24.522373, 0.32651317199999985, -3.02992728, 13.5052856, 11.2721426, 0.0, -23.861828199999998, -8.634158, -4.9121307, 13.9650801, 2.40667524, 0.0, 8.32222, -7.56787732, 12.8829522, -16.2072164, -36.895812, 0.0, -15.4423198, -14.3024232, 23.9749178, -45.3691216, 0.0
24.608042, 0.79636234, -2.8734834, 12.707089, 11.202147, 0.0, -24.184475, -8.279231, -4.725972, 13.739471, 2.7100832, 0.0, 8.018238, -7.933947, 12.850889, -16.1771, -36.22071, 0.0, -15.56705, -14.231749, 23.537586, -45.204918, 0.0
24.6138704, 0.788539158, -2.6478184000000002, 11.8178624, 11.3761096, 0.0, -24.2696832, -8.074350299999999, -4.527982339999999, 13.4959522, 3.30745856, 0.0, 7.7299328, -7.89283888, 13.1910544, -15.5530528, -34.753728599999995, 0.0, -15.3823346, -14.3740138, 22.653167200000002, -44.4956344, 0.0
24.619698800000002, 0.780715976, -2.4221534, 10.9286358, 11.5500722, 0.0, -24.3548914, -7.8694695999999995, -4.32999268, 13.2524334, 3.9048339199999997, 0.0, 7.4416276, -7.85173076, 13.5312198, -14.9290056, -33.2867472, 0.0, -15.1976192, -14.5162786, 21.7687484, -43.7863508, 0.0
24.6255272, 0.772892794, -2.1964884, 10.0394092, 11.7240348, 0.0, -24.4400996, -7.6645889, -4.13200302, 13.0089146, 4.50220928, 0.0, 7.1533224, -7.81062264, 13.8713852, -14.3049584, -31.8197658, 0.0, -15.0129038, -14.658543400000001, 20.8843296, -43.077067199999995, 0.0
24.631355600000003, 0.765069612, -1.9708234, 9.1501826, 11.897997400000001, 0.0, -24.5253078, -7.4597082, -3.93401336, 12.7653958, 5.09958464, 0.0, 6.8650172, -7.7695145199999995, 14.2115506, -13.680911199999999, -30.352784399999997, 0.0, -14.8281884, -14.8008082, 19.9999108, -42.367783599999996, 0.0
24.637184, 0.75724643, -1.7451584, 8.260956, 12.07196, 0.0, -24.610516, -7.2548275, -3.7360237, 12.521877, 5.69696, 0.0, 6.576712, -7.7284064, 14.551716, -13.056864, -28.885803, 0.0, -14.643473, -14.943073, 19.115492, -41.6585, 0.0
24.637184, 0.658681532, -1.5871792, 7.6113535400000005, 12.445096600000001, 0.0, -24.6118514, -7.18372508, -3.59599616, 12.2072938, 6.3552494, 0.0, 6.238564859999999, -7.19250286, 15.0331506, -11.85048112, -26.6148564, 0.0, -14.1155968, -15.463626399999999, 17.7003606, -40.205377399999996, 0.0
24.637184, 0.560116634, -1.4292, 6.96175108, 12.8182332, 0.0, -24.6131868, -7.11262266, -3.45596862, 11.892710600000001, 7.0135388, 0.0, 5.90041772, -6.65659932, 15.5145852, -10.64409824, -24.3439098, 0.0, -13.5877206, -15.9841798, 16.2852292, -38.752254799999996, 0.0
24.637184, 0.46155173600000005, -1.2712208, 6.31214862, 13.1913698, 0.0, -24.6145222, -7.04152024, -3.31594108, 11.5781274, 7.6718282, 0.0, 5.56227058, -6.12069578, 15.9960198, -9.437715359999999, -22.0729632, 0.0, -13.0598444, -16.5047332, 14.8700978, -37.2991322, 0.0
24.637184, 0.36298683800000003, -1.1132415999999998, 5.66254616, 13.564506399999999, 0.0, -24.615857600000002, -6.97041782, -3.17591354, 11.2635442, 8.330117600000001, 0.0, 5.22412344, -5.5847922400000005, 16.4774544, -8.231332479999999, -19.8020166, 0.0, -12.5319682, -17.025286599999998, 13.4549664, -35.8460096, 0.0
24.637184, 0.26442194, -0.9552624, 5.0129437, 13.937643, 0.0, -24.617193, -6.8993154, -3.035886, 10.948961, 8.988407, 0.0, 4.8859763, -5.0488887, 16.958889, -7.0249496, -17.53107, 0.0, -12.004092, -17.54584, 12.039835, -34.392887, 0.0
24.637184, 0.09722663200000001, -0.85333664, 4.48055484, 14.2653676, 0.0, -24.5663046, -6.89131972, -2.8547043, 10.563816600000001, 9.512521600000001, 0.0, 4.54634832, -4.3958883, 17.4465664, -5.43875332, -14.452244279999999, 0.0, -11.3225776, -18.0043096, 10.41968748, -32.191415400000004, 0.0
24.637184, -0.06996867600000001, -0.7514108799999999, 3.94816598, 14.5930922, 0.0, -24.5154162, -6.88332404, -2.6735226, 10.178672200000001, 10.0366362, 0.0, 4.20672034, -3.7428879, 17.9342438, -3.85255704, -11.37341856, 0.0, -10.6410632, -18.4627792, 8.79953996, -29.9899438, 0.0
24.637184, -0.237163984, -0.6494851199999999, 3.4157771200000004, 14.9208168, 0.0, -24.4645278, -6.87532836, -2.4923409, 9.7935278, 10.560750800000001, 0.0, 3.86709236, -3.0898874999999997, 18.4219212, -2.2663607600000004, -8.29459284, 0.0, -9.9595488, -18.921248799999997, 7.179392439999999, -27.7884722, 0.0
24.637184, -0.40435929200000004, -0.5475593599999999, 2.8833882600000003, 15.2485414, 0.0, -24.4136394, -6.86733268, -2.3111591999999996, 9.4083834, 11.084865400000002, 0.0, 3.52746438, -2.4368871, 18.909598600000002, -0.6801644800000002, -5.215767119999999, 0.0, -9.2780344, -19.379718399999998, 5.559244919999999, -25.5870006, 0.0
24.637184, -0.5715546, -0.4456336, 2.3509994, 15.576266, 0.0, -24.362751, -6.859337, -2.1299775, 9.023239, 11.60898, 0.0, 3.1878364, -1.7838867, 19.397276, 0.9060318, -2.1369414, 0.0, -8.59652, -19.838188, 3.9390974, -23.385529, 0.0
24.637184, -0.73438382, -0.346581288, 1.864383566, 15.8168406, 0.0, -24.2720382, -6.8111685, -1.8645337, 8.637994, 11.9206958, 0.0, 2.89176612, -1.374441004, 19.6146488, 2.33851824, 1.4730176800000003, 0.0, -8.0855684, -20.0295192, 2.4966774000000003, -20.5898698, 0.0
24.637184, -0.89721304, -0.247528976, 1.3777677320000001, 16.0574152, 0.0, -24.1813254, -6.763, -1.5990898999999998, 8.252749, 12.2324116, 0.0, 2.5956958400000003, -0.964995308, 19.8320216, 3.7710046800000003, 5.082976760000001, 0.0, -7.5746168, -20.2208504, 1.0542574000000005, -17.7942106, 0.0
24.637184, -1.06004226, -0.14847666399999998, 0.8911518979999999, 16.2979898, 0.0, -24.0906126, -6.7148315, -1.3336460999999997, 7.867504, 12.5441274, 0.0, 2.29962556, -0.5555496120000001, 20.0493944, 5.203491120000001, 8.692935840000002, 0.0, -7.0636652, -20.4121816, -0.3881625999999989, -14.998551399999998, 0.0
24.637184, -1.2228714799999998, -0.049424352000000005, 0.404536064, 16.538564400000002, 0.0, -23.999899799999998, -6.666663, -1.0682022999999998, 7.482259, 12.8558432, 0.0, 2.00355528, -0.14610391599999994, 20.2667672, 6.635977560000001, 12.302894920000002, 0.0, -6.552713600000001, -20.6035128, -1.8305825999999992, -12.202892199999999, 0.0
24.637184, -1.3857007, 0.04962796, -0.08207977, 16.779139, 0.0, -23.909187, -6.6184945, -0.8027585, 7.097014, 13.167559, 0.0, 1.707485, 0.26334178, 20.48414, 8.068464, 15.912854, 0.0, -6.041762, -20.794844, -3.2730026, -9.407233, 0.0
24.637184, -1.3698623399999998, 0.14539419399999998, -0.41100921599999996, 17.0243, 0.0, -23.9618268, -6.4626978, -0.7015649740000001, 6.806186139999999, 13.3294288, 0.0, 1.4663496999999999, 0.431376384, 20.3290684, 9.0265413, 19.232344599999998, 0.0, -5.70536232, -20.775164200000003, -4.40414868, -6.39729472, 0.0
24.637184, -1.35402398, 0.24116042799999998, -0.7399386619999999, 17.269461, 0.0, -24.0144666, -6.3069011, -0.600371448, 6.51535828, 13.4912986, 0.0, 1.2252144, 0.599410988, 20.1739968, 9.984618600000001, 22.5518352, 0.0, -5.36896264, -20.7554844, -5.535294759999999, -3.3873564399999996, 0.0
24.637184, -1.33818562, 0.336926662, -1.0688681079999998, 17.514622, 0.0, -24.0671064, -6.1511043999999995, -0.499177922, 6.22453042, 13.6531684, 0.0, 0.9840791, 0.7674455919999998, 20.018925199999998, 10.9426959, 25.871325799999997, 0.0, -5.03256296, -20.7358046, -6.66644084, -0.3774181599999995, 0.0
24.637184, -1.3223472600000001, 0.43269289599999994, -1.3977975539999998, 17.759783, 0.0, -24.119746199999998, -5.9953077, -0.397984396, 5.93370256, 13.8150382, 0.0, 0.7429437999999999, 0.9354801959999999, 19.8638536, 11.9007732, 29.190816399999996, 0.0, -4.69616328, -20.7161248, -7.79758692, 2.6325201200000006, 0.0
24.637184, -1.3065089, 0.52845913, -1.726727, 18.004944, 0.0, -24.172386, -5.839511, -0.29679087, 5.6428747, 13.976908, 0.0, 0.5018085, 1.1035148, 19.708782, 12.8588505, 32.510307, 0.0, -4.3597636, -20.696445, -8.928733, 5.6424584, 0.0
24.637184, -1.26002784, 0.581985174, -1.91473716, 18.2170918, 0.0, -24.2452348, -5.64631688, -0.288022876, 5.38642242, 14.0523992, 0.0, 0.337364088, 1.1225802999999999, 19.5238208, 13.5257438, 35.1930562, 0.0, -4.116374, -20.5458726, -9.8300982, 8.45328412, 0.0
24.637184, -1.21354678, 0.635511218, -2.10274732, 18.4292396, 0.0, -24.318083599999998, -5.45312276, -0.279254882, 5.12997014, 14.1278904, 0.0, 0.17291967600000002, 1.1416457999999998, 19.3388596, 14.1926371, 37.8758054, 0.0, -3.8729844, -20.3953002, -10.731463399999999, 11.26410984, 0.0
24.637184, -1.16706572, 0.689037262, -2.29075748, 18.6413874, 0.0, -24.3909324, -5.25992864, -0.270486888, 4.87351786, 14.2033816, 0.0, 0.008475264000000038, 1.1607113, 19.1538984, 14.8595304, 40.5585546, 0.0, -3.6295948, -20.2447278, -11.6328286, 14.07493556, 0.0
24.637184, -1.12058466, 0.7425633060000001, -2.47876764, 18.8535352, 0.0, -24.4637812, -5.066734520000001, -0.261718894, 4.61706558, 14.2788728, 0.0, -0.15596914799999995, 1.1797768, 18.9689372, 15.5264237, 43.2413038, 0.0, -3.3862052, -20.094155400000002, -12.5341938, 16.88576128, 0.0
24.637184, -1.0741036, 0.79608935, -2.6667778, 19.065683, 0.0, -24.53663, -4.8735404, -0.2529509, 4.3606133, 14.354364, 0.0, -0.32041356, 1.1988423, 18.783976, 16.193317, 45.924053, 0.0, -3.1428156, -19.943583, -13.435559, 19.696587, 0.0
24.637184, -1.08630268, 0.810921346, -2.7679633200000002, 19.2296036, 0.0, -24.555598999999997, -4.6764564, -0.248080696, 4.1142274, 14.4016224, 0.0, -0.391905368, 1.2451404, 18.644056199999998, 16.7603322, 48.014665, 0.0, -2.92271276, -19.6388768, -14.1668348, 22.1968562, 0.0
24.637184, -1.09850176, 0.8257533420000001, -2.8691488400000003, 19.3935242, 0.0, -24.574568, -4.4793724, -0.243210492, 3.8678415, 14.4488808, 0.0, -0.463397176, 1.2914385, 18.5041364, 17.3273474, 50.105277, 0.0, -2.70260992, -19.3341706, -14.898110599999999, 24.6971254, 0.0
24.637184, -1.11070084, 0.840585338, -2.97033436, 19.5574448, 0.0, -24.593536999999998, -4.2822884000000005, -0.23834028799999998, 3.6214556, 14.4961392, 0.0, -0.5348889840000001, 1.3377366, 18.3642166, 17.8943626, 52.195889, 0.0, -2.48250708, -19.0294644, -15.6293864, 27.1973946, 0.0
24.637184, -1.12289992, 0.8554173340000001, -3.07151988, 19.7213654, 0.0, -24.612506, -4.0852044, -0.233470084, 3.3750697, 14.543397599999999, 0.0, -0.6063807920000001, 1.3840347, 18.2242968, 18.4613778, 54.286501, 0.0, -2.26240424, -18.7247582, -16.3606622, 29.6976638, 0.0
24.637184, -1.135099, 0.87024933, -3.1727054, 19.885286, 0.0, -24.631475, -3.8881204, -0.22859988, 3.1286838, 14.590656, 0.0, -0.6778726, 1.4303328, 18.084377, 19.028393, 56.377113, 0.0, -2.0423014, -18.420052, -17.091938, 32.197933, 0.0
24.637184, -1.1348818600000001, 0.9033403640000001, -3.24188946, 20.002412200000002, 0.0, -24.632616799999997, -3.6889369, -0.231641, 2.89649564, 14.6347262, 0.0, -0.6770346, 1.48091244, 17.8766202, 19.4559976, 57.8915928, 0.0, -1.8648032799999998, -17.9824296, -17.763264, 34.3013694, 0.0
24.637184, -1.13466472, 0.9364313980000001, -3.31107352, 20.1195384, 0.0, -24.6337586, -3.4897534, -0.23468212, 2.66430748, 14.6787964, 0.0, -0.6761966, 1.53149208, 17.6688634, 19.883602200000002, 59.4060726, 0.0, -1.68730516, -17.5448072, -18.43459, 36.4048058, 0.0
24.637184, -1.13444758, 0.969522432, -3.38025758, 20.2366646, 0.0, -24.6349004, -3.2905699, -0.23772324, 2.43211932, 14.7228666, 0.0, -0.6753586, 1.58207172, 17.4611066, 20.3112068, 60.9205524, 0.0, -1.5098070399999999, -17.1071848, -19.105916, 38.5082422, 0.0
24.637184, -1.1342304399999998, 1.0026134660000001, -3.44944164, 20.3537908, 0.0, -24.636042200000002, -3.0913864, -0.24076435999999998, 2.19993116, 14.7669368, 0.0, -0.6745206, 1.6326513599999999, 17.2533498, 20.738811400000003, 62.4350322, 0.0, -1.33230892, -16.6695624, -19.777242, 40.6116786, 0.0
24.637184, -1.1340133, 1.0357045, -3.5186257, 20.470917, 0.0, -24.637184, -2.8922029, -0.24380548, 1.967743, 14.811007, 0.0, -0.6736826, 1.683231, 17.045593, 21.166416, 63.949512, 0.0, -1.1548108, -16.23194, -20.448568, 42.715115, 0.0
24.637184, -1.1241607, 1.07284606, -3.58956706, 20.5586424, 0.0, -24.637184, -2.71838064, -0.249748114, 1.74290028, 14.8736042, 0.0, -0.629881888, 1.63555882, 16.832067000000002, 21.4915752, 64.9018876, 0.0, -1.0383931259999999, -15.790541600000001, -21.194341400000003, 44.357548799999996, 0.0
24.637184, -1.1143081, 1.10998762, -3.6605084199999998, 20.6463678, 0.0, -24.637184, -2.54455838, -0.25569074799999997, 1.51805756, 14.9362014, 0.0, -0.586081176, 1.58788664, 16.618541, 21.8167344, 65.85426319999999, 0.0, -0.921975452, -15.3491432, -21.9401148, 45.999982599999996, 0.0
24.637184, -1.1044555, 1.1471291799999999, -3.73144978, 20.7340932, 0.0, -24.637184, -2.37073612, -0.26163338199999997, 1.29321484, 14.9987986, 0.0, -0.5422804640000001, 1.54021446, 16.405015, 22.1418936, 66.8066388, 0.0, -0.805557778, -14.9077448, -22.6858882, 47.6424164, 0.0
24.637184, -1.0946029, 1.1842707399999999, -3.80239114, 20.8218186, 0.0, -24.637184, -2.19691386, -0.26757601599999997, 1.06837212, 15.0613958, 0.0, -0.498479752, 1.4925422799999999, 16.191489, 22.4670528, 67.7590144, 0.0, -0.689140104, -14.4663464, -23.431661599999998, 49.2848502, 0.0
24.637184, -1.0847503, 1.2214123, -3.8733325, 20.909544, 0.0, -24.637184, -2.0230916, -0.27351865, 0.8435294, 15.123993, 0.0, -0.45467904, 1.4448701, 15.977963, 22.792212, 68.71139, 0.0, -0.57272243, -14.024948, -24.177435, 50.927284, 0.0
24.637184, -1.1270037, 1.24562428, -3.9311904, 20.9867748, 0.0, -24.637184, -1.90311988, -0.242549472, 0.6313502559999999, 15.2441638, 0.0, -0.411442304, 1.3070074919999999, 15.828636600000001, 23.025555, 69.188662, 0.0, -0.560958164, -13.6881896, -24.8810772, 52.0353018, 0.0
24.637184, -1.1692571, 1.26983626, -3.9890483, 21.0640056, 0.0, -24.637184, -1.7831481599999999, -0.21158029399999997, 0.419171112, 15.364334600000001, 0.0, -0.368205568, 1.169144884, 15.679310200000002, 23.258898, 69.665934, 0.0, -0.549193898, -13.3514312, -25.5847194, 53.1433196, 0.0
24.637184, -1.2115105, 1.29404824, -4.0469062, 21.1412364, 0.0, -24.637184, -1.66317644, -0.180611116, 0.20699196800000008, 15.4845054, 0.0, -0.324968832, 1.031282276, 15.5299838, 23.492241, 70.143206, 0.0, -0.537429632, -13.0146728, -26.2883616, 54.251337400000004, 0.0
24.637184, -1.2537639, 1.31826022, -4.1047641, 21.218467200000003, 0.0, -24.637184, -1.5432047199999999, -0.14964193799999997, -0.00518717599999996, 15.6046762, 0.0, -0.281732096, 0.893419668, 15.3806574, 23.725583999999998, 70.620478, 0.0, -0.525665366, -12.6779144, -26.9920038, 55.3593552, 0.0
24.637184, -1.2960173, 1.3424722, -4.162622, 21.295698, 0.0, -24.637184, -1.423233, -0.11867276, -0.21736632, 15.724847, 0.0, -0.23849536, 0.75555706, 15.231331, 23.958927, 71.09775, 0.0, -0.5139011, -12.341156, -27.695646, 56.467373, 0.0
24.637184, -1.3763112199999998, 1.35869472, -4.19266092, 21.3718672, 0.0, -24.637184, -1.35782068, -0.06074566000000001, -0.389519756, 15.878224, 0.0, -0.22056061799999999, 0.6034492231999999, 15.094023400000001, 24.061700599999998, 71.257452, 0.0, -0.60593646, -12.109790799999999, -28.172099, 57.0716218, 0.0
24.637184, -1.45660514, 1.37491724, -4.22269984, 21.4480364, 0.0, -24.637184, -1.29240836, -0.0028185600000000116, -0.561673192, 16.031601, 0.0, -0.20262587599999998, 0.4513413864, 14.956715800000001, 24.1644742, 71.417154, 0.0, -0.69797182, -11.8784256, -28.648552, 57.6758706, 0.0
24.637184, -1.5368990599999999, 1.39113976, -4.25273876, 21.524205600000002, 0.0, -24.637184, -1.22699604, 0.05510853999999997, -0.7338266280000001, 16.184978, 0.0, -0.184691134, 0.2992335496, 14.8194082, 24.2672478, 71.576856, 0.0, -0.79000718, -11.647060399999999, -29.125005, 58.2801194, 0.0
24.637184, -1.61719298, 1.40736228, -4.28277768, 21.6003748, 0.0, -24.637184, -1.1615837199999999, 0.11303563999999998, -0.9059800640000001, 16.338355, 0.0, -0.166756392, 0.14712571279999997, 14.6821006, 24.370021400000002, 71.736558, 0.0, -0.88204254, -11.4156952, -29.601458, 58.8843682, 0.0
24.637184, -1.6974869, 1.4235848, -4.3128166, 21.676544, 0.0, -24.637184, -1.0961714, 0.17096274, -1.0781335, 16.491732, 0.0, -0.14882165, -0.004982124, 14.544793, 24.472795, 71.89626, 0.0, -0.9740779, -11.18433, -30.077911, 59.488617, 0.0
24.637184, -1.74315158, 1.41980306, -4.34258736, 21.7292472, 0.0, -24.637184, -1.07933252, 0.20803906, -1.19160558, 16.608110399999997, 0.0, -0.16833084, -0.1544836592, 14.3679068, 24.4463318, 71.903248, 0.0, -1.1163444, -11.0898822, -30.311600600000002, 59.747620399999995, 0.0
24.637184, -1.78881626, 1.41602132, -4.3723581199999995, 21.7819504, 0.0, -24.637184, -1.06249364, 0.24511538, -1.30507766, 16.7244888, 0.0, -0.18784003, -0.3039851944, 14.1910206, 24.4198686, 71.910236, 0.0, -1.2586109, -10.995434399999999, -30.5452902, 60.0066238, 0.0
24.637184, -1.83448094, 1.41223958, -4.40212888, 21.8346536, 0.0, -24.637184, -1.04565476, 0.2821917, -1.41854974, 16.840867199999998, 0.0, -0.20734922, -0.4534867296, 14.0141344, 24.3934054, 71.917224, 0.0, -1.4008774000000002, -10.9009866, -30.778979800000002, 60.2656272, 0.0
24.637184, -1.88014562, 1.40845784, -4.43189964, 21.8873568, 0.0, -24.637184, -1.02881588, 0.31926802, -1.53202182, 16.9572456, 0.0, -0.22685841, -0.6029882648, 13.8372482, 24.3669422, 71.924212, 0.0, -1.5431439, -10.806538799999998, -31.0126694, 60.5246306, 0.0
24.637184, -1.9258103, 1.4046761, -4.4616704, 21.94006, 0.0, -24.637184, -1.011977, 0.35634434, -1.6454939, 17.073624, 0.0, -0.2463676, -0.7524898, 13.660362, 24.340479, 71.9312, 0.0, -1.6854104, -10.712091, -31.246359, 60.783634, 0.0
24.637184, -1.93082358, 1.3794595600000001, -4.48443892, 21.9835334, 0.0, -24.637184, -1.01965212, 0.359290146, -1.7117668, 17.1399184, 0.0, -0.272068926, -0.8689199, 13.549380399999999, 24.254931199999998, 71.889348, 0.0, -1.82724568, -10.7894492, -31.312262800000003, 60.8656332, 0.0
24.637184, -1.93583686, 1.3542430200000002, -4.50720744, 22.0270068, 0.0, -24.637184, -1.02732724, 0.36223595199999997, -1.7780397, 17.2062128, 0.0, -0.29777025199999996, -0.98535, 13.4383988, 24.169383399999997, 71.847496, 0.0, -1.9690809599999999, -10.866807399999999, -31.3781666, 60.947632399999996, 0.0
24.637184, -1.94085014, 1.32902648, -4.52997596, 22.0704802, 0.0, -24.637184, -1.03500236, 0.365181758, -1.8443125999999999, 17.2725072, 0.0, -0.323471578, -1.1017801, 13.3274172, 24.0838356, 71.805644, 0.0, -2.11091624, -10.9441656, -31.4440704, 61.0296316, 0.0
24.637184, -1.94586342, 1.30380994, -4.55274448, 22.1139536, 0.0, -24.637184, -1.04267748, 0.368127564, -1.9105855, 17.3388016, 0.0, -0.349172904, -1.2182102000000001, 13.2164356, 23.9982878, 71.76379200000001, 0.0, -2.25275152, -11.021523799999999, -31.5099742, 61.1116308, 0.0
24.637184, -1.9508767, 1.2785934, -4.575513, 22.157427, 0.0, -24.637184, -1.0503526, 0.37107337, -1.9768584, 17.405096, 0.0, -0.37487423, -1.3346403, 13.105454, 23.91274, 71.72194, 0.0, -2.3945868, -11.098882, -31.575878, 61.19363, 0.0
24.637184, -1.94726448, 1.249598, -4.58026276, 22.1962232, 0.0, -24.637184, -1.0607902200000001, 0.3618444, -2.0135348, 17.4736796, 0.0, -0.389145454, -1.40922318, 13.087482, 23.799236, 71.6782508, 0.0, -2.51310778, -11.2575898, -31.50404, 61.196619999999996, 0.0
24.637184, -1.9436522600000001, 1.2206026, -4.58501252, 22.2350194, 0.0, -24.637184, -1.0712278400000002, 0.35261543, -2.0502112, 17.5422632, 0.0, -0.403416678, -1.48380606, 13.06951, 23.685732, 71.6345616, 0.0, -2.63162876, -11.4162976, -31.432202, 61.19961, 0.0
24.637184, -1.94004004, 1.1916072, -4.5897622799999995, 22.2738156, 0.0, -24.637184, -1.08166546, 0.34338646, -2.0868876000000003, 17.6108468, 0.0, -0.417687902, -1.55838894, 13.051538, 23.572228, 71.59087240000001, 0.0, -2.75014974, -11.5750054, -31.360364, 61.2026, 0.0
24.637184, -1.93642782, 1.1626118, -4.59451204, 22.3126118, 0.0, -24.637184, -1.09210308, 0.33415749, -2.123564, 17.6794304, 0.0, -0.43195912599999997, -1.6329718199999999, 13.033566, 23.458724, 71.5471832, 0.0, -2.86867072, -11.7337132, -31.288526, 61.20559, 0.0
24.637184, -1.9328156, 1.1336164, -4.5992618, 22.351408, 0.0, -24.637184, -1.1025407, 0.32492852, -2.1602404, 17.748014, 0.0, -0.44623035, -1.7075547, 13.015594, 23.34522, 71.503494, 0.0, -2.9871917, -11.892421, -31.216688, 61.20858, 0.0
24.637184, -1.92704612, 1.15961278, -4.5975367, 22.3392964, 0.0, -24.637184, -1.080727708, 0.336787704, -2.17507224, 17.8370286, 0.0, -0.47718816, -1.70232816, 13.030718, 23.2356932, 71.5145392, 0.0, -3.0573300999999997, -11.980327800000001, -31.0945334, 61.168698, 0.0
24.637184, -1.92127664, 1.18560916, -4.5958116, 22.327184799999998, 0.0, -24.637184, -1.058914716, 0.348646888, -2.1899040800000003, 17.9260432, 0.0, -0.50814597, -1.69710162, 13.045842, 23.1261664, 71.5255844, 0.0, -3.1274685, -12.0682346, -30.9723788, 61.128816, 0.0
24.637184, -1.91550716, 1.2116055399999999, -4.5940864999999995, 22.3150732, 0.0, -24.637184, -1.037101724, 0.360506072, -2.20473592, 18.0150578, 0.0, -0.53910378, -1.69187508, 13.060966, 23.0166396, 71.5366296, 0.0, -3.1976069, -12.156141400000001, -30.8502242, 61.088933999999995, 0.0
24.637184, -1.90973768, 1.23760192, -4.5923614, 22.3029616, 0.0, -24.637184, -1.0152887320000001, 0.372365256, -2.2195677600000003, 18.1040724, 0.0, -0.57006159, -1.68664854, 13.07609, 22.9071128, 71.5476748, 0.0, -3.2677453, -12.2440482, -30.7280696, 61.049051999999996, 0.0
24.637184, -1.9039682, 1.2635983, -4.5906363, 22.29085, 0.0, -24.637184, -0.99347574, 0.38422444, -2.2343996, 18.193087, 0.0, -0.6010194, -1.681422, 13.091214, 22.797586, 71.55872, 0.0, -3.3378837, -12.331955, -30.605915, 61.00917, 0.0
24.637184, -1.92335056, 1.30169288, -4.57242616, 22.2428764, 0.0, -24.637184, -0.9543912800000001, 0.417326072, -2.26194338, 18.262952, 0.0, -0.61445894, -1.5998318, 13.1306554, 22.7470082, 71.612296, 0.0, -3.34281536, -12.3083164, -30.5044788, 60.976347999999994, 0.0
24.637184, -1.94273292, 1.33978746, -4.55421602, 22.1949028, 0.0, -24.637184, -0.9153068200000001, 0.450427704, -2.28948716, 18.332817, 0.0, -0.62789848, -1.5182416, 13.1700968, 22.6964304, 71.665872, 0.0, -3.34774702, -12.2846778, -30.4030426, 60.943526, 0.0
24.637184, -1.96211528, 1.37788204, -4.536005879999999, 22.1469292, 0.0, -24.637184, -0.8762223600000001, 0.48352933600000003, -2.31703094, 18.402682, 0.0, -0.64133802, -1.4366514000000001, 13.2095382, 22.645852599999998, 71.719448, 0.0, -3.35267868, -12.261039199999999, -30.3016064, 60.910703999999996, 0.0
24.637184, -1.98149764, 1.41597662, -4.5177957399999995, 22.0989556, 0.0, -24.637184, -0.8371379, 0.5166309680000001, -2.3445747200000002, 18.472547, 0.0, -0.65477756, -1.3550612, 13.2489796, 22.5952748, 71.77302399999999, 0.0, -3.35761034, -12.237400599999999, -30.2001702, 60.877882, 0.0
24.637184, -2.00088, 1.4540712, -4.4995856, 22.050982, 0.0, -24.637184, -0.79805344, 0.5497326, -2.3721185, 18.542412, 0.0, -0.6682171, -1.273471, 13.288421, 22.544697, 71.8266, 0.0, -3.362542, -12.213762, -30.098734, 60.84506, 0.0
24.637184, -2.01285968, 1.45054008, -4.4689201999999995, 21.997060400000002, 0.0, -24.637184, -0.780278192, 0.5355283200000001, -2.4017729, 18.5259668, 0.0, -0.65981494, -1.187882652, 13.345870399999999, 22.5414548, 71.868782, 0.0, -3.3178205199999997, -12.232302599999999, -30.0578224, 60.850623, 0.0
24.637184, -2.02483936, 1.44700896, -4.438254799999999, 21.9431388, 0.0, -24.637184, -0.762502944, 0.52132404, -2.4314273, 18.5095216, 0.0, -0.65141278, -1.102294304, 13.4033198, 22.5382126, 71.91096399999999, 0.0, -3.27309904, -12.250843199999998, -30.0169108, 60.856186, 0.0
24.637184, -2.0368190399999997, 1.44347784, -4.4075894, 21.8892172, 0.0, -24.637184, -0.744727696, 0.50711976, -2.4610817, 18.4930764, 0.0, -0.64301062, -1.016705956, 13.4607692, 22.5349704, 71.953146, 0.0, -3.2283775599999998, -12.2693838, -29.9759992, 60.861748999999996, 0.0
24.637184, -2.0487987199999997, 1.43994672, -4.376924, 21.8352956, 0.0, -24.637184, -0.7269524479999999, 0.49291548, -2.4907361, 18.4766312, 0.0, -0.63460846, -0.931117608, 13.5182186, 22.5317282, 71.995328, 0.0, -3.18365608, -12.2879244, -29.935087600000003, 60.867312, 0.0
24.637184, -2.0607784, 1.4364156, -4.3462586, 21.781374, 0.0, -24.637184, -0.7091772, 0.4787112, -2.5203905, 18.460186, 0.0, -0.6262063, -0.84552926, 13.575668, 22.528486, 72.03751, 0.0, -3.1389346, -12.306465, -29.894176, 60.872875, 0.0
24.637184, -2.0646840799999997, 1.3861883, -4.3193674799999995, 21.7577122, 0.0, -24.637184, -0.722581748, 0.439012912, -2.52834744, 18.414748, 0.0, -0.62163216, -0.7983081679999999, 13.5968132, 22.5219416, 72.067618, 0.0, -3.1069633399999996, -12.331282, -29.9057552, 60.8801168, 0.0
24.637184, -2.0685897599999996, 1.335961, -4.292476359999999, 21.7340504, 0.0, -24.637184, -0.735986296, 0.399314624, -2.5363043800000002, 18.36931, 0.0, -0.61705802, -0.7510870759999999, 13.6179584, 22.515397200000002, 72.097726, 0.0, -3.07499208, -12.356099, -29.9173344, 60.8873586, 0.0
24.637184, -2.07249544, 1.2857337, -4.26558524, 21.710388599999998, 0.0, -24.637184, -0.749390844, 0.359616336, -2.54426132, 18.323872, 0.0, -0.61248388, -0.7038659839999999, 13.6391036, 22.5088528, 72.12783400000001, 0.0, -3.0430208199999997, -12.380916, -29.9289136, 60.8946004, 0.0
24.637184, -2.07640112, 1.2355064, -4.23869412, 21.6867268, 0.0, -24.637184, -0.762795392, 0.319918048, -2.55221826, 18.278434, 0.0, -0.60790974, -0.656644892, 13.6602488, 22.5023084, 72.157942, 0.0, -3.01104956, -12.405733, -29.9404928, 60.9018422, 0.0
24.637184, -2.0803068, 1.1852791, -4.211803, 21.663065, 0.0, -24.637184, -0.77619994, 0.28021976, -2.5601752, 18.232996, 0.0, -0.6033356, -0.6094238, 13.681394, 22.495764, 72.18805, 0.0, -2.9790783, -12.43055, -29.952072, 60.909084, 0.0
24.637184, -2.0879158799999997, 1.13340714, -4.20293754, 21.6578072, 0.0, -24.637184, -0.8046228120000001, 0.250540214, -2.5620257, 18.2028048, 0.0, -0.60475196, -0.607672452, 13.633656199999999, 22.4656996, 72.204728, 0.0, -2.9756806, -12.3881456, -29.9484576, 60.9079504, 0.0
24.637184, -2.0955249599999997, 1.08153518, -4.19407208, 21.6525494, 0.0, -24.637184, -0.833045684, 0.22086066799999998, -2.5638762, 18.1726136, 0.0, -0.60616832, -0.605921104, 13.585918399999999, 22.4356352, 72.221406, 0.0, -2.9722829, -12.345741199999999, -29.9448432, 60.9068168, 0.0
24.637184, -2.10313404, 1.02966322, -4.18520662, 21.6472916, 0.0, -24.637184, -0.861468556, 0.191181122, -2.5657267, 18.1424224, 0.0, -0.60758468, -0.604169756, 13.5381806, 22.4055708, 72.238084, 0.0, -2.9688852, -12.3033368, -29.9412288, 60.9056832, 0.0
24.637184, -2.11074312, 0.97779126, -4.17634116, 21.6420338, 0.0, -24.637184, -0.889891428, 0.161501576, -2.5675772, 18.1122312, 0.0, -0.60900104, -0.602418408, 13.4904428, 22.3755064, 72.254762, 0.0, -2.9654875, -12.2609324, -29.9376144, 60.9045496, 0.0
24.637184, -2.1183522, 0.9259193, -4.1674757, 21.636776, 0.0, -24.637184, -0.9183143, 0.13182203, -2.5694277, 18.08204, 0.0, -0.6104174, -0.60066706, 13.442705, 22.345442, 72.27144, 0.0, -2.9620898, -12.218528, -29.934, 60.903416, 0.0
24.637184, -2.12401976, 0.910522346, -4.1798563, 21.6378346, 0.0, -24.637116600000002, -0.93167692, 0.129623458, -2.58059132, 18.077510999999998, 0.0, -0.621010366, -0.592848688, 13.3749722, 22.321210599999997, 72.291072, 0.0, -2.95704396, -12.152344399999999, -29.914934000000002, 60.900062, 0.0
24.637184, -2.12968732, 0.895125392, -4.1922369, 21.638893200000002, 0.0, -24.6370492, -0.94503954, 0.12742488600000001, -2.59175494, 18.072982, 0.0, -0.631603332, -0.585030316, 13.3072394, 22.2969792, 72.310704, 0.0, -2.9519981200000003, -12.0861608, -29.895868, 60.896708, 0.0
24.637184, -2.13535488, 0.879728438, -4.2046174999999995, 21.6399518, 0.0, -24.6369818, -0.95840216, 0.125226314, -2.60291856, 18.068452999999998, 0.0, -0.642196298, -0.5772119440000001, 13.2395066, 22.272747799999998, 72.330336, 0.0, -2.94695228, -12.0199772, -29.876802, 60.893354, 0.0
24.637184, -2.14102244, 0.8643314839999999, -4.2169981, 21.6410104, 0.0, -24.6369144, -0.97176478, 0.123027742, -2.61408218, 18.063924, 0.0, -0.6527892639999999, -0.5693935720000001, 13.1717738, 22.2485164, 72.349968, 0.0, -2.9419064400000003, -11.953793600000001, -29.857736, 60.89, 0.0
24.637184, -2.14669, 0.84893453, -4.2293787, 21.642069, 0.0, -24.636847, -0.9851274, 0.12082917, -2.6252458, 18.059395, 0.0, -0.66338223, -0.5615752, 13.104041, 22.224285, 72.3696, 0.0, -2.9368606, -11.88761, -29.83867, 60.886646, 0.0
24.637184, -2.148023, 0.844605824, -4.26073504, 21.6734178, 0.0, -24.6359402, -0.978768048, 0.135464354, -2.6542058, 18.0625376, 0.0, -0.669482304, -0.529285356, 13.075519100000001, 22.235713399999998, 72.387552, 0.0, -2.91974176, -11.8772844, -29.8530516, 60.8887008, 0.0
24.637184, -2.149356, 0.8402771179999999, -4.29209138, 21.7047666, 0.0, -24.6350334, -0.972408696, 0.150099538, -2.6831658000000003, 18.0656802, 0.0, -0.675582378, -0.49699551200000003, 13.0469972, 22.247141799999998, 72.40550400000001, 0.0, -2.90262292, -11.8669588, -29.8674332, 60.8907556, 0.0
24.637184, -2.150689, 0.835948412, -4.32344772, 21.7361154, 0.0, -24.6341266, -0.966049344, 0.164734722, -2.7121258, 18.0688228, 0.0, -0.681682452, -0.464705668, 13.0184753, 22.2585702, 72.423456, 0.0, -2.88550408, -11.8566332, -29.8818148, 60.8928104, 0.0
24.637184, -2.152022, 0.831619706, -4.354804059999999, 21.7674642, 0.0, -24.6332198, -0.959689992, 0.179369906, -2.7410858, 18.0719654, 0.0, -0.687782526, -0.432415824, 12.9899534, 22.2699986, 72.44140800000001, 0.0, -2.8683852400000003, -11.8463076, -29.8961964, 60.8948652, 0.0
24.637184, -2.153355, 0.827291, -4.3861604, 21.798813, 0.0, -24.632313, -0.95333064, 0.19400509, -2.7700458, 18.075108, 0.0, -0.6938826, -0.40012598, 12.9614315, 22.281427, 72.45936, 0.0, -2.8512664, -11.835982, -29.910578, 60.89692, 0.0
24.637184, -2.09515006, 0.8220998899999999, -4.4367179199999995, 21.8241536, 0.0, -24.6309172, -0.920878912, 0.170914852, -2.80506784, 18.0387058, 0.0, -0.69903814, -0.38874681, 12.950822, 22.3155542, 72.451108, 0.0, -2.8226766800000003, -11.9007262, -29.9600172, 60.9144408, 0.0
24.637184, -2.03694512, 0.81690878, -4.4872754399999994, 21.8494942, 0.0, -24.629521399999998, -0.888427184, 0.147824614, -2.84008988, 18.0023036, 0.0, -0.70419368, -0.37736764, 12.9402125, 22.3496814, 72.442856, 0.0, -2.79408696, -11.9654704, -30.0094564, 60.9319616, 0.0
24.637184, -1.97874018, 0.81171767, -4.53783296, 21.8748348, 0.0, -24.6281256, -0.855975456, 0.124734376, -2.87511192, 17.9659014, 0.0, -0.70934922, -0.36598847, 12.929603, 22.3838086, 72.434604, 0.0, -2.76549724, -12.0302146, -30.0588956, 60.9494824, 0.0
24.637184, -1.92053524, 0.80652656, -4.58839048, 21.9001754, 0.0, -24.6267298, -0.8235237280000001, 0.101644138, -2.91013396, 17.929499200000002, 0.0, -0.7145047600000001, -0.3546093, 12.9189935, 22.4179358, 72.426352, 0.0, -2.73690752, -12.0949588, -30.1083348, 60.9670032, 0.0
24.637184, -1.8623303, 0.80133545, -4.638948, 21.925516, 0.0, -24.625334, -0.791072, 0.0785539, -2.945156, 17.893097, 0.0, -0.7196603, -0.34323013, 12.908384, 22.452063, 72.4181, 0.0, -2.7083178, -12.159703, -30.157774, 60.984524, 0.0
24.637184, -1.73054844, 0.8264252799999999, -4.6873598, 21.934129199999997, 0.0, -24.6267298, -0.7178578, 0.004706019999999991, -2.9526970599999998, 17.813620800000002, 0.0, -0.73075669, -0.397553052, 12.8490252, 22.4620688, 72.3818768, 0.0, -2.69404924, -12.2020436, -30.1917466, 61.0116172, 0.0
24.637184, -1.59876658, 0.8515151099999999, -4.7357716000000005, 21.9427424, 0.0, -24.6281256, -0.6446436, -0.06914186000000001, -2.96023812, 17.7341446, 0.0, -0.74185308, -0.451875974, 12.7896664, 22.4720746, 72.3456536, 0.0, -2.67978068, -12.2443842, -30.2257192, 61.0387104, 0.0
24.637184, -1.4669847200000001, 0.87660494, -4.7841834, 21.9513556, 0.0, -24.629521399999998, -0.5714294, -0.14298974000000003, -2.96777918, 17.654668400000002, 0.0, -0.75294947, -0.506198896, 12.7303076, 22.4820804, 72.3094304, 0.0, -2.6655121200000003, -12.2867248, -30.2596918, 61.0658036, 0.0
24.637184, -1.33520286, 0.90169477, -4.8325952, 21.959968800000002, 0.0, -24.6309172, -0.4982152, -0.21683762, -2.9753202400000003, 17.5751922, 0.0, -0.7640458600000001, -0.560521818, 12.6709488, 22.4920862, 72.2732072, 0.0, -2.65124356, -12.329065400000001, -30.2936644, 61.0928968, 0.0
24.637184, -1.203421, 0.9267846, -4.881007, 21.968582, 0.0, -24.632313, -0.425001, -0.2906855, -2.9828613, 17.495716, 0.0, -0.77514225, -0.61484474, 12.61159, 22.502092, 72.236984, 0.0, -2.636975, -12.371406, -30.327637, 61.11999, 0.0
24.637184, -1.1048796, 0.9472261799999999, -4.909762000000001, 21.9934504, 0.0, -24.6332198, -0.364574392, -0.347465488, -2.9732294400000003, 17.4425852, 0.0, -0.7814591000000001, -0.7046939919999999, 12.5539992, 22.4906964, 72.1966062, 0.0, -2.65134702, -12.3420104, -30.330089, 61.1486196, 0.0
24.637184, -1.0063382, 0.96766776, -4.938517, 22.0183188, 0.0, -24.6341266, -0.304147784, -0.404245476, -2.96359758, 17.3894544, 0.0, -0.78777595, -0.794543244, 12.4964084, 22.4793008, 72.1562284, 0.0, -2.66571904, -12.3126148, -30.332541, 61.1772492, 0.0
24.637184, -0.9077968, 0.98810934, -4.967272, 22.043187200000002, 0.0, -24.6350334, -0.24372117599999998, -0.461025464, -2.9539657200000002, 17.3363236, 0.0, -0.7940928, -0.8843924959999999, 12.4388176, 22.4679052, 72.1158506, 0.0, -2.68009106, -12.2832192, -30.334993, 61.2058788, 0.0
24.637184, -0.8092554, 1.00855092, -4.996027, 22.0680556, 0.0, -24.6359402, -0.183294568, -0.5178054519999999, -2.94433386, 17.283192800000002, 0.0, -0.80040965, -0.9742417479999999, 12.3812268, 22.4565096, 72.0754728, 0.0, -2.69446308, -12.2538236, -30.337445, 61.234508399999996, 0.0
24.637184, -0.710714, 1.0289925, -5.024782, 22.092924, 0.0, -24.636847, -0.12286796, -0.57458544, -2.934702, 17.230062, 0.0, -0.8067265, -1.064091, 12.323636, 22.445114, 72.035095, 0.0, -2.7088351, -12.224428, -30.339897, 61.263138, 0.0
24.637184, -0.68929719, 1.02499576, -5.03460174, 22.1275816, 0.0, -24.6369144, -0.0897144112, -0.59497682, -2.9263850000000002, 17.2270988, 0.0, -0.79145444, -1.0777462199999999, 12.3461885, 22.4740386, 72.028184, 0.0, -2.7198952, -12.186379, -30.333282, 61.275953, 0.0
24.637184, -0.6678803799999999, 1.0209990199999999, -5.0444214800000005, 22.1622392, 0.0, -24.6369818, -0.056560862399999995, -0.6153682, -2.9180680000000003, 17.2241356, 0.0, -0.77618238, -1.0914014399999998, 12.368741, 22.5029632, 72.021273, 0.0, -2.7309552999999998, -12.14833, -30.326667, 61.288768, 0.0
24.637184, -0.64646357, 1.01700228, -5.05424122, 22.1968968, 0.0, -24.6370492, -0.023407313599999993, -0.63575958, -2.909751, 17.2211724, 0.0, -0.76091032, -1.10505666, 12.3912935, 22.5318878, 72.014362, 0.0, -2.7420154, -12.110281, -30.320052, 61.301583, 0.0
24.637184, -0.6250467599999999, 1.01300554, -5.06406096, 22.2315544, 0.0, -24.637116600000002, 0.009746235200000009, -0.6561509600000001, -2.901434, 17.2182092, 0.0, -0.74563826, -1.11871188, 12.413846, 22.5608124, 72.007451, 0.0, -2.7530755, -12.072232, -30.313437, 61.314398, 0.0
24.637184, -0.60362995, 1.0090088, -5.0738807, 22.266212, 0.0, -24.637184, 0.042899784, -0.67654234, -2.893117, 17.215246, 0.0, -0.7303662, -1.1323671, 12.4363985, 22.589737, 72.00054, 0.0, -2.7641356, -12.034183, -30.306822, 61.327213, 0.0
24.637184, -0.6131990199999999, 0.986131612, -5.07631342, 22.2955108, 0.0, -24.637184, 0.043366381200000005, -0.686143712, -2.9116074000000003, 17.208671, 0.0, -0.70979412, -1.057198246, 12.50565, 22.665332, 72.0366288, 0.0, -2.75392504, -12.053872, -30.3295664, 61.3172452, 0.0
24.637184, -0.62276809, 0.9632544239999999, -5.07874614, 22.3248096, 0.0, -24.637184, 0.0438329784, -0.695745084, -2.9300978, 17.202096, 0.0, -0.68922204, -0.982029392, 12.5749015, 22.740927, 72.0727176, 0.0, -2.74371448, -12.073561, -30.3523108, 61.307277400000004, 0.0
24.637184, -0.63233716, 0.940377236, -5.0811788600000005, 22.3541084, 0.0, -24.637184, 0.0442995756, -0.705346456, -2.9485882, 17.195521, 0.0, -0.66864996, -0.906860538, 12.644153, 22.816522, 72.10880639999999, 0.0, -2.73350392, -12.093250000000001, -30.3750552, 61.2973096, 0.0
24.637184, -0.64190623, 0.917500048, -5.08361158, 22.3834072, 0.0, -24.637184, 0.0447661728, -0.714947828, -2.9670786, 17.188946, 0.0, -0.64807788, -0.8316916839999999, 12.7134045, 22.892117, 72.1448952, 0.0, -2.72329336, -12.112939, -30.3977996, 61.2873418, 0.0
24.637184, -0.6514753, 0.89462286, -5.0860443, 22.412706, 0.0, -24.637184, 0.04523277, -0.7245492, -2.985569, 17.182371, 0.0, -0.6275058, -0.75652283, 12.782656, 22.967712, 72.180984, 0.0, -2.7130828, -12.132628, -30.420544, 61.277374, 0.0
24.637184, -0.66636418, 0.862139008, -5.0822896, 22.4504292, 0.0, -24.637184, 0.0289433814, -0.718388446, -3.0077124, 17.1688036, 0.0, -0.61621606, -0.68257955, 12.810295199999999, 23.024191, 72.2294522, 0.0, -2.69359124, -12.160804, -30.477975, 61.277830200000004, 0.0
24.637184, -0.68125306, 0.829655156, -5.0785349, 22.4881524, 0.0, -24.637184, 0.0126539928, -0.712227692, -3.0298558, 17.1552362, 0.0, -0.60492632, -0.60863627, 12.8379344, 23.080669999999998, 72.2779204, 0.0, -2.67409968, -12.18898, -30.535406000000002, 61.2782864, 0.0
24.637184, -0.69614194, 0.7971713039999999, -5.0747802, 22.5258756, 0.0, -24.637184, -0.0036353958000000033, -0.706066938, -3.0519992, 17.141668799999998, 0.0, -0.59363658, -0.5346929899999999, 12.8655736, 23.137149, 72.3263886, 0.0, -2.6546081200000002, -12.217156, -30.592837, 61.2787426, 0.0
24.637184, -0.71103082, 0.764687452, -5.0710255, 22.5635988, 0.0, -24.637184, -0.0199247844, -0.699906184, -3.0741426, 17.1281014, 0.0, -0.58234684, -0.46074971, 12.8932128, 23.193628, 72.3748568, 0.0, -2.63511656, -12.245332, -30.650268, 61.279198799999996, 0.0
24.637184, -0.7259197, 0.7322036, -5.0672708, 22.601322, 0.0, -24.637184, -0.036214173, -0.69374543, -3.096286, 17.114534, 0.0, -0.5710571, -0.38680643, 12.920852, 23.250107, 72.423325, 0.0, -2.615625, -12.273508, -30.707699, 61.279655, 0.0
24.637184, -0.735631054, 0.71124592, -5.06994244, 22.620146, 0.0, -24.637184, -0.0599023584, -0.677348884, -3.11962304, 17.108714, 0.0, -0.57617536, -0.371465594, 12.8964716, 23.264256, 72.444057, 0.0, -2.59062312, -12.2922798, -30.790819600000003, 61.307078, 0.0
24.637184, -0.745342408, 0.69028824, -5.07261408, 22.63897, 0.0, -24.637184, -0.0835905438, -0.660952338, -3.14296008, 17.102894, 0.0, -0.58129362, -0.356124758, 12.8720912, 23.278405, 72.464789, 0.0, -2.56562124, -12.311051599999999, -30.8739402, 61.334500999999996, 0.0
24.637184, -0.755053762, 0.6693305599999999, -5.07528572, 22.657794, 0.0, -24.637184, -0.10727872919999999, -0.644555792, -3.1662971200000003, 17.097074, 0.0, -0.58641188, -0.340783922, 12.8477108, 23.292554, 72.485521, 0.0, -2.54061936, -12.3298234, -30.9570608, 61.361924, 0.0
24.637184, -0.764765116, 0.6483728799999999, -5.07795736, 22.676618, 0.0, -24.637184, -0.13096691459999998, -0.628159246, -3.18963416, 17.091254, 0.0, -0.5915301399999999, -0.325443086, 12.8233304, 23.306703, 72.506253, 0.0, -2.51561748, -12.3485952, -31.040181399999998, 61.389347, 0.0
24.637184, -0.77447647, 0.6274152, -5.080629, 22.695442, 0.0, -24.637184, -0.1546551, -0.6117627, -3.2129712, 17.085434, 0.0, -0.5966484, -0.31010225, 12.79895, 23.320852, 72.526985, 0.0, -2.4906156, -12.367367, -31.123302, 61.41677, 0.0
24.637184, -0.764364184, 0.6392585399999999, -5.0925708, 22.6866696, 0.0, -24.637184, -0.147312018, -0.60629574, -3.2203474, 17.080508, 0.0, -0.6048690999999999, -0.31624050000000004, 12.769900999999999, 23.322785399999997, 72.53125299999999, 0.0, -2.47460428, -12.3827131, -31.2040246, 61.4450692, 0.0
24.637184, -0.7542518979999999, 0.6511018799999999, -5.1045126, 22.6778972, 0.0, -24.637184, -0.139968936, -0.60082878, -3.2277236, 17.075582, 0.0, -0.6130898, -0.32237875000000005, 12.740852, 23.3247188, 72.535521, 0.0, -2.45859296, -12.3980592, -31.284747199999998, 61.4733684, 0.0
24.637184, -0.744139612, 0.66294522, -5.1164544, 22.6691248, 0.0, -24.637184, -0.132625854, -0.59536182, -3.2350998, 17.070656, 0.0, -0.6213105, -0.328517, 12.711803, 23.326652199999998, 72.539789, 0.0, -2.44258164, -12.413405299999999, -31.3654698, 61.501667600000005, 0.0
24.637184, -0.734027326, 0.67478856, -5.1283962, 22.6603524, 0.0, -24.637184, -0.125282772, -0.58989486, -3.242476, 17.065730000000002, 0.0, -0.6295312000000001, -0.33465525, 12.682754000000001, 23.3285856, 72.54405700000001, 0.0, -2.42657032, -12.4287514, -31.446192399999997, 61.529966800000004, 0.0
24.637184, -0.72391504, 0.6866319, -5.140338, 22.65158, 0.0, -24.637184, -0.11793969, -0.5844279, -3.2498522, 17.060804, 0.0, -0.6377519, -0.3407935, 12.653705, 23.330519, 72.548325, 0.0, -2.410559, -12.4440975, -31.526915, 61.558266, 0.0
24.637184, -0.7059746379999999, 0.71666624, -5.1578173199999995, 22.6344816, 0.0, -24.637184, -0.0847559048, -0.580120748, -3.24268566, 17.0598424, 0.0, -0.63761528, -0.337830468, 12.6548938, 23.3406958, 72.55518400000001, 0.0, -2.4187166, -12.4685492, -31.567667399999998, 61.558816, 0.0
24.637184, -0.6880342359999999, 0.74670058, -5.17529664, 22.6173832, 0.0, -24.637184, -0.05157211960000001, -0.575813596, -3.2355191199999997, 17.0588808, 0.0, -0.63747866, -0.334867436, 12.6560826, 23.3508726, 72.562043, 0.0, -2.4268742000000003, -12.4930009, -31.6084198, 61.559366000000004, 0.0
24.637184, -0.670093834, 0.77673492, -5.19277596, 22.6002848, 0.0, -24.637184, -0.01838833440000001, -0.571506444, -3.22835258, 17.0579192, 0.0, -0.63734204, -0.331904404, 12.6572714, 23.3610494, 72.56890200000001, 0.0, -2.4350318, -12.5174526, -31.6491722, 61.559916, 0.0
24.637184, -0.652153432, 0.8067692599999999, -5.21025528, 22.5831864, 0.0, -24.637184, 0.014795450799999985, -0.567199292, -3.22118604, 17.0569576, 0.0, -0.63720542, -0.328941372, 12.6584602, 23.3712262, 72.575761, 0.0, -2.4431894, -12.5419043, -31.6899246, 61.560466000000005, 0.0
24.637184, -0.63421303, 0.8368036, -5.2277346, 22.566088, 0.0, -24.637184, 0.047979236, -0.56289214, -3.2140195, 17.055996, 0.0, -0.6370688, -0.32597834, 12.659649, 23.381403, 72.58262, 0.0, -2.451347, -12.566356, -31.730677, 61.561016, 0.0
24.637184, -0.6277710639999999, 0.859258354, -5.24940548, 22.5425916, 0.0, -24.637184, 0.0730978428, -0.550532632, -3.21200426, 17.0644548, 0.0, -0.62988108, -0.333711512, 12.661873, 23.3811984, 72.586674, 0.0, -2.47973486, -12.5731362, -31.7285788, 61.5456528, 0.0
24.637184, -0.6213290979999999, 0.881713108, -5.27107636, 22.519095200000002, 0.0, -24.637184, 0.0982164496, -0.538173124, -3.20998902, 17.0729136, 0.0, -0.62269336, -0.341444684, 12.664097, 23.3809938, 72.590728, 0.0, -2.5081227200000002, -12.5799164, -31.726480600000002, 61.5302896, 0.0
24.637184, -0.614887132, 0.904167862, -5.29274724, 22.4955988, 0.0, -24.637184, 0.1233350564, -0.525813616, -3.20797378, 17.0813724, 0.0, -0.61550564, -0.34917785599999995, 12.666321, 23.3807892, 72.59478200000001, 0.0, -2.53651058, -12.5866966, -31.7243824, 61.5149264, 0.0
24.637184, -0.608445166, 0.9266226160000001, -5.31441812, 22.4721024, 0.0, -24.637184, 0.1484536632, -0.5134541079999999, -3.20595854, 17.0898312, 0.0, -0.60831792, -0.35691102799999996, 12.668545, 23.3805846, 72.598836, 0.0, -2.56489844, -12.5934768, -31.7222842, 61.499563200000004, 0.0
24.637184, -0.6020032, 0.94907737, -5.336089, 22.448606, 0.0, -24.637184, 0.17357227, -0.5010946, -3.2039433, 17.09829, 0.0, -0.6011302, -0.3646442, 12.670769, 23.38038, 72.60289, 0.0, -2.5932863, -12.600257, -31.720186, 61.4842, 0.0
24.637184, -0.6070163479999999, 0.951662828, -5.3562696, 22.4118278, 0.0, -24.637184, 0.164835758, -0.49941510999999994, -3.2243781400000002, 17.0866898, 0.0, -0.5908961279999999, -0.387083566, 12.6420046, 23.361432, 72.60037080000001, 0.0, -2.62690312, -12.5922298, -31.6955706, 61.4707126, 0.0
24.637184, -0.612029496, 0.954248286, -5.3764502, 22.3750496, 0.0, -24.637184, 0.156099246, -0.49773561999999993, -3.2448129800000003, 17.0750896, 0.0, -0.580662056, -0.409522932, 12.6132402, 23.342484, 72.5978516, 0.0, -2.66051994, -12.5842026, -31.6709552, 61.4572252, 0.0
24.637184, -0.617042644, 0.956833744, -5.3966308000000005, 22.3382714, 0.0, -24.637184, 0.147362734, -0.49605613, -3.26524782, 17.0634894, 0.0, -0.5704279839999999, -0.43196229799999997, 12.5844758, 23.323536, 72.5953324, 0.0, -2.69413676, -12.5761754, -31.6463398, 61.4437378, 0.0
24.637184, -0.622055792, 0.959419202, -5.4168114, 22.3014932, 0.0, -24.637184, 0.138626222, -0.49437664, -3.28568266, 17.0518892, 0.0, -0.560193912, -0.454401664, 12.5557114, 23.304588, 72.5928132, 0.0, -2.72775358, -12.5681482, -31.6217244, 61.430250400000006, 0.0
24.637184, -0.62706894, 0.96200466, -5.436992, 22.264715, 0.0, -24.637184, 0.12988971, -0.49269715, -3.3061175, 17.040289, 0.0, -0.54995984, -0.47684103, 12.526947, 23.28564, 72.590294, 0.0, -2.7613704, -12.560121, -31.597109, 61.416763, 0.0
24.637184, -0.637637432, 0.952668608, -5.4501284, 22.23141, 0.0, -24.637184, 0.11465252199999999, -0.49563809999999997, -3.32151868, 17.0273152, 0.0, -0.544201292, -0.498117994, 12.4898526, 23.2635218, 72.5865012, 0.0, -2.78384588, -12.5498118, -31.5797052, 61.411732400000005, 0.0
24.637184, -0.648205924, 0.943332556, -5.4632648, 22.198104999999998, 0.0, -24.637184, 0.099415334, -0.49857904999999997, -3.33691986, 17.0143414, 0.0, -0.538442744, -0.519394958, 12.4527582, 23.2414036, 72.5827084, 0.0, -2.80632136, -12.5395026, -31.5623014, 61.4067018, 0.0
24.637184, -0.6587744160000001, 0.933996504, -5.4764012, 22.1648, 0.0, -24.637184, 0.084178146, -0.50152, -3.35232104, 17.001367600000002, 0.0, -0.5326841959999999, -0.540671922, 12.4156638, 23.2192854, 72.5789156, 0.0, -2.82879684, -12.5291934, -31.544897600000002, 61.4016712, 0.0
24.637184, -0.6693429080000001, 0.924660452, -5.4895376, 22.131494999999997, 0.0, -24.637184, 0.068940958, -0.5044609499999999, -3.36772222, 16.9883938, 0.0, -0.526925648, -0.561948886, 12.3785694, 23.197167200000003, 72.5751228, 0.0, -2.85127232, -12.5188842, -31.527493800000002, 61.3966406, 0.0
24.637184, -0.6799114, 0.9153244, -5.502674, 22.09819, 0.0, -24.637184, 0.05370377, -0.5074019, -3.3831234, 16.97542, 0.0, -0.5211671, -0.58322585, 12.341475, 23.175049, 72.57133, 0.0, -2.8737478, -12.508575, -31.51009, 61.39161, 0.0
