/h1_2/pelvis/left_hip_yaw_joint, /h1_2/left_hip_yaw_link/left_hip_pitch_joint, /h1_2/left_hip_pitch_link/left_hip_roll_joint, /h1_2/left_hip_roll_link/left_knee_joint, /h1_2/left_knee_link/left_ankle_pitch_joint, /h1_2/left_ankle_pitch_link/left_ankle_roll_joint, /h1_2/pelvis/right_hip_yaw_joint, /h1_2/right_hip_yaw_link/right_hip_pitch_joint, /h1_2/right_hip_pitch_link/right_hip_roll_joint, /h1_2/right_hip_roll_link/right_knee_joint, /h1_2/right_knee_link/right_ankle_pitch_joint, /h1_2/right_ankle_pitch_link/right_ankle_roll_joint, /h1_2/pelvis/torso_joint, /h1_2/torso_link/left_shoulder_pitch_joint, /h1_2/left_shoulder_pitch_link/left_shoulder_roll_joint, /h1_2/left_shoulder_roll_link/left_shoulder_yaw_joint, /h1_2/left_shoulder_yaw_link/left_elbow_joint, /h1_2/left_elbow_link/left_wrist_roll_joint, /h1_2/torso_link/right_shoulder_pitch_joint, /h1_2/right_shoulder_pitch_link/right_shoulder_roll_joint, /h1_2/right_shoulder_roll_link/right_shoulder_yaw_joint, /h1_2/right_shoulder_yaw_link/right_elbow_joint, /h1_2/right_elbow_link/right_wrist_roll_joint
24.637184, -0.88273096, -1.0238544, -4.308204, 22.329372, 0.0, -22.195797, -2.5927289, -1.8563576, -2.4690945, 13.937325, 0.0, -0.12659472, 1.838163, 5.9110537, 0.23371775, 65.448166, 0.0, 0.72364193, -7.818547, -3.7429378, 53.02612, 0.0
24.637184, -0.913298788, -0.99325414, -4.3273412, 22.319626, 0.0, -22.225364799999998, -2.57918648, -1.82404682, -2.4370516, 13.917232199999999, 0.0, -0.09199761719999999, 1.88778274, 5.79322064, 0.10218464000000002, 65.4903988, 0.0, 0.754170452, -7.7464851999999995, -3.69310742, 53.121024, 0.0
24.637184, -0.943866616, -0.9626538800000001, -4.3464784, 22.30988, 0.0, -22.2549326, -2.56564406, -1.79173604, -2.4050087, 13.8971394, 0.0, -0.05740051439999999, 1.93740248, 5.67538758, -0.02934846999999996, 65.5326316, 0.0, 0.784698974, -7.674423399999999, -3.64327704, 53.215928, 0.0
24.637184, -0.9744344439999999, -0.93205362, -4.3656156, 22.300134, 0.0, -22.2845004, -2.55210164, -1.75942526, -2.3729658, 13.8770466, 0.0, -0.02280341159999999, 1.98702222, 5.55755452, -0.1608815799999999, 65.5748644, 0.0, 0.815227496, -7.6023616, -3.59344666, 53.310832, 0.0
24.637184, -1.005002272, -0.9014533600000001, -4.384752799999999, 22.290388, 0.0, -22.3140682, -2.53855922, -1.72711448, -2.3409229, 13.856953800000001, 0.0, 0.011793691200000012, 2.03664196, 5.4397214599999995, -0.2924146899999999, 65.6170972, 0.0, 0.845756018, -7.5302998, -3.54361628, 53.405736, 0.0
24.637184, -1.0355701, -0.8708531, -4.40389, 22.280642, 0.0, -22.343636, -2.5250168, -1.6948037, -2.30888, 13.836861, 0.0, 0.046390794, 2.0862617, 5.3218884, -0.4239478, 65.65933, 0.0, 0.87628454, -7.458238, -3.4937859, 53.50064, 0.0
24.637184, -1.0754650799999999, -0.85120898, -4.4149984, 22.2832668, 0.0, -22.3792368, -2.5406172, -1.65471894, -2.2785895999999997, 13.8255674, 0.0, 0.0819205632, 2.11197216, 5.26595832, -0.512252454, 65.67991599999999, 0.0, 0.962913992, -7.388453279999999, -3.4962225200000003, 53.721404, 0.0
24.637184, -1.11536006, -0.8315648600000001, -4.4261067999999995, 22.2858916, 0.0, -22.414837600000002, -2.5562176, -1.61463418, -2.2482992, 13.8142738, 0.0, 0.11745033240000001, 2.13768262, 5.21002824, -0.6005571080000001, 65.700502, 0.0, 1.049543444, -7.31866856, -3.49865914, 53.942168, 0.0
24.637184, -1.15525504, -0.81192074, -4.4372152, 22.288516400000002, 0.0, -22.4504384, -2.571818, -1.57454942, -2.2180088, 13.8029802, 0.0, 0.15298010160000003, 2.16339308, 5.15409816, -0.688861762, 65.721088, 0.0, 1.1361728960000002, -7.2488838399999995, -3.50109576, 54.162932, 0.0
24.637184, -1.19515002, -0.7922766200000001, -4.448323599999999, 22.291141200000002, 0.0, -22.4860392, -2.5874184000000002, -1.53446466, -2.1877184, 13.7916866, 0.0, 0.18850987080000003, 2.18910354, 5.09816808, -0.777166416, 65.741674, 0.0, 1.222802348, -7.17909912, -3.50353238, 54.383696, 0.0
24.637184, -1.235045, -0.7726325, -4.459432, 22.293766, 0.0, -22.52164, -2.6030188, -1.4943799, -2.157428, 13.780393, 0.0, 0.22403964, 2.214814, 5.042238, -0.86547107, 65.76226, 0.0, 1.3094318, -7.1093144, -3.505969, 54.60446, 0.0
24.637184, -1.27545394, -0.77113493, -4.4529847, 22.3047012, 0.0, -22.571842800000002, -2.63561164, -1.46551304, -2.11327972, 13.7874784, 0.0, 0.266015288, 2.24966024, 5.0221837, -0.8996862560000001, 65.7744412, 0.0, 1.41418186, -7.06493422, -3.56722808, 54.8622012, 0.0
24.637184, -1.31586288, -0.76963736, -4.4465373999999995, 22.3156364, 0.0, -22.6220456, -2.66820448, -1.43664618, -2.06913144, 13.7945638, 0.0, 0.307990936, 2.28450648, 5.0021294, -0.933901442, 65.7866224, 0.0, 1.51893192, -7.0205540399999995, -3.62848716, 55.1199424, 0.0
24.637184, -1.35627182, -0.76813979, -4.4400901, 22.3265716, 0.0, -22.6722484, -2.70079732, -1.40777932, -2.02498316, 13.8016492, 0.0, 0.349966584, 2.31935272, 4.9820751, -0.9681166280000001, 65.7988036, 0.0, 1.62368198, -6.97617386, -3.68974624, 55.377683600000005, 0.0
24.637184, -1.39668076, -0.76664222, -4.433642799999999, 22.3375068, 0.0, -22.7224512, -2.73339016, -1.37891246, -1.98083488, 13.808734600000001, 0.0, 0.391942232, 2.35419896, 4.9620208, -1.0023318140000002, 65.8109848, 0.0, 1.72843204, -6.93179368, -3.75100532, 55.6354248, 0.0
24.637184, -1.4370897, -0.76514465, -4.4271955, 22.348442, 0.0, -22.772654, -2.765983, -1.3500456, -1.9366866, 13.81582, 0.0, 0.43391788, 2.3890452, 4.9419665, -1.036547, 65.823166, 0.0, 1.8331821, -6.8874135, -3.8122644, 55.893166, 0.0
24.637184, -1.4759091, -0.77822155, -4.3998608, 22.3602466, 0.0, -22.8314686, -2.8185548799999998, -1.33470068, -1.8804764, 13.8359096, 0.0, 0.47166550399999996, 2.4276311, 4.948664, -1.04355024, 65.8325128, 0.0, 1.90338546, -6.8816595000000005, -3.90282704, 56.0777522, 0.0
24.637184, -1.5147285, -0.79129845, -4.3725261, 22.372051199999998, 0.0, -22.8902832, -2.8711267599999997, -1.31935576, -1.8242662, 13.855999200000001, 0.0, 0.5094131279999999, 2.466217, 4.9553615, -1.05055348, 65.8418596, 0.0, 1.97358882, -6.8759055, -3.99338968, 56.2623384, 0.0
24.637184, -1.5535479, -0.80437535, -4.3451914, 22.3838558, 0.0, -22.9490978, -2.92369864, -1.30401084, -1.768056, 13.8760888, 0.0, 0.5471607519999999, 2.5048029, 4.962059, -1.05755672, 65.8512064, 0.0, 2.04379218, -6.8701515, -4.08395232, 56.4469246, 0.0
24.637184, -1.5923673, -0.81745225, -4.3178567, 22.395660399999997, 0.0, -23.0079124, -2.97627052, -1.28866592, -1.7118458, 13.8961784, 0.0, 0.584908376, 2.5433888, 4.9687565000000005, -1.06455996, 65.8605532, 0.0, 2.1139955400000003, -6.8643975, -4.17451496, 56.6315108, 0.0
24.637184, -1.6311867, -0.83052915, -4.290522, 22.407465, 0.0, -23.066727, -3.0288424, -1.273321, -1.6556356, 13.916268, 0.0, 0.622656, 2.5819747, 4.975454, -1.0715632, 65.8699, 0.0, 2.1841989, -6.8586435, -4.2650776, 56.816097, 0.0
24.637184, -1.68431824, -0.85449242, -4.2411641200000005, 22.423578, 0.0, -23.1230624, -3.10110298, -1.2600190999999998, -1.58753534, 13.968601600000001, 0.0, 0.65649636, 2.60302444, 4.9949052, -1.09724812, 65.8594592, 0.0, 2.1895056200000003, -6.8698436, -4.331726359999999, 56.8718824, 0.0
24.637184, -1.73744978, -0.87845569, -4.19180624, 22.439691, 0.0, -23.1793978, -3.17336356, -1.2467172, -1.51943508, 14.0209352, 0.0, 0.69033672, 2.62407418, 5.0143564, -1.12293304, 65.8490184, 0.0, 2.1948123400000004, -6.8810437, -4.39837512, 56.9276678, 0.0
24.637184, -1.79058132, -0.90241896, -4.14244836, 22.455803999999997, 0.0, -23.2357332, -3.24562414, -1.2334152999999999, -1.45133482, 14.073268800000001, 0.0, 0.72417708, 2.64512392, 5.0338076, -1.14861796, 65.8385776, 0.0, 2.20011906, -6.8922438, -4.4650238799999995, 56.9834532, 0.0
24.637184, -1.84371286, -0.92638223, -4.09309048, 22.471916999999998, 0.0, -23.2920686, -3.31788472, -1.2201134, -1.38323456, 14.1256024, 0.0, 0.7580174399999999, 2.66617366, 5.0532588, -1.17430288, 65.8281368, 0.0, 2.20542578, -6.9034439, -4.53167264, 57.039238600000004, 0.0
24.637184, -1.8968444, -0.9503455, -4.0437326, 22.48803, 0.0, -23.348404, -3.3901453, -1.2068115, -1.3151343, 14.177936, 0.0, 0.7918578, 2.6872234, 5.07271, -1.1999878, 65.817696, 0.0, 2.2107325, -6.914644, -4.5983214, 57.095024, 0.0
24.637184, -1.968886, -0.97422034, -3.98458768, 22.5101704, 0.0, -23.398066399999998, -3.4726756, -1.18511854, -1.23173481, 14.2762942, 0.0, 0.8231204999999999, 2.6895994400000003, 5.10230234, -1.26577724, 65.757436, 0.0, 2.1777422, -6.9265406, -4.60503738, 57.028967200000004, 0.0
24.637184, -2.0409276, -0.99809518, -3.92544276, 22.532310799999998, 0.0, -23.4477288, -3.5552059, -1.16342558, -1.14833532, 14.3746524, 0.0, 0.8543832, 2.69197548, 5.131894679999999, -1.33156668, 65.697176, 0.0, 2.1447519, -6.9384372, -4.61175336, 56.962910400000005, 0.0
24.637184, -2.1129692, -1.02197002, -3.86629784, 22.5544512, 0.0, -23.4973912, -3.6377362, -1.14173262, -1.06493583, 14.4730106, 0.0, 0.8856459, 2.69435152, 5.16148702, -1.39735612, 65.636916, 0.0, 2.1117616, -6.9503338, -4.61846934, 56.8968536, 0.0
24.637184, -2.1850108, -1.04584486, -3.80715292, 22.576591599999997, 0.0, -23.5470536, -3.7202664999999997, -1.12003966, -0.98153634, 14.5713688, 0.0, 0.9169086, 2.69672756, 5.19107936, -1.46314556, 65.576656, 0.0, 2.0787713, -6.9622304, -4.62518532, 56.8307968, 0.0
24.637184, -2.2570524, -1.0697197, -3.748008, 22.598732, 0.0, -23.596716, -3.8027968, -1.0983467, -0.89813685, 14.669727, 0.0, 0.9481713, 2.6991036, 5.2206717, -1.528935, 65.516396, 0.0, 2.045781, -6.974127, -4.6319013, 56.76474, 0.0
24.637184, -2.34555724, -1.0930007400000001, -3.69436386, 22.62445, 0.0, -23.630444, -3.89769944, -1.061410372, -0.807118114, 14.8013462, 0.0, 0.9823095000000001, 2.71179142, 5.26065486, -1.65681732, 65.3780088, 0.0, 2.03071922, -6.97574926, -4.58586524, 56.611614, 0.0
24.637184, -2.43406208, -1.11628178, -3.64071972, 22.650168, 0.0, -23.664172, -3.9926020799999997, -1.024474044, -0.716099378, 14.9329654, 0.0, 1.0164477, 2.72447924, 5.30063802, -1.78469964, 65.2396216, 0.0, 2.01565744, -6.97737152, -4.53982918, 56.458488, 0.0
24.637184, -2.52256692, -1.13956282, -3.58707558, 22.675886, 0.0, -23.6979, -4.08750472, -0.9875377160000001, -0.6250806419999999, 15.0645846, 0.0, 1.0505859, 2.73716706, 5.340621179999999, -1.91258196, 65.1012344, 0.0, 2.00059566, -6.97899378, -4.49379312, 56.305362, 0.0
24.637184, -2.6110717599999997, -1.16284386, -3.5334314399999998, 22.701604, 0.0, -23.731628, -4.18240736, -0.950601388, -0.534061906, 15.196203800000001, 0.0, 1.0847241, 2.74985488, 5.38060434, -2.04046428, 64.9628472, 0.0, 1.98553388, -6.98061604, -4.44775706, 56.152236, 0.0
24.637184, -2.6995766, -1.1861249, -3.4797873, 22.727322, 0.0, -23.765356, -4.27731, -0.91366506, -0.44304317, 15.327823, 0.0, 1.1188623, 2.7625427, 5.4205875, -2.1683466, 64.82446, 0.0, 1.9704721, -6.9822383, -4.401721, 55.99911, 0.0
24.637184, -2.7981088, -1.20514546, -3.43611312, 22.756137600000002, 0.0, -23.7784462, -4.3896448999999995, -0.8626197680000001, -0.347927642, 15.43232, 0.0, 1.16263594, 2.8416744, 5.4754112, -2.39318444, 64.537542, 0.0, 2.05350734, -6.98324194, -4.27541408, 55.717887000000005, 0.0
24.637184, -2.896641, -1.22416602, -3.39243894, 22.7849532, 0.0, -23.791536400000002, -4.5019798, -0.811574476, -0.25281211400000003, 15.536817000000001, 0.0, 1.2064095799999999, 2.9208061, 5.5302349, -2.61802228, 64.250624, 0.0, 2.13654258, -6.98424558, -4.14910716, 55.436664, 0.0
24.637184, -2.9951732, -1.2431865800000002, -3.34876476, 22.813768800000002, 0.0, -23.8046266, -4.6143146999999995, -0.760529184, -0.15769658600000003, 15.641314, 0.0, 1.2501832199999998, 2.9999378, 5.5850586, -2.84286012, 63.963706, 0.0, 2.21957782, -6.98524922, -4.0228002400000005, 55.155441, 0.0
24.637184, -3.0937053999999997, -1.2622071400000001, -3.30509058, 22.8425844, 0.0, -23.8177168, -4.7266496, -0.709483892, -0.06258105800000002, 15.745811, 0.0, 1.29395686, 3.0790695, 5.6398823, -3.0676979600000003, 63.676788, 0.0, 2.30261306, -6.98625286, -3.8964933200000003, 54.874218, 0.0
24.637184, -3.1922376, -1.2812277, -3.2614164, 22.8714, 0.0, -23.830807, -4.8389845, -0.6584386, 0.03253447, 15.850308, 0.0, 1.3377305, 3.1582012, 5.694706, -3.2925358, 63.38987, 0.0, 2.3856483, -6.9872565, -3.7701864, 54.592995, 0.0
24.637184, -3.2865844799999997, -1.28965818, -3.2278312, 22.9055044, 0.0, -23.8321742, -4.9533955999999995, -0.605233496, 0.153287876, 15.912518, 0.0, 1.38476684, 3.37567456, 5.76424668, -3.6413069, 62.8123926, 0.0, 2.598983, -6.9966688, -3.45394176, 53.98845, 0.0
24.637184, -3.38093136, -1.2980886600000001, -3.1942459999999997, 22.939608800000002, 0.0, -23.8335414, -5.067806699999999, -0.552028392, 0.274041282, 15.974728, 0.0, 1.43180318, 3.59314792, 5.8337873600000005, -3.990078, 62.2349152, 0.0, 2.8123177, -7.0060811, -3.13769712, 53.383905, 0.0
24.637184, -3.4752782399999997, -1.30651914, -3.1606608, 22.9737132, 0.0, -23.8349086, -5.1822178, -0.49882328800000003, 0.39479468799999995, 16.036938, 0.0, 1.47883952, 3.81062128, 5.90332804, -4.3388491, 61.6574378, 0.0, 3.0256524000000002, -7.0154933999999995, -2.82145248, 52.779360000000004, 0.0
24.637184, -3.56962512, -1.3149496200000002, -3.1270756, 23.0078176, 0.0, -23.8362758, -5.2966289, -0.44561818400000003, 0.515548094, 16.099148, 0.0, 1.52587586, 4.02809464, 5.97286872, -4.6876202, 61.0799604, 0.0, 3.2389871, -7.0249057, -2.5052078399999997, 52.174815, 0.0
24.637184, -3.663972, -1.3233801, -3.0934904, 23.041922, 0.0, -23.837643, -5.41104, -0.39241308, 0.6363015, 16.161358, 0.0, 1.5729122, 4.245568, 6.0424094, -5.0363913, 60.502483, 0.0, 3.4523218, -7.034318, -2.1889632, 51.57027, 0.0
24.637184, -3.7590722, -1.33438878, -3.08386368, 23.0739016, 0.0, -23.7901072, -5.556006, -0.32558831, 0.75621926, 16.240381, 0.0, 1.5611823599999999, 4.5034008, 6.10920892, -5.49130538, 59.4395016, 0.0, 3.59416884, -7.0279129199999995, -1.57760912, 50.373315, 0.0
24.637184, -3.8541724, -1.34539746, -3.07423696, 23.1058812, 0.0, -23.7425714, -5.700972, -0.25876354, 0.87613702, 16.319404, 0.0, 1.54945252, 4.7612336, 6.17600844, -5.94621946, 58.3765202, 0.0, 3.73601588, -7.02150784, -0.9662550399999998, 49.17636, 0.0
24.637184, -3.9492725999999996, -1.35640614, -3.06461024, 23.137860800000002, 0.0, -23.6950356, -5.845937999999999, -0.19193877, 0.99605478, 16.398427, 0.0, 1.53772268, 5.0190664, 6.24280796, -6.40113354, 57.313538799999996, 0.0, 3.87786292, -7.0151027599999995, -0.3549009599999997, 47.979405, 0.0
24.637184, -4.0443728, -1.36741482, -3.05498352, 23.169840400000002, 0.0, -23.6474998, -5.990904, -0.125114, 1.11597254, 16.47745, 0.0, 1.52599284, 5.2768992, 6.30960748, -6.85604762, 56.2505574, 0.0, 4.01970996, -7.00869768, 0.2564531200000002, 46.782450000000004, 0.0
24.637184, -4.139473, -1.3784235, -3.0453568, 23.20182, 0.0, -23.599964, -6.13587, -0.05828923, 1.2358903, 16.556473, 0.0, 1.514263, 5.534732, 6.376407, -7.3109617, 55.187576, 0.0, 4.161557, -7.0022926, 0.8678072, 45.585495, 0.0
24.637184, -4.221125799999999, -1.3915234, -3.06353704, 23.213643, 0.0, -23.488961, -6.3179034, 0.018830860000000005, 1.34952764, 16.6737004, 0.0, 1.4023155999999999, 5.3569052, 6.4744792, -7.6685735600000005, 53.4593288, 0.0, 3.7936643400000003, -6.9567447399999995, 1.6317776199999998, 43.648078, 0.0
24.637184, -4.3027786, -1.4046233000000001, -3.08171728, 23.225466, 0.0, -23.377958, -6.4999367999999995, 0.09595095000000001, 1.46316498, 16.790927800000002, 0.0, 1.2903681999999999, 5.1790784, 6.5725514, -8.026185420000001, 51.7310816, 0.0, 3.42577168, -6.911196879999999, 2.39574804, 41.710661, 0.0
24.637184, -4.3844313999999995, -1.4177232, -3.0998975200000003, 23.237289, 0.0, -23.266955, -6.6819702, 0.17307104, 1.57680232, 16.9081552, 0.0, 1.1784208, 5.0012516, 6.670623600000001, -8.38379728, 50.0028344, 0.0, 3.05787902, -6.86564902, 3.15971846, 39.773244, 0.0
24.637184, -4.4660842, -1.4308231, -3.1180777600000003, 23.249112, 0.0, -23.155952, -6.8640036, 0.25019113000000004, 1.69043966, 17.0253826, 0.0, 1.0664734, 4.8234248, 6.768695800000001, -8.74140914, 48.2745872, 0.0, 2.68998636, -6.82010116, 3.92368888, 37.835827, 0.0
24.637184, -4.547737, -1.443923, -3.136258, 23.260935, 0.0, -23.044949, -7.046037, 0.32731122, 1.804077, 17.14261, 0.0, 0.954526, 4.645598, 6.866768, -9.099021, 46.54634, 0.0, 2.3220937, -6.7745533, 4.6876593, 35.89841, 0.0
24.637184, -4.55182, -1.43454852, -3.15971036, 23.2250074, 0.0, -22.8940402, -7.2307084, 0.387535656, 1.97169988, 17.2245724, 0.0, 0.83294566, 3.7036335159999996, 7.0663654000000005, -9.2151002, 44.0530846, 0.0, 1.17933228, -6.75723076, 5.44327984, 33.1719292, 0.0
24.637184, -4.555903, -1.4251740400000001, -3.18316272, 23.1890798, 0.0, -22.7431314, -7.4153798, 0.447760092, 2.13932276, 17.3065348, 0.0, 0.71136532, 2.7616690319999995, 7.2659628000000005, -9.3311794, 41.5598292, 0.0, 0.03657085999999987, -6.73990822, 6.1989003799999995, 30.4454484, 0.0
24.637184, -4.559986, -1.41579956, -3.20661508, 23.1531522, 0.0, -22.5922226, -7.6000512, 0.507984528, 2.3069456400000004, 17.3884972, 0.0, 0.58978498, 1.8197045479999998, 7.4655602000000005, -9.447258600000001, 39.0665738, 0.0, -1.10619056, -6.72258568, 6.95452092, 27.7189676, 0.0
24.637184, -4.564069, -1.40642508, -3.23006744, 23.1172246, 0.0, -22.4413138, -7.7847226, 0.5682089640000001, 2.47456852, 17.4704596, 0.0, 0.46820464, 0.8777400639999997, 7.6651576, -9.563337800000001, 36.573318400000005, 0.0, -2.24895198, -6.7052631400000005, 7.71014146, 24.992486800000002, 0.0
24.637184, -4.568152, -1.3970506, -3.2535198, 23.081297, 0.0, -22.290405, -7.969394, 0.6284334, 2.6421914, 17.552422, 0.0, 0.3466243, -0.06422442, 7.864755, -9.679417, 34.080063, 0.0, -3.3917134, -6.6879406, 8.465762, 22.266006, 0.0
24.637184, -4.43163366, -1.32903494, -3.24921878, 22.9619198, 0.0, -22.1342848, -8.0986484, 0.64926248, 2.96358784, 17.4309322, 0.0, 0.23201844, -1.6747455359999999, 8.0749005, -9.807031, 30.884557400000002, 0.0, -5.17103092, -6.59359256, 9.1705376, 18.938235600000002, 0.0
24.637184, -4.29511532, -1.26101928, -3.24491776, 22.8425426, 0.0, -21.9781646, -8.227902799999999, 0.67009156, 3.2849842799999998, 17.309442400000002, 0.0, 0.11741258000000002, -3.285266652, 8.285046, -9.934645, 27.6890518, 0.0, -6.95034844, -6.49924452, 9.875313199999999, 15.6104652, 0.0
24.637184, -4.15859698, -1.19300362, -3.24061674, 22.7231654, 0.0, -21.8220444, -8.3571572, 0.69092064, 3.6063807199999998, 17.1879526, 0.0, 0.0028067200000000403, -4.895787768, 8.495191499999999, -10.062259000000001, 24.4935462, 0.0, -8.72966596, -6.40489648, 10.580088799999999, 12.282694800000002, 0.0
24.637184, -4.02207864, -1.12498796, -3.23631572, 22.6037882, 0.0, -21.6659242, -8.4864116, 0.71174972, 3.9277771599999998, 17.0664628, 0.0, -0.11179913999999996, -6.506308884, 8.705337, -10.189873, 21.2980406, 0.0, -10.50898348, -6.31054844, 11.2848644, 8.954924400000001, 0.0
24.637184, -3.8855603, -1.0569723, -3.2320147, 22.484411, 0.0, -21.509804, -8.615666, 0.7325788, 4.2491736, 16.944973, 0.0, -0.226405, -8.11683, 8.9154825, -10.317487, 18.102535, 0.0, -12.288301, -6.2162004, 11.98964, 5.627154, 0.0
24.637184, -3.63354132, -0.91039109, -3.16068806, 22.23884, 0.0, -21.3758092, -8.7405116, 0.6814257499999999, 4.71713178, 16.503196000000003, 0.0, -0.273193012, -9.7336656, 9.046589599999999, -10.5993128, 14.71080428, 0.0, -14.0298886, -5.99193806, 12.653077699999999, 2.3954322, 0.0
24.637184, -3.38152234, -0.7638098799999999, -3.08936142, 21.993269, 0.0, -21.2418144, -8.8653572, 0.6302727, 5.18508996, 16.061419, 0.0, -0.319981024, -11.3505012, 9.1776967, -10.8811386, 11.31907356, 0.0, -15.7714762, -5.76767572, 13.3165154, -0.8362895999999997, 0.0
24.637184, -3.1295033599999997, -0.61722867, -3.0180347800000003, 21.747698, 0.0, -21.1078196, -8.990202799999999, 0.57911965, 5.65304814, 15.619642, 0.0, -0.366769036, -12.967336800000002, 9.3088038, -11.1629644, 7.9273428400000014, 0.0, -17.513063799999998, -5.5434133800000005, 13.9799531, -4.0680114000000005, 0.0
24.637184, -2.87748438, -0.47064746, -2.94670814, 21.502127, 0.0, -20.9738248, -9.1150484, 0.5279666, 6.12100632, 15.177865, 0.0, -0.413557048, -14.584172400000002, 9.439910900000001, -11.4447902, 4.5356121200000015, 0.0, -19.2546514, -5.31915104, 14.643390799999999, -7.2997331999999995, 0.0
24.637184, -2.6254654, -0.32406625, -2.8753815, 21.256556, 0.0, -20.83983, -9.239894, 0.47681355, 6.5889645, 14.736088, 0.0, -0.46034506, -16.201008, 9.571018, -11.726616, 1.1438814, 0.0, -20.996239, -5.0948887, 15.3068285, -10.531455, 0.0
24.637184, -2.45870416, -0.13450842999999998, -2.71722848, 20.7440158, 0.0, -20.723126, -9.4494807, 0.29524441, 7.130266600000001, 14.2683508, 0.0, -0.33964808599999996, -17.260869800000002, 9.6568348, -12.1721636, -1.6930985799999998, 0.0, -22.1822844, -4.877827760000001, 15.912358, -13.0948692, 0.0
24.637184, -2.29194292, 0.05504939000000003, -2.55907546, 20.2314756, 0.0, -20.606422, -9.6590674, 0.11367527, 7.6715687, 13.8006136, 0.0, -0.218951112, -18.320731600000002, 9.7426516, -12.6177112, -4.53007856, 0.0, -23.3683298, -4.66076682, 16.5178875, -15.658283399999998, 0.0
24.637184, -2.12518168, 0.24460721000000007, -2.40092244, 19.7189354, 0.0, -20.489718, -9.8686541, -0.06789386999999997, 8.212870800000001, 13.3328764, 0.0, -0.09825413800000005, -19.380593400000002, 9.8284684, -13.0632588, -7.36705854, 0.0, -24.554375200000003, -4.44370588, 17.123417, -18.2216976, 0.0
24.637184, -1.95842044, 0.43416503000000006, -2.24276942, 19.2063952, 0.0, -20.373013999999998, -10.0782408, -0.24946300999999999, 8.7541729, 12.8651392, 0.0, 0.022442835999999966, -20.4404552, 9.9142852, -13.508806400000001, -10.20403852, 0.0, -25.7404206, -4.22664494, 17.7289465, -20.7851118, 0.0
24.637184, -1.7916592, 0.62372285, -2.0846164, 18.693855, 0.0, -20.25631, -10.2878275, -0.43103215, 9.295475, 12.397402, 0.0, 0.14313981, -21.500317, 10.000102, -13.954354, -13.0410185, 0.0, -26.926466, -4.009584, 18.334476, -23.348526, 0.0
24.637184, -1.70133852, 0.7779889400000001, -1.5844821799999997, 18.0067844, 0.0, -19.8749638, -10.4826584, -0.56574428, 9.9584856, 12.2692453, 0.0, 0.259798968, -21.816279599999998, 10.1930496, -14.3666842, -15.0717606, 0.0, -27.3756752, -4.0636308, 18.8090782, -25.0965034, 0.0
24.637184, -1.61101784, 0.9322550300000001, -1.0843479599999999, 17.3197138, 0.0, -19.4936176, -10.6774893, -0.7004564099999999, 10.6214962, 12.1410886, 0.0, 0.376458126, -22.1322422, 10.3859972, -14.7790144, -17.1025027, 0.0, -27.824884400000002, -4.1176776, 19.283680399999998, -26.8444808, 0.0
24.637184, -1.52069716, 1.08652112, -0.58421374, 16.6326432, 0.0, -19.112271399999997, -10.8723202, -0.83516854, 11.284506799999999, 12.0129319, 0.0, 0.493117284, -22.4482048, 10.5789448, -15.1913446, -19.1332448, 0.0, -28.2740936, -4.1717243999999996, 19.7582826, -28.592458200000003, 0.0
24.637184, -1.43037648, 1.2407872100000001, -0.08407951999999996, 15.9455726, 0.0, -18.730925199999998, -11.0671511, -0.96988067, 11.9475174, 11.8847752, 0.0, 0.609776442, -22.7641674, 10.7718924, -15.6036748, -21.163986899999998, 0.0, -28.723302800000003, -4.2257712, 20.2328848, -30.340435600000003, 0.0
24.637184, -1.3400558, 1.3950533, 0.4160547, 15.258502, 0.0, -18.349579, -11.261982, -1.1045928, 12.610528, 11.7566185, 0.0, 0.7264356, -23.08013, 10.96484, -16.016005, -23.194729, 0.0, -29.172512, -4.279818, 20.707487, -32.088413, 0.0
24.625483600000003, -1.34626764, 1.414554, 1.47344476, 14.716213, 0.0, -17.5924378, -11.486350999999999, -1.13264616, 13.2597412, 11.5718853, 0.0, 0.94682208, -22.7583736, 11.361604, -16.2272698, -24.4183222, 0.0, -28.9629906, -4.41672, 21.3148276, -33.050513200000005, 0.0
24.6137832, -1.35247948, 1.4340547000000001, 2.53083482, 14.173924, 0.0, -16.8352966, -11.71072, -1.16069952, 13.9089544, 11.3871521, 0.0, 1.16720856, -22.4366172, 11.758368, -16.4385346, -25.6419154, 0.0, -28.7534692, -4.553622, 21.9221682, -34.0126134, 0.0
24.6020828, -1.3586913200000001, 1.4535554, 3.58822488, 13.631635, 0.0, -16.0781554, -11.935089, -1.18875288, 14.5581676, 11.2024189, 0.0, 1.38759504, -22.1148608, 12.155132, -16.6497994, -26.8655086, 0.0, -28.543947799999998, -4.690524, 22.5295088, -34.9747136, 0.0
24.5903824, -1.3649031600000001, 1.4730561, 4.64561494, 13.089346, 0.0, -15.321014199999999, -12.159458, -1.2168062400000001, 15.2073808, 11.0176857, 0.0, 1.60798152, -21.7931044, 12.551896000000001, -16.8610642, -28.0891018, 0.0, -28.334426399999998, -4.827426, 23.1368494, -35.936813799999996, 0.0
24.578682, -1.371115, 1.4925568, 5.703005, 12.547057, 0.0, -14.563873, -12.383827, -1.2448596, 15.856594, 10.8329525, 0.0, 1.828368, -21.471348, 12.94866, -17.072329, -29.312695, 0.0, -28.124905, -4.964328, 23.74419, -36.898914, 0.0
24.4012236, -1.71884992, 1.281478486, 7.099083, 12.4169534, 0.0, -13.7284744, -12.7517546, -1.42457808, 16.4138992, 10.308352399999999, 0.0, 2.2915574, -20.9538072, 13.559124, -16.9096778, -29.7495994, 0.0, -27.67017, -5.16827092, 24.6029628, -37.2929112, 0.0
24.2237652, -2.06658484, 1.070400172, 8.495161, 12.2868498, 0.0, -12.8930758, -13.1196822, -1.6042965599999999, 16.971204399999998, 9.7837523, 0.0, 2.7547468, -20.4362664, 14.169588, -16.7470266, -30.1865038, 0.0, -27.215435, -5.372213840000001, 25.4617356, -37.6869084, 0.0
24.0463068, -2.41431976, 0.8593218579999999, 9.891239, 12.1567462, 0.0, -12.0576772, -13.4876098, -1.7840150399999999, 17.5285096, 9.259152199999999, 0.0, 3.2179361999999996, -19.9187256, 14.780052, -16.5843754, -30.6234082, 0.0, -26.7607, -5.57615676, 26.3205084, -38.080905599999994, 0.0
23.868848399999997, -2.7620546800000003, 0.648243544, 11.287317000000002, 12.0266426, 0.0, -11.2222786, -13.8555374, -1.96373352, 18.0858148, 8.734552099999998, 0.0, 3.6811255999999997, -19.4011848, 15.390515999999998, -16.4217242, -31.0603126, 0.0, -26.305965, -5.78009968, 27.1792812, -38.474902799999995, 0.0
23.69139, -3.1097896, 0.43716523, 12.683395, 11.896539, 0.0, -10.38688, -14.223465, -2.143452, 18.64312, 8.209952, 0.0, 4.144315, -18.883644, 16.00098, -16.259073, -31.497217, 0.0, -25.85123, -5.9840426, 28.038054, -38.8689, 0.0
23.15082, -3.8931218000000003, 0.11332128400000002, 13.669313200000001, 12.1004883, 0.0, -9.82300688, -14.7502514, -2.6331548, 19.0578942, 7.49949512, 0.0, 4.8076137999999995, -18.5142552, 17.1916916, -15.607325600000001, -31.1336272, 0.0, -25.4394294, -6.217202820000001, 29.1271268, -39.099357999999995, 0.0
22.61025, -4.676454, -0.21052266199999997, 14.6552314, 12.3044376, 0.0, -9.25913376, -15.277037799999999, -3.1228576, 19.4726684, 6.78903824, 0.0, 5.4709126, -18.1448664, 18.3824032, -14.955578200000001, -30.7700374, 0.0, -25.027628800000002, -6.45036304, 30.2161996, -39.329815999999994, 0.0
22.069679999999998, -5.4597862, -0.534366608, 15.6411496, 12.508386900000001, 0.0, -8.69526064, -15.8038242, -3.6125604, 19.8874426, 6.078581359999999, 0.0, 6.1342114, -17.7754776, 19.5731148, -14.3038308, -30.4064476, 0.0, -24.6158282, -6.68352326, 31.3052724, -39.560274, 0.0
21.52911, -6.2431184, -0.858210554, 16.6270678, 12.712336200000001, 0.0, -8.13138752, -16.3306106, -4.1022632, 20.3022168, 5.36812448, 0.0, 6.7975102, -17.4060888, 20.7638264, -13.6520834, -30.0428578, 0.0, -24.2040276, -6.91668348, 32.394345200000004, -39.790732, 0.0
20.98854, -7.0264506, -1.1820545, 17.612986, 12.9162855, 0.0, -7.5675144, -16.857397, -4.591966, 20.716991, 4.6576676, 0.0, 7.460809, -17.0367, 21.954538, -13.000336, -29.679268, 0.0, -23.792227, -7.1498437, 33.483418, -40.02119, 0.0
20.4970106, -7.99207068, -1.5871707800000001, 17.94331, 13.289839800000001, 0.0, -7.171962720000001, -17.466668199999997, -5.17181126, 20.9848702, 4.25643694, 0.0, 8.0150972, -16.9029238, 23.976363, -11.7189896, -28.4902212, 0.0, -23.2235312, -7.27820932, 34.756976, -40.3393808, 0.0
20.0054812, -8.95769076, -1.99228706, 18.273634, 13.663394100000001, 0.0, -6.77641104, -18.0759394, -5.75165652, 21.2527494, 3.85520628, 0.0, 8.5693854, -16.7691476, 25.998188, -10.4376432, -27.3011744, 0.0, -22.6548354, -7.40657494, 36.030534, -40.6575716, 0.0
19.5139518, -9.923310840000001, -2.39740334, 18.603958, 14.0369484, 0.0, -6.3808593600000005, -18.685210599999998, -6.33150178, 21.520628600000002, 3.45397562, 0.0, 9.1236736, -16.6353714, 28.020013, -9.1562968, -26.1121276, 0.0, -22.0861396, -7.53494056, 37.304092, -40.9757624, 0.0
19.0224224, -10.88893092, -2.80251962, 18.934282, 14.4105027, 0.0, -5.98530768, -19.2944818, -6.91134704, 21.7885078, 3.05274496, 0.0, 9.6779618, -16.5015952, 30.041838, -7.8749504, -24.9230808, 0.0, -21.5174438, -7.663306179999999, 38.57765, -41.2939532, 0.0
18.530893, -11.854551, -3.2076359, 19.264606, 14.784057, 0.0, -5.589756, -19.903753, -7.4911923, 22.056387, 2.6515143, 0.0, 10.23225, -16.367819, 32.063663, -6.593604, -23.734034, 0.0, -20.948748, -7.7916718, 39.851208, -41.612144, 0.0
18.3919538, -12.8839094, -3.42281132, 19.062014, 15.3965476, 0.0, -5.00834794, -20.7316988, -7.86953804, 22.069783, 2.66456896, 0.0, 10.2448482, -16.773478400000002, 34.6353772, -4.6975229, -21.7634894, 0.0, -20.533975599999998, -8.04648124, 40.9272218, -41.9376512, 0.0
18.2530146, -13.9132678, -3.63798674, 18.859422000000002, 16.0090382, 0.0, -4.426939880000001, -21.5596446, -8.24788378, 22.083179, 2.67762362, 0.0, 10.257446400000001, -17.1791378, 37.2070914, -2.8014418, -19.7929448, 0.0, -20.119203199999998, -8.30129068, 42.0032356, -42.2631584, 0.0
18.114075399999997, -14.9426262, -3.85316216, 18.65683, 16.6215288, 0.0, -3.8455318200000006, -22.3875904, -8.626229519999999, 22.096574999999998, 2.69067828, 0.0, 10.2700446, -17.5847972, 39.7788056, -0.9053607000000001, -17.8224002, 0.0, -19.7044308, -8.55610012, 43.0792494, -42.5886656, 0.0
17.975136199999998, -15.971984599999999, -4.06833758, 18.454238, 17.234019399999998, 0.0, -3.2641237600000004, -23.2155362, -9.00457526, 22.109970999999998, 2.70373294, 0.0, 10.282642800000001, -17.990456599999998, 42.3505198, 0.9907203999999998, -15.8518556, 0.0, -19.2896584, -8.810909559999999, 44.1552632, -42.9141728, 0.0
17.836197, -17.001343, -4.283513, 18.251646, 17.84651, 0.0, -2.6827157, -24.043482, -9.382921, 22.123367, 2.7167876, 0.0, 10.295241, -18.396116, 44.922234, 2.8868015, -13.881311, 0.0, -18.874886, -9.065719, 45.231277, -43.23968, 0.0
17.8928816, -18.033012199999998, -4.306366, 18.0313464, 18.5964264, 0.0, -1.7983485800000003, -25.129608, -9.453431799999999, 21.803706199999997, 3.12846854, 0.0, 9.75929928, -19.291953799999998, 47.1015012, 4.9258342, -11.566583959999999, 0.0, -18.7490036, -9.1118878, 46.1756856, -43.2575948, 0.0
17.9495662, -19.064681399999998, -4.329219, 17.8110468, 19.3463428, 0.0, -0.9139814600000002, -26.215734, -9.5239426, 21.4840454, 3.5401494799999997, 0.0, 9.22335756, -20.1877916, 49.2807684, 6.9648669, -9.25185692, 0.0, -18.6231212, -9.1580566, 47.1200942, -43.2755096, 0.0
18.0062508, -20.0963506, -4.352072, 17.590747200000003, 20.0962592, 0.0, -0.029614340000000183, -27.30186, -9.594453399999999, 21.164384599999998, 3.95183042, 0.0, 8.68741584, -21.0836294, 51.4600356, 9.0038996, -6.93712988, 0.0, -18.4972388, -9.2042254, 48.0645028, -43.2934244, 0.0
18.0629354, -21.1280198, -4.374925, 17.370447600000002, 20.8461756, 0.0, 0.8547527799999997, -28.387986, -9.6649642, 20.8447238, 4.3635113599999995, 0.0, 8.15147412, -21.979467200000002, 53.6393028, 11.0429323, -4.6224028399999995, 0.0, -18.3713564, -9.2503942, 49.008911399999995, -43.3113392, 0.0
18.11962, -22.159689, -4.397778, 17.150148, 21.596092, 0.0, 1.7391199, -29.474112, -9.735475, 20.525063, 4.7751923, 0.0, 7.6155324, -22.875305, 55.81857, 13.081965, -2.3076758, 0.0, -18.245474, -9.296563, 49.95332, -43.329254, 0.0
18.2180548, -22.8805714, -4.4372907999999995, 17.149303200000002, 22.0573676, 0.0, 2.42730112, -30.3505444, -9.7830268, 20.1832046, 5.351441899999999, 0.0, 7.15521952, -23.4680186, 57.255609, 14.5734256, -0.54433094, 0.0, -17.9643696, -9.166755, 50.762839199999995, -43.1507658, 0.0
18.3164896, -23.6014538, -4.476803599999999, 17.148458400000003, 22.5186432, 0.0, 3.11548234, -31.2269768, -9.830578599999999, 19.8413462, 5.9276915, 0.0, 6.69490664, -24.0607322, 58.692648, 16.0648862, 1.21901392, 0.0, -17.6832652, -9.036947, 51.5723584, -42.9722776, 0.0
18.4149244, -24.322336200000002, -4.5163164, 17.1476136, 22.9799188, 0.0, 3.80366356, -32.1034092, -9.8781304, 19.4994878, 6.5039411, 0.0, 6.23459376, -24.6534458, 60.129687000000004, 17.5563468, 2.98235878, 0.0, -17.4021608, -8.907139, 52.381877599999996, -42.7937894, 0.0
18.5133592, -25.0432186, -4.5558292, 17.1467688, 23.4411944, 0.0, 4.491844779999999, -32.9798416, -9.925682199999999, 19.1576294, 7.080190699999999, 0.0, 5.77428088, -25.2461594, 61.566726, 19.0478074, 4.74570364, 0.0, -17.1210564, -8.777331, 53.1913968, -42.6153012, 0.0
18.611794, -25.764101, -4.595342, 17.145924, 23.90247, 0.0, 5.180026, -33.856274, -9.973234, 18.815771, 7.6564403, 0.0, 5.313968, -25.838873, 63.003765, 20.539268, 6.5090485, 0.0, -16.839952, -8.647523, 54.000916, -42.436813, 0.0
18.709001999999998, -25.9521, -4.676674139999999, 17.102954, 24.0433554, 0.0, 5.4373005999999995, -34.194009199999996, -10.03019, 18.755241400000003, 8.00172824, 0.0, 5.20621934, -25.8758382, 63.716162, 21.2608566, 7.3986301999999995, 0.0, -16.7710918, -8.617110499999999, 54.3123394, -42.165894800000004, 0.0
18.80621, -26.140099, -4.75800628, 17.059984, 24.1842408, 0.0, 5.6945752, -34.5317444, -10.087145999999999, 18.6947118, 8.34701618, 0.0, 5.09847068, -25.9128034, 64.42855899999999, 21.9824452, 8.2882119, 0.0, -16.7022316, -8.586698, 54.6237628, -41.8949766, 0.0
18.903418, -26.328098, -4.83933842, 17.017014, 24.3251262, 0.0, 5.9518498, -34.8694796, -10.144102, 18.6341822, 8.69230412, 0.0, 4.99072202, -25.9497686, 65.140956, 22.704033799999998, 9.1777936, 0.0, -16.633371399999998, -8.5562855, 54.9351862, -41.6240584, 0.0
19.000626, -26.516097, -4.9206705600000005, 16.974044, 24.4660116, 0.0, 6.2091244, -35.2072148, -10.201058, 18.5736526, 9.03759206, 0.0, 4.88297336, -25.9867338, 65.853353, 23.425622399999998, 10.067375299999998, 0.0, -16.5645112, -8.525873, 55.2466096, -41.3531402, 0.0
19.097834, -26.704096, -5.0020027, 16.931074, 24.606897, 0.0, 6.466399, -35.54495, -10.258014, 18.513123, 9.38288, 0.0, 4.7752247, -26.023699, 66.56575, 24.147211, 10.956957, 0.0, -16.495651, -8.4954605, 55.558033, -41.082222, 0.0
19.2594782, -26.3469198, -5.03163316, 16.926899199999998, 24.57538, 0.0, 6.32050546, -35.3222034, -10.233084999999999, 18.7730892, 9.1961634, 0.0, 4.72408448, -25.6997998, 66.619378, 24.1306372, 10.968983, 0.0, -16.536642999999998, -8.5783794, 55.4150796, -41.0387196, 0.0
19.421122399999998, -25.9897436, -5.06126362, 16.9227244, 24.543862999999998, 0.0, 6.17461192, -35.0994568, -10.208155999999999, 19.033055400000002, 9.0094468, 0.0, 4.67294426, -25.3759006, 66.673006, 24.1140634, 10.981009, 0.0, -16.577634999999997, -8.6612983, 55.2721262, -40.9952172, 0.0
19.5827666, -25.6325674, -5.09089408, 16.9185496, 24.512346, 0.0, 6.02871838, -34.8767102, -10.183227, 19.2930216, 8.8227302, 0.0, 4.62180404, -25.052001399999998, 66.72663399999999, 24.0974896, 10.993034999999999, 0.0, -16.618627, -8.7442172, 55.1291728, -40.951714800000005, 0.0
19.744410799999997, -25.2753912, -5.12052454, 16.9143748, 24.480829, 0.0, 5.8828248400000005, -34.6539636, -10.158298, 19.5529878, 8.6360136, 0.0, 4.57066382, -24.7281022, 66.780262, 24.0809158, 11.005061, 0.0, -16.659619, -8.8271361, 54.9862194, -40.908212400000004, 0.0
19.906055, -24.918215, -5.150155, 16.9102, 24.449312, 0.0, 5.7369313, -34.431217, -10.133369, 19.812954, 8.449297, 0.0, 4.5195236, -24.404203, 66.83389, 24.064342, 11.017087, 0.0, -16.700611, -8.910055, 54.843266, -40.86471, 0.0
20.1582336, -24.3261366, -5.08737348, 16.8531268, 24.3316516, 0.0, 5.24783338, -33.785817599999994, -10.0602162, 20.2419766, 7.7456971999999995, 0.0, 4.55765876, -24.0040464, 66.26814, 23.402441, 10.1607095, 0.0, -16.6769972, -9.0584708, 54.3660556, -40.831132600000004, 0.0
20.4104122, -23.7340582, -5.02459196, 16.7960536, 24.2139912, 0.0, 4.7587354600000005, -33.1404182, -9.9870634, 20.6709992, 7.042097399999999, 0.0, 4.59579392, -23.6038898, 65.70239, 22.74054, 9.304332, 0.0, -16.6533834, -9.2068866, 53.8888452, -40.797555200000005, 0.0
20.6625908, -23.1419798, -4.96181044, 16.7389804, 24.0963308, 0.0, 4.26963754, -32.4950188, -9.9139106, 21.1000218, 6.3384976, 0.0, 4.63392908, -23.2037332, 65.13664, 22.078639, 8.4479545, 0.0, -16.6297696, -9.3553024, 53.4116348, -40.7639778, 0.0
20.9147694, -22.5499014, -4.89902892, 16.6819072, 23.9786704, 0.0, 3.78053962, -31.849619399999998, -9.8407578, 21.5290444, 5.6348978, 0.0, 4.67206424, -22.8035766, 64.57088999999999, 21.416738, 7.591577, 0.0, -16.6061558, -9.5037182, 52.9344244, -40.7304004, 0.0
21.166948, -21.957823, -4.8362474, 16.624834, 23.86101, 0.0, 3.2914417, -31.20422, -9.767605, 21.958067, 4.931298, 0.0, 4.7101994, -22.40342, 64.00514, 20.754837, 6.7351995, 0.0, -16.582542, -9.652134, 52.457214, -40.696823, 0.0
21.422070400000003, -21.475182800000002, -4.74041552, 16.4532554, 23.6625774, 0.0, 2.5738440000000002, -30.3768732, -9.702294799999999, 22.294075799999998, 4.15035168, 0.0, 4.9403972, -22.0698692, 62.7696012, 19.599531799999998, 5.0168106, 0.0, -16.7015356, -9.6656212, 51.7667432, -40.5451576, 0.0
21.6771928, -20.9925426, -4.6445836400000005, 16.2816768, 23.4641448, 0.0, 1.8562463, -29.549526399999998, -9.6369846, 22.6300846, 3.36940536, 0.0, 5.170595, -21.7363184, 61.534062399999996, 18.4442266, 3.2984217, 0.0, -16.8205292, -9.6791084, 51.0762724, -40.393492200000004, 0.0
21.9323152, -20.5099024, -4.54875176, 16.1100982, 23.2657122, 0.0, 1.1386485999999998, -28.722179599999997, -9.5716744, 22.9660934, 2.58845904, 0.0, 5.4007928, -21.4027676, 60.2985236, 17.2889214, 1.5800327999999997, 0.0, -16.939522800000002, -9.692595599999999, 50.3858016, -40.2418268, 0.0
22.1874376, -20.0272622, -4.4529198800000005, 15.9385196, 23.0672796, 0.0, 0.4210509, -27.8948328, -9.5063642, 23.3021022, 1.80751272, 0.0, 5.6309906, -21.0692168, 59.0629848, 16.1336162, -0.1383561000000002, 0.0, -17.058516400000002, -9.706082799999999, 49.6953308, -40.0901614, 0.0
22.44256, -19.544622, -4.357088, 15.766941, 22.868847, 0.0, -0.2965468, -27.067486, -9.441054, 23.638111, 1.0265664, 0.0, 5.8611884, -20.735666, 57.827446, 14.978311, -1.856745, 0.0, -17.17751, -9.71957, 49.00486, -39.938496, 0.0
22.5260866, -19.1778134, -4.39056732, 15.651984599999999, 22.4388962, 0.0, -1.10722912, -26.303483399999998, -9.406946, 23.6154002, 0.7777462400000001, 0.0, 6.22017898, -20.260344399999997, 55.8592056, 13.500324299999999, -4.2296706, 0.0, -17.4235784, -9.734117999999999, 48.025528800000004, -39.7535328, 0.0
22.6096132, -18.8110048, -4.42404664, 15.5370282, 22.008945399999998, 0.0, -1.9179114400000001, -25.5394808, -9.372838, 23.5926894, 0.5289260800000001, 0.0, 6.5791695599999995, -19.7850228, 53.890965200000004, 12.0223376, -6.6025962, 0.0, -17.6696468, -9.748666, 47.0461976, -39.568569600000004, 0.0
22.6931398, -18.4441962, -4.45752596, 15.4220718, 21.5789946, 0.0, -2.72859376, -24.7754782, -9.33873, 23.5699786, 0.28010592, 0.0, 6.93816014, -19.3097012, 51.9227248, 10.5443509, -8.9755218, 0.0, -17.9157152, -9.763214, 46.0668664, -39.3836064, 0.0
22.7766664, -18.077387599999998, -4.49100528, 15.3071154, 21.1490438, 0.0, -3.5392760800000005, -24.0114756, -9.304622, 23.5472678, 0.03128576000000005, 0.0, 7.297150719999999, -18.834379600000002, 49.9544844, 9.066364199999999, -11.3484474, 0.0, -18.1617836, -9.777762000000001, 45.0875352, -39.1986432, 0.0
22.860193, -17.710579, -4.5244846, 15.192159, 20.719093, 0.0, -4.3499584, -23.247473, -9.270514, 23.524557, -0.2175344, 0.0, 7.6561413, -18.359058, 47.986244, 7.5883775, -13.721373, 0.0, -18.407852, -9.79231, 44.108204, -39.01368, 0.0
22.7570948, -17.1927952, -4.6614744, 15.4259048, 20.0516316, 0.0, -5.1370273200000005, -22.631629, -9.2036496, 23.166617600000002, 0.03848848000000002, 0.0, 8.00030284, -17.4052678, 45.4908852, 5.96237082, -16.0396538, 0.0, -18.4537306, -9.9334424, 43.0352318, -39.140326, 0.0
22.6539966, -16.6750114, -4.7984642, 15.659650599999999, 19.3841702, 0.0, -5.924096240000001, -22.015785, -9.1367852, 22.808678200000003, 0.29451136, 0.0, 8.34446438, -16.4514776, 42.9955264, 4.33636414, -18.3579346, 0.0, -18.4996092, -10.0745748, 41.9622596, -39.266972, 0.0
22.5508984, -16.1572276, -4.935454, 15.8933964, 18.7167088, 0.0, -6.71116516, -21.399941, -9.0699208, 22.4507388, 0.5505342400000001, 0.0, 8.68862592, -15.4976874, 40.5001676, 2.710357459999999, -20.6762154, 0.0, -18.5454878, -10.2157072, 40.8892874, -39.393618, 0.0
22.4478002, -15.6394438, -5.072443799999999, 16.127142199999998, 18.049247400000002, 0.0, -7.4982340800000005, -20.784097, -9.0030564, 22.0927994, 0.80655712, 0.0, 9.03278746, -14.5438972, 38.0048088, 1.0843507799999994, -22.9944962, 0.0, -18.5913664, -10.3568396, 39.816315200000005, -39.520264, 0.0
22.344702, -15.12166, -5.2094336, 16.360888, 17.381786, 0.0, -8.285303, -20.168253, -8.936192, 21.73486, 1.06258, 0.0, 9.376949, -13.590107, 35.50945, -0.5416559, -25.312777, 0.0, -18.637245, -10.497972, 38.743343, -39.64691, 0.0
22.238068600000002, -14.4281908, -5.2405146, 16.7582608, 16.8338854, 0.0, -9.0916502, -19.623032, -8.8248712, 21.2855282, 1.2554329000000002, 0.0, 9.6615251, -12.302088399999999, 33.2327854, -2.02166852, -26.9729846, 0.0, -18.45628, -10.6665104, 37.8659994, -39.918735, 0.0
22.131435200000002, -13.7347216, -5.2715955999999995, 17.155633599999998, 16.2859848, 0.0, -9.8979974, -19.077811, -8.7135504, 20.836196400000002, 1.4482858, 0.0, 9.9461012, -11.0140698, 30.9561208, -3.5016811399999996, -28.6331922, 0.0, -18.275315, -10.835048800000001, 36.988655800000004, -40.19056, 0.0
22.0248018, -13.0412524, -5.3026766, 17.5530064, 15.738084200000001, 0.0, -10.704344599999999, -18.53259, -8.6022296, 20.3868646, 1.6411387000000002, 0.0, 10.2306773, -9.7260512, 28.6794562, -4.98169376, -30.293399800000003, 0.0, -18.094350000000002, -11.0035872, 36.1113122, -40.462385, 0.0
21.9181684, -12.347783199999999, -5.333757599999999, 17.9503792, 15.190183600000001, 0.0, -11.5106918, -17.987369, -8.4909088, 19.9375328, 1.8339916, 0.0, 10.515253399999999, -8.4380326, 26.4027916, -6.46170638, -31.953607400000003, 0.0, -17.913385, -11.172125600000001, 35.233968600000004, -40.73421, 0.0
21.811535, -11.654314, -5.3648386, 18.347752, 14.642283, 0.0, -12.317039, -17.442148, -8.379588, 19.488201, 2.0268445, 0.0, 10.7998295, -7.150014, 24.126127, -7.941719, -33.613815, 0.0, -17.73242, -11.340664, 34.356625, -41.006035, 0.0
21.919952, -10.8416642, -5.24345236, 18.4480476, 14.3896048, 0.0, -13.1116478, -16.930761, -8.21536692, 19.0838386, 2.11354422, 0.0, 10.911565999999999, -6.19183986, 22.5847594, -8.790225, -34.4959288, 0.0, -17.455581600000002, -11.5336582, 33.636016, -41.209086799999994, 0.0
22.028368999999998, -10.0290144, -5.1220661199999995, 18.548343199999998, 14.1369266, 0.0, -13.906256599999999, -16.419374, -8.05114584, 18.6794762, 2.20024394, 0.0, 11.0233025, -5.233665719999999, 21.0433918, -9.638731, -35.3780426, 0.0, -17.1787432, -11.7266524, 32.915407, -41.4121386, 0.0
22.136786, -9.2163646, -5.00067988, 18.6486388, 13.8842484, 0.0, -14.7008654, -15.907987, -7.886924759999999, 18.2751138, 2.28694366, 0.0, 11.135038999999999, -4.27549158, 19.5020242, -10.487237, -36.2601564, 0.0, -16.9019048, -11.9196466, 32.194798, -41.615190399999996, 0.0
22.245203, -8.4037148, -4.879293639999999, 18.7489344, 13.6315702, 0.0, -15.4954742, -15.3966, -7.7227036799999995, 17.8707514, 2.37364338, 0.0, 11.2467755, -3.31731744, 17.9606566, -11.335742999999999, -37.1422702, 0.0, -16.625066399999998, -12.112640800000001, 31.474189, -41.8182422, 0.0
22.35362, -7.591065, -4.7579074, 18.84923, 13.378892, 0.0, -16.290083, -14.885213, -7.5584826, 17.466389, 2.4603431, 0.0, 11.358512, -2.3591433, 16.419289, -12.184249, -38.024384, 0.0, -16.348228, -12.305635, 30.75358, -42.021294, 0.0
22.6304248, -6.88241992, -4.6218713199999995, 18.453515799999998, 13.3833981, 0.0, -16.9603558, -14.4796642, -7.34898402, 17.092764799999998, 2.6180607599999997, 0.0, 11.242572, -2.06702039, 15.717981799999999, -12.367155799999999, -38.335574, 0.0, -16.344430199999998, -12.387397400000001, 30.1053466, -42.2057826, 0.0
22.9072296, -6.17377484, -4.48583524, 18.057801599999998, 13.387904200000001, 0.0, -17.630628599999998, -14.0741154, -7.13948544, 16.7191406, 2.77577842, 0.0, 11.126631999999999, -1.77489748, 15.0166746, -12.550062599999999, -38.646764, 0.0, -16.3406324, -12.4691598, 29.4571132, -42.3902712, 0.0
23.184034399999998, -5.46512976, -4.34979916, 17.6620874, 13.3924103, 0.0, -18.3009014, -13.6685666, -6.92998686, 16.3455164, 2.93349608, 0.0, 11.010692, -1.4827745700000001, 14.3153674, -12.7329694, -38.957954, 0.0, -16.3368346, -12.5509222, 28.8088798, -42.574759799999995, 0.0
23.4608392, -4.75648468, -4.2137630800000005, 17.2663732, 13.3969164, 0.0, -18.9711742, -13.2630178, -6.72048828, 15.9718922, 3.0912137399999997, 0.0, 10.894752, -1.1906516600000001, 13.6140602, -12.9158762, -39.269144, 0.0, -16.333036800000002, -12.6326846, 28.160646399999997, -42.7592484, 0.0
23.737644, -4.0478396, -4.077727, 16.870659, 13.4014225, 0.0, -19.641447, -12.857469, -6.5109897, 15.598268, 3.2489314, 0.0, 10.778812, -0.89852875, 12.912753, -13.098783, -39.580334, 0.0, -16.329239, -12.714447, 27.512413, -42.943737, 0.0
23.888053199999998, -3.80336772, -4.00970972, 16.1043402, 13.4804432, 0.0, -20.1173522, -12.6095363, -6.2897057599999995, 15.211915, 3.60399836, 0.0, 10.5476986, -1.20424704, 12.9004784, -13.119256799999999, -39.6156566, 0.0, -16.560205200000002, -12.6455118, 27.098879999999998, -43.0282684, 0.0
24.0384624, -3.55889584, -3.94169244, 15.3380214, 13.5594639, 0.0, -20.5932574, -12.3616036, -6.068421819999999, 14.825562, 3.9590653199999997, 0.0, 10.3165852, -1.50996533, 12.888203800000001, -13.1397306, -39.6509792, 0.0, -16.7911714, -12.5765766, 26.685347, -43.1127998, 0.0
24.1888716, -3.31442396, -3.8736751600000003, 14.5717026, 13.6384846, 0.0, -21.069162600000002, -12.113670899999999, -5.84713788, 14.439209, 4.31413228, 0.0, 10.0854718, -1.8156836200000002, 12.8759292, -13.1602044, -39.686301799999995, 0.0, -17.0221376, -12.5076414, 26.271814, -43.1973312, 0.0
24.3392808, -3.0699520799999998, -3.80565788, 13.805383800000001, 13.717505300000001, 0.0, -21.5450678, -11.8657382, -5.62585394, 14.052856, 4.669199239999999, 0.0, 9.8543584, -2.12140191, 12.8636546, -13.180678200000001, -39.721624399999996, 0.0, -17.253103799999998, -12.4387062, 25.858281, -43.2818626, 0.0
24.48969, -2.8254802, -3.7376406, 13.039065, 13.796526, 0.0, -22.020973, -11.6178055, -5.40457, 13.666503, 5.0242662, 0.0, 9.623245, -2.4271202, 12.85138, -13.201152, -39.756947, 0.0, -17.48407, -12.369771, 25.444748, -43.366394, 0.0
24.5177106, -2.9648421199999997, -3.67133848, 12.3825524, 13.9665914, 0.0, -22.3215636, -11.474184399999999, -5.21190512, 13.2978402, 5.55085942, 0.0, 9.410685, -2.9717128600000002, 13.055543, -13.259283, -39.412593599999994, 0.0, -17.6077542, -12.2487358, 25.260913600000002, -43.1615832, 0.0
24.5457312, -3.10420404, -3.60503636, 11.7260398, 14.1366568, 0.0, -22.6221542, -11.3305633, -5.01924024, 12.9291774, 6.07745264, 0.0, 9.198125000000001, -3.51630552, 13.259706, -13.317414, -39.0682402, 0.0, -17.7314384, -12.1277006, 25.0770792, -42.9567724, 0.0
24.5737518, -3.2435659599999997, -3.53873424, 11.0695272, 14.3067222, 0.0, -22.9227448, -11.186942199999999, -4.82657536, 12.5605146, 6.60404586, 0.0, 8.985565, -4.06089818, 13.463869, -13.375545, -38.723886799999995, 0.0, -17.8551226, -12.0066654, 24.8932448, -42.7519616, 0.0
24.601772399999998, -3.3829278799999996, -3.47243212, 10.4130146, 14.4767876, 0.0, -23.2233354, -11.0433211, -4.63391048, 12.1918518, 7.13063908, 0.0, 8.773005, -4.60549084, 13.668032, -13.433676, -38.3795334, 0.0, -17.9788068, -11.8856302, 24.7094104, -42.5471508, 0.0
24.629793, -3.5222898, -3.40613, 9.756502, 14.646853, 0.0, -23.523926, -10.8997, -4.4412456, 11.823189, 7.6572323, 0.0, 8.560445, -5.1500835, 13.872195, -13.491807, -38.03518, 0.0, -18.102491, -11.764595, 24.525576, -42.34234, 0.0
24.6312712, -3.6059805799999998, -3.30473, 9.4923694, 14.8121306, 0.0, -23.6938986, -10.7611934, -4.3123124, 11.5794064, 8.14847394, 0.0, 8.36698612, -5.5278458, 14.0245484, -13.306932, -37.063272, 0.0, -18.194944800000002, -11.8627722, 24.24709, -41.7705104, 0.0
24.6327494, -3.6896713599999997, -3.2033300000000002, 9.2282368, 14.9774082, 0.0, -23.8638712, -10.6226868, -4.1833792, 11.3356238, 8.63971558, 0.0, 8.17352724, -5.9056081, 14.1769018, -13.122057, -36.091364, 0.0, -18.2873986, -11.9609494, 23.968604, -41.1986808, 0.0
24.6342276, -3.7733621399999997, -3.1019300000000003, 8.9641042, 15.1426858, 0.0, -24.0338438, -10.484180199999999, -4.054446, 11.0918412, 9.130957219999999, 0.0, 7.980068360000001, -6.2833704, 14.3292552, -12.937182, -35.119456, 0.0, -18.3798524, -12.059126599999999, 23.690118000000002, -40.626851200000004, 0.0
24.6357058, -3.85705292, -3.00053, 8.6999716, 15.3079634, 0.0, -24.203816399999997, -10.3456736, -3.9255128, 10.8480586, 9.62219886, 0.0, 7.78660948, -6.6611327, 14.4816086, -12.752307, -34.147548, 0.0, -18.4723062, -12.1573038, 23.411632, -40.0550216, 0.0
24.637184, -3.9407437, -2.89913, 8.435839, 15.473241, 0.0, -24.373789, -10.207167, -3.7965796, 10.604276, 10.1134405, 0.0, 7.5931506, -7.038895, 14.633962, -12.567432, -33.17564, 0.0, -18.56476, -12.255481, 23.133146, -39.483192, 0.0
24.637184, -4.01683656, -2.76285516, 8.4174528, 15.5318942, 0.0, -24.4179186, -10.0870954, -3.69011712, 10.4796722, 10.560339599999999, 0.0, 7.345210740000001, -7.02342108, 14.7197652, -12.0096802, -31.440353, 0.0, -18.308874, -12.429364, 22.4789624, -38.238291600000004, 0.0
24.637184, -4.09292942, -2.62658032, 8.3990666, 15.5905474, 0.0, -24.462048199999998, -9.9670238, -3.58365464, 10.3550684, 11.0072387, 0.0, 7.09727088, -7.0079471600000005, 14.8055684, -11.4519284, -29.705066000000002, 0.0, -18.052988, -12.603247, 21.8247788, -36.993391200000005, 0.0
24.637184, -4.16902228, -2.49030548, 8.380680400000001, 15.6492006, 0.0, -24.5061778, -9.8469522, -3.47719216, 10.2304646, 11.4541378, 0.0, 6.84933102, -6.99247324, 14.8913716, -10.8941766, -27.969779000000003, 0.0, -17.797102, -12.77713, 21.1705952, -35.7484908, 0.0
24.637184, -4.24511514, -2.35403064, 8.362294200000001, 15.7078538, 0.0, -24.550307399999998, -9.7268806, -3.3707296799999997, 10.1058608, 11.901036900000001, 0.0, 6.6013911599999995, -6.97699932, 14.9771748, -10.3364248, -26.234492, 0.0, -17.541216, -12.951013, 20.5164116, -34.5035904, 0.0
24.637184, -4.321208, -2.2177558, 8.343908, 15.766507, 0.0, -24.594437, -9.606809, -3.2642672, 9.981257, 12.347936, 0.0, 6.3534513, -6.9615254, 15.062978, -9.778673, -24.499205, 0.0, -17.28533, -13.124896, 19.862228, -33.25869, 0.0
24.637184, -4.5156641, -2.08933316, 8.370683000000001, 15.807773000000001, 0.0, -24.5275508, -9.5643006, -3.08900346, 9.868393, 12.6884476, 0.0, 6.03513344, -6.560415620000001, 14.993686199999999, -8.901817, -21.9612074, 0.0, -16.621788199999997, -13.3296194, 18.998918200000002, -31.2005246, 0.0
24.637184, -4.7101202, -1.9609105199999999, 8.397458, 15.849039000000001, 0.0, -24.4606646, -9.5217922, -2.9137397199999997, 9.755529, 13.028959200000001, 0.0, 5.71681558, -6.15930584, 14.924394399999999, -8.024961, -19.423209800000002, 0.0, -15.958246399999998, -13.5343428, 18.135608400000002, -29.1423592, 0.0
24.637184, -4.9045763, -1.83248788, 8.424233000000001, 15.890305, 0.0, -24.3937784, -9.4792838, -2.7384759799999996, 9.642665000000001, 13.3694708, 0.0, 5.39849772, -5.75819606, 14.8551026, -7.148105, -16.8852122, 0.0, -15.2947046, -13.7390662, 17.2722986, -27.0841938, 0.0
24.637184, -5.0990324, -1.7040652399999998, 8.451008, 15.931571, 0.0, -24.3268922, -9.4367754, -2.56321224, 9.529801, 13.709982400000001, 0.0, 5.080179859999999, -5.357086280000001, 14.7858108, -6.271249, -14.347214600000001, 0.0, -14.631162799999998, -13.943789599999999, 16.4089888, -25.0260284, 0.0
24.637184, -5.2934885, -1.5756426, 8.477783, 15.972837, 0.0, -24.260006, -9.394267, -2.3879485, 9.416937, 14.050494, 0.0, 4.761862, -4.9559765, 14.716519, -5.394393, -11.809217, 0.0, -13.967621, -14.148513, 15.545679, -22.967863, 0.0
24.637184, -5.6216206, -1.49971922, 8.3354339, 16.0789256, 0.0, -24.0189996, -9.460681, -2.08079006, 9.164172200000001, 14.3130898, 0.0, 4.3724403, -4.4171106, 14.6421544, -4.46840401, -8.46764652, 0.0, -13.157359, -14.326891, 14.8128818, -20.0942614, 0.0
24.637184, -5.9497526999999995, -1.42379584, 8.193084800000001, 16.1850142, 0.0, -23.7779932, -9.527095, -1.7736316199999997, 8.9114074, 14.5756856, 0.0, 3.9830186, -3.8782447, 14.5677898, -3.54241502, -5.12607604, 0.0, -12.347097, -14.505269, 14.0800846, -17.2206598, 0.0
24.637184, -6.2778848, -1.34787246, 8.0507357, 16.2911028, 0.0, -23.5369868, -9.593509, -1.46647318, 8.6586426, 14.838281400000001, 0.0, 3.5935969, -3.3393788000000004, 14.4934252, -2.6164260300000004, -1.7845055599999995, 0.0, -11.536835, -14.683646999999999, 13.347287399999999, -14.347058200000001, 0.0
24.637184, -6.6060169, -1.2719490800000002, 7.9083866, 16.3971914, 0.0, -23.2959804, -9.659923, -1.15931474, 8.405877799999999, 15.100877200000001, 0.0, 3.2041752, -2.8005129, 14.4190606, -1.6904370400000004, 1.5570649200000002, 0.0, -10.726573, -14.862025, 12.6144902, -11.4734566, 0.0
24.637184, -6.934149, -1.1960257, 7.7660375, 16.50328, 0.0, -23.054974, -9.726337, -0.8521563, 8.153113, 15.363473, 0.0, 2.8147535, -2.261647, 14.344696, -0.76444805, 4.8986354, 0.0, -9.916311, -15.040403, 11.881693, -8.599855, 0.0
24.637184, -7.187078, -1.119904614, 7.3901369400000005, 16.663038, 0.0, -22.8412338, -9.782604599999999, -0.56256864, 7.80805234, 15.810122, 0.0, 2.39947754, -1.87523022, 14.300852200000001, 0.012458559999999896, 8.70994992, 0.0, -9.2278506, -15.0880182, 11.1804954, -5.1148468, 0.0
24.637184, -7.440007, -1.043783528, 7.014236380000001, 16.822796, 0.0, -22.6274936, -9.838872199999999, -0.27298097999999993, 7.46299168, 16.256771, 0.0, 1.9842015800000001, -1.48881344, 14.2570084, 0.7893651699999998, 12.52126444, 0.0, -8.5393902, -15.1356334, 10.4792978, -1.6298385999999994, 0.0
24.637184, -7.6929359999999996, -0.967662442, 6.63833582, 16.982554, 0.0, -22.4137534, -9.8951398, 0.016606680000000096, 7.11793102, 16.70342, 0.0, 1.56892562, -1.1023966600000001, 14.2131646, 1.5662717799999997, 16.33257896, 0.0, -7.8509298, -15.1832486, 9.7781002, 1.8551696000000018, 0.0
24.637184, -7.9458649999999995, -0.891541356, 6.26243526, 17.142312, 0.0, -22.2000132, -9.9514074, 0.3061943400000001, 6.77287036, 17.150069, 0.0, 1.15364966, -0.7159798800000001, 14.1693208, 2.34317839, 20.14389348, 0.0, -7.1624694, -15.2308638, 9.0769026, 5.340177800000001, 0.0
24.637184, -8.198794, -0.81542027, 5.8865347, 17.30207, 0.0, -21.986273, -10.007675, 0.595782, 6.4278097, 17.596718, 0.0, 0.7383737, -0.3295631, 14.125477, 3.120085, 23.955208, 0.0, -6.474009, -15.278479, 8.375705, 8.825186, 0.0
24.637184, -8.1595092, -0.675410954, 5.43886586, 17.5713732, 0.0, -22.093688, -9.812114000000001, 0.69225956, 6.2461149, 17.8748404, 0.0, 0.430267968, -0.04549424000000002, 14.0090238, 3.8341022000000002, 27.3277918, 0.0, -5.95395004, -15.274979700000001, 7.4439877, 12.2551788, 0.0
24.637184, -8.1202244, -0.535401638, 4.99119702, 17.8406764, 0.0, -22.201103, -9.616553000000001, 0.78873712, 6.0644201, 18.1529628, 0.0, 0.12216223599999998, 0.23857461999999996, 13.892570599999999, 4.5481194, 30.700375599999997, 0.0, -5.43389108, -15.271480400000002, 6.5122704, 15.6851716, 0.0
24.637184, -8.0809396, -0.39539232199999996, 4.54352818, 18.109979600000003, 0.0, -22.308518, -9.420992, 0.88521468, 5.882725300000001, 18.4310852, 0.0, -0.18594349600000004, 0.5226434799999999, 13.7761174, 5.2621366, 34.0729594, 0.0, -4.91383212, -15.2679811, 5.5805530999999995, 19.115164399999998, 0.0
24.637184, -8.0416548, -0.25538300599999997, 4.0958593400000005, 18.379282800000002, 0.0, -22.415933, -9.225431, 0.98169224, 5.7010305, 18.7092076, 0.0, -0.49404922800000006, 0.8067123399999999, 13.6596642, 5.9761538000000005, 37.445543199999996, 0.0, -4.39377316, -15.2644818, 4.6488358, 22.5451572, 0.0
24.637184, -8.00237, -0.11537369, 3.6481905, 18.648586, 0.0, -22.523348, -9.02987, 1.0781698, 5.5193357, 18.98733, 0.0, -0.80215496, 1.0907812, 13.543211, 6.690171, 40.818127, 0.0, -3.8737142, -15.2609825, 3.7171185, 25.97515, 0.0
24.637184, -7.812270260000001, -0.030489186, 3.21783478, 18.918948800000003, 0.0, -22.7253778, -8.829171, 1.0776557, 5.36589076, 18.961318, 0.0, -0.978054688, 1.4177781999999999, 13.336157199999999, 7.3908092000000005, 43.4261256, 0.0, -3.51254248, -15.1092615, 2.39039106, 28.824607999999998, 0.0
24.637184, -7.622170520000001, 0.054395318, 2.78747906, 19.1893116, 0.0, -22.9274076, -8.628472, 1.0771416, 5.21244582, 18.935306, 0.0, -1.153954416, 1.7447751999999999, 13.1291034, 8.0914474, 46.0341242, 0.0, -3.1513707600000003, -14.9575405, 1.0636636199999998, 31.674066, 0.0
24.637184, -7.43207078, 0.13927982199999997, 2.3571233400000002, 19.4596744, 0.0, -23.1294374, -8.427773, 1.0766274999999998, 5.05900088, 18.909294, 0.0, -1.329854144, 2.0717722, 12.9220496, 8.7920856, 48.642122799999996, 0.0, -2.79019904, -14.8058195, -0.2630638200000006, 34.523523999999995, 0.0
24.637184, -7.24197104, 0.224164326, 1.9267676200000001, 19.730037199999998, 0.0, -23.3314672, -8.227074, 1.0761133999999999, 4.90555594, 18.883282, 0.0, -1.505753872, 2.3987692, 12.7149958, 9.4927238, 51.2501214, 0.0, -2.4290273200000003, -14.6540985, -1.5897912600000006, 37.372982, 0.0
24.637184, -7.0518713, 0.30904883, 1.4964119, 20.0004, 0.0, -23.533497, -8.026375, 1.0755993, 4.752111, 18.85727, 0.0, -1.6816536, 2.7257662, 12.507942, 10.193362, 53.85812, 0.0, -2.0678556, -14.5023775, -2.9165187, 40.22244, 0.0
24.637184, -6.92297884, 0.327367604, 1.218665088, 20.2520588, 0.0, -23.6667566, -7.9028674599999995, 1.0580721, 4.60503514, 18.7710962, 0.0, -1.6991908199999999, 2.91193044, 12.3908472, 10.8570016, 55.721588, 0.0, -1.8779667400000002, -14.2461182, -4.59870576, 42.3721406, 0.0
24.637184, -6.79408638, 0.345686378, 0.940918276, 20.503717599999998, 0.0, -23.8000162, -7.77935992, 1.0405449, 4.45795928, 18.684922399999998, 0.0, -1.71672804, 3.09809468, 12.2737524, 11.5206412, 57.585056, 0.0, -1.68807788, -13.9898589, -6.28089282, 44.5218412, 0.0
24.637184, -6.66519392, 0.364005152, 0.6631714639999999, 20.7553764, 0.0, -23.9332758, -7.65585238, 1.0230177, 4.310883420000001, 18.5987486, 0.0, -1.73426526, 3.28425892, 12.1566576, 12.1842808, 59.448524, 0.0, -1.49818902, -13.7335996, -7.9630798799999996, 46.6715418, 0.0
24.637184, -6.536301460000001, 0.382323926, 0.385424652, 21.007035199999997, 0.0, -24.066535400000003, -7.53234484, 1.0054905, 4.16380756, 18.5125748, 0.0, -1.75180248, 3.4704231599999997, 12.0395628, 12.8479204, 61.311992000000004, 0.0, -1.30830016, -13.4773403, -9.645266939999999, 48.8212424, 0.0
24.637184, -6.407409, 0.4006427, 0.10767784, 21.258694, 0.0, -24.199795, -7.4088373, 0.9879633, 4.0167317, 18.426401, 0.0, -1.7693397, 3.6565874, 11.922468, 13.51156, 63.17546, 0.0, -1.1184113, -13.221081, -11.327454, 50.970943, 0.0
24.637184, -6.3540848, 0.39353127400000004, -0.025203448000000017, 21.461749599999997, 0.0, -24.263174600000003, -7.32258184, 0.9546896659999999, 3.91208998, 18.3826042, 0.0, -1.6610443799999999, 3.6817979199999997, 11.8780712, 14.1055546, 64.3559732, 0.0, -1.06539584, -12.9889684, -12.9995406, 52.4345304, 0.0
24.637184, -6.3007606, 0.386419848, -0.15808473600000003, 21.6648052, 0.0, -24.3265542, -7.23632638, 0.921416032, 3.80744826, 18.3388074, 0.0, -1.55274906, 3.7070084399999996, 11.8336744, 14.6995492, 65.5364864, 0.0, -1.01238038, -12.7568558, -14.6716272, 53.8981178, 0.0
24.637184, -6.2474364, 0.37930842200000003, -0.29096602400000005, 21.8678608, 0.0, -24.3899338, -7.15007092, 0.8881423979999999, 3.70280654, 18.295010599999998, 0.0, -1.44445374, 3.73221896, 11.7892776, 15.293543799999998, 66.7169996, 0.0, -0.9593649200000001, -12.5247432, -16.3437138, 55.3617052, 0.0
24.637184, -6.1941122, 0.372196996, -0.42384731200000003, 22.0709164, 0.0, -24.4533134, -7.063815460000001, 0.8548687639999999, 3.59816482, 18.2512138, 0.0, -1.3361584199999998, 3.75742948, 11.744880799999999, 15.887538399999999, 67.8975128, 0.0, -0.90634946, -12.2926306, -18.0158004, 56.8252926, 0.0
24.637184, -6.140788, 0.36508557, -0.5567286, 22.273972, 0.0, -24.516693, -6.97756, 0.82159513, 3.4935231, 18.207417, 0.0, -1.2278631, 3.78264, 11.700484, 16.481533, 69.078026, 0.0, -0.853334, -12.060518, -19.687887, 58.28888, 0.0
24.637184, -6.0531644, 0.37913406400000005, -0.6922158, 22.3386802, 0.0, -24.5275954, -6.8821536000000005, 0.7754796359999999, 3.43001392, 18.1584092, 0.0, -1.1093131, 3.72739602, 11.6777172, 17.0023312, 69.6731288, 0.0, -0.82592416, -11.8733612, -21.0225196, 59.140934, 0.0
24.637184, -5.9655408, 0.393182558, -0.827703, 22.4033884, 0.0, -24.5384978, -6.786747200000001, 0.729364142, 3.36650474, 18.1094014, 0.0, -0.9907631, 3.67215204, 11.6549504, 17.5231294, 70.2682316, 0.0, -0.79851432, -11.6862044, -22.357152199999998, 59.992988, 0.0
24.637184, -5.8779172, 0.40723105200000004, -0.9631901999999999, 22.4680966, 0.0, -24.5494002, -6.6913408, 0.683248648, 3.3029955600000003, 18.0603936, 0.0, -0.8722131, 3.61690806, 11.6321836, 18.0439276, 70.8633344, 0.0, -0.77110448, -11.4990476, -23.6917848, 60.845042, 0.0
24.637184, -5.7902936, 0.421279546, -1.0986774, 22.5328048, 0.0, -24.5603026, -6.5959344, 0.637133154, 3.23948638, 18.0113858, 0.0, -0.7536631, 3.56166408, 11.6094168, 18.564725799999998, 71.45843719999999, 0.0, -0.7436946400000001, -11.3118908, -25.0264174, 61.697095999999995, 0.0
24.637184, -5.70267, 0.43532804, -1.2341646, 22.597513, 0.0, -24.571205, -6.500528, 0.59101766, 3.1759772, 17.962378, 0.0, -0.6351131, 3.5064201, 11.58665, 19.085524, 72.05354, 0.0, -0.7162848, -11.124734, -26.36105, 62.54915, 0.0
24.637184, -5.531355120000001, 0.46079928000000003, -1.3699297, 22.5872042, 0.0, -24.5795054, -6.3810424, 0.505548608, 3.13142002, 17.8593434, 0.0, -0.483500856, 3.4471027000000003, 11.486087000000001, 19.5110168, 72.2409552, 0.0, -0.68203409, -11.0204836, -27.2339992, 62.9446332, 0.0
24.637184, -5.36004024, 0.48627052, -1.5056948, 22.576895399999998, 0.0, -24.587805799999998, -6.2615568, 0.420079556, 3.08686284, 17.7563088, 0.0, -0.33188861199999997, 3.3877853, 11.385524, 19.9365096, 72.4283704, 0.0, -0.64778338, -10.9162332, -28.1069484, 63.3401164, 0.0
24.637184, -5.18872536, 0.51174176, -1.6414599, 22.5665866, 0.0, -24.5961062, -6.1420712, 0.334610504, 3.04230566, 17.653274200000002, 0.0, -0.18027636799999996, 3.3284679, 11.284961000000001, 20.362002399999998, 72.6157856, 0.0, -0.61353267, -10.8119828, -28.9798976, 63.7355996, 0.0
24.637184, -5.01741048, 0.5372129999999999, -1.777225, 22.5562778, 0.0, -24.6044066, -6.0225856, 0.24914145199999999, 2.99774848, 17.5502396, 0.0, -0.028664123999999958, 3.2691505, 11.184398, 20.7874952, 72.8032008, 0.0, -0.57928196, -10.7077324, -29.8528468, 64.1310828, 0.0
24.637184, -4.8460956, 0.56268424, -1.9129901, 22.545969, 0.0, -24.612707, -5.9031, 0.1636724, 2.9531913, 17.447205, 0.0, 0.12294812, 3.2098331, 11.083835, 21.212988, 72.990616, 0.0, -0.54503125, -10.603482, -30.725796, 64.526566, 0.0
24.637184, -4.72777408, 0.512299784, -1.98735014, 22.5830734, 0.0, -24.6172634, -5.83056248, 0.081332694, 2.8801756999999997, 17.3203406, 0.0, 0.34142841599999996, 3.22375298, 10.9243662, 21.5274018, 73.05683280000001, 0.0, -0.613870288, -10.673288, -31.250580799999998, 64.6269138, 0.0
24.637184, -4.60945256, 0.46191532799999996, -2.06171018, 22.6201778, 0.0, -24.6218198, -5.75802496, -0.0010070120000000016, 2.8071601, 17.1934762, 0.0, 0.5599087119999999, 3.23767286, 10.7648974, 21.8418156, 73.1230496, 0.0, -0.6827093259999999, -10.743094, -31.775365599999997, 64.7272616, 0.0
24.637184, -4.49113104, 0.411530872, -2.13607022, 22.657282199999997, 0.0, -24.6263762, -5.68548744, -0.08334671799999999, 2.7341444999999998, 17.0666118, 0.0, 0.778389008, 3.25159274, 10.6054286, 22.156229399999997, 73.18926640000001, 0.0, -0.7515483639999999, -10.8129, -32.3001504, 64.8276094, 0.0
24.637184, -4.372809520000001, 0.36114641599999997, -2.21043026, 22.694386599999998, 0.0, -24.6309326, -5.61294992, -0.165686424, 2.6611289, 16.939747399999998, 0.0, 0.996869304, 3.26551262, 10.4459598, 22.470643199999998, 73.2554832, 0.0, -0.8203874019999999, -10.882706, -32.8249352, 64.92795720000001, 0.0
24.637184, -4.254488, 0.31076196, -2.2847903, 22.731491, 0.0, -24.635489, -5.5404124, -0.24802613, 2.5881133, 16.812883, 0.0, 1.2153496, 3.2794325, 10.286491, 22.785057, 73.3217, 0.0, -0.88922644, -10.952512, -33.34972, 65.028305, 0.0
24.637184, -4.2041388600000005, 0.274754322, -2.3445514, 22.7802948, 0.0, -24.63582, -5.50647552, -0.276376044, 2.5108492399999998, 16.760886799999998, 0.0, 1.33818544, 3.29334852, 10.2946458, 23.025516, 73.4070868, 0.0, -1.0090200919999999, -11.1021642, -33.679494399999996, 64.99316400000001, 0.0
24.637184, -4.153789720000001, 0.238746684, -2.4043125, 22.8290986, 0.0, -24.636150999999998, -5.47253864, -0.304725958, 2.4335851799999997, 16.7088906, 0.0, 1.46102128, 3.30726454, 10.3028006, 23.265975, 73.4924736, 0.0, -1.128813744, -11.251816400000001, -34.0092688, 64.958023, 0.0
24.637184, -4.10344058, 0.202739046, -2.4640736, 22.8779024, 0.0, -24.636482, -5.43860176, -0.333075872, 2.35632112, 16.6568944, 0.0, 1.58385712, 3.32118056, 10.310955400000001, 23.506434, 73.5778604, 0.0, -1.248607396, -11.4014686, -34.3390432, 64.922882, 0.0
24.637184, -4.05309144, 0.166731408, -2.5238347, 22.926706199999998, 0.0, -24.636813, -5.4046648799999994, -0.36142578599999997, 2.27905706, 16.6048982, 0.0, 1.70669296, 3.33509658, 10.3191102, 23.746893, 73.6632472, 0.0, -1.368401048, -11.5511208, -34.668817600000004, 64.88774099999999, 0.0
24.637184, -4.0027423, 0.13072377, -2.5835958, 22.97551, 0.0, -24.637144, -5.370728, -0.3897757, 2.201793, 16.552902, 0.0, 1.8295288, 3.3490126, 10.327265, 23.987352, 73.748634, 0.0, -1.4881947, -11.700773, -34.998592, 64.8526, 0.0
24.637184, -4.0054679, 0.17372722799999998, -2.6548974, 23.0076694, 0.0, -24.63703, -5.3338705, -0.34350772, 2.13966144, 16.6267568, 0.0, 1.8128414400000001, 3.25926288, 10.514838000000001, 24.1823148, 73.7733832, 0.0, -1.57180144, -11.7808296, -35.2234636, 64.81009, 0.0
24.637184, -4.0081935, 0.216730686, -2.726199, 23.0398288, 0.0, -24.636916, -5.297013, -0.29723974, 2.0775298799999997, 16.7006116, 0.0, 1.79615408, 3.16951316, 10.702411, 24.3772776, 73.7981324, 0.0, -1.65540818, -11.8608862, -35.4483352, 64.76758, 0.0
24.637184, -4.010919100000001, 0.259734144, -2.7975006000000002, 23.0719882, 0.0, -24.636802, -5.2601555, -0.25097176, 2.01539832, 16.7744664, 0.0, 1.77946672, 3.07976344, 10.889984, 24.572240400000002, 73.8228816, 0.0, -1.73901492, -11.9409428, -35.6732068, 64.72507, 0.0
24.637184, -4.0136447, 0.302737602, -2.8688022, 23.104147599999997, 0.0, -24.636688, -5.223298, -0.20470378, 1.95326676, 16.8483212, 0.0, 1.76277936, 2.99001372, 11.077556999999999, 24.7672032, 73.8476308, 0.0, -1.82262166, -12.0209994, -35.8980784, 64.68256, 0.0
24.637184, -4.0163703, 0.34574106, -2.9401038, 23.136307, 0.0, -24.636574, -5.1864405, -0.1584358, 1.8911352, 16.922176, 0.0, 1.746092, 2.900264, 11.26513, 24.962166, 73.87238, 0.0, -1.9062284, -12.101056, -36.12295, 64.64005, 0.0
24.637184, -4.08539592, 0.417773408, -2.9891490800000002, 23.1803956, 0.0, -24.6364, -5.1337698, -0.06910735999999999, 1.83216418, 17.0576082, 0.0, 1.7058299399999999, 2.74814256, 11.464780399999999, 25.0999052, 73.81064500000001, 0.0, -1.95526952, -12.06984, -36.228794400000005, 64.647442, 0.0
24.637184, -4.15442154, 0.489805756, -3.0381943600000003, 23.2244842, 0.0, -24.636226, -5.081099099999999, 0.020221080000000002, 1.77319316, 17.1930404, 0.0, 1.66556788, 2.59602112, 11.6644308, 25.2376444, 73.74891000000001, 0.0, -2.00431064, -12.038624, -36.3346388, 64.654834, 0.0
24.637184, -4.22344716, 0.561838104, -3.08723964, 23.2685728, 0.0, -24.636052, -5.0284284, 0.10954951999999998, 1.71422214, 17.328472599999998, 0.0, 1.62530582, 2.44389968, 11.8640812, 25.3753836, 73.687175, 0.0, -2.05335176, -12.007408, -36.4404832, 64.662226, 0.0
24.637184, -4.292472780000001, 0.633870452, -3.13628492, 23.3126614, 0.0, -24.635878, -4.9757577, 0.19887796, 1.65525112, 17.463904799999998, 0.0, 1.58504376, 2.29177824, 12.0637316, 25.5131228, 73.62544, 0.0, -2.10239288, -11.976192000000001, -36.5463276, 64.669618, 0.0
24.637184, -4.3614984, 0.7059028, -3.1853302, 23.35675, 0.0, -24.635704, -4.923087, 0.2882064, 1.5962801, 17.599337, 0.0, 1.5447817, 2.1396568, 12.263382, 25.650862, 73.563705, 0.0, -2.151434, -11.944976, -36.652172, 64.67701, 0.0
24.637184, -4.42839864, 0.76717108, -3.18656562, 23.4121998, 0.0, -24.635878, -4.8525333999999996, 0.360481288, 1.52988778, 17.6946624, 0.0, 1.54496316, 2.02853848, 12.3445218, 25.7143286, 73.45624, 0.0, -2.1921396, -11.9024286, -36.606607, 64.671786, 0.0
24.637184, -4.49529888, 0.8284393600000001, -3.18780104, 23.4676496, 0.0, -24.636052, -4.781979799999999, 0.432756176, 1.4634954599999999, 17.7899878, 0.0, 1.54514462, 1.91742016, 12.4256616, 25.7777952, 73.348775, 0.0, -2.2328452, -11.8598812, -36.561042, 64.666562, 0.0
24.637184, -4.562199120000001, 0.88970764, -3.18903646, 23.5230994, 0.0, -24.636226, -4.7114262, 0.505031064, 1.39710314, 17.8853132, 0.0, 1.54532608, 1.80630184, 12.5068014, 25.8412618, 73.24131, 0.0, -2.2735508, -11.8173338, -36.515477, 64.661338, 0.0
24.637184, -4.6290993600000006, 0.9509759200000001, -3.19027188, 23.5785492, 0.0, -24.6364, -4.6408726, 0.577305952, 1.33071082, 17.9806386, 0.0, 1.54550754, 1.69518352, 12.5879412, 25.9047284, 73.13384500000001, 0.0, -2.3142564, -11.7747864, -36.469912, 64.656114, 0.0
24.637184, -4.6959996, 1.0122442, -3.1915073, 23.633999, 0.0, -24.636574, -4.570319, 0.64958084, 1.2643185, 18.075964, 0.0, 1.545689, 1.5840652, 12.669081, 25.968195, 73.02638, 0.0, -2.354962, -11.732239, -36.424347, 64.65089, 0.0
24.637184, -4.741794280000001, 1.0191264, -3.16767738, 23.6722572, 0.0, -24.6366876, -4.53190608, 0.677400432, 1.1546971719999999, 18.1142216, 0.0, 1.58207844, 1.5000626, 12.6124994, 25.948786600000002, 72.879964, 0.0, -2.39806972, -11.719714399999999, -36.2617036, 64.599182, 0.0
24.637184, -4.78758896, 1.0260086, -3.14384746, 23.7105154, 0.0, -24.6368012, -4.49349316, 0.7052200240000001, 1.0450758439999999, 18.1524792, 0.0, 1.61846788, 1.4160599999999999, 12.5559178, 25.929378200000002, 72.733548, 0.0, -2.44117744, -11.7071898, -36.0990602, 64.547474, 0.0
24.637184, -4.83338364, 1.0328908, -3.12001754, 23.7487736, 0.0, -24.6369148, -4.45508024, 0.733039616, 0.935454516, 18.1907368, 0.0, 1.65485732, 1.3320574, 12.4993362, 25.9099698, 72.58713200000001, 0.0, -2.4842851599999998, -11.6946652, -35.9364168, 64.495766, 0.0
24.637184, -4.879178319999999, 1.039773, -3.09618762, 23.787031799999998, 0.0, -24.637028400000002, -4.41666732, 0.7608592080000001, 0.825833188, 18.228994399999998, 0.0, 1.69124676, 1.2480548, 12.442754599999999, 25.8905614, 72.44071600000001, 0.0, -2.52739288, -11.6821406, -35.7737734, 64.444058, 0.0
24.637184, -4.924973, 1.0466552, -3.0723577, 23.82529, 0.0, -24.637142, -4.3782544, 0.7886788, 0.71621186, 18.267252, 0.0, 1.7276362, 1.1640522, 12.386173, 25.871153, 72.2943, 0.0, -2.5705006, -11.669616, -35.61113, 64.39235, 0.0
24.637184, -4.95101546, 0.990744, -3.06059016, 23.829887199999998, 0.0, -24.637054, -4.391749460000001, 0.77582842, 0.6083816980000001, 18.286991999999998, 0.0, 1.73223722, 1.053843912, 12.2438942, 25.8124484, 72.177582, 0.0, -2.6137193599999997, -11.6831088, -35.3590868, 64.3067634, 0.0
24.637184, -4.97705792, 0.9348328, -3.04882262, 23.834484399999997, 0.0, -24.636966, -4.40524452, 0.76297804, 0.500551536, 18.306732, 0.0, 1.73683824, 0.943635624, 12.1016154, 25.7537438, 72.06086400000001, 0.0, -2.65693812, -11.6966016, -35.107043600000004, 64.2211768, 0.0
24.637184, -5.003100379999999, 0.8789216, -3.03705508, 23.8390816, 0.0, -24.636878, -4.4187395800000004, 0.75012766, 0.39272137400000007, 18.326472, 0.0, 1.7414392600000002, 0.833427336, 11.959336599999999, 25.6950392, 71.944146, 0.0, -2.7001568799999998, -11.710094400000001, -34.8550004, 64.1355902, 0.0
24.637184, -5.02914284, 0.8230104, -3.0252875400000003, 23.8436788, 0.0, -24.63679, -4.43223464, 0.73727728, 0.28489121200000006, 18.346212, 0.0, 1.7460402800000001, 0.723219048, 11.817057799999999, 25.636334599999998, 71.82742800000001, 0.0, -2.74337564, -11.7235872, -34.602957200000006, 64.0500036, 0.0
24.637184, -5.0551853, 0.7670992, -3.01352, 23.848276, 0.0, -24.636702, -4.4457297, 0.7244269, 0.17706105, 18.365952, 0.0, 1.7506413, 0.61301076, 11.674779, 25.57763, 71.71071, 0.0, -2.7865944, -11.73708, -34.350914, 63.964417, 0.0
24.637184, -5.0785960999999995, 0.691337774, -3.03511042, 23.809478799999997, 0.0, -24.635406, -4.50871808, 0.72003954, 0.111422506, 18.403337, 0.0, 1.65818456, 0.48658500179999997, 11.5113782, 25.545818, 71.71933, 0.0, -2.81624886, -11.706879, -33.987757200000004, 63.867865599999995, 0.0
24.637184, -5.1020069, 0.615576348, -3.05670084, 23.7706816, 0.0, -24.63411, -4.571706460000001, 0.71565218, 0.04578396200000001, 18.440722, 0.0, 1.56572782, 0.3601592436, 11.3479774, 25.514006, 71.72795, 0.0, -2.84590332, -11.676678, -33.624600400000006, 63.7713142, 0.0
24.637184, -5.1254177, 0.539814922, -3.0782912600000003, 23.7318844, 0.0, -24.632814, -4.63469484, 0.71126482, -0.019854581999999982, 18.478106999999998, 0.0, 1.47327108, 0.23373348540000005, 11.1845766, 25.482194, 71.73657, 0.0, -2.87555778, -11.646476999999999, -33.2614436, 63.674762799999996, 0.0
24.637184, -5.1488285000000005, 0.464053496, -3.09988168, 23.6930872, 0.0, -24.631518, -4.69768322, 0.70687746, -0.08549312599999997, 18.515492, 0.0, 1.3808143400000001, 0.10730772720000004, 11.0211758, 25.450381999999998, 71.74519000000001, 0.0, -2.90521224, -11.616276, -32.8982868, 63.5782114, 0.0
24.637184, -5.1722393, 0.38829207, -3.1214721, 23.65429, 0.0, -24.630222, -4.7606716, 0.7024901, -0.15113167, 18.552877, 0.0, 1.2883576, -0.019118031, 10.857775, 25.41857, 71.75381, 0.0, -2.9348667, -11.586075, -32.53513, 63.48166, 0.0
24.637184, -5.19959404, 0.332751884, -3.1280401, 23.633637, 0.0, -24.6282276, -4.81069078, 0.697746188, -0.19126506599999998, 18.5786186, 0.0, 1.2012617, -0.1278573548, 10.637465, 25.397617, 71.842294, 0.0, -2.9781514000000002, -11.4797836, -32.0720374, 63.393432, 0.0
24.637184, -5.22694878, 0.277211698, -3.1346081, 23.612984, 0.0, -24.626233199999998, -4.86070996, 0.693002276, -0.231398462, 18.6043602, 0.0, 1.1141658, -0.2365966786, 10.417155000000001, 25.376663999999998, 71.930778, 0.0, -3.0214361000000003, -11.3734922, -31.608944800000003, 63.305203999999996, 0.0
24.637184, -5.254303520000001, 0.22167151200000001, -3.1411761, 23.592330999999998, 0.0, -24.6242388, -4.91072914, 0.6882583640000001, -0.271531858, 18.6301018, 0.0, 1.0270698999999999, -0.34533600239999995, 10.196845, 25.355711, 72.019262, 0.0, -3.0647208, -11.2672008, -31.1458522, 63.216976, 0.0
24.637184, -5.28165826, 0.16613132600000002, -3.1477440999999997, 23.571678, 0.0, -24.6222444, -4.96074832, 0.683514452, -0.311665254, 18.6558434, 0.0, 0.939974, -0.45407532619999996, 9.976535, 25.334757999999997, 72.107746, 0.0, -3.1080055, -11.1609094, -30.6827596, 63.128748, 0.0
24.637184, -5.309013, 0.11059114, -3.1543121, 23.551025, 0.0, -24.62025, -5.0107675, 0.67877054, -0.35179865, 18.681585, 0.0, 0.8528781, -0.56281465, 9.756225, 25.313805, 72.19623, 0.0, -3.1512902, -11.054618, -30.219667, 63.04052, 0.0
24.637184, -5.307080200000001, 0.08247607400000001, -3.13920772, 23.560312, 0.0, -24.6222444, -5.0112866, 0.646983332, -0.38896632999999997, 18.6414662, 0.0, 0.84467532, -0.6015449199999999, 9.5217788, 25.2484194, 72.247124, 0.0, -3.1950403, -10.9502328, -29.8342232, 62.9685884, 0.0
24.637184, -5.3051474, 0.054361008, -3.12410334, 23.569599, 0.0, -24.6242388, -5.0118057, 0.615196124, -0.42613400999999995, 18.601347399999998, 0.0, 0.83647254, -0.64027519, 9.287332600000001, 25.1830338, 72.298018, 0.0, -3.2387904, -10.8458476, -29.4487794, 62.8966568, 0.0
24.637184, -5.3032146000000004, 0.026245941999999994, -3.1089989599999996, 23.578886, 0.0, -24.626233199999998, -5.0123248, 0.583408916, -0.46330169, 18.5612286, 0.0, 0.82826976, -0.67900546, 9.0528864, 25.117648199999998, 72.348912, 0.0, -3.2825405, -10.7414624, -29.063335600000002, 62.824725199999996, 0.0
24.637184, -5.3012818, -0.0018691239999999998, -3.0938945799999997, 23.588173, 0.0, -24.6282276, -5.0128439, 0.551621708, -0.50046937, 18.521109799999998, 0.0, 0.82006698, -0.71773573, 8.818440200000001, 25.0522626, 72.399806, 0.0, -3.3262906, -10.6370772, -28.6778918, 62.7527936, 0.0
24.637184, -5.299349, -0.02998419, -3.0787902, 23.59746, 0.0, -24.630222, -5.013363, 0.5198345, -0.53763705, 18.480991, 0.0, 0.8118642, -0.756466, 8.583994, 24.986877, 72.4507, 0.0, -3.3700407, -10.532692, -28.292448, 62.680862, 0.0
24.637184, -5.24514966, -0.042963162, -3.07710144, 23.6023694, 0.0, -24.6315176, -4.98482064, 0.467681072, -0.5753546079999999, 18.3986864, 0.0, 0.83676466, -0.696572028, 8.5044286, 24.955777, 72.428026, 0.0, -3.3596321000000002, -10.5177492, -28.1977768, 62.6205624, 0.0
24.637184, -5.19095032, -0.055942134000000004, -3.07541268, 23.6072788, 0.0, -24.6328132, -4.95627828, 0.415527644, -0.6130721659999999, 18.3163818, 0.0, 0.8616651200000001, -0.6366780559999999, 8.4248632, 24.924677, 72.405352, 0.0, -3.3492235, -10.5028064, -28.1031056, 62.5602628, 0.0
24.637184, -5.13675098, -0.06892110600000001, -3.07372392, 23.612188200000002, 0.0, -24.6341088, -4.92773592, 0.363374216, -0.650789724, 18.2340772, 0.0, 0.8865655800000001, -0.576784084, 8.345297799999999, 24.893577, 72.382678, 0.0, -3.3388149, -10.4878636, -28.008434400000002, 62.4999632, 0.0
24.637184, -5.08255164, -0.081900078, -3.07203516, 23.6170976, 0.0, -24.635404400000002, -4.8991935600000005, 0.311220788, -0.688507282, 18.1517726, 0.0, 0.91146604, -0.516890112, 8.2657324, 24.862477, 72.36000399999999, 0.0, -3.3284062999999997, -10.4729208, -27.9137632, 62.4396636, 0.0
24.637184, -5.0283523, -0.09487905, -3.0703464, 23.622007, 0.0, -24.6367, -4.8706512, 0.25906736, -0.72622484, 18.069468, 0.0, 0.9363665, -0.45699614, 8.186167, 24.831377, 72.33733, 0.0, -3.3179977, -10.457978, -27.819092, 62.379364, 0.0
24.637184, -4.94350724, -0.08362747740000001, -3.08964892, 23.6095746, 0.0, -24.636796800000003, -4.8207726200000005, 0.21159123200000002, -0.748685912, 18.0086716, 0.0, 0.94230558, -0.420157532, 8.224640599999999, 24.8069332, 72.23825, 0.0, -3.26921368, -10.484830800000001, -27.932560600000002, 62.3473412, 0.0
24.637184, -4.85866218, -0.0723759048, -3.1089514400000002, 23.5971422, 0.0, -24.6368936, -4.77089404, 0.164115104, -0.771146984, 17.9478752, 0.0, 0.94824466, -0.383318924, 8.263114199999999, 24.7824894, 72.13917, 0.0, -3.2204296599999997, -10.511683600000001, -28.0460292, 62.3153184, 0.0
24.637184, -4.77381712, -0.061124332200000006, -3.12825396, 23.5847098, 0.0, -24.636990400000002, -4.72101546, 0.116638976, -0.7936080560000001, 17.8870788, 0.0, 0.9541837400000001, -0.346480316, 8.3015878, 24.7580456, 72.04009, 0.0, -3.17164564, -10.5385364, -28.1594978, 62.2832956, 0.0
24.637184, -4.68897206, -0.049872759600000004, -3.14755648, 23.5722774, 0.0, -24.6370872, -4.67113688, 0.069162848, -0.816069128, 17.8262824, 0.0, 0.96012282, -0.309641708, 8.3400614, 24.7336018, 71.94101, 0.0, -3.1228616199999997, -10.5653892, -28.272966399999998, 62.2512728, 0.0
24.637184, -4.604127, -0.038621187, -3.166859, 23.559845, 0.0, -24.637184, -4.6212583, 0.02168672, -0.8385302, 17.765486, 0.0, 0.9660619, -0.2728031, 8.378535, 24.709158, 71.84193, 0.0, -3.0740776, -10.592242, -28.386435, 62.21925, 0.0
24.637184, -4.5449575, -0.0020285276000000033, -3.1972138, 23.5354812, 0.0, -24.637184, -4.54426264, -0.001047832000000002, -0.842138674, 17.757900799999998, 0.0, 0.9449645480000001, -0.33991418, 8.415687, 24.6401288, 71.72813000000001, 0.0, -3.0570847999999997, -10.5833724, -28.525525599999998, 62.2249368, 0.0
24.637184, -4.485788, 0.034564131799999995, -3.2275686, 23.5111174, 0.0, -24.637184, -4.46726698, -0.023782384000000004, -0.845747148, 17.7503156, 0.0, 0.923867196, -0.40702526000000006, 8.452838999999999, 24.5710996, 71.61433000000001, 0.0, -3.040092, -10.5745028, -28.664616199999998, 62.2306236, 0.0
24.637184, -4.4266185, 0.07115679119999999, -3.2579234, 23.4867536, 0.0, -24.637184, -4.39027132, -0.046516936, -0.849355622, 17.7427304, 0.0, 0.902769844, -0.47413634000000004, 8.489991, 24.502070399999997, 71.50053, 0.0, -3.0230992, -10.5656332, -28.8037068, 62.2363104, 0.0
24.637184, -4.367449000000001, 0.10774945059999999, -3.2882782, 23.4623898, 0.0, -24.637184, -4.3132756599999995, -0.069251488, -0.852964096, 17.7351452, 0.0, 0.881672492, -0.54124742, 8.527142999999999, 24.433041199999998, 71.38673, 0.0, -3.0061064, -10.5567636, -28.9427974, 62.2419972, 0.0
24.637184, -4.3082795, 0.14434211, -3.318633, 23.438026, 0.0, -24.637184, -4.23628, -0.09198604, -0.85657257, 17.72756, 0.0, 0.86057514, -0.6083585, 8.564295, 24.364012, 71.27293, 0.0, -2.9891136, -10.547894, -29.081888, 62.247684, 0.0
24.637184, -4.29414396, 0.205250722, -3.35563468, 23.4024608, 0.0, -24.637184, -4.12980112, -0.090591343, -0.848325616, 17.763468800000002, 0.0, 0.834795792, -0.6861844, 8.6337616, 24.321084, 71.22187, 0.0, -3.01889884, -10.5220436, -29.1448774, 62.2557476, 0.0
24.637184, -4.280008420000001, 0.26615933399999997, -3.39263636, 23.3668956, 0.0, -24.637184, -4.02332224, -0.089196646, -0.840078662, 17.7993776, 0.0, 0.809016444, -0.7640103, 8.7032282, 24.278156, 71.17081, 0.0, -3.04868408, -10.4961932, -29.207866799999998, 62.2638112, 0.0
24.637184, -4.26587288, 0.327067946, -3.42963804, 23.331330400000002, 0.0, -24.637184, -3.9168433599999997, -0.087801949, -0.831831708, 17.8352864, 0.0, 0.7832370959999999, -0.8418362, 8.7726948, 24.235228, 71.11975, 0.0, -3.07846932, -10.4703428, -29.2708562, 62.2718748, 0.0
24.637184, -4.25173734, 0.38797655799999997, -3.46663972, 23.2957652, 0.0, -24.637184, -3.81036448, -0.086407252, -0.823584754, 17.8711952, 0.0, 0.757457748, -0.9196621, 8.8421614, 24.1923, 71.06869, 0.0, -3.10825456, -10.4444924, -29.3338456, 62.2799384, 0.0
24.637184, -4.2376018, 0.44888517, -3.5036414, 23.2602, 0.0, -24.637184, -3.7038856, -0.085012555, -0.8153378, 17.907104, 0.0, 0.7316784, -0.997488, 8.911628, 24.149372, 71.01763, 0.0, -3.1380398, -10.418642, -29.396835, 62.288002, 0.0
24.637184, -4.23239912, 0.501723908, -3.5265978199999997, 23.2315124, 0.0, -24.637184, -3.59790388, -0.08623726400000001, -0.80631786, 17.9549252, 0.0, 0.72910794, -0.99934012, 9.0242194, 24.183064599999998, 71.03254799999999, 0.0, -3.18002226, -10.450766, -29.3995248, 62.2650688, 0.0
24.637184, -4.22719644, 0.5545626459999999, -3.54955424, 23.202824800000002, 0.0, -24.637184, -3.49192216, -0.087461973, -0.79729792, 18.0027464, 0.0, 0.72653748, -1.00119224, 9.1368108, 24.2167572, 71.047466, 0.0, -3.22200472, -10.48289, -29.4022146, 62.2421356, 0.0
24.637184, -4.22199376, 0.607401384, -3.57251066, 23.1741372, 0.0, -24.637184, -3.3859404399999997, -0.088686682, -0.78827798, 18.0505676, 0.0, 0.72396702, -1.00304436, 9.2494022, 24.2504498, 71.062384, 0.0, -3.26398718, -10.515014, -29.4049044, 62.2192024, 0.0
24.637184, -4.21679108, 0.660240122, -3.59546708, 23.145449600000003, 0.0, -24.637184, -3.2799587199999998, -0.089911391, -0.77925804, 18.0983888, 0.0, 0.72139656, -1.0048964800000002, 9.3619936, 24.2841424, 71.077302, 0.0, -3.3059696400000003, -10.547138, -29.407594200000002, 62.196269199999996, 0.0
24.637184, -4.2115884, 0.71307886, -3.6184235, 23.116762, 0.0, -24.637184, -3.173977, -0.0911361, -0.7702381, 18.14621, 0.0, 0.7188261, -1.0067486, 9.474585, 24.317835, 71.09222, 0.0, -3.3479521, -10.579262, -29.410284, 62.173336, 0.0
24.637184, -4.18866032, 0.727452148, -3.6220452, 23.102867, 0.0, -24.637184, -3.10679792, -0.10565973, -0.7695404880000001, 18.1748182, 0.0, 0.72748154, -0.9473071920000001, 9.572011, 24.3891298, 71.1448468, 0.0, -3.36844632, -10.6404352, -29.3808246, 62.1380012, 0.0
24.637184, -4.1657322400000005, 0.741825436, -3.6256669, 23.088972000000002, 0.0, -24.637184, -3.03961884, -0.12018335999999999, -0.768842876, 18.2034264, 0.0, 0.73613698, -0.887865784, 9.669437, 24.4604246, 71.1974736, 0.0, -3.38894054, -10.7016084, -29.3513652, 62.1026664, 0.0
24.637184, -4.14280416, 0.756198724, -3.6292885999999998, 23.075077, 0.0, -24.637184, -2.97243976, -0.13470699, -0.768145264, 18.2320346, 0.0, 0.74479242, -0.8284243760000001, 9.766862999999999, 24.5317194, 71.25010040000001, 0.0, -3.40943476, -10.7627816, -29.3219058, 62.0673316, 0.0
24.637184, -4.11987608, 0.7705720119999999, -3.6329103, 23.061182000000002, 0.0, -24.637184, -2.90526068, -0.14923061999999998, -0.767447652, 18.2606428, 0.0, 0.7534478600000001, -0.768982968, 9.864289, 24.6030142, 71.3027272, 0.0, -3.42992898, -10.8239548, -29.2924464, 62.0319968, 0.0
24.637184, -4.096948, 0.7849453, -3.636532, 23.047287, 0.0, -24.637184, -2.8380816, -0.16375425, -0.76675004, 18.289251, 0.0, 0.7621033, -0.70954156, 9.961715, 24.674309, 71.355354, 0.0, -3.4504232, -10.885128, -29.262987, 61.996662, 0.0
24.637184, -4.06256808, 0.77680121, -3.63213534, 23.043219, 0.0, -24.637184, -2.81505756, -0.188914528, -0.7749235640000001, 18.2891934, 0.0, 0.77151842, -0.649408144, 10.0111398, 24.727535800000002, 71.4042402, 0.0, -3.45894668, -10.9142472, -29.2398506, 61.9697806, 0.0
24.637184, -4.02818816, 0.76865712, -3.6277386799999998, 23.039151, 0.0, -24.637184, -2.79203352, -0.214074806, -0.783097088, 18.2891358, 0.0, 0.78093354, -0.589274728, 10.0605646, 24.7807626, 71.4531264, 0.0, -3.46747016, -10.9433664, -29.2167142, 61.9428992, 0.0
24.637184, -3.9938082400000003, 0.76051303, -3.62334202, 23.035083, 0.0, -24.637184, -2.7690094800000002, -0.239235084, -0.791270612, 18.2890782, 0.0, 0.79034866, -0.5291413119999999, 10.1099894, 24.8339894, 71.5020126, 0.0, -3.47599364, -10.972485599999999, -29.1935778, 61.9160178, 0.0
24.637184, -3.9594283200000002, 0.75236894, -3.6189453599999997, 23.031015, 0.0, -24.637184, -2.74598544, -0.264395362, -0.799444136, 18.2890206, 0.0, 0.79976378, -0.469007896, 10.159414199999999, 24.887216199999997, 71.5508988, 0.0, -3.48451712, -11.001604799999999, -29.170441399999998, 61.8891364, 0.0
24.637184, -3.9250484, 0.74422485, -3.6145487, 23.026947, 0.0, -24.637184, -2.7229614, -0.28955564, -0.80761766, 18.288963, 0.0, 0.8091789, -0.40887448, 10.208839, 24.940443, 71.599785, 0.0, -3.4930406, -11.030724, -29.147305, 61.862255, 0.0
