/h1_2/pelvis/left_hip_yaw_joint, /h1_2/left_hip_yaw_link/left_hip_pitch_joint, /h1_2/left_hip_pitch_link/left_hip_roll_joint, /h1_2/left_hip_roll_link/left_knee_joint, /h1_2/left_knee_link/left_ankle_pitch_joint, /h1_2/left_ankle_pitch_link/left_ankle_roll_joint, /h1_2/pelvis/right_hip_yaw_joint, /h1_2/right_hip_yaw_link/right_hip_pitch_joint, /h1_2/right_hip_pitch_link/right_hip_roll_joint, /h1_2/right_hip_roll_link/right_knee_joint, /h1_2/right_knee_link/right_ankle_pitch_joint, /h1_2/right_ankle_pitch_link/right_ankle_roll_joint, /h1_2/pelvis/torso_joint, /h1_2/torso_link/left_shoulder_pitch_joint, /h1_2/left_shoulder_pitch_link/left_shoulder_roll_joint, /h1_2/left_shoulder_roll_link/left_shoulder_yaw_joint, /h1_2/left_shoulder_yaw_link/left_elbow_joint, /h1_2/left_elbow_link/left_wrist_roll_joint, /h1_2/torso_link/right_shoulder_pitch_joint, /h1_2/right_shoulder_pitch_link/right_shoulder_roll_joint, /h1_2/right_shoulder_roll_link/right_shoulder_yaw_joint, /h1_2/right_shoulder_yaw_link/right_elbow_joint, /h1_2/right_elbow_link/right_wrist_roll_joint
24.637184, -0.51539105, -1.822809, -3.7559814, 20.860338, 0.0, -24.637184, -2.3794475, -1.3109508, -1.6695193, 15.665881, 0.0, -2.7740018, 0.41466156, 8.335609, 15.926307, 70.840645, 0.0, -0.7706173, -10.645426, -19.041136, 61.49475, 0.0
24.637184, -0.5361514319999999, -1.8249479199999998, -3.75234544, 20.873072399999998, 0.0, -24.637184, -2.391993, -1.30083174, -1.66503122, 15.6926428, 0.0, -2.76037476, 0.409683908, 8.3180626, 15.916508799999999, 70.84047799999999, 0.0, -0.786476894, -10.6408968, -19.0276082, 61.480077400000006, 0.0
24.637184, -0.556911814, -1.82708684, -3.74870948, 20.885806799999997, 0.0, -24.637184, -2.4045385, -1.29071268, -1.66054314, 15.7194046, 0.0, -2.74674772, 0.404706256, 8.3005162, 15.9067106, 70.840311, 0.0, -0.802336488, -10.6363676, -19.0140804, 61.4654048, 0.0
24.637184, -0.577672196, -1.82922576, -3.74507352, 20.8985412, 0.0, -24.637184, -2.417084, -1.28059362, -1.65605506, 15.7461664, 0.0, -2.73312068, 0.399728604, 8.2829698, 15.8969124, 70.840144, 0.0, -0.8181960819999999, -10.631838400000001, -19.0005526, 61.450732200000004, 0.0
24.637184, -0.598432578, -1.83136468, -3.74143756, 20.9112756, 0.0, -24.637184, -2.4296295000000003, -1.27047456, -1.65156698, 15.7729282, 0.0, -2.71949364, 0.394750952, 8.265423400000001, 15.887114200000001, 70.839977, 0.0, -0.834055676, -10.627309200000001, -18.9870248, 61.4360596, 0.0
24.637184, -0.61919296, -1.8335036, -3.7378016, 20.92401, 0.0, -24.637184, -2.442175, -1.2603555, -1.6470789, 15.79969, 0.0, -2.7058666, 0.3897733, 8.247877, 15.877316, 70.83981, 0.0, -0.84991527, -10.62278, -18.973497, 61.421387, 0.0
24.637184, -0.652616122, -1.83242106, -3.7338974, 20.9395998, 0.0, -24.637184, -2.46346394, -1.23798026, -1.6311824799999999, 15.8489436, 0.0, -2.6927425599999997, 0.380843536, 8.2490114, 15.8673, 70.836838, 0.0, -0.867067436, -10.619268, -18.955457, 61.398617, 0.0
24.637184, -0.686039284, -1.83133852, -3.7299932, 20.9551896, 0.0, -24.637184, -2.4847528800000003, -1.21560502, -1.6152860599999999, 15.8981972, 0.0, -2.67961852, 0.371913772, 8.2501458, 15.857284, 70.833866, 0.0, -0.884219602, -10.615756, -18.937417, 61.375847, 0.0
24.637184, -0.719462446, -1.83025598, -3.726089, 20.970779399999998, 0.0, -24.637184, -2.50604182, -1.19322978, -1.59938964, 15.947450799999999, 0.0, -2.66649448, 0.362984008, 8.2512802, 15.847268, 70.830894, 0.0, -0.901371768, -10.612244, -18.919376999999997, 61.353077000000006, 0.0
24.637184, -0.7528856079999999, -1.8291734400000002, -3.7221848, 20.9863692, 0.0, -24.637184, -2.5273307600000003, -1.1708545399999999, -1.58349322, 15.996704399999999, 0.0, -2.65337044, 0.354054244, 8.2524146, 15.837252, 70.827922, 0.0, -0.918523934, -10.608732, -18.901336999999998, 61.330307000000005, 0.0
24.637184, -0.78630877, -1.8280909, -3.7182806, 21.001959, 0.0, -24.637184, -2.5486197, -1.1484793, -1.5675968, 16.045958, 0.0, -2.6402464, 0.34512448, 8.253549, 15.827236, 70.82495, 0.0, -0.9356761, -10.60522, -18.883297, 61.307537, 0.0
24.637184, -0.810743016, -1.8238140200000001, -3.72067668, 21.0105722, 0.0, -24.637184, -2.57600916, -1.12664264, -1.5392171000000001, 16.0930122, 0.0, -2.6282478400000002, 0.337833218, 8.2631114, 15.8142222, 70.818392, 0.0, -0.94154581, -10.6144482, -18.875144199999998, 61.295417, 0.0
24.637184, -0.835177262, -1.81953714, -3.72307276, 21.019185399999998, 0.0, -24.637184, -2.60339862, -1.10480598, -1.5108374, 16.1400664, 0.0, -2.61624928, 0.330541956, 8.2726738, 15.8012084, 70.811834, 0.0, -0.9474155200000001, -10.623676399999999, -18.8669914, 61.283297000000005, 0.0
24.637184, -0.859611508, -1.81526026, -3.72546884, 21.0277986, 0.0, -24.637184, -2.63078808, -1.08296932, -1.4824577, 16.1871206, 0.0, -2.60425072, 0.323250694, 8.2822362, 15.788194599999999, 70.80527599999999, 0.0, -0.95328523, -10.6329046, -18.8588386, 61.271177, 0.0
24.637184, -0.884045754, -1.81098338, -3.72786492, 21.0364118, 0.0, -24.637184, -2.65817754, -1.06113266, -1.454078, 16.234174799999998, 0.0, -2.5922521599999997, 0.31595943200000004, 8.2917986, 15.7751808, 70.798718, 0.0, -0.95915494, -10.642132799999999, -18.8506858, 61.259057000000006, 0.0
24.637184, -0.90848, -1.8067065, -3.730261, 21.045025, 0.0, -24.637184, -2.685567, -1.039296, -1.4256983, 16.281229, 0.0, -2.5802536, 0.30866817, 8.301361, 15.762167, 70.79216, 0.0, -0.96502465, -10.651361, -18.842533, 61.246937, 0.0
24.637184, -0.9069931999999999, -1.7999733, -3.734737, 21.042884, 0.0, -24.637184, -2.71722634, -1.0330359, -1.3813277800000001, 16.3078682, 0.0, -2.56316948, 0.31163505, 8.3046986, 15.737713, 70.781658, 0.0, -0.95949218, -10.6753114, -18.8517292, 61.251858600000006, 0.0
24.637184, -0.9055063999999999, -1.7932401, -3.739213, 21.040743, 0.0, -24.637184, -2.74888568, -1.0267758, -1.3369572600000001, 16.3345074, 0.0, -2.5460853599999997, 0.31460193000000003, 8.3080362, 15.713258999999999, 70.77115599999999, 0.0, -0.95395971, -10.6992618, -18.8609254, 61.2567802, 0.0
24.637184, -0.9040196, -1.7865069, -3.7436890000000003, 21.038602, 0.0, -24.637184, -2.78054502, -1.0205157, -1.29258674, 16.3611466, 0.0, -2.52900124, 0.31756881, 8.3113738, 15.688805, 70.760654, 0.0, -0.94842724, -10.723212199999999, -18.8701216, 61.261701800000004, 0.0
24.637184, -0.9025328, -1.7797737, -3.748165, 21.036461, 0.0, -24.637184, -2.81220436, -1.0142556, -1.24821622, 16.3877858, 0.0, -2.5119171199999997, 0.32053569, 8.3147114, 15.664351, 70.750152, 0.0, -0.94289477, -10.7471626, -18.8793178, 61.2666234, 0.0
24.637184, -0.901046, -1.7730405, -3.752641, 21.03432, 0.0, -24.637184, -2.8438637, -1.0079955, -1.2038457, 16.414425, 0.0, -2.494833, 0.32350257, 8.318049, 15.639897, 70.73965, 0.0, -0.9373623, -10.771113, -18.888514, 61.271545, 0.0
24.637184, -0.889150708, -1.76938346, -3.7480876800000003, 21.0221348, 0.0, -24.637184, -2.887372, -1.01007644, -1.14031562, 16.4221554, 0.0, -2.47279582, 0.33280498399999997, 8.3139932, 15.5850112, 70.723296, 0.0, -0.93106706, -10.7849788, -18.8888676, 61.279837400000005, 0.0
24.637184, -0.877255416, -1.76572642, -3.74353436, 21.0099496, 0.0, -24.637184, -2.9308803, -1.01215738, -1.07678554, 16.4298858, 0.0, -2.45075864, 0.342107398, 8.3099374, 15.5301254, 70.706942, 0.0, -0.92477182, -10.798844599999999, -18.8892212, 61.2881298, 0.0
24.637184, -0.865360124, -1.76206938, -3.73898104, 20.9977644, 0.0, -24.637184, -2.9743885999999997, -1.01423832, -1.0132554599999999, 16.4376162, 0.0, -2.4287214599999998, 0.351409812, 8.3058816, 15.4752396, 70.690588, 0.0, -0.91847658, -10.8127104, -18.8895748, 61.2964222, 0.0
24.637184, -0.853464832, -1.75841234, -3.73442772, 20.9855792, 0.0, -24.637184, -3.0178968999999998, -1.0163192600000002, -0.9497253800000001, 16.4453466, 0.0, -2.40668428, 0.360712226, 8.3018258, 15.420353799999999, 70.674234, 0.0, -0.9121813400000001, -10.8265762, -18.8899284, 61.3047146, 0.0
24.637184, -0.84156954, -1.7547553, -3.7298744, 20.973394, 0.0, -24.637184, -3.0614052, -1.0184002, -0.8861953, 16.453077, 0.0, -2.3846471, 0.37001464, 8.29777, 15.365468, 70.65788, 0.0, -0.9058861, -10.840442, -18.890282, 61.313007, 0.0
24.637184, -0.839800224, -1.75453106, -3.70131386, 20.945887199999998, 0.0, -24.637184, -3.12673296, -1.01860346, -0.800634084, 16.4434492, 0.0, -2.35978588, 0.385375472, 8.2920552, 15.262986, 70.62735400000001, 0.0, -0.90271998, -10.8385726, -18.8651236, 61.3126286, 0.0
24.637184, -0.838030908, -1.75430682, -3.67275332, 20.9183804, 0.0, -24.637184, -3.1920607199999997, -1.01880672, -0.715072868, 16.4338214, 0.0, -2.33492466, 0.400736304, 8.2863404, 15.160504, 70.596828, 0.0, -0.89955386, -10.836703199999999, -18.839965199999998, 61.3122502, 0.0
24.637184, -0.8362615919999999, -1.75408258, -3.64419278, 20.8908736, 0.0, -24.637184, -3.25738848, -1.01900998, -0.6295116519999999, 16.424193600000002, 0.0, -2.31006344, 0.416097136, 8.2806256, 15.058022000000001, 70.56630200000001, 0.0, -0.89638774, -10.8348338, -18.8148068, 61.3118718, 0.0
24.637184, -0.834492276, -1.75385834, -3.61563224, 20.8633668, 0.0, -24.637184, -3.3227162399999997, -1.01921324, -0.543950436, 16.414565800000002, 0.0, -2.28520222, 0.431457968, 8.2749108, 14.955540000000001, 70.535776, 0.0, -0.89322162, -10.8329644, -18.789648399999997, 61.3114934, 0.0
24.637184, -0.83272296, -1.7536341, -3.5870717, 20.83586, 0.0, -24.637184, -3.388044, -1.0194165, -0.45838922, 16.404938, 0.0, -2.260341, 0.4468188, 8.269196, 14.853058, 70.50525, 0.0, -0.8900555, -10.831095, -18.76449, 61.311115, 0.0
24.637184, -0.878365568, -1.75411348, -3.49924982, 20.7904074, 0.0, -24.637184, -3.4834931399999998, -1.00235184, -0.34352555519999994, 16.4035084, 0.0, -2.2354704, 0.4710774, 8.2839024, 14.6769674, 70.430694, 0.0, -0.87860538, -10.825308399999999, -18.6937704, 61.287007, 0.0
24.637184, -0.9240081760000001, -1.75459286, -3.4114279400000003, 20.7449548, 0.0, -24.637184, -3.5789422799999997, -0.9852871799999999, -0.22866189039999996, 16.4020788, 0.0, -2.2105998000000002, 0.495336, 8.2986088, 14.5008768, 70.356138, 0.0, -0.86715526, -10.819521799999999, -18.623050799999998, 61.262899000000004, 0.0
24.637184, -0.969650784, -1.7550722399999998, -3.3236060600000004, 20.6995022, 0.0, -24.637184, -3.67439142, -0.96822252, -0.11379822559999991, 16.4006492, 0.0, -2.1857292, 0.5195946, 8.3133152, 14.3247862, 70.281582, 0.0, -0.85570514, -10.8137352, -18.5523312, 61.238791, 0.0
24.637184, -1.015293392, -1.7555516199999999, -3.23578418, 20.6540496, 0.0, -24.637184, -3.76984056, -0.9511578599999999, 0.0010654392000000734, 16.399219600000002, 0.0, -2.1608586, 0.5438531999999999, 8.3280216, 14.1486956, 70.207026, 0.0, -0.84425502, -10.8079486, -18.4816116, 61.214683, 0.0
24.637184, -1.060936, -1.756031, -3.1479623, 20.608597, 0.0, -24.637184, -3.8652897, -0.9340932, 0.115929104, 16.39779, 0.0, -2.135988, 0.5681118, 8.342728, 13.972605, 70.13247, 0.0, -0.8328049, -10.802162, -18.410892, 61.190575, 0.0
24.637184, -1.21666498, -1.7742550799999999, -2.95112484, 20.5456266, 0.0, -24.637184, -4.00672446, -0.88349337, 0.2614850432, 16.4387154, 0.0, -2.1031364200000002, 0.625890106, 8.379374799999999, 13.6789876, 69.961874, 0.0, -0.79104846, -10.8096924, -18.237149, 61.103782, 0.0
24.637184, -1.3723939600000001, -1.7924791599999998, -2.75428738, 20.4826562, 0.0, -24.637184, -4.14815922, -0.8328935399999999, 0.40704098240000003, 16.4796408, 0.0, -2.0702848400000002, 0.683668412, 8.416021599999999, 13.385370199999999, 69.79127799999999, 0.0, -0.74929202, -10.8172228, -18.063406, 61.016989, 0.0
24.637184, -1.52812294, -1.81070324, -2.55744992, 20.4196858, 0.0, -24.637184, -4.289593979999999, -0.78229371, 0.5525969216000001, 16.5205662, 0.0, -2.0374332600000002, 0.741446718, 8.4526684, 13.0917528, 69.620682, 0.0, -0.70753558, -10.8247532, -17.889663, 60.930196, 0.0
24.637184, -1.68385192, -1.82892732, -2.3606124599999996, 20.356715400000002, 0.0, -24.637184, -4.4310287399999995, -0.73169388, 0.6981528608, 16.5614916, 0.0, -2.0045816800000003, 0.799225024, 8.4893152, 12.7981354, 69.450086, 0.0, -0.66577914, -10.8322836, -17.71592, 60.843403, 0.0
24.637184, -1.8395809, -1.8471514, -2.163775, 20.293745, 0.0, -24.637184, -4.5724635, -0.68109405, 0.8437088, 16.602417, 0.0, -1.9717301, 0.85700333, 8.525962, 12.504518, 69.27949, 0.0, -0.6240227, -10.839814, -17.542177, 60.75661, 0.0
24.637184, -2.13653212, -1.91481018, -1.8442337899999999, 20.1978474, 0.0, -24.637184, -4.79660892, -0.592272088, 1.0065587, 16.7067364, 0.0, -1.9474125, 0.989221404, 8.531801, 12.0212296, 68.923102, 0.0, -0.5027521544, -10.8969196, -17.1456464, 60.49723, 0.0
24.637184, -2.43348334, -1.98246896, -1.52469258, 20.1019498, 0.0, -24.637184, -5.02075434, -0.5034501259999999, 1.1694086000000001, 16.8110558, 0.0, -1.9230949, 1.121439478, 8.53764, 11.537941199999999, 68.566714, 0.0, -0.38148160880000004, -10.9540252, -16.7491158, 60.23785, 0.0
24.637184, -2.73043456, -2.05012774, -1.2051513699999998, 20.006052200000003, 0.0, -24.637184, -5.24489976, -0.414628164, 1.3322585, 16.9153752, 0.0, -1.8987773000000001, 1.253657552, 8.543479, 11.0546528, 68.210326, 0.0, -0.2602110632, -11.0111308, -16.3525852, 59.97847, 0.0
24.637184, -3.02738578, -2.11778652, -0.8856101599999999, 19.910154600000002, 0.0, -24.637184, -5.46904518, -0.325806202, 1.4951084, 17.019694599999998, 0.0, -1.8744597, 1.385875626, 8.549318, 10.571364399999998, 67.853938, 0.0, -0.13894051759999998, -11.0682364, -15.9560546, 59.71909, 0.0
24.637184, -3.324337, -2.1854453, -0.56606895, 19.814257, 0.0, -24.637184, -5.6931906, -0.23698424, 1.6579583, 17.124014, 0.0, -1.8501421, 1.5180937, 8.555157, 10.088076, 67.49755, 0.0, -0.017669972, -11.125342, -15.559524, 59.45971, 0.0
24.637184, -3.7554068, -2.3396511, -0.12129380000000001, 19.6606208, 0.0, -24.6363448, -6.03940822, -0.12077002000000002, 1.81318164, 17.2919026, 0.0, -1.85778176, 1.6713066, 8.476329, 9.345578479999999, 66.79262320000001, 0.0, 0.19535098239999998, -11.1928412, -14.7422342, 58.819928600000004, 0.0
24.637184, -4.1864766, -2.4938569, 0.32348135, 19.5069846, 0.0, -24.635505600000002, -6.38562584, -0.0045558000000000265, 1.9684049799999999, 17.459791199999998, 0.0, -1.8654214199999999, 1.8245195, 8.397501, 8.60308096, 66.0876964, 0.0, 0.4083719368, -11.2603404, -13.9249444, 58.1801472, 0.0
24.637184, -4.6175464, -2.6480627, 0.7682565000000001, 19.3533484, 0.0, -24.6346664, -6.73184346, 0.11165841999999998, 2.12362832, 17.6276798, 0.0, -1.87306108, 1.9777323999999998, 8.318672999999999, 7.860583439999999, 65.3827696, 0.0, 0.6213928912, -11.327839599999999, -13.1076546, 57.540365800000004, 0.0
24.637184, -5.0486162, -2.8022685000000003, 1.21303165, 19.1997122, 0.0, -24.633827200000002, -7.07806108, 0.22787263999999996, 2.27885166, 17.795568399999997, 0.0, -1.88070074, 2.1309452999999996, 8.239844999999999, 7.1180859199999995, 64.6778428, 0.0, 0.8344138456, -11.3953388, -12.290364799999999, 56.9005844, 0.0
24.637184, -5.479686, -2.9564743, 1.6578068, 19.046076, 0.0, -24.632988, -7.4242787, 0.34408686, 2.434075, 17.963457, 0.0, -1.8883404, 2.2841582, 8.161017, 6.3755884, 63.972916, 0.0, 1.0474348, -11.462838, -11.473075, 56.260803, 0.0
24.637184, -6.082545, -3.22412564, 2.2489776399999997, 18.8171678, 0.0, -24.6217464, -7.89235896, 0.467766328, 2.5362436, 18.164413, 0.0, -1.84457892, 2.24940826, 8.048624199999999, 5.42959564, 62.734138, 0.0, 1.13948822, -11.3811404, -10.1141292, 55.015271600000005, 0.0
24.637184, -6.685404, -3.49177698, 2.84014848, 18.5882596, 0.0, -24.6105048, -8.36043922, 0.591445796, 2.6384122, 18.365368999999998, 0.0, -1.8008174399999999, 2.21465832, 7.9362314, 4.483602879999999, 61.49536, 0.0, 1.23154164, -11.2994428, -8.7551834, 53.7697402, 0.0
24.637184, -7.288263, -3.7594283199999996, 3.43131932, 18.359351399999998, 0.0, -24.5992632, -8.82851948, 0.715125264, 2.7405808, 18.566325, 0.0, -1.75705596, 2.17990838, 7.823838599999999, 3.53761012, 60.256582, 0.0, 1.3235950600000002, -11.2177452, -7.3962376, 52.524208800000004, 0.0
24.637184, -7.891121999999999, -4.02707966, 4.02249016, 18.1304432, 0.0, -24.5880216, -9.29659974, 0.838804732, 2.8427493999999998, 18.767280999999997, 0.0, -1.7132944799999998, 2.14515844, 7.7114458, 2.59161736, 59.017804, 0.0, 1.41564848, -11.1360476, -6.0372918, 51.2786774, 0.0
24.637184, -8.493981, -4.294731, 4.613661, 17.901535, 0.0, -24.57678, -9.76468, 0.9624842, 2.944918, 18.968237, 0.0, -1.669533, 2.1104085, 7.599053, 1.6456246, 57.779026, 0.0, 1.5077019, -11.05435, -4.678346, 50.033146, 0.0
24.637184, -9.188772, -4.61502246, 5.350310199999999, 17.5575912, 0.0, -24.5594754, -10.216374, 1.0441248, 2.98493154, 19.125245, 0.0, -1.47272962, 1.7007402384, 7.5852786, 0.7809775600000001, 55.8877748, 0.0, 1.133226356, -10.88508, -3.0855768, 48.0653628, 0.0
24.637184, -9.883563, -4.93531392, 6.0869594, 17.2136474, 0.0, -24.5421708, -10.668068, 1.1257654000000001, 3.0249450799999997, 19.282253, 0.0, -1.27592624, 1.2910719768, 7.5715042, -0.08366947999999996, 53.9965236, 0.0, 0.758750812, -10.71581, -1.4928076000000003, 46.0975796, 0.0
24.637184, -10.578354000000001, -5.25560538, 6.823608599999999, 16.8697036, 0.0, -24.524866199999998, -11.119762, 1.2074060000000002, 3.06495862, 19.439261, 0.0, -1.07912286, 0.8814037152000003, 7.5577298, -0.9483165200000001, 52.105272400000004, 0.0, 0.3842752680000001, -10.54654, 0.09996159999999943, 44.129796400000004, 0.0
24.637184, -11.273145, -5.57589684, 7.560257799999999, 16.5257598, 0.0, -24.5075616, -11.571456, 1.2890466, 3.10497216, 19.596269, 0.0, -0.8823194799999999, 0.47173545360000024, 7.5439554, -1.81296356, 50.2140212, 0.0, 0.009799724000000065, -10.37727, 1.6927307999999996, 42.1620132, 0.0
24.637184, -11.967936, -5.8961883, 8.296907, 16.181816, 0.0, -24.490257, -12.02315, 1.3706872, 3.1449857, 19.753277, 0.0, -0.6855161, 0.062067192, 7.530181, -2.6776106, 48.32277, 0.0, -0.36467582, -10.208, 3.2855, 40.19423, 0.0
24.637184, -12.4148684, -6.04580272, 9.098493999999999, 15.804922000000001, 0.0, -24.5075616, -12.150380799999999, 1.34098322, 3.22390564, 19.7716676, 0.0, -0.46715325999999996, -0.7621217464000001, 7.6801764, -3.29099168, 45.729444, 0.0, -1.352695456, -10.0938028, 4.461973, 37.482191799999995, 0.0
24.637184, -12.8618008, -6.19541714, 9.900081, 15.428028000000001, 0.0, -24.524866199999998, -12.2776116, 1.31127924, 3.30282558, 19.7900582, 0.0, -0.24879041999999996, -1.5863106848000001, 7.8301718, -3.90437276, 43.136118, 0.0, -2.340715092, -9.979605600000001, 5.638446, 34.7701536, 0.0
24.637184, -13.308733199999999, -6.345031560000001, 10.701668, 15.051134000000001, 0.0, -24.5421708, -12.4048424, 1.28157526, 3.38174552, 19.8084488, 0.0, -0.0304275799999999, -2.4104996232, 7.9801672, -4.51775384, 40.542792000000006, 0.0, -3.328734728, -9.8654084, 6.814919, 32.0581154, 0.0
24.637184, -13.7556656, -6.4946459800000005, 11.503255, 14.67424, 0.0, -24.5594754, -12.532073200000001, 1.25187128, 3.46066546, 19.8268394, 0.0, 0.18793526000000005, -3.2346885616, 8.1301626, -5.13113492, 37.949466, 0.0, -4.3167543639999995, -9.7512112, 7.991392, 29.3460772, 0.0
24.637184, -14.202598, -6.6442604, 12.304842, 14.297346, 0.0, -24.57678, -12.659304, 1.2221673, 3.5395854, 19.84523, 0.0, 0.4062981, -4.0588775, 8.280158, -5.744516, 35.35614, 0.0, -5.304774, -9.637014, 9.167865, 26.634039, 0.0
24.637184, -14.2861448, -6.5412085200000005, 12.9512912, 14.064966, 0.0, -24.5880216, -12.392115800000001, 1.10437456, 3.70227884, 19.6224826, 0.0, 0.5265829399999999, -5.305931800000001, 8.489402, -6.3966098, 32.080904600000004, 0.0, -6.8301624, -9.5899452, 9.8092862, 23.3511052, 0.0
24.637184, -14.3696916, -6.43815664, 13.597740400000001, 13.832586, 0.0, -24.5992632, -12.124927600000001, 0.9865818199999999, 3.86497228, 19.399735200000002, 0.0, 0.64686778, -6.5529861, 8.698646, -7.0487036, 28.805669200000004, 0.0, -8.3555508, -9.5428764, 10.4507074, 20.0681714, 0.0
24.637184, -14.4532384, -6.33510476, 14.2441896, 13.600206, 0.0, -24.6105048, -11.8577394, 0.86878908, 4.02766572, 19.1769878, 0.0, 0.76715262, -7.8000404, 8.90789, -7.7007974, 25.5304338, 0.0, -9.8809392, -9.4958076, 11.0921286, 16.7852376, 0.0
24.637184, -14.536785199999999, -6.2320528799999995, 14.890638800000001, 13.367825999999999, 0.0, -24.6217464, -11.5905512, 0.7509963399999999, 4.19035916, 18.9542404, 0.0, 0.8874374599999999, -9.0470947, 9.117134, -8.3528912, 22.2551984, 0.0, -11.406327600000001, -9.4487388, 11.7335498, 13.502303799999998, 0.0
24.637184, -14.620332, -6.129001, 15.537088, 13.135446, 0.0, -24.632988, -11.323363, 0.6332036, 4.3530526, 18.731493, 0.0, 1.0077223, -10.294149, 9.326378, -9.004985, 18.979963, 0.0, -12.931716, -9.40167, 12.374971, 10.21937, 0.0
24.637184, -14.4521606, -5.8014947999999995, 15.9564752, 12.9483566, 0.0, -24.628866600000002, -10.8792262, 0.433299604, 4.71164684, 18.33448, 0.0, 1.03268066, -11.826530600000002, 9.496009, -9.7413708, 15.403281940000001, 0.0, -14.608297799999999, -9.444134799999999, 12.773237400000001, 6.9909274, 0.0
24.637184, -14.283989199999999, -5.473988599999999, 16.3758624, 12.7612672, 0.0, -24.6247452, -10.4350894, 0.23339560799999998, 5.07024108, 17.937467, 0.0, 1.05763902, -13.3589122, 9.66564, -10.4777566, 11.82660088, 0.0, -16.2848796, -9.4865996, 13.1715038, 3.7624848, 0.0
24.637184, -14.1158178, -5.1464824, 16.795249600000002, 12.5741778, 0.0, -24.6206238, -9.9909526, 0.03349161199999995, 5.42883532, 17.540454, 0.0, 1.08259738, -14.891293800000001, 9.835271, -11.2141424, 8.249919820000002, 0.0, -17.961461399999997, -9.5290644, 13.5697702, 0.5340422, 0.0
24.637184, -13.9476464, -4.8189762, 17.2146368, 12.3870884, 0.0, -24.616502399999998, -9.546815800000001, -0.16641238400000002, 5.78742956, 17.143441000000003, 0.0, 1.10755574, -16.4236754, 10.004902, -11.9505282, 4.673238760000002, 0.0, -19.6380432, -9.5715292, 13.9680366, -2.6944003999999993, 0.0
24.637184, -13.779475, -4.49147, 17.634024, 12.199999, 0.0, -24.612381, -9.102679, -0.36631638, 6.1460238, 16.746428, 0.0, 1.1325141, -17.956057, 10.174533, -12.686914, 1.0965577, 0.0, -21.314625, -9.613994, 14.366303, -5.922843, 0.0
24.6365962, -13.6492426, -4.16163184, 17.8547786, 11.9454382, 0.0, -24.5265816, -8.83839148, -0.500523384, 6.80233254, 16.3402762, 0.0, 0.9262713890000001, -19.3825244, 10.2756516, -13.4725262, -1.95704344, 0.0, -22.7496064, -9.8062882, 14.7241948, -8.4946052, 0.0
24.6360084, -13.5190102, -3.8317936799999996, 18.0755332, 11.6908774, 0.0, -24.4407822, -8.57410396, -0.6347303879999999, 7.45864128, 15.934124400000002, 0.0, 0.720028678, -20.8089918, 10.3767702, -14.2581384, -5.01064458, 0.0, -24.1845878, -9.9985824, 15.0820866, -11.0663674, 0.0
24.6354206, -13.3887778, -3.50195552, 18.2962878, 11.4363166, 0.0, -24.3549828, -8.30981644, -0.768937392, 8.11495002, 15.527972600000002, 0.0, 0.513785967, -22.2354592, 10.4778888, -15.043750600000001, -8.06424572, 0.0, -25.6195692, -10.1908766, 15.4399784, -13.6381296, 0.0
24.6348328, -13.258545400000001, -3.17211736, 18.5170424, 11.1817558, 0.0, -24.2691834, -8.04552892, -0.903144396, 8.77125876, 15.1218208, 0.0, 0.307543256, -23.6619266, 10.5790074, -15.829362800000002, -11.11784686, 0.0, -27.0545506, -10.3831708, 15.7978702, -16.2098918, 0.0
24.634245, -13.128313, -2.8422792, 18.737797, 10.927195, 0.0, -24.183384, -7.7812414, -1.0373514, 9.4275675, 14.715669, 0.0, 0.101300545, -25.088394, 10.680126, -16.614975, -14.171448, 0.0, -28.489532, -10.575465, 16.155762, -18.781654, 0.0
24.622694, -13.2210126, -2.4952705600000002, 18.839311000000002, 10.6927418, 0.0, -23.7888474, -7.82871292, -1.0427403199999998, 10.3047792, 14.5229696, 0.0, -0.373085724, -25.9795622, 10.738174599999999, -17.5320408, -16.417711399999998, 0.0, -29.4286436, -11.107540199999999, 16.4222914, -20.5332974, 0.0
24.611143, -13.3137122, -2.1482619200000004, 18.940825, 10.4582886, 0.0, -23.3943108, -7.87618444, -1.04812924, 11.1819909, 14.3302702, 0.0, -0.8474719930000001, -26.8707304, 10.7962232, -18.4491066, -18.6639748, 0.0, -30.3677552, -11.6396154, 16.6888208, -22.2849408, 0.0
24.599592, -13.4064118, -1.80125328, 19.042339000000002, 10.2238354, 0.0, -22.9997742, -7.92365596, -1.0535181599999999, 12.059202599999999, 14.1375708, 0.0, -1.3218582620000001, -27.761898600000002, 10.8542718, -19.3661724, -20.9102382, 0.0, -31.3068668, -12.1716906, 16.9553502, -24.0365842, 0.0
24.588041, -13.4991114, -1.4542446400000002, 19.143853, 9.9893822, 0.0, -22.6052376, -7.97112748, -1.05890708, 12.9364143, 13.9448714, 0.0, -1.7962445310000001, -28.6530668, 10.9123204, -20.2832382, -23.1565016, 0.0, -32.2459784, -12.7037658, 17.2218796, -25.7882276, 0.0
24.57649, -13.591811, -1.107236, 19.245367, 9.754929, 0.0, -22.210701, -8.018599, -1.064296, 13.813626, 13.752172, 0.0, -2.2706308, -29.544235, 10.970369, -21.200304, -25.402765, 0.0, -33.18509, -13.235841, 17.488409, -27.539871, 0.0
24.506807, -13.9239348, -0.6904898400000001, 19.256695800000003, 9.7355804, 0.0, -21.4327608, -8.4297756, -0.8514046894439999, 14.329651799999999, 13.7658844, 0.0, -2.85020378, -29.769901400000002, 11.0398582, -22.3338696, -26.8437032, 0.0, -33.60721, -14.1918452, 17.545285800000002, -28.471304800000002, 0.0
24.437124, -14.2560586, -0.27374368000000004, 19.2680246, 9.716231800000001, 0.0, -20.6548206, -8.8409522, -0.638513378888, 14.845677599999998, 13.7795968, 0.0, -3.42977676, -29.9955678, 11.109347399999999, -23.4674352, -28.284641399999998, 0.0, -34.02933, -15.1478494, 17.6021626, -29.402738600000003, 0.0
24.367441, -14.5881824, 0.14300248000000004, 19.2793534, 9.6968832, 0.0, -19.8768804, -9.2521288, -0.425622068332, 15.3617034, 13.7933092, 0.0, -4.00934974, -30.2212342, 11.1788366, -24.6010008, -29.7255796, 0.0, -34.45145, -16.1038536, 17.6590394, -30.3341724, 0.0
24.297758, -14.9203062, 0.55974864, 19.2906822, 9.677534600000001, 0.0, -19.0989402, -9.6633054, -0.21273075777600003, 15.8777292, 13.8070216, 0.0, -4.58892272, -30.4469006, 11.2483258, -25.7345664, -31.1665178, 0.0, -34.87357, -17.0598578, 17.7159162, -31.2656062, 0.0
24.228075, -15.25243, 0.9764948, 19.302011, 9.658186, 0.0, -18.321, -10.074482, 0.00016055278, 16.393755, 13.820734, 0.0, -5.1684957, -30.672567, 11.317815, -26.868132, -32.607456, 0.0, -35.29569, -18.015862, 17.772793, -32.19704, 0.0
24.0354232, -15.770356, 1.4759900400000001, 19.283401, 9.895699, 0.0, -17.5350092, -10.7472566, 0.24082452222399997, 16.4082154, 14.2993404, 0.0, -5.68261722, -30.4696564, 11.403023, -28.0227716, -33.31835, 0.0, -35.3164272, -19.303582799999997, 17.445516, -32.310107, 0.0
23.8427714, -16.288282, 1.97548528, 19.264791, 10.133212, 0.0, -16.7490184, -11.4200312, 0.48148849166799995, 16.4226758, 14.7779468, 0.0, -6.196738740000001, -30.266745800000002, 11.488230999999999, -29.1774112, -34.029244, 0.0, -35.3371644, -20.5913036, 17.118239, -32.423174, 0.0
23.6501196, -16.806208, 2.47498052, 19.246181, 10.370725, 0.0, -15.9630276, -12.0928058, 0.7221524611119999, 16.437136199999998, 15.256553199999999, 0.0, -6.7108602600000005, -30.0638352, 11.573439, -30.3320508, -34.740138, 0.0, -35.3579016, -21.8790244, 16.790962, -32.536241, 0.0
23.4574678, -17.324134, 2.9744757600000002, 19.227570999999998, 10.608238, 0.0, -15.1770368, -12.7655804, 0.962816430556, 16.4515966, 15.7351596, 0.0, -7.22498178, -29.8609246, 11.658647, -31.4866904, -35.451032, 0.0, -35.3786388, -23.1667452, 16.463684999999998, -32.649308, 0.0
23.264816, -17.84206, 3.473971, 19.208961, 10.845751, 0.0, -14.391046, -13.438355, 1.2034804, 16.466057, 16.213766, 0.0, -7.7391033, -29.658014, 11.743855, -32.64133, -36.161926, 0.0, -35.399376, -24.454466, 16.136408, -32.762375, 0.0
22.9020804, -18.63012, 3.9340939400000003, 19.1277904, 11.130062, 0.0, -13.897745599999999, -13.897213599999999, 1.59612106, 16.441644399999998, 16.8320328, 0.0, -7.84769164, -29.587325800000002, 11.7683406, -33.6452364, -36.4540296, 0.0, -35.2342278, -26.0742936, 15.3410902, -32.056497199999995, 0.0
22.5393448, -19.41818, 4.39421688, 19.0466198, 11.414373, 0.0, -13.4044452, -14.3560722, 1.9887617199999998, 16.4172318, 17.4502996, 0.0, -7.95627998, -29.516637600000003, 11.7928262, -34.6491428, -36.7461332, 0.0, -35.0690796, -27.6941212, 14.5457724, -31.3506194, 0.0
22.1766092, -20.20624, 4.85433982, 18.965449200000002, 11.698684, 0.0, -12.911144799999999, -14.814930799999999, 2.38140238, 16.392819199999998, 18.068566399999998, 0.0, -8.06486832, -29.4459494, 11.817311799999999, -35.653049200000005, -37.0382368, 0.0, -34.9039314, -29.3139488, 13.750454600000001, -30.6447416, 0.0
21.8138736, -20.9943, 5.3144627600000005, 18.884278600000002, 11.982994999999999, 0.0, -12.4178444, -15.2737894, 2.77404304, 16.3684066, 18.6868332, 0.0, -8.17345666, -29.3752612, 11.841797399999999, -36.6569556, -37.330340400000004, 0.0, -34.7387832, -30.9337764, 12.9551368, -29.9388638, 0.0
21.451138, -21.78236, 5.7745857, 18.803108, 12.267306, 0.0, -11.924544, -15.732648, 3.1666837, 16.343994, 19.3051, 0.0, -8.282045, -29.304573, 11.866283, -37.660862, -37.622444, 0.0, -34.573635, -32.553604, 12.159819, -29.232986, 0.0
20.7966378, -22.8687298, 6.035560960000001, 18.5045408, 12.708268799999999, 0.0, -11.6033244, -16.0686724, 3.68220742, 16.4482252, 19.6440194, 0.0, -7.81961154, -29.426494400000003, 11.7708544, -38.544154400000004, -37.7532072, 0.0, -34.6937172, -34.297216, 10.766087520000001, -27.8279808, 0.0
20.142137599999998, -23.9550996, 6.29653622, 18.2059736, 13.1492316, 0.0, -11.282104799999999, -16.4046968, 4.19773114, 16.5524564, 19.9829388, 0.0, -7.35717808, -29.5484158, 11.6754258, -39.4274468, -37.8839704, 0.0, -34.8137994, -36.040828, 9.37235604, -26.4229756, 0.0
19.4876374, -25.0414694, 6.5575114800000005, 17.907406400000003, 13.5901944, 0.0, -10.9608852, -16.7407212, 4.71325486, 16.656687599999998, 20.3218582, 0.0, -6.89474462, -29.670337200000002, 11.5799972, -40.3107392, -38.0147336, 0.0, -34.9338816, -37.784440000000004, 7.97862456, -25.0179704, 0.0
18.8331372, -26.1278392, 6.818486740000001, 17.608839200000002, 14.0311572, 0.0, -10.639665599999999, -17.0767456, 5.22877858, 16.7609188, 20.6607776, 0.0, -6.432311159999999, -29.7922586, 11.4845686, -41.194031599999995, -38.145496800000004, 0.0, -35.0539638, -39.528052, 6.5848930800000005, -23.612965199999998, 0.0
18.178637, -27.214209, 7.079462, 17.310272, 14.47212, 0.0, -10.318446, -17.41277, 5.7443023, 16.86515, 20.999697, 0.0, -5.9698777, -29.91418, 11.38914, -42.077324, -38.27626, 0.0, -35.174046, -41.271664, 5.1911616, -22.20796, 0.0
17.360779599999997, -28.3327022, 7.12067648, 16.8622354, 15.1525376, 0.0, -10.0471676, -17.959161199999997, 6.24128884, 16.772981, 21.1133586, 0.0, -5.17888502, -29.8330506, 11.2467414, -42.7417526, -38.063508, 0.0, -35.702768799999994, -42.5255972, 3.3951102, -20.6606694, 0.0
16.5429222, -29.4511954, 7.16189096, 16.4141988, 15.8329552, 0.0, -9.7758892, -18.5055524, 6.73827538, 16.680812, 21.227020200000002, 0.0, -4.38789234, -29.7519212, 11.1043428, -43.4061812, -37.850756, 0.0, -36.2314916, -43.7795304, 1.5990588, -19.1133788, 0.0
15.725064799999998, -30.5696886, 7.203105440000001, 15.9661622, 16.5133728, 0.0, -9.5046108, -19.051943599999998, 7.235261919999999, 16.588643, 21.3406818, 0.0, -3.59689966, -29.6707918, 10.9619442, -44.0706098, -37.638004, 0.0, -36.760214399999995, -45.033463600000005, -0.19699260000000063, -17.566088200000003, 0.0
14.907207399999999, -31.6881818, 7.244319920000001, 15.5181256, 17.1937904, 0.0, -9.2333324, -19.5983348, 7.732248459999999, 16.496474, 21.4543434, 0.0, -2.80590698, -29.5896624, 10.8195456, -44.7350384, -37.425252, 0.0, -37.2889372, -46.2873968, -1.9930440000000003, -16.0187976, 0.0
14.08935, -32.806675, 7.2855344, 15.070089, 17.874208, 0.0, -8.962054, -20.144726, 8.229235, 16.404305, 21.568005, 0.0, -2.0149143, -29.508533, 10.677147, -45.399467, -37.2125, 0.0, -37.81766, -47.54133, -3.7890954, -14.471507, 0.0
13.6402798, -33.470534, 7.3153144, 14.754273999999999, 18.3150364, 0.0, -8.9181568, -20.6828614, 8.457984, 16.2208014, 21.6461112, 0.0, -1.5032465, -29.1830288, 10.6824368, -45.7663624, -37.0109432, 0.0, -38.0363294, -48.0595692, -5.13182852, -13.5308778, 0.0
13.1912096, -34.134393, 7.3450944, 14.438459, 18.7558648, 0.0, -8.8742596, -21.220996799999998, 8.686733, 16.0372978, 21.7242174, 0.0, -0.9915787, -28.857524599999998, 10.6877266, -46.1332578, -36.8093864, 0.0, -38.254998799999996, -48.5778084, -6.474561639999999, -12.5902486, 0.0
12.7421394, -34.798252, 7.3748744, 14.122644, 19.1966932, 0.0, -8.8303624, -21.7591322, 8.915481999999999, 15.8537942, 21.802323599999998, 0.0, -0.47991090000000014, -28.5320204, 10.6930164, -46.5001532, -36.607829599999995, 0.0, -38.4736682, -49.0960476, -7.817294759999999, -11.6496194, 0.0
12.2930692, -35.462111, 7.4046544, 13.806829, 19.6375216, 0.0, -8.7864652, -22.297267599999998, 9.144231, 15.6702906, 21.880429799999998, 0.0, 0.03175689999999998, -28.2065162, 10.6983062, -46.867048600000004, -36.406272799999996, 0.0, -38.692337599999995, -49.6142868, -9.16002788, -10.7089902, 0.0
11.843999, -36.12597, 7.4344344, 13.491014, 20.07835, 0.0, -8.742568, -22.835403, 9.37298, 15.486787, 21.958536, 0.0, 0.5434247, -27.881012, 10.703596, -47.233944, -36.204716, 0.0, -38.911007, -50.132526, -10.502761, -9.768361, 0.0
11.9059804, -36.112864800000004, 7.41823824, 13.504139, 20.1255748, 0.0, -8.7858232, -22.9328976, 9.363412, 15.572626, 22.0715628, 0.0, 0.498707596, -27.582952199999998, 11.089022, -47.065840200000004, -36.2911128, 0.0, -38.5445366, -49.9324894, -11.071836, -9.6760178, 0.0
11.9679618, -36.0997596, 7.40204208, 13.517264, 20.1727996, 0.0, -8.8290784, -23.0303922, 9.353844, 15.658465, 22.1845896, 0.0, 0.45399049199999997, -27.2848924, 11.474447999999999, -46.8977364, -36.377509599999996, 0.0, -38.178066199999996, -49.7324528, -11.640911, -9.5836746, 0.0
12.0299432, -36.0866544, 7.3858459199999995, 13.530389, 20.2200244, 0.0, -8.8723336, -23.1278868, 9.344275999999999, 15.744304, 22.2976164, 0.0, 0.409273388, -26.9868326, 11.859874, -46.7296326, -36.4639064, 0.0, -37.8115958, -49.5324162, -12.209986, -9.4913314, 0.0
12.091924599999999, -36.073549199999995, 7.36964976, 13.543514, 20.267249200000002, 0.0, -8.9155888, -23.2253814, 9.334708, 15.830143, 22.4106432, 0.0, 0.364556284, -26.688772800000002, 12.245299999999999, -46.5615288, -36.550303199999995, 0.0, -37.445125399999995, -49.332379599999996, -12.779061, -9.3989882, 0.0
12.153906, -36.060444, 7.3534536, 13.556639, 20.314474, 0.0, -8.958844, -23.322876, 9.32514, 15.915982, 22.52367, 0.0, 0.31983918, -26.390713, 12.630726, -46.393425, -36.6367, 0.0, -37.078655, -49.132343, -13.348136, -9.306645, 0.0
12.586506, -35.4521806, 7.25827868, 13.734966, 20.0577472, 0.0, -9.1310044, -23.0747632, 9.0920518, 16.1795244, 22.611859799999998, 0.0, -0.18704557600000005, -26.0829092, 13.113864, -45.769846, -37.230585999999995, 0.0, -36.1684492, -48.223815, -13.1517472, -10.0726113, 0.0
13.019105999999999, -34.8439172, 7.16310376, 13.913293, 19.801020400000002, 0.0, -9.3031648, -22.826650400000002, 8.8589636, 16.4430668, 22.7000496, 0.0, -0.6939303320000001, -25.7751054, 13.597002, -45.146267, -37.824472, 0.0, -35.2582434, -47.315287, -12.9553584, -10.8385776, 0.0
13.451706, -34.235653799999994, 7.0679288399999995, 14.09162, 19.5442936, 0.0, -9.4753252, -22.5785376, 8.6258754, 16.7066092, 22.7882394, 0.0, -1.2008150880000001, -25.4673016, 14.08014, -44.522688, -38.418358, 0.0, -34.3480376, -46.406759, -12.7589696, -11.6045439, 0.0
13.884305999999999, -33.627390399999996, 6.97275392, 14.269947, 19.2875668, 0.0, -9.6474856, -22.330424800000003, 8.392787199999999, 16.9701516, 22.8764292, 0.0, -1.7076998440000002, -25.1594978, 14.563278, -43.899109, -39.012244, 0.0, -33.4378318, -45.498231, -12.5625808, -12.3705102, 0.0
14.316906, -33.019127, 6.877579, 14.448274, 19.03084, 0.0, -9.819646, -22.082312, 8.159699, 17.233694, 22.964619, 0.0, -2.2145846, -24.851694, 15.046416, -43.27553, -39.60613, 0.0, -32.527626, -44.589703, -12.366192, -13.1364765, 0.0
14.980159, -32.0963864, 6.80903266, 14.5349002, 18.684054200000002, 0.0, -10.0485874, -21.8859996, 7.8962471999999995, 17.3718124, 22.8363798, 0.0, -3.10661898, -24.4262442, 15.5543752, -42.1683, -40.2898692, 0.0, -31.117084, -42.9374204, -11.41513788, -14.767127200000001, 0.0
15.643412, -31.1736458, 6.74048632, 14.6215264, 18.337268400000003, 0.0, -10.2775288, -21.6896872, 7.6327954, 17.5099308, 22.7081406, 0.0, -3.99865336, -24.0007944, 16.0623344, -41.06107, -40.973608399999996, 0.0, -29.706542, -41.2851378, -10.46408376, -16.3977779, 0.0
16.306665, -30.2509052, 6.67193998, 14.7081526, 17.9904826, 0.0, -10.506470199999999, -21.4933748, 7.3693436, 17.6480492, 22.579901399999997, 0.0, -4.890687740000001, -23.575344599999998, 16.5702936, -39.95384, -41.6573476, 0.0, -28.296, -39.6328552, -9.51302964, -18.028428599999998, 0.0
16.969918, -29.3281646, 6.60339364, 14.794778800000001, 17.6436968, 0.0, -10.735411599999999, -21.2970624, 7.1058918, 17.7861676, 22.451662199999998, 0.0, -5.782722120000001, -23.1498948, 17.0782528, -38.84661, -42.3410868, 0.0, -26.885458, -37.9805726, -8.56197552, -19.6590793, 0.0
17.633171, -28.405424, 6.5348473, 14.881405, 17.296911, 0.0, -10.964353, -21.10075, 6.84244, 17.924286, 22.323423, 0.0, -6.6747565, -22.724445, 17.586212, -37.73938, -43.024826, 0.0, -25.474916, -36.32829, -7.6109214, -21.28973, 0.0
18.3080044, -27.4754952, 6.47145264, 14.790089, 17.008364200000003, 0.0, -11.116414599999999, -20.830508000000002, 6.79435128, 17.9880262, 21.821786399999997, 0.0, -7.5643972, -22.0350812, 17.8999052, -36.448123599999995, -43.4477488, 0.0, -23.7951614, -34.254735600000004, -6.050261934, -23.4530532, 0.0
18.982837800000002, -26.545566400000002, 6.40805798, 14.698773000000001, 16.7198174, 0.0, -11.268476199999998, -20.560266000000002, 6.74626256, 18.051766399999998, 21.3201498, 0.0, -8.4540379, -21.3457174, 18.2135984, -35.1568672, -43.8706716, 0.0, -22.1154068, -32.181181200000005, -4.489602467999999, -25.6163764, 0.0
19.657671200000003, -25.6156376, 6.34466332, 14.607457, 16.4312706, 0.0, -11.4205378, -20.290024, 6.69817384, 18.1155066, 20.818513199999998, 0.0, -9.3436786, -20.656353600000003, 18.5272916, -33.8656108, -44.293594399999996, 0.0, -20.4356522, -30.107626800000002, -2.9289430019999996, -27.7796996, 0.0
20.3325046, -24.6857088, 6.28126866, 14.516141000000001, 16.1427238, 0.0, -11.5725994, -20.019782, 6.65008512, 18.179246799999998, 20.3168766, 0.0, -10.233319300000002, -19.9669898, 18.8409848, -32.5743544, -44.7165172, 0.0, -18.755897599999997, -28.0340724, -1.3682835359999999, -29.9430228, 0.0
21.007338, -23.75578, 6.217874, 14.424825, 15.854177, 0.0, -11.724661, -19.74954, 6.6019964, 18.242987, 19.81524, 0.0, -11.12296, -19.277626, 19.154678, -31.283098, -45.13944, 0.0, -17.076143, -25.960518, 0.19237593, -32.106346, 0.0
21.499617, -22.906516, 6.0596568, 14.3059102, 15.5981138, 0.0, -12.1806346, -19.1481588, 6.55694808, 18.4091196, 19.170994, 0.0, -11.5510718, -18.436235800000002, 19.1075734, -30.3897856, -45.153117, 0.0, -15.826001799999998, -24.4105544, 1.7735027440000002, -33.8242688, 0.0
21.991896, -22.057252000000002, 5.9014396, 14.1869954, 15.3420506, 0.0, -12.6366082, -18.5467776, 6.5118997599999995, 18.5752522, 18.526748, 0.0, -11.9791836, -17.5948456, 19.0604688, -29.4964732, -45.166794, 0.0, -14.575860599999999, -22.8605908, 3.354629558, -35.5421916, 0.0
22.484175, -21.207988, 5.7432224000000005, 14.0680806, 15.0859874, 0.0, -13.0925818, -17.9453964, 6.46685144, 18.7413848, 17.882502, 0.0, -12.4072954, -16.7534554, 19.0133642, -28.603160799999998, -45.180471, 0.0, -13.3257194, -21.3106272, 4.935756372, -37.2601144, 0.0
22.976454, -20.358724000000002, 5.5850052, 13.949165800000001, 14.8299242, 0.0, -13.5485554, -17.344015199999998, 6.42180312, 18.9075174, 17.238256, 0.0, -12.8354072, -15.9120652, 18.9662596, -27.7098484, -45.194148, 0.0, -12.0755782, -19.7606636, 6.516883186, -38.9780372, 0.0
23.468733, -19.50946, 5.426788, 13.830251, 14.573861, 0.0, -14.004529, -16.742634, 6.3767548, 19.07365, 16.59401, 0.0, -13.263519, -15.070675, 18.919155, -26.816536, -45.207825, 0.0, -10.825437, -18.2107, 8.09801, -40.69596, 0.0
23.665959400000002, -18.8522064, 5.1843458, 13.7334418, 14.262245400000001, 0.0, -14.8116146, -15.980632, 6.16814704, 19.1645028, 16.1794938, 0.0, -13.2067823, -14.4288736, 18.6864226, -26.402511999999998, -44.985429599999996, 0.0, -10.313023600000001, -17.516963999999998, 9.0146496, -41.634233, 0.0
23.8631858, -18.1949528, 4.9419036, 13.6366326, 13.950629800000002, 0.0, -15.618700200000001, -15.21863, 5.9595392799999996, 19.2553556, 15.7649776, 0.0, -13.1500456, -13.787072199999999, 18.4536902, -25.988488, -44.7630342, 0.0, -9.800610200000001, -16.823228, 9.9312892, -42.572506, 0.0
24.060412200000002, -17.537699200000002, 4.699461400000001, 13.5398234, 13.6390142, 0.0, -16.4257858, -14.456628, 5.75093152, 19.3462084, 15.3504614, 0.0, -13.0933089, -13.145270799999999, 18.2209578, -25.574464, -44.540638799999996, 0.0, -9.288196800000001, -16.129492, 10.8479288, -43.510779, 0.0
24.2576386, -16.8804456, 4.4570192, 13.4430142, 13.3273986, 0.0, -17.2328714, -13.694626, 5.5423237599999995, 19.4370612, 14.935945199999999, 0.0, -13.0365722, -12.5034694, 17.9882254, -25.16044, -44.3182434, 0.0, -8.7757834, -15.435756, 11.7645684, -44.449051999999995, 0.0
24.454865, -16.223192, 4.214577, 13.346205, 13.015783, 0.0, -18.039957, -12.932624, 5.333716, 19.527914, 14.521429, 0.0, -12.9798355, -11.861668, 17.755493, -24.746416, -44.095848, 0.0, -8.26337, -14.74202, 12.681208, -45.387325, 0.0
24.4895146, -15.7958754, 4.00202344, 13.2670023, 12.7243422, 0.0, -18.754357600000002, -12.2857406, 5.1990049, 19.2910278, 14.418790399999999, 0.0, -12.7407086, -11.5299136, 17.5073858, -24.3308898, -43.9256184, 0.0, -8.3912302, -14.715247, 12.9183006, -45.691069999999996, 0.0
24.5241642, -15.3685588, 3.7894698800000004, 13.1877996, 12.4329014, 0.0, -19.4687582, -11.6388572, 5.0642938, 19.054141599999998, 14.3161518, 0.0, -12.5015817, -11.198159200000001, 17.259278600000002, -23.9153636, -43.7553888, 0.0, -8.5190904, -14.688474, 13.1553932, -45.994814999999996, 0.0
24.5588138, -14.9412422, 3.5769163200000005, 13.1085969, 12.1414606, 0.0, -20.1831588, -10.9919738, 4.9295827, 18.8172554, 14.2135132, 0.0, -12.2624548, -10.8664048, 17.0111714, -23.4998374, -43.5851592, 0.0, -8.6469506, -14.661701, 13.3924858, -46.29856, 0.0
24.5934634, -14.5139256, 3.36436276, 13.0293942, 11.8500198, 0.0, -20.8975594, -10.3450904, 4.7948716, 18.5803692, 14.1108746, 0.0, -12.0233279, -10.5346504, 16.7630642, -23.0843112, -43.4149296, 0.0, -8.7748108, -14.634928, 13.6295784, -46.602305, 0.0
24.628113, -14.086609, 3.1518092, 12.9501915, 11.558579, 0.0, -21.61196, -9.698207, 4.6601605, 18.343483, 14.008236, 0.0, -11.784201, -10.202896, 16.514957, -22.668785, -43.2447, 0.0, -8.902671, -14.608155, 13.866671, -46.90605, 0.0
24.6299272, -13.8843072, 2.9639719600000003, 12.934309200000001, 11.4571054, 0.0, -22.0213486, -9.32433, 4.66621128, 17.7627284, 14.0762425, 0.0, -11.4914192, -10.093014400000001, 16.3294434, -22.159142, -43.055706, 0.0, -9.2882438, -14.6884876, 13.9717973, -46.9075166, 0.0
24.6317414, -13.6820054, 2.77613472, 12.9184269, 11.3556318, 0.0, -22.4307372, -8.950453, 4.6722620599999996, 17.181973799999998, 14.144249, 0.0, -11.198637399999999, -9.9831328, 16.1439298, -21.649499, -42.866712, 0.0, -9.6738166, -14.7688202, 14.0769236, -46.9089832, 0.0
24.6335556, -13.4797036, 2.58829748, 12.9025446, 11.254158200000001, 0.0, -22.8401258, -8.576576, 4.67831284, 16.6012192, 14.2122555, 0.0, -10.9058556, -9.8732512, 15.9584162, -21.139856, -42.677718, 0.0, -10.0593894, -14.849152799999999, 14.182049899999999, -46.9104498, 0.0
24.6353698, -13.2774018, 2.40046024, 12.8866623, 11.1526846, 0.0, -23.2495144, -8.202698999999999, 4.68436362, 16.0204646, 14.280262, 0.0, -10.6130738, -9.763369599999999, 15.7729026, -20.630213, -42.488724, 0.0, -10.444962199999999, -14.929485399999999, 14.2871762, -46.9119164, 0.0
24.637184, -13.0751, 2.212623, 12.87078, 11.051211, 0.0, -23.658903, -7.828822, 4.6904144, 15.43971, 14.3482685, 0.0, -10.320292, -9.653488, 15.587389, -20.12057, -42.29973, 0.0, -10.830535, -15.009818, 14.3923025, -46.913383, 0.0
24.637184, -13.0096272, 2.0203944999999996, 12.938240799999999, 11.096804800000001, 0.0, -23.8196776, -7.71967048, 4.64842364, 14.8176882, 14.4441168, 0.0, -9.9905636, -9.699267599999999, 15.4128036, -19.9123068, -41.974101999999995, 0.0, -11.3242876, -15.0248312, 14.6804268, -46.906374, 0.0
24.637184, -12.9441544, 1.828166, 13.0057016, 11.1423986, 0.0, -23.9804522, -7.610518959999999, 4.60643288, 14.1956664, 14.5399651, 0.0, -9.6608352, -9.7450472, 15.2382182, -19.7040436, -41.648474, 0.0, -11.8180402, -15.0398444, 14.968551099999999, -46.899365, 0.0
24.637184, -12.8786816, 1.6359374999999998, 13.0731624, 11.1879924, 0.0, -24.141226800000002, -7.50136744, 4.56444212, 13.5736446, 14.6358134, 0.0, -9.3311068, -9.7908268, 15.063632799999999, -19.4957804, -41.322846, 0.0, -12.3117928, -15.0548576, 15.2566754, -46.892356, 0.0
24.637184, -12.8132088, 1.443709, 13.1406232, 11.2335862, 0.0, -24.3020014, -7.39221592, 4.52245136, 12.951622799999999, 14.7316617, 0.0, -9.0013784, -9.8366064, 14.889047399999999, -19.2875172, -40.997218000000004, 0.0, -12.8055454, -15.0698708, 15.5447997, -46.885347, 0.0
24.637184, -12.747736, 1.2514805, 13.208084, 11.27918, 0.0, -24.462776, -7.2830644, 4.4804606, 12.329601, 14.82751, 0.0, -8.67165, -9.882386, 14.714462, -19.079254, -40.67159, 0.0, -13.299298, -15.084884, 15.832924, -46.878338, 0.0
24.633958, -12.690553, 1.02108421, 13.396947599999999, 11.414342, 0.0, -24.495766800000002, -7.36262272, 4.334611199999999, 11.9866128, 14.9722312, 0.0, -8.32410008, -9.9656406, 14.4717442, -19.1003954, -40.359678800000005, 0.0, -13.7309522, -15.163467200000001, 16.2117662, -46.8603212, 0.0
24.630732000000002, -12.63337, 0.79068792, 13.5858112, 11.549504, 0.0, -24.528757600000002, -7.44218104, 4.1887618, 11.6436246, 15.1169524, 0.0, -7.9765501599999995, -10.0488952, 14.2290264, -19.1215368, -40.0477676, 0.0, -14.1626064, -15.2420504, 16.5906084, -46.8423044, 0.0
24.627506, -12.576187000000001, 0.56029163, 13.7746748, 11.684666, 0.0, -24.5617484, -7.52173936, 4.0429124, 11.3006364, 15.2616736, 0.0, -7.62900024, -10.1321498, 13.9863086, -19.1426782, -39.7358564, 0.0, -14.5942606, -15.3206336, 16.969450600000002, -46.8242876, 0.0
24.624280000000002, -12.519004, 0.32989534, 13.963538400000001, 11.819828000000001, 0.0, -24.5947392, -7.60129768, 3.8970629999999997, 10.957648200000001, 15.406394800000001, 0.0, -7.281450319999999, -10.2154044, 13.7435908, -19.1638196, -39.4239452, 0.0, -15.025914799999999, -15.3992168, 17.3482928, -46.8062708, 0.0
24.621054, -12.461821, 0.09949905, 14.152402, 11.95499, 0.0, -24.62773, -7.680856, 3.7512136, 10.61466, 15.551116, 0.0, -6.9339004, -10.298659, 13.500873, -19.184961, -39.112034, 0.0, -15.457569, -15.4778, 17.727135, -46.788254, 0.0
24.568909, -12.477924, -0.21412772, 14.3808908, 12.1319426, 0.0, -24.628563, -7.9171166, 3.53766898, 10.449933600000001, 15.677269800000001, 0.0, -6.5672932, -10.201219, 13.2543504, -19.190040800000002, -38.9073556, 0.0, -15.6382926, -15.7071, 17.981429600000002, -46.6513352, 0.0
24.516764000000002, -12.494027, -0.52775449, 14.6093796, 12.3088952, 0.0, -24.629396, -8.1533772, 3.32412436, 10.2852072, 15.8034236, 0.0, -6.200686, -10.103779, 13.0078278, -19.195120600000003, -38.702677200000004, 0.0, -15.8190162, -15.9364, 18.2357242, -46.5144164, 0.0
24.464619, -12.51013, -0.84138126, 14.8378684, 12.4858478, 0.0, -24.630229, -8.389637800000001, 3.11057974, 10.120480800000001, 15.929577400000001, 0.0, -5.8340788, -10.006339, 12.7613052, -19.2002004, -38.4979988, 0.0, -15.9997398, -16.1657, 18.4900188, -46.3774976, 0.0
24.412474, -12.526233000000001, -1.15500803, 15.0663572, 12.6628004, 0.0, -24.631062, -8.6258984, 2.89703512, 9.9557544, 16.0557312, 0.0, -5.4674716, -9.908899, 12.5147826, -19.2052802, -38.2933204, 0.0, -16.1804634, -16.395000000000003, 18.7443134, -46.2405788, 0.0
24.360329, -12.542336, -1.4686348, 15.294846, 12.839753, 0.0, -24.631895, -8.862159, 2.6834905, 9.791028, 16.181885, 0.0, -5.1008644, -9.811459, 12.26826, -19.21036, -38.088642, 0.0, -16.361187, -16.6243, 18.998608, -46.10366, 0.0
24.1697292, -12.6564418, -1.7144497, 15.271299599999999, 12.9594134, 0.0, -24.6177284, -9.1243056, 2.47883354, 9.6411438, 16.2626452, 0.0, -4.73968276, -9.34158254, 12.098284, -19.067553200000003, -37.7836876, 0.0, -16.1972192, -16.864222, 19.0194976, -45.8353, 0.0
23.9791294, -12.7705476, -1.9602646, 15.2477532, 13.0790738, 0.0, -24.6035618, -9.386452199999999, 2.27417658, 9.491259600000001, 16.3434054, 0.0, -4.37850112, -8.87170608, 11.928308, -18.9247464, -37.4787332, 0.0, -16.0332514, -17.104144, 19.0403872, -45.566939999999995, 0.0
23.7885296, -12.8846534, -2.2060795, 15.2242068, 13.1987342, 0.0, -24.5893952, -9.6485988, 2.06951962, 9.3413754, 16.4241656, 0.0, -4.017319479999999, -8.401829619999999, 11.758332000000001, -18.7819396, -37.1737788, 0.0, -15.8692836, -17.344066, 19.061276799999998, -45.29858, 0.0
23.597929800000003, -12.9987592, -2.4518944, 15.2006604, 13.3183946, 0.0, -24.5752286, -9.9107454, 1.86486266, 9.191491200000002, 16.5049258, 0.0, -3.65613784, -7.93195316, 11.588356000000001, -18.6391328, -36.8688244, 0.0, -15.7053158, -17.583988, 19.0821664, -45.03022, 0.0
23.40733, -13.112865, -2.6977093, 15.177114, 13.438055, 0.0, -24.561062, -10.172892, 1.6602057, 9.041607, 16.585686, 0.0, -3.2949562, -7.4620767, 11.41838, -18.496326, -36.56387, 0.0, -15.541348, -17.82391, 19.103056, -44.76186, 0.0
23.230986, -12.9840568, -2.71629408, 14.798840199999999, 13.567753, 0.0, -24.5392542, -10.204376799999999, 1.4933977999999999, 8.940481400000001, 16.6809706, 0.0, -2.9996784400000003, -6.61574376, 11.3560253, -18.0611118, -35.8816334, 0.0, -14.9766988, -17.9748698, 19.0513664, -44.3832612, 0.0
23.054642, -12.8552486, -2.73487886, 14.4205664, 13.697451, 0.0, -24.5174464, -10.2358616, 1.3265898999999999, 8.8393558, 16.776255199999998, 0.0, -2.70440068, -5.76941082, 11.2936706, -17.6258976, -35.1993968, 0.0, -14.4120496, -18.1258296, 18.9996768, -44.0046624, 0.0
22.878298, -12.7264404, -2.75346364, 14.0422926, 13.827149, 0.0, -24.4956386, -10.2673464, 1.1597819999999999, 8.7382302, 16.8715398, 0.0, -2.40912292, -4.92307788, 11.2313159, -17.1906834, -34.5171602, 0.0, -13.8474004, -18.276789400000002, 18.9479872, -43.626063599999995, 0.0
22.701954, -12.5976322, -2.77204842, 13.664018800000001, 13.956847, 0.0, -24.4738308, -10.2988312, 0.9929741, 8.637104599999999, 16.9668244, 0.0, -2.1138451600000003, -4.07674494, 11.1689612, -16.7554692, -33.8349236, 0.0, -13.2827512, -18.4277492, 18.8962976, -43.247464799999996, 0.0
22.52561, -12.468824, -2.7906332, 13.285745, 14.086545, 0.0, -24.452023, -10.330316, 0.8261662, 8.535979, 17.062109, 0.0, -1.8185674, -3.230412, 11.1066065, -16.320255, -33.152687, 0.0, -12.718102, -18.578709, 18.844608, -42.868866, 0.0
22.662956, -11.889167, -2.68398486, 12.8543948, 14.3963384, 0.0, -24.4738308, -10.110463, 0.638620336, 8.45346, 17.0153568, 0.0, -1.63736684, -2.20883566, 11.065173399999999, -15.516014799999999, -31.844374000000002, 0.0, -11.8159924, -18.7568358, 18.805682400000002, -42.137805199999995, 0.0
22.800302000000002, -11.30951, -2.57733652, 12.4230446, 14.7061318, 0.0, -24.4956386, -9.89061, 0.45107447199999995, 8.370941, 16.9686046, 0.0, -1.4561662800000001, -1.18725932, 11.0237403, -14.7117746, -30.536061, 0.0, -10.9138828, -18.9349626, 18.7667568, -41.4067444, 0.0
22.937648, -10.729853, -2.47068818, 11.9916944, 15.0159252, 0.0, -24.5174464, -9.670757, 0.263528608, 8.288421999999999, 16.9218524, 0.0, -1.27496572, -0.16568298000000015, 10.9823072, -13.9075344, -29.227748000000002, 0.0, -10.0117732, -19.1130894, 18.7278312, -40.6756836, 0.0
23.074994, -10.150196000000001, -2.3640398400000002, 11.560344200000001, 15.3257186, 0.0, -24.5392542, -9.450904000000001, 0.07598274399999994, 8.205903, 16.8751002, 0.0, -1.09376516, 0.85589336, 10.9408741, -13.1032942, -27.919435, 0.0, -9.109663600000001, -19.291216199999997, 18.6889056, -39.944622800000005, 0.0
23.21234, -9.570539, -2.2573915, 11.128994, 15.635512, 0.0, -24.561062, -9.231051, -0.11156312, 8.123384, 16.828348, 0.0, -0.9125646, 1.8774697, 10.899441, -12.299054, -26.611122, 0.0, -8.207554, -19.469343, 18.64998, -39.213562, 0.0
23.425434, -8.8324234, -2.15577036, 10.669235, 15.8492016, 0.0, -24.5737332, -8.96250852, -0.26110293, 7.98475466, 16.703712, 0.0, -0.83531632, 2.8593955600000003, 10.820502399999999, -11.21900632, -24.547769000000002, 0.0, -7.07838808, -19.5987032, 18.4189342, -37.7852462, 0.0
23.638528, -8.0943078, -2.05414922, 10.209476, 16.0628912, 0.0, -24.5864044, -8.693966040000001, -0.41064274, 7.84612532, 16.579076, 0.0, -0.7580680399999999, 3.8413214200000003, 10.7415638, -10.13895864, -22.484416000000003, 0.0, -5.94922216, -19.7280634, 18.1878884, -36.3569304, 0.0
23.851622, -7.3561922, -1.95252808, 9.749717, 16.276580799999998, 0.0, -24.5990756, -8.42542356, -0.56018255, 7.70749598, 16.454439999999998, 0.0, -0.68081976, 4.82324728, 10.662625199999999, -9.058910959999999, -20.421063, 0.0, -4.82005624, -19.857423599999997, 17.9568426, -34.9286146, 0.0
24.064716, -6.6180766, -1.85090694, 9.289958, 16.4902704, 0.0, -24.6117468, -8.15688108, -0.70972236, 7.5688666399999995, 16.329804, 0.0, -0.60357148, 5.805173140000001, 10.5836866, -7.97886328, -18.35771, 0.0, -3.6908903200000003, -19.986783799999998, 17.7257968, -33.5002988, 0.0
24.27781, -5.879961, -1.7492858, 8.830199, 16.70396, 0.0, -24.624418, -7.8883386, -0.85926217, 7.4302373, 16.205168, 0.0, -0.5263232, 6.787099, 10.504748, -6.8988156, -16.294357, 0.0, -2.5617244, -20.116144, 17.494751, -32.071983, 0.0
24.3453116, -5.3946100999999995, -1.68279758, 8.325072200000001, 16.7992204, 0.0, -24.602222599999997, -7.69045868, -0.927299376, 7.24100924, 16.2028094, 0.0, -0.49855131599999997, 7.423779400000001, 10.4709334, -5.764146159999999, -13.433355600000002, 0.0, -1.4785253200000001, -20.0891406, 16.9858826, -29.8343358, 0.0
24.4128132, -4.9092592, -1.61630936, 7.8199454, 16.8944808, 0.0, -24.5800272, -7.49257876, -0.995336582, 7.05178118, 16.2004508, 0.0, -0.470779432, 8.0604598, 10.4371188, -4.6294767199999995, -10.572354200000001, 0.0, -0.39532624000000016, -20.0621372, 16.4770142, -27.5966886, 0.0
24.4803148, -4.4239083, -1.54982114, 7.314818600000001, 16.989741199999997, 0.0, -24.5578318, -7.294698840000001, -1.063373788, 6.86255312, 16.1980922, 0.0, -0.443007548, 8.6971402, 10.4033042, -3.4948072799999994, -7.7113528, 0.0, 0.6878728399999998, -20.0351338, 15.9681458, -25.359041400000002, 0.0
24.5478164, -3.9385573999999997, -1.48333292, 6.8096918, 17.0850016, 0.0, -24.5356364, -7.0968189200000005, -1.131410994, 6.67332506, 16.1957336, 0.0, -0.415235664, 9.333820600000001, 10.3694896, -2.3601378399999993, -4.850351400000001, 0.0, 1.7710719199999998, -20.0081304, 15.459277400000001, -23.1213942, 0.0
24.615318, -3.4532065, -1.4168447, 6.304565, 17.180262, 0.0, -24.513441, -6.898939, -1.1994482, 6.484097, 16.193375, 0.0, -0.38746378, 9.970501, 10.335675, -1.2254684, -1.98935, 0.0, 2.854271, -19.981127, 14.950409, -20.883747, 0.0
24.6196912, -3.2953446, -1.4492515799999999, 5.7780999, 17.296661999999998, 0.0, -24.4381828, -6.869341, -1.18048958, 6.1968154, 16.2946624, 0.0, -0.42055792399999997, 10.0889972, 10.386116, -0.31582180000000004, 1.4881178000000004, 0.0, 3.55007626, -19.8176192, 14.2180588, -17.8266618, 0.0
24.624064399999998, -3.1374827, -1.48165846, 5.2516348, 17.413062, 0.0, -24.3629246, -6.839743, -1.16153096, 5.9095338, 16.3959498, 0.0, -0.453652068, 10.2074934, 10.436557, 0.5938247999999999, 4.965585600000001, 0.0, 4.245881519999999, -19.6541114, 13.4857086, -14.7695766, 0.0
24.6284376, -2.9796208, -1.51406534, 4.7251697, 17.529462, 0.0, -24.2876664, -6.810145, -1.14257234, 5.6222522, 16.4972372, 0.0, -0.486746212, 10.3259896, 10.486998, 1.5034714, 8.443053400000002, 0.0, 4.9416867799999995, -19.4906036, 12.7533584, -11.7124914, 0.0
24.6328108, -2.8217589, -1.54647222, 4.1987046, 17.645862, 0.0, -24.2124082, -6.780547, -1.12361372, 5.3349706, 16.5985246, 0.0, -0.519840356, 10.4444858, 10.537439000000001, 2.413118, 11.920521200000001, 0.0, 5.63749204, -19.327095800000002, 12.0210082, -8.6554062, 0.0
24.637184, -2.663897, -1.5788791, 3.6722395, 17.762262, 0.0, -24.13715, -6.750949, -1.1046551, 5.047689, 16.699812, 0.0, -0.5529345, 10.562982, 10.58788, 3.3227646, 15.397989, 0.0, 6.3332973, -19.163588, 11.288658, -5.598321, 0.0
24.637184, -2.661918, -1.70980534, 3.1683485399999998, 17.9888722, 0.0, -24.085335599999997, -6.80440786, -1.077955054, 4.728547, 16.7665638, 0.0, -0.58457736, 10.2623054, 10.569195800000001, 3.93560728, 18.8262292, 0.0, 6.52558636, -18.885381600000002, 10.30590808, -1.9823842000000003, 0.0
24.637184, -2.659939, -1.84073158, 2.6644575799999997, 18.2154824, 0.0, -24.0335212, -6.8578667200000005, -1.051255008, 4.4094050000000005, 16.8333156, 0.0, -0.61622022, 9.9616288, 10.5505116, 4.54844996, 22.254469399999998, 0.0, 6.71787542, -18.6071752, 9.32315816, 1.6335525999999998, 0.0
24.637184, -2.65796, -1.97165782, 2.16056662, 18.442092600000002, 0.0, -23.981706799999998, -6.91132558, -1.024554962, 4.090263, 16.9000674, 0.0, -0.64786308, 9.6609522, 10.531827400000001, 5.16129264, 25.682709599999995, 0.0, 6.910164480000001, -18.328968800000002, 8.340408239999999, 5.2494894, 0.0
24.637184, -2.655981, -2.10258406, 1.6566756599999999, 18.668702800000002, 0.0, -23.9298924, -6.96478444, -0.997854916, 3.771121, 16.9668192, 0.0, -0.6795059400000001, 9.3602756, 10.5131432, 5.77413532, 29.110949799999997, 0.0, 7.10245354, -18.0507624, 7.35765832, 8.8654262, 0.0
24.637184, -2.654002, -2.2335103, 1.1527847, 18.895313, 0.0, -23.878078, -7.0182433, -0.97115487, 3.451979, 17.033571, 0.0, -0.7111488, 9.059599, 10.494459, 6.386978, 32.53919, 0.0, 7.2947426, -17.772556, 6.3749084, 12.481363, 0.0
24.637184, -2.56181612, -2.2468653, 0.75286776, 19.133945200000003, 0.0, -23.9396904, -6.94523038, -0.969994296, 3.2624758000000003, 17.0891138, 0.0, -0.68877467, 8.6290352, 10.415877400000001, 6.8463706, 35.374300999999996, 0.0, 7.21657382, -17.3182802, 5.111298166399999, 15.8381014, 0.0
24.637184, -2.46963024, -2.2602203, 0.35295082, 19.3725774, 0.0, -24.0013028, -6.87221746, -0.968833722, 3.0729726, 17.1446566, 0.0, -0.66640054, 8.1984714, 10.337295800000001, 7.3057632, 38.209412, 0.0, 7.13840504, -16.864004400000002, 3.8476879327999995, 19.1948398, 0.0
24.637184, -2.37744436, -2.2735753, -0.04696612, 19.611209600000002, 0.0, -24.0629152, -6.79920454, -0.967673148, 2.8834694, 17.2001994, 0.0, -0.6440264099999999, 7.767907600000001, 10.2587142, 7.7651558000000005, 41.044523, 0.0, 7.06023626, -16.4097286, 2.5840776991999994, 22.5515782, 0.0
24.637184, -2.28525848, -2.2869303, -0.44688306, 19.8498418, 0.0, -24.1245276, -6.72619162, -0.966512574, 2.6939662, 17.2557422, 0.0, -0.62165228, 7.3373438, 10.1801326, 8.2245484, 43.879633999999996, 0.0, 6.98206748, -15.9554528, 1.3204674655999993, 25.9083166, 0.0
24.637184, -2.1930726, -2.3002853, -0.8468, 20.088474, 0.0, -24.18614, -6.6531787, -0.965352, 2.504463, 17.311285, 0.0, -0.59927815, 6.90678, 10.101551, 8.683941, 46.714745, 0.0, 6.9038987, -15.501177, 0.056857232, 29.265055, 0.0
24.637184, -2.1310056399999997, -2.23555802, -1.14531948, 20.2735804, 0.0, -24.2552752, -6.52387116, -0.93597882, 2.3762325399999997, 17.3703368, 0.0, -0.5415755, 6.5854564600000005, 10.018442, 9.1835958, 48.8136776, 0.0, 6.75826036, -14.979373, -1.4601682143999999, 31.91151, 0.0
24.637184, -2.06893868, -2.17083074, -1.4438389600000001, 20.4586868, 0.0, -24.3244104, -6.39456362, -0.90660564, 2.24800208, 17.4293886, 0.0, -0.48387284999999997, 6.264132920000001, 9.935333, 9.683250600000001, 50.9126102, 0.0, 6.61262202, -14.457569, -2.9771936608, 34.557964999999996, 0.0
24.637184, -2.00687172, -2.10610346, -1.7423584400000003, 20.6437932, 0.0, -24.3935456, -6.26525608, -0.87723246, 2.11977162, 17.4884404, 0.0, -0.4261702, 5.94280938, 9.852224000000001, 10.1829054, 53.0115428, 0.0, 6.46698368, -13.935765, -4.4942191072, 37.20442, 0.0
24.637184, -1.9448047599999998, -2.04137618, -2.0408779200000002, 20.8288996, 0.0, -24.4626808, -6.13594854, -0.84785928, 1.99154116, 17.5474922, 0.0, -0.36846755, 5.62148584, 9.769115000000001, 10.6825602, 55.1104754, 0.0, 6.32134534, -13.413961, -6.0112445536, 39.850875, 0.0
24.637184, -1.8827378, -1.9766489, -2.3393974, 21.014006, 0.0, -24.531816, -6.006641, -0.8184861, 1.8633107, 17.606544, 0.0, -0.3107649, 5.3001623, 9.686006, 11.182215, 57.209408, 0.0, 6.175707, -12.892157, -7.52827, 42.49733, 0.0
24.637184, -1.9109240399999998, -1.93703844, -2.51068742, 21.1671142, 0.0, -24.551417999999998, -5.90555226, -0.76144424, 1.7375125, 17.6690098, 0.0, -0.2528433252, 5.09645104, 9.6309172, 11.716183, 58.5938524, 0.0, 6.0710994000000005, -12.5483604, -8.8902762, 44.360687399999996, 0.0
24.637184, -1.93911028, -1.89742798, -2.6819774400000003, 21.3202224, 0.0, -24.57102, -5.8044635200000005, -0.70440238, 1.6117143, 17.7314756, 0.0, -0.1949217504, 4.89273978, 9.5758284, 12.250150999999999, 59.9782968, 0.0, 5.9664918, -12.204563799999999, -10.2522824, 46.2240448, 0.0
24.637184, -1.9672965199999999, -1.85781752, -2.85326746, 21.4733306, 0.0, -24.590622, -5.70337478, -0.64736052, 1.4859160999999999, 17.7939414, 0.0, -0.1370001756, 4.68902852, 9.5207396, 12.784119, 61.3627412, 0.0, 5.8618842, -11.8607672, -11.6142886, 48.0874022, 0.0
24.637184, -1.99548276, -1.81820706, -3.0245574800000004, 21.6264388, 0.0, -24.610224000000002, -5.60228604, -0.59031866, 1.3601178999999999, 17.8564072, 0.0, -0.07907860080000001, 4.48531726, 9.4656508, 13.318087, 62.7471856, 0.0, 5.7572766, -11.516970599999999, -12.9762948, 49.950759600000005, 0.0
24.637184, -2.023669, -1.7785966, -3.1958475, 21.779547, 0.0, -24.629826, -5.5011973, -0.5332768, 1.2343197, 17.918873, 0.0, -0.021157026, 4.281606, 9.410562, 13.852055, 64.13163, 0.0, 5.652669, -11.173174, -14.338301, 51.814117, 0.0
24.637184, -2.0419382, -1.73795748, -3.27882474, 21.8680872, 0.0, -24.6307484, -5.4090833400000005, -0.484597572, 1.1355003799999999, 17.9672486, 0.0, -0.0156467849, 4.15057186, 9.364013, 14.3162434, 64.91867, 0.0, 5.4848862, -10.9881213, -15.2423266, 52.923852200000006, 0.0
24.637184, -2.0602074, -1.69731836, -3.36180198, 21.956627400000002, 0.0, -24.631670800000002, -5.316969380000001, -0.435918344, 1.03668106, 18.0156242, 0.0, -0.0101365438, 4.01953772, 9.317464, 14.780431799999999, 65.70571, 0.0, 5.3171034, -10.8030686, -16.1463522, 54.0335874, 0.0
24.637184, -2.0784766, -1.65667924, -3.44477922, 22.0451676, 0.0, -24.6325932, -5.22485542, -0.387239116, 0.93786174, 18.0639998, 0.0, -0.004626302700000001, 3.88850358, 9.270915, 15.2446202, 66.49275, 0.0, 5.149320599999999, -10.6180159, -17.0503778, 55.143322600000005, 0.0
24.637184, -2.0967458, -1.61604012, -3.52775646, 22.1337078, 0.0, -24.6335156, -5.13274146, -0.33855988800000003, 0.83904242, 18.1123754, 0.0, 0.0008839383999999992, 3.75746944, 9.224366, 15.7088086, 67.27978999999999, 0.0, 4.9815378, -10.4329632, -17.9544034, 56.2530578, 0.0
24.637184, -2.115015, -1.575401, -3.6107337, 22.222248, 0.0, -24.634438, -5.0406275, -0.28988066, 0.7402231, 18.160751, 0.0, 0.0063941795, 3.6264353, 9.177817, 16.172997, 68.06683, 0.0, 4.813755, -10.2479105, -18.858429, 57.362793, 0.0
24.637184, -2.0790431000000003, -1.52438168, -3.6507351, 22.249094, 0.0, -24.6336918, -4.96149894, -0.27288495, 0.64985368, 18.201537000000002, 0.0, -0.0489140204, 3.5490144399999997, 9.0968524, 16.4758018, 68.452495, 0.0, 4.61247074, -10.0963192, -19.3115162, 57.8590996, 0.0
24.637184, -2.0430712, -1.47336236, -3.6907365, 22.27594, 0.0, -24.6329456, -4.88237038, -0.25588924, 0.5594842600000001, 18.242323000000003, 0.0, -0.1042222203, 3.47159358, 9.0158878, 16.7786066, 68.83816, 0.0, 4.41118648, -9.9447279, -19.7646034, 58.355406200000004, 0.0
24.637184, -2.0070993, -1.42234304, -3.7307379000000003, 22.302786, 0.0, -24.6321994, -4.80324182, -0.23889353, 0.46911484000000003, 18.283109, 0.0, -0.15953042020000002, 3.39417272, 8.9349232, 17.0814114, 69.22382499999999, 0.0, 4.20990222, -9.793136599999999, -20.2176906, 58.8517128, 0.0
24.637184, -1.9711274, -1.37132372, -3.7707393000000002, 22.329632, 0.0, -24.6314532, -4.72411326, -0.22189782, 0.37874542, 18.323895, 0.0, -0.2148386201, 3.31675186, 8.8539586, 17.3842162, 69.60949, 0.0, 4.00861796, -9.641545299999999, -20.6707778, 59.348019400000005, 0.0
24.637184, -1.9351555, -1.3203044, -3.8107407, 22.356478, 0.0, -24.630707, -4.6449847, -0.20490211, 0.288376, 18.364681, 0.0, -0.27014682, 3.239331, 8.772994, 17.687021, 69.995155, 0.0, 3.8073337, -9.489954, -21.123865, 59.844326, 0.0
24.637184, -1.90221742, -1.29976038, -3.81807914, 22.3598966, 0.0, -24.6314696, -4.5920205, -0.218701968, 0.19958598600000002, 18.403486400000002, 0.0, -0.310536726, 3.15822724, 8.7054118, 17.8358908, 70.134828, 0.0, 3.6544765, -9.4118274, -21.2592806, 59.9974244, 0.0
24.637184, -1.86927934, -1.27921636, -3.82541758, 22.3633152, 0.0, -24.6322322, -4.5390563, -0.232501826, 0.11079597200000002, 18.4422918, 0.0, -0.350926632, 3.07712348, 8.6378296, 17.9847606, 70.274501, 0.0, 3.5016192999999998, -9.333700799999999, -21.3946962, 60.1505228, 0.0
24.637184, -1.83634126, -1.25867234, -3.83275602, 22.3667338, 0.0, -24.6329948, -4.4860921, -0.24630168400000002, 0.022005957999999992, 18.4810972, 0.0, -0.391316538, 2.99601972, 8.570247400000001, 18.1336304, 70.414174, 0.0, 3.3487621, -9.2555742, -21.5301118, 60.3036212, 0.0
24.637184, -1.80340318, -1.23812832, -3.84009446, 22.3701524, 0.0, -24.6337574, -4.4331279, -0.260101542, -0.06678405599999998, 18.519902599999998, 0.0, -0.431706444, 2.91491596, 8.502665200000001, 18.2825002, 70.553847, 0.0, 3.1959049, -9.177447599999999, -21.6655274, 60.4567196, 0.0
24.637184, -1.7704651, -1.2175843, -3.8474329, 22.373571, 0.0, -24.63452, -4.3801637, -0.2739014, -0.15557407, 18.558708, 0.0, -0.47209635, 2.8338122, 8.435083, 18.43137, 70.69352, 0.0, 3.0430477, -9.099321, -21.800943, 60.609818, 0.0
24.637184, -1.80327628, -1.23474968, -3.8085708599999997, 22.383155799999997, 0.0, -24.6350154, -4.35871164, -0.29020754400000004, -0.219303556, 18.6003218, 0.0, -0.48067157, 2.7511458600000003, 8.3935189, 18.4757754, 70.72085, 0.0, 2.91869128, -9.1144384, -21.797628200000002, 60.614256, 0.0
24.637184, -1.83608746, -1.25191506, -3.76970882, 22.3927406, 0.0, -24.6355108, -4.33725958, -0.306513688, -0.283033042, 18.6419356, 0.0, -0.48924679, 2.66847952, 8.3519548, 18.5201808, 70.74818, 0.0, 2.7943348599999998, -9.1295558, -21.7943134, 60.618694, 0.0
24.637184, -1.86889864, -1.26908044, -3.73084678, 22.4023254, 0.0, -24.6360062, -4.31580752, -0.32281983200000003, -0.346762528, 18.6835494, 0.0, -0.49782201000000004, 2.58581318, 8.310390700000001, 18.5645862, 70.77551, 0.0, 2.66997844, -9.1446732, -21.7909986, 60.623132, 0.0
24.637184, -1.90170982, -1.28624582, -3.69198474, 22.4119102, 0.0, -24.6365016, -4.294355459999999, -0.33912597600000005, -0.410492014, 18.7251632, 0.0, -0.50639723, 2.50314684, 8.2688266, 18.6089916, 70.80284, 0.0, 2.5456220199999997, -9.159790600000001, -21.7876838, 60.62757, 0.0
24.637184, -1.934521, -1.3034112, -3.6531227, 22.421495, 0.0, -24.636997, -4.2729034, -0.35543212, -0.4742215, 18.766777, 0.0, -0.51497245, 2.4204805, 8.2272625, 18.653397, 70.83017, 0.0, 2.4212656, -9.174908, -21.784369, 60.632008, 0.0
24.637184, -2.0218087, -1.3220851, -3.57445396, 22.4371816, 0.0, -24.6370344, -4.26490084, -0.345915006, -0.49704987, 18.8086682, 0.0, -0.527608932, 2.36357346, 8.196408, 18.6463866, 70.82987399999999, 0.0, 2.3235002, -9.211385400000001, -21.7584766, 60.582716, 0.0
24.637184, -2.1090964, -1.340759, -3.49578522, 22.4528682, 0.0, -24.6370718, -4.25689828, -0.33639789200000003, -0.5198782399999999, 18.8505594, 0.0, -0.540245414, 2.30666642, 8.1655535, 18.6393762, 70.829578, 0.0, 2.2257348, -9.2478628, -21.7325842, 60.533424, 0.0
24.637184, -2.1963841, -1.3594329, -3.41711648, 22.4685548, 0.0, -24.6371092, -4.24889572, -0.326880778, -0.54270661, 18.8924506, 0.0, -0.552881896, 2.24975938, 8.134699000000001, 18.6323658, 70.82928199999999, 0.0, 2.1279694, -9.2843402, -21.7066918, 60.484132, 0.0
24.637184, -2.2836718, -1.3781068, -3.33844774, 22.484241400000002, 0.0, -24.6371466, -4.24089316, -0.317363664, -0.56553498, 18.934341800000002, 0.0, -0.565518378, 2.19285234, 8.103844500000001, 18.6253554, 70.828986, 0.0, 2.030204, -9.3208176, -21.6807994, 60.43484, 0.0
24.637184, -2.3709595, -1.3967807, -3.259779, 22.499928, 0.0, -24.637184, -4.2328906, -0.30784655, -0.58836335, 18.976233, 0.0, -0.57815486, 2.1359453, 8.07299, 18.618345, 70.82869, 0.0, 1.9324386, -9.357295, -21.654907, 60.385548, 0.0
24.637184, -2.45094388, -1.3844179, -3.1766217, 22.5044616, 0.0, -24.637184, -4.20153378, -0.284212638, -0.5746837739999999, 18.9894688, 0.0, -0.588898848, 2.1177236, 8.056077140000001, 18.6092786, 70.825088, 0.0, 1.88785304, -9.3763918, -21.6576014, 60.3742854, 0.0
24.637184, -2.53092826, -1.3720551, -3.0934644000000002, 22.5089952, 0.0, -24.637184, -4.17017696, -0.260578726, -0.561004198, 19.0027046, 0.0, -0.599642836, 2.0995019, 8.03916428, 18.6002122, 70.821486, 0.0, 1.84326748, -9.3954886, -21.6602958, 60.363022799999996, 0.0
24.637184, -2.61091264, -1.3596923, -3.0103071, 22.5135288, 0.0, -24.637184, -4.13882014, -0.236944814, -0.547324622, 19.015940399999998, 0.0, -0.610386824, 2.0812802, 8.02225142, 18.5911458, 70.817884, 0.0, 1.79868192, -9.4145854, -21.662990200000003, 60.3517602, 0.0
24.637184, -2.69089702, -1.3473295, -2.9271498, 22.5180624, 0.0, -24.637184, -4.10746332, -0.213310902, -0.5336450460000001, 19.0291762, 0.0, -0.621130812, 2.0630585, 8.00533856, 18.5820794, 70.814282, 0.0, 1.7540963600000001, -9.4336822, -21.665684600000002, 60.3404976, 0.0
24.637184, -2.7708814, -1.3349667, -2.8439925, 22.522596, 0.0, -24.637184, -4.0761065, -0.18967699, -0.51996547, 19.042412, 0.0, -0.6318748, 2.0448368, 7.9884257, 18.573013, 70.81068, 0.0, 1.7095108, -9.452779, -21.668379, 60.329235, 0.0
24.637184, -2.82508816, -1.3063707, -2.7930216000000003, 22.4985666, 0.0, -24.637184, -4.0427916999999995, -0.167767792, -0.512020808, 19.034048199999997, 0.0, -0.64409732, 2.05145796, 7.965512159999999, 18.5640672, 70.8082608, 0.0, 1.71085532, -9.457777199999999, -21.687988, 60.3636154, 0.0
24.637184, -2.87929492, -1.2777747, -2.7420507, 22.4745372, 0.0, -24.637184, -4.0094769, -0.145858594, -0.5040761460000001, 19.0256844, 0.0, -0.65631984, 2.05807912, 7.94259862, 18.5551214, 70.80584160000001, 0.0, 1.71219984, -9.4627754, -21.707597, 60.3979958, 0.0
24.637184, -2.93350168, -1.2491787, -2.6910798000000002, 22.4505078, 0.0, -24.637184, -3.9761621, -0.12394939599999999, -0.496131484, 19.017320599999998, 0.0, -0.66854236, 2.0647002800000003, 7.91968508, 18.546175599999998, 70.8034224, 0.0, 1.71354436, -9.4677736, -21.727206000000002, 60.4323762, 0.0
24.637184, -2.98770844, -1.2205827, -2.6401089, 22.4264784, 0.0, -24.637184, -3.9428473, -0.102040198, -0.48818682199999996, 19.0089568, 0.0, -0.68076488, 2.07132144, 7.8967715400000005, 18.5372298, 70.80100320000001, 0.0, 1.71488888, -9.4727718, -21.746815, 60.4667566, 0.0
24.637184, -3.0419152, -1.1919867, -2.589138, 22.402449, 0.0, -24.637184, -3.9095325, -0.080131, -0.48024216, 19.000593, 0.0, -0.6929874, 2.0779426, 7.873858, 18.528284, 70.798584, 0.0, 1.7162334, -9.47777, -21.766424, 60.501137, 0.0
24.637184, -3.10203702, -1.17407762, -2.56744906, 22.3735744, 0.0, -24.637184, -3.89741416, -0.046110042999999996, -0.486603556, 19.0083308, 0.0, -0.71811254, 2.07983764, 7.8509404, 18.5072312, 70.799942, 0.0, 1.71671644, -9.446750399999999, -21.7434534, 60.5139712, 0.0
24.637184, -3.16215884, -1.15616854, -2.54576012, 22.3446998, 0.0, -24.637184, -3.88529582, -0.012089085999999999, -0.492964952, 19.0160686, 0.0, -0.74323768, 2.08173268, 7.8280228, 18.4861784, 70.8013, 0.0, 1.71719948, -9.4157308, -21.7204828, 60.5268054, 0.0
24.637184, -3.22228066, -1.13825946, -2.52407118, 22.3158252, 0.0, -24.637184, -3.87317748, 0.021931871000000006, -0.499326348, 19.023806399999998, 0.0, -0.76836282, 2.08362772, 7.8051052, 18.4651256, 70.80265800000001, 0.0, 1.71768252, -9.3847112, -21.697512200000002, 60.5396396, 0.0
24.637184, -3.28240248, -1.1203503799999999, -2.50238224, 22.2869506, 0.0, -24.637184, -3.86105914, 0.055952827999999996, -0.505687744, 19.0315442, 0.0, -0.79348796, 2.08552276, 7.7821876, 18.4440728, 70.804016, 0.0, 1.71816556, -9.353691600000001, -21.6745416, 60.5524738, 0.0
24.637184, -3.3425243, -1.1024413, -2.4806933, 22.258076, 0.0, -24.637184, -3.8489408, 0.089973785, -0.51204914, 19.039282, 0.0, -0.8186131, 2.0874178, 7.75927, 18.42302, 70.805374, 0.0, 1.7186486, -9.322672, -21.651571, 60.565308, 0.0
24.637184, -3.39861914, -1.09843962, -2.46739704, 22.2549338, 0.0, -24.637184, -3.8517800799999997, 0.124070768, -0.518708838, 19.0585202, 0.0, -0.84454822, 2.0800179599999997, 7.7364111399999995, 18.394247200000002, 70.8112822, 0.0, 1.70180036, -9.274740600000001, -21.587878800000002, 60.5489558, 0.0
24.637184, -3.45471398, -1.09443794, -2.45410078, 22.2517916, 0.0, -24.637184, -3.85461936, 0.158167751, -0.525368536, 19.0777584, 0.0, -0.8704833399999999, 2.07261812, 7.71355228, 18.3654744, 70.8171904, 0.0, 1.68495212, -9.2268092, -21.5241866, 60.5326036, 0.0
24.637184, -3.51080882, -1.09043626, -2.44080452, 22.248649399999998, 0.0, -24.637184, -3.85745864, 0.192264734, -0.532028234, 19.0969966, 0.0, -0.89641846, 2.06521828, 7.69069342, 18.3367016, 70.8230986, 0.0, 1.66810388, -9.1788778, -21.4604944, 60.5162514, 0.0
24.637184, -3.56690366, -1.08643458, -2.42750826, 22.2455072, 0.0, -24.637184, -3.8602979200000003, 0.226361717, -0.538687932, 19.1162348, 0.0, -0.92235358, 2.05781844, 7.66783456, 18.3079288, 70.8290068, 0.0, 1.65125564, -9.1309464, -21.3968022, 60.4998992, 0.0
24.637184, -3.6229985, -1.0824329, -2.414212, 22.242365, 0.0, -24.637184, -3.8631372, 0.2604587, -0.54534763, 19.135473, 0.0, -0.9482887, 2.0504186, 7.6449757, 18.279156, 70.834915, 0.0, 1.6344074, -9.083015, -21.33311, 60.483547, 0.0
24.637184, -3.65108264, -1.09027098, -2.4208563, 22.2378114, 0.0, -24.637184, -3.87511684, 0.279946154, -0.558977472, 19.140473800000002, 0.0, -0.97216552, 2.03609728, 7.61874964, 18.2544168, 70.840902, 0.0, 1.6214813, -9.0582428, -21.294261000000002, 60.4828902, 0.0
24.637184, -3.67916678, -1.0981090599999999, -2.4275006, 22.2332578, 0.0, -24.637184, -3.88709648, 0.299433608, -0.572607314, 19.1454746, 0.0, -0.99604234, 2.02177596, 7.59252358, 18.229677600000002, 70.846889, 0.0, 1.6085551999999999, -9.0334706, -21.255412, 60.4822334, 0.0
24.637184, -3.70725092, -1.10594714, -2.4341448999999997, 22.2287042, 0.0, -24.637184, -3.89907612, 0.31892106200000003, -0.586237156, 19.1504754, 0.0, -1.01991916, 2.00745464, 7.56629752, 18.2049384, 70.852876, 0.0, 1.5956291, -9.0086984, -21.216563, 60.481576600000004, 0.0
24.637184, -3.73533506, -1.11378522, -2.4407891999999998, 22.2241506, 0.0, -24.637184, -3.91105576, 0.338408516, -0.599866998, 19.1554762, 0.0, -1.04379598, 1.99313332, 7.54007146, 18.1801992, 70.858863, 0.0, 1.582703, -8.983926199999999, -21.177713999999998, 60.4809198, 0.0
24.637184, -3.7634192, -1.1216233, -2.4474335, 22.219597, 0.0, -24.637184, -3.9230354, 0.35789597, -0.61349684, 19.160477, 0.0, -1.0676728, 1.978812, 7.5138454, 18.15546, 70.86485, 0.0, 1.5697769, -8.959154, -21.138865, 60.480263, 0.0
24.637184, -3.75704474, -1.15010726, -2.4773639999999997, 22.2060316, 0.0, -24.637184, -3.93764622, 0.354205966, -0.649447612, 19.137733, 0.0, -1.07351462, 1.96691694, 7.48907142, 18.1489514, 70.874626, 0.0, 1.56127548, -8.9735552, -21.144502, 60.513919200000004, 0.0
24.637184, -3.75067028, -1.17859122, -2.5072945, 22.1924662, 0.0, -24.637184, -3.95225704, 0.350515962, -0.685398384, 19.114989, 0.0, -1.07935644, 1.9550218799999999, 7.46429744, 18.1424428, 70.88440200000001, 0.0, 1.55277406, -8.9879564, -21.150139, 60.5475754, 0.0
24.637184, -3.74429582, -1.2070751800000001, -2.537225, 22.1789008, 0.0, -24.637184, -3.96686786, 0.346825958, -0.721349156, 19.092245, 0.0, -1.08519826, 1.94312682, 7.43952346, 18.1359342, 70.894178, 0.0, 1.54427264, -9.0023576, -21.155776, 60.5812316, 0.0
24.637184, -3.73792136, -1.2355591400000001, -2.5671555, 22.1653354, 0.0, -24.637184, -3.98147868, 0.343135954, -0.757299928, 19.069501, 0.0, -1.09104008, 1.93123176, 7.41474948, 18.1294256, 70.903954, 0.0, 1.53577122, -9.0167588, -21.161413, 60.6148878, 0.0
24.637184, -3.7315469, -1.2640431, -2.597086, 22.15177, 0.0, -24.637184, -3.9960895, 0.33944595, -0.7932507, 19.046757, 0.0, -1.0968819, 1.9193367, 7.3899755, 18.122917, 70.91373, 0.0, 1.5272698, -9.03116, -21.16705, 60.648544, 0.0
24.637184, -3.70885888, -1.2938287400000001, -2.63192486, 22.1345764, 0.0, -24.637184, -3.9995202, 0.319941978, -0.834334688, 19.014118, 0.0, -1.07949164, 1.91753124, 7.373963, 18.1293662, 70.925014, 0.0, 1.51667282, -9.0551808, -21.1874352, 60.693726, 0.0
24.637184, -3.6861708600000003, -1.32361438, -2.66676372, 22.1173828, 0.0, -24.637184, -4.0029509, 0.300438006, -0.875418676, 18.981479, 0.0, -1.06210138, 1.91572578, 7.3579505, 18.135815400000002, 70.93629800000001, 0.0, 1.50607584, -9.0792016, -21.2078204, 60.738908, 0.0
24.637184, -3.66348284, -1.35340002, -2.70160258, 22.1001892, 0.0, -24.637184, -4.0063816, 0.280934034, -0.916502664, 18.94884, 0.0, -1.0447111199999999, 1.91392032, 7.341938, 18.1422646, 70.947582, 0.0, 1.49547886, -9.1032224, -21.2282056, 60.78409, 0.0
24.637184, -3.64079482, -1.3831856599999999, -2.73644144, 22.0829956, 0.0, -24.637184, -4.0098123, 0.261430062, -0.957586652, 18.916201, 0.0, -1.02732086, 1.91211486, 7.3259255, 18.148713800000003, 70.958866, 0.0, 1.48488188, -9.127243199999999, -21.2485908, 60.829272, 0.0
24.637184, -3.6181068, -1.4129713, -2.7712803, 22.065802, 0.0, -24.637184, -4.013243, 0.24192609, -0.99867064, 18.883562, 0.0, -1.0099306, 1.9103094, 7.309913, 18.155163, 70.97015, 0.0, 1.4742849, -9.151264, -21.268976, 60.874454, 0.0
