/h1_2/pelvis/left_hip_yaw_joint, /h1_2/left_hip_yaw_link/left_hip_pitch_joint, /h1_2/left_hip_pitch_link/left_hip_roll_joint, /h1_2/left_hip_roll_link/left_knee_joint, /h1_2/left_knee_link/left_ankle_pitch_joint, /h1_2/left_ankle_pitch_link/left_ankle_roll_joint, /h1_2/pelvis/right_hip_yaw_joint, /h1_2/right_hip_yaw_link/right_hip_pitch_joint, /h1_2/right_hip_pitch_link/right_hip_roll_joint, /h1_2/right_hip_roll_link/right_knee_joint, /h1_2/right_knee_link/right_ankle_pitch_joint, /h1_2/right_ankle_pitch_link/right_ankle_roll_joint, /h1_2/pelvis/torso_joint, /h1_2/torso_link/left_shoulder_pitch_joint, /h1_2/left_shoulder_pitch_link/left_shoulder_roll_joint, /h1_2/left_shoulder_roll_link/left_shoulder_yaw_joint, /h1_2/left_shoulder_yaw_link/left_elbow_joint, /h1_2/left_elbow_link/left_wrist_roll_joint, /h1_2/torso_link/right_shoulder_pitch_joint, /h1_2/right_shoulder_pitch_link/right_shoulder_roll_joint, /h1_2/right_shoulder_roll_link/right_shoulder_yaw_joint, /h1_2/right_shoulder_yaw_link/right_elbow_joint, /h1_2/right_elbow_link/right_wrist_roll_joint
24.637184, 0.96779794, 0.6747238, -5.4503803, 18.625372, 0.0, -15.216023, 3.714745, -2.697312, -7.623932, 12.136583, 0.0, -1.9172809, 4.361405, 9.013898, -0.4320815, 64.45454, 0.0, 1.3593881, -7.8265724, -16.873205, 55.632195, 0.0
24.637184, 0.9606367379999999, 0.676012072, -5.45137412, 18.641639599999998, 0.0, -15.2198858, 3.7098054, -2.6970903, -7.620996, 12.1526204, 0.0, -1.91497844, 4.35150564, 8.9722648, -0.478485068, 64.41702, 0.0, 1.37071596, -7.79993912, -16.8114818, 55.6308232, 0.0
24.637184, 0.953475536, 0.677300344, -5.45236794, 18.6579072, 0.0, -15.2237486, 3.7048658, -2.6968686, -7.61806, 12.1686578, 0.0, -1.91267598, 4.341606280000001, 8.9306316, -0.524888636, 64.3795, 0.0, 1.38204382, -7.77330584, -16.7497586, 55.6294514, 0.0
24.637184, 0.946314334, 0.678588616, -5.45336176, 18.6741748, 0.0, -15.227611399999999, 3.6999262, -2.6966469, -7.615124, 12.1846952, 0.0, -1.91037352, 4.33170692, 8.8889984, -0.571292204, 64.34198, 0.0, 1.39337168, -7.74667256, -16.6880354, 55.6280796, 0.0
24.637184, 0.9391531320000001, 0.679876888, -5.4543555800000005, 18.690442400000002, 0.0, -15.2314742, 3.6949866, -2.6964252, -7.612188, 12.2007326, 0.0, -1.90807106, 4.321807560000001, 8.8473652, -0.617695772, 64.30446, 0.0, 1.40469954, -7.72003928, -16.6263122, 55.6267078, 0.0
24.637184, 0.93199193, 0.68116516, -5.4553494, 18.70671, 0.0, -15.235337, 3.690047, -2.6962035, -7.609252, 12.21677, 0.0, -1.9057686, 4.3119082, 8.805732, -0.66409934, 64.26694, 0.0, 1.4160274, -7.693406, -16.564589, 55.625336, 0.0
24.637184, 0.915331844, 0.6700030680000001, -5.46283652, 18.7349164, 0.0, -15.2364202, 3.67331254, -2.6991196800000004, -7.61135266, 12.236353000000001, 0.0, -1.90590388, 4.29985568, 8.774931, -0.715103904, 64.22048720000001, 0.0, 1.43420606, -7.6912666000000005, -16.5157822, 55.636193999999996, 0.0
24.637184, 0.898671758, 0.658840976, -5.47032364, 18.7631228, 0.0, -15.2375034, 3.65657808, -2.70203586, -7.61345332, 12.255936, 0.0, -1.90603916, 4.28780316, 8.74413, -0.766108468, 64.17403440000001, 0.0, 1.45238472, -7.689127200000001, -16.4669754, 55.647051999999995, 0.0
24.637184, 0.8820116720000001, 0.6476788840000001, -5.47781076, 18.7913292, 0.0, -15.2385866, 3.6398436199999997, -2.7049520400000002, -7.61555398, 12.275519000000001, 0.0, -1.90617444, 4.27575064, 8.713329, -0.817113032, 64.1275816, 0.0, 1.47056338, -7.6869878, -16.4181686, 55.65791, 0.0
24.637184, 0.8653515860000001, 0.636516792, -5.48529788, 18.819535600000002, 0.0, -15.2396698, 3.62310916, -2.70786822, -7.61765464, 12.295102, 0.0, -1.9063097199999999, 4.26369812, 8.682528, -0.868117596, 64.0811288, 0.0, 1.48874204, -7.6848484, -16.3693618, 55.668768, 0.0
24.637184, 0.8486915, 0.6253547, -5.492785, 18.847742, 0.0, -15.240753, 3.6063747, -2.7107844, -7.6197553, 12.314685, 0.0, -1.906445, 4.2516456, 8.651727, -0.91912216, 64.034676, 0.0, 1.5069207, -7.682709, -16.320555, 55.679626, 0.0
24.637184, 0.8257291720000001, 0.6107787600000001, -5.500922, 18.8753416, 0.0, -15.239500099999999, 3.5841024999999997, -2.71290532, -7.62411964, 12.3297022, 0.0, -1.91259552, 4.25895868, 8.628945199999999, -0.974728208, 64.0096228, 0.0, 1.52048112, -7.6949964, -16.301912599999998, 55.6874034, 0.0
24.637184, 0.8027668440000001, 0.59620282, -5.509059, 18.9029412, 0.0, -15.2382472, 3.5618303, -2.71502624, -7.6284839799999995, 12.3447194, 0.0, -1.91874604, 4.26627176, 8.6061634, -1.030334256, 63.9845696, 0.0, 1.53404154, -7.7072838, -16.2832702, 55.6951808, 0.0
24.637184, 0.779804516, 0.5816268800000001, -5.517196, 18.9305408, 0.0, -15.2369943, 3.5395581, -2.71714716, -7.63284832, 12.3597366, 0.0, -1.9248965599999999, 4.27358484, 8.5833816, -1.085940304, 63.959516400000005, 0.0, 1.54760196, -7.7195712, -16.2646278, 55.7029582, 0.0
24.637184, 0.756842188, 0.56705094, -5.525333, 18.9581404, 0.0, -15.2357414, 3.5172859, -2.71926808, -7.637212659999999, 12.3747538, 0.0, -1.93104708, 4.28089792, 8.5605998, -1.141546352, 63.9344632, 0.0, 1.56116238, -7.7318586, -16.245985400000002, 55.7107356, 0.0
24.637184, 0.73387986, 0.552475, -5.53347, 18.98574, 0.0, -15.2344885, 3.4950137, -2.721389, -7.641577, 12.389771, 0.0, -1.9371976, 4.288211, 8.537818, -1.1971524, 63.90941, 0.0, 1.5747228, -7.744146, -16.227343, 55.718513, 0.0
24.637184, 0.7152700280000001, 0.54461472, -5.5358705200000005, 18.998394, 0.0, -15.2372512, 3.47804796, -2.7174275999999997, -7.6411416999999995, 12.3929878, 0.0, -1.94463942, 4.3267122, 8.5102526, -1.2658504, 63.907178800000004, 0.0, 1.58392504, -7.74464866, -16.2112708, 55.7116794, 0.0
24.637184, 0.6966601960000001, 0.53675444, -5.538271040000001, 19.011048, 0.0, -15.2400139, 3.4610822199999998, -2.7134662, -7.6407064, 12.3962046, 0.0, -1.95208124, 4.3652134, 8.482687199999999, -1.3345484, 63.9049476, 0.0, 1.59312728, -7.74515132, -16.1951986, 55.7048458, 0.0
24.637184, 0.678050364, 0.52889416, -5.54067156, 19.023702, 0.0, -15.242776600000001, 3.44411648, -2.7095048, -7.6402711, 12.3994214, 0.0, -1.95952306, 4.403714600000001, 8.4551218, -1.4032464, 63.9027164, 0.0, 1.6023295199999998, -7.74565398, -16.1791264, 55.6980122, 0.0
24.637184, 0.659440532, 0.5210338800000001, -5.54307208, 19.036355999999998, 0.0, -15.2455393, 3.4271507399999996, -2.7055434000000003, -7.6398358, 12.4026382, 0.0, -1.9669648800000001, 4.4422158000000005, 8.4275564, -1.4719444, 63.9004852, 0.0, 1.6115317599999999, -7.74615664, -16.1630542, 55.6911786, 0.0
24.637184, 0.6408307, 0.5131736, -5.5454726, 19.04901, 0.0, -15.248302, 3.410185, -2.701582, -7.6394005, 12.405855, 0.0, -1.9744067, 4.480717, 8.399991, -1.5406424, 63.898254, 0.0, 1.620734, -7.7466593, -16.146982, 55.684345, 0.0
24.637184, 0.64557932, 0.52344078, -5.52930568, 19.048766, 0.0, -15.2584282, 3.40372526, -2.69167112, -7.6297558, 12.3962044, 0.0, -1.9936107, 4.532236800000001, 8.3728782, -1.61169442, 63.8962758, 0.0, 1.64915986, -7.73260444, -16.1362236, 55.685121, 0.0
24.637184, 0.6503279399999999, 0.53370796, -5.51313876, 19.048522, 0.0, -15.268554400000001, 3.39726552, -2.68176024, -7.6201111, 12.3865538, 0.0, -2.0128147, 4.5837566, 8.3457654, -1.68274644, 63.8942976, 0.0, 1.67758572, -7.71854958, -16.1254652, 55.685897000000004, 0.0
24.637184, 0.65507656, 0.54397514, -5.49697184, 19.048278, 0.0, -15.2786806, 3.39080578, -2.67184936, -7.6104664, 12.376903200000001, 0.0, -2.0320187, 4.6352764, 8.3186526, -1.75379846, 63.8923194, 0.0, 1.70601158, -7.70449472, -16.1147068, 55.686673, 0.0
24.637184, 0.65982518, 0.55424232, -5.48080492, 19.048033999999998, 0.0, -15.2888068, 3.38434604, -2.66193848, -7.6008217, 12.3672526, 0.0, -2.0512227000000003, 4.6867962, 8.291539799999999, -1.82485048, 63.8903412, 0.0, 1.73443744, -7.69043986, -16.1039484, 55.687449, 0.0
24.637184, 0.6645738, 0.5645095, -5.464638, 19.04779, 0.0, -15.298933, 3.3778863, -2.6520276, -7.591177, 12.357602, 0.0, -2.0704267, 4.738316, 8.264427, -1.8959025, 63.888363, 0.0, 1.7628633, -7.676385, -16.09319, 55.688225, 0.0
24.637184, 0.66520252, 0.574644532, -5.45299406, 19.0473774, 0.0, -15.3216612, 3.38902508, -2.63626184, -7.5608513, 12.327641, 0.0, -2.06633644, 4.7949456, 8.2503732, -1.94551458, 63.8760524, 0.0, 1.7805071000000001, -7.66705328, -16.0784224, 55.695756, 0.0
24.637184, 0.66583124, 0.584779564, -5.44135012, 19.046964799999998, 0.0, -15.344389399999999, 3.40016386, -2.62049608, -7.5305256, 12.29768, 0.0, -2.0622461800000003, 4.8515752, 8.2363194, -1.99512666, 63.8637418, 0.0, 1.7981509, -7.65772156, -16.063654800000002, 55.703287, 0.0
24.637184, 0.66645996, 0.5949145960000001, -5.42970618, 19.0465522, 0.0, -15.3671176, 3.41130264, -2.60473032, -7.5001999, 12.267719, 0.0, -2.05815592, 4.9082048, 8.2222656, -2.04473874, 63.8514312, 0.0, 1.8157947, -7.64838984, -16.0488872, 55.710817999999996, 0.0
24.637184, 0.66708868, 0.6050496280000001, -5.41806224, 19.0461396, 0.0, -15.3898458, 3.42244142, -2.58896456, -7.4698742, 12.237758, 0.0, -2.05406566, 4.9648344, 8.208211799999999, -2.09435082, 63.8391206, 0.0, 1.8334385, -7.63905812, -16.0341196, 55.718348999999996, 0.0
24.637184, 0.6677174, 0.61518466, -5.4064183, 19.045727, 0.0, -15.412574, 3.4335802, -2.5731988, -7.4395485, 12.207797, 0.0, -2.0499754, 5.021464, 8.194158, -2.1439629, 63.82681, 0.0, 1.8510823, -7.6297264, -16.019352, 55.72588, 0.0
24.637184, 0.655151692, 0.6263839800000001, -5.390813140000001, 19.0459212, 0.0, -15.435467599999999, 3.43120926, -2.5528748400000003, -7.41235868, 12.202966799999999, 0.0, -2.04953018, 5.05788632, 8.199747, -2.18836372, 63.791180000000004, 0.0, 1.85091334, -7.63279912, -15.998615000000001, 55.737812999999996, 0.0
24.637184, 0.642585984, 0.6375833000000001, -5.37520798, 19.046115399999998, 0.0, -15.458361199999999, 3.42883832, -2.53255088, -7.38516886, 12.1981366, 0.0, -2.04908496, 5.0943086399999995, 8.205336, -2.23276454, 63.75555, 0.0, 1.85074438, -7.63587184, -15.977878, 55.749745999999995, 0.0
24.637184, 0.630020276, 0.64878262, -5.35960282, 19.0463096, 0.0, -15.4812548, 3.42646738, -2.5122269200000003, -7.35797904, 12.193306399999999, 0.0, -2.04863974, 5.13073096, 8.210925, -2.27716536, 63.71992, 0.0, 1.85057542, -7.63894456, -15.957141, 55.761679, 0.0
24.637184, 0.617454568, 0.65998194, -5.343997659999999, 19.0465038, 0.0, -15.5041484, 3.42409644, -2.49190296, -7.330789220000001, 12.1884762, 0.0, -2.04819452, 5.16715328, 8.216514, -2.32156618, 63.68429, 0.0, 1.85040646, -7.64201728, -15.936404, 55.773612, 0.0
24.637184, 0.60488886, 0.67118126, -5.3283925, 19.046698, 0.0, -15.527042, 3.4217255, -2.471579, -7.3035994, 12.183646, 0.0, -2.0477493, 5.2035756, 8.222103, -2.365967, 63.64866, 0.0, 1.8502375, -7.64509, -15.915667, 55.785545, 0.0
24.637184, 0.5595454, 0.67202624, -5.3263414, 19.0229598, 0.0, -15.5493037, 3.39634056, -2.4514461400000003, -7.28537032, 12.249784199999999, 0.0, -2.04750054, 5.2437410799999995, 8.2402634, -2.4444216, 63.57373, 0.0, 1.81221362, -7.6466226, -15.863397599999999, 55.779495, 0.0
24.637184, 0.51420194, 0.67287122, -5.3242902999999995, 18.9992216, 0.0, -15.571565399999999, 3.37095562, -2.4313132800000004, -7.26714124, 12.3159224, 0.0, -2.04725178, 5.28390656, 8.258423800000001, -2.5228762, 63.498799999999996, 0.0, 1.77418974, -7.6481552, -15.811128199999999, 55.773444999999995, 0.0
24.637184, 0.46885848, 0.6737162, -5.3222392, 18.9754834, 0.0, -15.5938271, 3.34557068, -2.41118042, -7.248912160000001, 12.382060599999999, 0.0, -2.04700302, 5.32407204, 8.2765842, -2.6013308, 63.42387, 0.0, 1.73616586, -7.6496878, -15.7588588, 55.767395, 0.0
24.637184, 0.42351502, 0.67456118, -5.3201881, 18.9517452, 0.0, -15.6160888, 3.32018574, -2.39104756, -7.23068308, 12.4481988, 0.0, -2.0467542599999997, 5.3642375200000005, 8.294744600000001, -2.6797853999999997, 63.34894, 0.0, 1.69814198, -7.6512204, -15.7065894, 55.761345, 0.0
24.637184, 0.37817156, 0.67540616, -5.318137, 18.928007, 0.0, -15.6383505, 3.2948008, -2.3709147, -7.212454, 12.514337, 0.0, -2.0465055, 5.404403, 8.312905, -2.75824, 63.27401, 0.0, 1.6601181, -7.652753, -15.65432, 55.755295, 0.0
24.637184, 0.320568564, 0.666322128, -5.30919806, 18.8619916, 0.0, -15.654152, 3.25491756, -2.34280136, -7.1933042, 12.6338682, 0.0, -2.0698398, 5.4818186, 8.339246600000001, -2.9196302, 63.110164, 0.0, 1.6094366, -7.6459277199999995, -15.5703858, 55.7404428, 0.0
24.637184, 0.26296556800000004, 0.657238096, -5.30025912, 18.795976200000002, 0.0, -15.6699535, 3.21503432, -2.31468802, -7.1741544, 12.7533994, 0.0, -2.0931741, 5.559234200000001, 8.365588200000001, -3.0810204, 62.946318, 0.0, 1.5587551, -7.639102439999999, -15.4864516, 55.7255906, 0.0
24.637184, 0.20536257200000002, 0.648154064, -5.2913201800000005, 18.7299608, 0.0, -15.685755, 3.17515108, -2.28657468, -7.1550046, 12.8729306, 0.0, -2.1165084, 5.6366498, 8.3919298, -3.2424106, 62.782472, 0.0, 1.5080736, -7.63227716, -15.402517399999999, 55.7107384, 0.0
24.637184, 0.147759576, 0.639070032, -5.28238124, 18.663945400000003, 0.0, -15.7015565, 3.13526784, -2.25846134, -7.1358548, 12.9924618, 0.0, -2.1398427, 5.7140654, 8.4182714, -3.4038008, 62.618626, 0.0, 1.4573921, -7.62545188, -15.318583199999999, 55.6958862, 0.0
24.637184, 0.09015658, 0.629986, -5.2734423, 18.59793, 0.0, -15.717358, 3.0953846, -2.230348, -7.116705, 13.111993, 0.0, -2.163177, 5.791481, 8.444613, -3.565191, 62.45478, 0.0, 1.4067106, -7.6186266, -15.234649, 55.681034, 0.0
24.637184, 0.037261564000000004, 0.61777516, -5.24784824, 18.4864438, 0.0, -15.731031600000001, 3.06102004, -2.18820076, -7.0792831, 13.1859691, 0.0, -2.20074752, 5.9487570000000005, 8.5062412, -3.85394466, 62.108472, 0.0, 1.35584018, -7.60697428, -15.118471, 55.677532199999995, 0.0
24.637184, -0.015633451999999992, 0.60556432, -5.22225418, 18.374957600000002, 0.0, -15.7447052, 3.02665548, -2.14605352, -7.0418612, 13.2599452, 0.0, -2.2383180400000002, 6.106033, 8.5678694, -4.14269832, 61.762164, 0.0, 1.30496976, -7.59532196, -15.002293, 55.6740304, 0.0
24.637184, -0.068528468, 0.59335348, -5.19666012, 18.2634714, 0.0, -15.758378800000001, 2.99229092, -2.10390628, -7.0044393, 13.3339213, 0.0, -2.27588856, 6.2633090000000005, 8.6294976, -4.43145198, 61.415856, 0.0, 1.25409934, -7.58366964, -14.886115, 55.6705286, 0.0
24.637184, -0.12142348399999998, 0.58114264, -5.17106606, 18.151985200000002, 0.0, -15.7720524, 2.95792636, -2.06175904, -6.9670174, 13.407897400000001, 0.0, -2.31345908, 6.420585, 8.6911258, -4.72020564, 61.069548, 0.0, 1.2032289200000001, -7.57201732, -14.769937, 55.6670268, 0.0
24.637184, -0.1743185, 0.5689318, -5.145472, 18.040499, 0.0, -15.785726, 2.9235618, -2.0196118, -6.9295955, 13.4818735, 0.0, -2.3510296, 6.577861, 8.752754, -5.0089593, 60.72324, 0.0, 1.1523585, -7.560365, -14.653759, 55.663525, 0.0
24.637184, -0.23045622, 0.5793387799999999, -5.12319074, 17.9440538, 0.0, -15.7866822, 2.8755572799999998, -1.9600919399999999, -6.8983732, 13.505193700000001, 0.0, -2.39666364, 6.787974500000001, 8.9473138, -5.4444543, 60.022961599999995, 0.0, 1.114261352, -7.5493756, -14.5018516, 55.675714, 0.0
24.637184, -0.28659394, 0.58974576, -5.10090948, 17.8476086, 0.0, -15.7876384, 2.8275527599999997, -1.9005720799999999, -6.8671508999999995, 13.5285139, 0.0, -2.44229768, 6.998088, 9.1418736, -5.8799493, 59.3226832, 0.0, 1.0761642040000001, -7.5383862, -14.3499442, 55.687903, 0.0
24.637184, -0.34273166, 0.60015274, -5.07862822, 17.7511634, 0.0, -15.7885946, 2.77954824, -1.84105222, -6.8359286, 13.5518341, 0.0, -2.48793172, 7.2082015, 9.336433399999999, -6.3154443, 58.6224048, 0.0, 1.038067056, -7.5273968, -14.1980368, 55.700092, 0.0
24.637184, -0.39886938, 0.61055972, -5.05634696, 17.6547182, 0.0, -15.7895508, 2.73154372, -1.78153236, -6.804706299999999, 13.5751543, 0.0, -2.53356576, 7.418315, 9.5309932, -6.750939300000001, 57.9221264, 0.0, 0.999969908, -7.516407399999999, -14.0461294, 55.712281, 0.0
24.637184, -0.4550071, 0.6209667, -5.0340657, 17.558273, 0.0, -15.790507, 2.6835392, -1.7220125, -6.773484, 13.5984745, 0.0, -2.5791998, 7.6284285, 9.725553, -7.1864343, 57.221848, 0.0, 0.96187276, -7.505418, -13.894222, 55.72447, 0.0
24.636726200000002, -0.5144915879999999, 0.6486993879999999, -5.0270498, 17.5228754, 0.0, -15.802875, 2.6324552999999997, -1.6547824199999999, -6.75013934, 13.6034552, 0.0, -2.59760544, 7.7575688, 10.1101222, -7.71975064, 55.9691296, 0.0, 0.962963608, -7.50103336, -13.7487588, 55.7162246, 0.0
24.636268400000002, -0.573976076, 0.676432076, -5.0200339000000005, 17.4874778, 0.0, -15.815243, 2.5813713999999996, -1.58755234, -6.72679468, 13.6084359, 0.0, -2.6160110800000003, 7.8867091, 10.494691399999999, -8.25306698, 54.7164112, 0.0, 0.9640544560000001, -7.49664872, -13.6032956, 55.7079792, 0.0
24.6358106, -0.633460564, 0.7041647639999999, -5.013018, 17.452080199999997, 0.0, -15.827611, 2.5302875, -1.52032226, -6.70345002, 13.6134166, 0.0, -2.63441672, 8.0158494, 10.879260599999999, -8.78638332, 53.4636928, 0.0, 0.965145304, -7.49226408, -13.457832400000001, 55.6997338, 0.0
24.6353528, -0.692945052, 0.731897452, -5.0060021, 17.416682599999998, 0.0, -15.839979, 2.4792036, -1.45309218, -6.680105360000001, 13.6183973, 0.0, -2.65282236, 8.1449897, 11.2638298, -9.319699660000001, 52.2109744, 0.0, 0.966236152, -7.4878794399999995, -13.312369200000001, 55.6914884, 0.0
24.634895, -0.75242954, 0.75963014, -4.9989862, 17.381285, 0.0, -15.852347, 2.4281197, -1.3858621, -6.6567607, 13.623378, 0.0, -2.671228, 8.27413, 11.648399, -9.853016, 50.958256, 0.0, 0.967327, -7.4834948, -13.166906, 55.683243, 0.0
24.6287596, -0.805087432, 0.775218232, -5.00003776, 17.420303599999997, 0.0, -15.9314696, 2.41295936, -1.34919588, -6.605196100000001, 13.615232800000001, 0.0, -2.6062795800000003, 8.16995288, 12.092757599999999, -10.4859766, 49.0383068, 0.0, 1.0396782, -7.4835871, -13.176277, 55.6142604, 0.0
24.6226242, -0.857745324, 0.790806324, -5.00108932, 17.4593222, 0.0, -16.010592199999998, 2.39779902, -1.31252966, -6.553631500000001, 13.6070876, 0.0, -2.54133116, 8.06577576, 12.5371162, -11.1189372, 47.1183576, 0.0, 1.1120294, -7.4836794, -13.185648, 55.5452778, 0.0
24.6164888, -0.910403216, 0.8063944160000001, -5.00214088, 17.498340799999998, 0.0, -16.0897148, 2.38263868, -1.27586344, -6.5020669, 13.5989424, 0.0, -2.47638274, 7.96159864, 12.981474799999999, -11.7518978, 45.198408400000005, 0.0, 1.1843806, -7.4837717, -13.195019, 55.476295199999996, 0.0
24.6103534, -0.963061108, 0.8219825080000001, -5.00319244, 17.5373594, 0.0, -16.1688374, 2.36747834, -1.23919722, -6.4505023, 13.590797199999999, 0.0, -2.4114343199999997, 7.85742152, 13.4258334, -12.384858399999999, 43.2784592, 0.0, 1.2567318, -7.483864, -13.20439, 55.4073126, 0.0
24.604218, -1.015719, 0.8375706, -5.004244, 17.576378, 0.0, -16.24796, 2.352318, -1.202531, -6.3989377, 13.582652, 0.0, -2.3464859, 7.7532444, 13.870192, -13.017819, 41.35851, 0.0, 1.329083, -7.4839563, -13.213761, 55.33833, 0.0
24.594773, -1.0181554400000001, 0.8293258400000001, -4.9857892, 17.6748296, 0.0, -16.3997454, 2.3634028, -1.23891982, -6.291510000000001, 13.5795306, 0.0, -2.2409798, 7.30488558, 14.1910004, -13.8061986, 38.913937000000004, 0.0, 1.47626332, -7.47520292, -13.3926946, 55.288792, 0.0
24.585328, -1.02059188, 0.82108108, -4.9673344, 17.7732812, 0.0, -16.5515308, 2.3744875999999997, -1.27530864, -6.1840823, 13.5764092, 0.0, -2.1354737, 6.8565267599999995, 14.511808799999999, -14.5945782, 36.469364, 0.0, 1.62344364, -7.46644954, -13.5716282, 55.239254, 0.0
24.575882999999997, -1.02302832, 0.8128363200000001, -4.9488796, 17.8717328, 0.0, -16.7033162, 2.3855724, -1.31169746, -6.0766546, 13.5732878, 0.0, -2.0299676, 6.40816794, 14.8326172, -15.3829578, 34.024791, 0.0, 1.77062396, -7.45769616, -13.7505618, 55.189716, 0.0
24.566437999999998, -1.02546476, 0.80459156, -4.9304248, 17.9701844, 0.0, -16.855101599999998, 2.3966572, -1.34808628, -5.9692269, 13.5701664, 0.0, -1.9244614999999998, 5.95980912, 15.153425599999998, -16.171337400000002, 31.580218000000002, 0.0, 1.91780428, -7.44894278, -13.929495399999999, 55.140178, 0.0
24.556993, -1.0279012, 0.7963468, -4.91197, 18.068636, 0.0, -17.006887, 2.407742, -1.3844751, -5.8617992, 13.567045, 0.0, -1.8189554, 5.5114503, 15.474234, -16.959717, 29.135645, 0.0, 2.0649846, -7.4401894, -14.108429, 55.09064, 0.0
24.566437999999998, -0.9958111260000001, 0.77915654, -4.90820892, 18.1557484, 0.0, -17.1271856, 2.3917276, -1.43493334, -5.68193986, 13.6168736, 0.0, -1.81489558, 4.77758436, 15.615929, -17.790714, 26.8005624, 0.0, 2.07880562, -7.42107824, -14.08733, 55.177854, 0.0
24.575882999999997, -0.963721052, 0.76196628, -4.9044478400000004, 18.2428608, 0.0, -17.2474842, 2.3757132, -1.48539158, -5.50208052, 13.6667022, 0.0, -1.81083576, 4.04371842, 15.757624, -18.621711, 24.4654798, 0.0, 2.0926266399999998, -7.40196708, -14.066231, 55.265068, 0.0
24.585328, -0.931630978, 0.74477602, -4.90068676, 18.3299732, 0.0, -17.3677828, 2.3596988, -1.53584982, -5.32222118, 13.716530800000001, 0.0, -1.8067759399999999, 3.30985248, 15.899318999999998, -19.452708, 22.1303972, 0.0, 2.10644766, -7.38285592, -14.045131999999999, 55.352282, 0.0
24.594773, -0.899540904, 0.72758576, -4.896925680000001, 18.4170856, 0.0, -17.4880814, 2.3436844, -1.58630806, -5.14236184, 13.7663594, 0.0, -1.80271612, 2.57598654, 16.041014, -20.283705, 19.7953146, 0.0, 2.12026868, -7.36374476, -14.024033, 55.439496, 0.0
24.604218, -0.86745083, 0.7103955, -4.8931646, 18.504198, 0.0, -17.60838, 2.32767, -1.6367663, -4.9625025, 13.816188, 0.0, -1.7986563, 1.8421206, 16.182709, -21.114702, 17.460232, 0.0, 2.1340897, -7.3446336, -14.002934, 55.52671, 0.0
24.610353, -0.876661894, 0.66966821, -4.95369468, 18.5548014, 0.0, -17.5545972, 2.14371692, -1.62772342, -4.80616428, 13.9049148, 0.0, -2.09605834, 0.87579904, 15.880684299999999, -21.9150034, 15.816168800000002, 0.0, 1.77795258, -7.30044738, -13.4769951, 55.774659400000004, 0.0
24.616488, -0.885872958, 0.62894092, -5.01422476, 18.6054048, 0.0, -17.5008144, 1.95976384, -1.61868054, -4.64982606, 13.9936416, 0.0, -2.39346038, -0.09052252000000016, 15.5786596, -22.715304800000002, 14.1721056, 0.0, 1.4218154600000001, -7.25626116, -12.9510562, 56.0226088, 0.0
24.622623, -0.895084022, 0.58821363, -5.07475484, 18.6560082, 0.0, -17.447031600000003, 1.77581076, -1.60963766, -4.49348784, 14.0823684, 0.0, -2.69086242, -1.0568440800000005, 15.2766349, -23.5156062, 12.5280424, 0.0, 1.0656783400000003, -7.21207494, -12.4251173, 56.2705582, 0.0
24.628758, -0.904295086, 0.54748634, -5.13528492, 18.7066116, 0.0, -17.393248800000002, 1.59185768, -1.60059478, -4.33714962, 14.1710952, 0.0, -2.98826446, -2.02316564, 14.9746102, -24.315907600000003, 10.883979199999999, 0.0, 0.7095412200000002, -7.1678887200000005, -11.8991784, 56.5185076, 0.0
24.634893, -0.91350615, 0.50675905, -5.195815, 18.757215, 0.0, -17.339466, 1.4079046, -1.5915519, -4.1808114, 14.259822, 0.0, -3.2856665, -2.9894872, 14.6725855, -25.116209, 9.239916, 0.0, 0.3534041, -7.1237025, -11.3732395, 56.766457, 0.0
24.635351200000002, -0.9345826, 0.423389434, -5.2847082, 18.759228399999998, 0.0, -17.117506000000002, 1.03105992, -1.55177236, -4.08126244, 14.42363, 0.0, -3.87951434, -4.255976560000001, 14.0544778, -25.5176106, 8.454967199999999, 0.0, -0.39338236000000004, -6.9910055, -10.34945506, 57.109178400000005, 0.0
24.635809400000003, -0.9556590500000001, 0.34001981800000003, -5.3736014, 18.7612418, 0.0, -16.895546000000003, 0.65421524, -1.51199282, -3.98171348, 14.587438, 0.0, -4.4733621800000005, -5.52246592, 13.4363701, -25.9190122, 7.670018399999999, 0.0, -1.14016882, -6.8583085, -9.32567062, 57.4518998, 0.0
24.6362676, -0.9767355, 0.256650202, -5.462494599999999, 18.7632552, 0.0, -16.673586, 0.27737056000000004, -1.47221328, -3.88216452, 14.751246, 0.0, -5.06721002, -6.78895528, 12.8182624, -26.3204138, 6.8850696, 0.0, -1.88695528, -6.7256115, -8.30188618, 57.7946212, 0.0
24.6367258, -0.99781195, 0.17328058600000001, -5.5513878, 18.765268600000002, 0.0, -16.451626, -0.09947412, -1.43243374, -3.78261556, 14.915054000000001, 0.0, -5.66105786, -8.055444640000001, 12.200154699999999, -26.7218154, 6.100120799999999, 0.0, -2.63374174, -6.5929145, -7.27810174, 58.1373426, 0.0
24.637184, -1.0188884, 0.08991097, -5.640281, 18.767282, 0.0, -16.229666, -0.4763188, -1.3926542, -3.6830666, 15.078862, 0.0, -6.2549057, -9.321934, 11.582047, -27.123217, 5.315172, 0.0, -3.3805282, -6.4602175, -6.2543173, 58.480064, 0.0
24.637184, -0.99650416, -0.08229963800000001, -5.68294052, 18.734720600000003, 0.0, -15.929409800000002, -1.013824, -1.37716112, -3.6627582800000003, 15.2728826, 0.0, -6.94303116, -11.0184472, 11.376570599999999, -26.8296664, 5.4206816, 0.0, -4.3401299600000005, -6.18688108, -4.988785575, 58.749417199999996, 0.0
24.637184, -0.97411992, -0.25451024600000005, -5.72560004, 18.7021592, 0.0, -15.6291536, -1.5513292, -1.36166804, -3.64244996, 15.4669032, 0.0, -7.63115662, -12.7149604, 11.171094199999999, -26.5361158, 5.5261911999999995, 0.0, -5.2997317200000005, -5.91354466, -3.72325385, 59.0187704, 0.0
24.637184, -0.95173568, -0.42672085400000004, -5.76825956, 18.669597800000002, 0.0, -15.3288974, -2.0888344, -1.34617496, -3.62214164, 15.660923799999999, 0.0, -8.31928208, -14.4114736, 10.9656178, -26.242565199999998, 5.6317008, 0.0, -6.2593334800000004, -5.64020824, -2.4577221249999996, 59.2881236, 0.0
24.637184, -0.92935144, -0.598931462, -5.81091908, 18.6370364, 0.0, -15.0286412, -2.6263396, -1.33068188, -3.60183332, 15.854944399999999, 0.0, -9.007407539999999, -16.1079868, 10.7601414, -25.949014599999998, 5.7372103999999995, 0.0, -7.21893524, -5.36687182, -1.1921903999999994, 59.5574768, 0.0
24.637184, -0.9069672, -0.77114207, -5.8535786, 18.604475, 0.0, -14.728385, -3.1638448, -1.3151888, -3.581525, 16.048965, 0.0, -9.695533, -17.8045, 10.554665, -25.655464, 5.84272, 0.0, -8.178537, -5.0935354, 0.073341325, 59.82683, 0.0
24.637184, -0.87452834, -1.039751656, -5.8216142, 18.6161102, 0.0, -14.474509999999999, -3.7329178400000003, -1.3220147, -3.61330512, 16.2236108, 0.0, -10.2255784, -19.5330066, 11.1061944, -24.5817676, 6.7946702, 0.0, -8.9509002, -4.758366860000001, 1.1202518599999998, 59.8978494, 0.0
24.637184, -0.84208948, -1.308361242, -5.7896498, 18.627745400000002, 0.0, -14.220635, -4.30199088, -1.3288406, -3.6450852400000002, 16.3982566, 0.0, -10.7556238, -21.2615132, 11.6577238, -23.5080712, 7.746620399999999, 0.0, -9.7232634, -4.42319832, 2.1671623949999996, 59.9688688, 0.0
24.637184, -0.80965062, -1.5769708279999999, -5.7576854, 18.6393806, 0.0, -13.966759999999999, -4.87106392, -1.3356665, -3.67686536, 16.5729024, 0.0, -11.285669200000001, -22.9900198, 12.2092532, -22.4343748, 8.6985706, 0.0, -10.4956266, -4.08802978, 3.2140729299999995, 60.0398882, 0.0
24.637184, -0.7772117599999999, -1.8455804139999998, -5.725721, 18.6510158, 0.0, -13.712885, -5.44013696, -1.3424924, -3.70864548, 16.7475482, 0.0, -11.8157146, -24.718526400000002, 12.7607826, -21.360678399999998, 9.650520799999999, 0.0, -11.267989799999999, -3.75286124, 4.260983465, 60.110907600000004, 0.0
24.637184, -0.7447729, -2.11419, -5.6937566, 18.662651, 0.0, -13.45901, -6.00921, -1.3493183, -3.7404256, 16.922194, 0.0, -12.34576, -26.447033, 13.312312, -20.286982, 10.602471, 0.0, -12.040353, -3.4176927, 5.307894, 60.181927, 0.0
24.637184, -0.85495802, -2.3519726, -5.63899708, 18.716192200000002, 0.0, -13.331987999999999, -6.424604400000001, -1.3171505399999999, -3.76541114, 17.1122856, 0.0, -12.5913768, -27.6793732, 14.4874774, -18.618938, 12.1108456, 0.0, -12.333951899999999, -3.25742964, 5.8200556, 60.0986864, 0.0
24.637184, -0.96514314, -2.5897552, -5.58423756, 18.7697334, 0.0, -13.204965999999999, -6.839998800000001, -1.28498278, -3.79039668, 17.3023772, 0.0, -12.8369936, -28.9117134, 15.6626428, -16.950893999999998, 13.6192202, 0.0, -12.6275508, -3.09716658, 6.3322172000000005, 60.0154458, 0.0
24.637184, -1.07532826, -2.8275378, -5.529478040000001, 18.8232746, 0.0, -13.077944, -7.2553932, -1.25281502, -3.81538222, 17.4924688, 0.0, -13.0826104, -30.1440536, 16.837808199999998, -15.28285, 15.1275948, 0.0, -12.921149699999999, -2.93690352, 6.8443788, 59.9322052, 0.0
24.637184, -1.1855133800000002, -3.0653204, -5.474718520000001, 18.8768158, 0.0, -12.950922, -7.670787600000001, -1.22064726, -3.8403677600000004, 17.6825604, 0.0, -13.328227199999999, -31.3763938, 18.0129736, -13.614806, 16.6359694, 0.0, -13.2147486, -2.7766404600000003, 7.3565404, 59.8489646, 0.0
24.637184, -1.2956985, -3.303103, -5.419959, 18.930357, 0.0, -12.8239, -8.086182, -1.1884795, -3.8653533, 17.872652, 0.0, -13.573844, -32.608734, 19.188139, -11.946762, 18.144344, 0.0, -13.5083475, -2.6163774, 7.868702, 59.765724, 0.0
24.637184, -1.5637559200000002, -3.3052566800000003, -5.33669972, 18.9835292, 0.0, -12.8331986, -8.216394900000001, -1.06132976, -3.8545962400000002, 18.0283108, 0.0, -13.545078799999999, -33.1180168, 20.5251186, -10.3238624, 19.599217200000002, 0.0, -13.228894799999999, -2.7301966600000003, 7.7649325, 59.6550718, 0.0
24.637184, -1.83181334, -3.30741036, -5.25344044, 19.0367014, 0.0, -12.8424972, -8.346607800000001, -0.9341800199999999, -3.8438391800000002, 18.1839696, 0.0, -13.5163136, -33.6272996, 21.8620982, -8.7009628, 21.0540904, 0.0, -12.949442099999999, -2.8440159200000004, 7.661163, 59.5444196, 0.0
24.637184, -2.09987076, -3.30956404, -5.17018116, 19.0898736, 0.0, -12.8517958, -8.4768207, -0.80703028, -3.83308212, 18.3396284, 0.0, -13.4875484, -34.136582399999995, 23.199077799999998, -7.078063200000001, 22.5089636, 0.0, -12.6699894, -2.95783518, 7.5573935, 59.4337674, 0.0
24.637184, -2.36792818, -3.31171772, -5.08692188, 19.1430458, 0.0, -12.8610944, -8.6070336, -0.67988054, -3.82232506, 18.4952872, 0.0, -13.458783200000001, -34.645865199999996, 24.5360574, -5.455163600000001, 23.963836800000003, 0.0, -12.3905367, -3.07165444, 7.4536240000000005, 59.3231152, 0.0
24.637184, -2.6359856, -3.3138714, -5.0036626, 19.196218, 0.0, -12.870393, -8.7372465, -0.5527308, -3.811568, 18.650946, 0.0, -13.430018, -35.155148, 25.873037, -3.832264, 25.41871, 0.0, -12.111084, -3.1854737, 7.3498545, 59.212463, 0.0
24.637184, -2.9516720800000003, -3.10890842, -4.85669108, 19.249201199999998, 0.0, -13.0524176, -8.55983866, -0.38495272999999997, -3.7675023999999997, 18.7049768, 0.0, -13.114164, -34.9320896, 26.946383, -2.7183613199999996, 26.3657064, 0.0, -11.3252392, -3.45518056, 6.6787466, 59.0996504, 0.0
24.637184, -3.26735856, -2.90394544, -4.70971956, 19.302184399999998, 0.0, -13.2344422, -8.38243082, -0.21717465999999996, -3.7234368, 18.7590076, 0.0, -12.79831, -34.7090312, 28.019729, -1.6044586399999998, 27.3127028, 0.0, -10.5393944, -3.72488742, 6.0076387, 58.9868378, 0.0
24.637184, -3.58304504, -2.69898246, -4.562748040000001, 19.3551676, 0.0, -13.4164668, -8.205022979999999, -0.04939658999999996, -3.6793712, 18.8130384, 0.0, -12.482455999999999, -34.4859728, 29.093075, -0.49055595999999957, 28.2596992, 0.0, -9.7535496, -3.9945942800000003, 5.3365308, 58.8740252, 0.0
24.637184, -3.89873152, -2.49401948, -4.4157765200000005, 19.4081508, 0.0, -13.5984914, -8.02761514, 0.11838148000000004, -3.6353056, 18.8670692, 0.0, -12.166602, -34.2629144, 30.166421, 0.6233467200000002, 29.2066956, 0.0, -8.9677048, -4.264301140000001, 4.665422899999999, 58.7612126, 0.0
24.637184, -4.214418, -2.2890565, -4.268805, 19.461134, 0.0, -13.780516, -7.8502073, 0.28615955, -3.59124, 18.9211, 0.0, -11.850748, -34.039856, 31.239767, 1.7372494, 30.153692, 0.0, -8.18186, -4.534008, 3.994315, 58.6484, 0.0
24.6334518, -4.51331068, -2.14963638, -4.040854960000001, 19.5746438, 0.0, -14.200500400000001, -7.48065864, 0.33647224, -3.57129946, 18.7921156, 0.0, -11.2073244, -33.1196538, 31.754759200000002, 2.10462432, 30.4209532, 0.0, -7.079282640000001, -4.77968452, 2.8705312, 58.460381000000005, 0.0
24.6297196, -4.81220336, -2.01021626, -3.8129049200000003, 19.6881536, 0.0, -14.6204848, -7.11110998, 0.38678492999999997, -3.55135892, 18.6631312, 0.0, -10.563900799999999, -32.1994516, 32.269751400000004, 2.4719992399999997, 30.6882144, 0.0, -5.97670528, -5.02536104, 1.7467473999999998, 58.272362, 0.0
24.6259874, -5.11109604, -1.8707961400000002, -3.58495488, 19.801663400000002, 0.0, -15.0404692, -6.74156132, 0.43709761999999996, -3.53141838, 18.534146800000002, 0.0, -9.9204772, -31.2792494, 32.7847436, 2.8393741599999998, 30.9554756, 0.0, -4.874127919999999, -5.27103756, 0.6229635999999998, 58.084343000000004, 0.0
24.6222552, -5.40998872, -1.7313760200000001, -3.35700484, 19.9151732, 0.0, -15.4604536, -6.372012659999999, 0.48741030999999996, -3.51147784, 18.405162400000002, 0.0, -9.2770536, -30.3590472, 33.2997358, 3.20674908, 31.2227368, 0.0, -3.7715505599999997, -5.51671408, -0.5008202000000002, 57.896324, 0.0
24.618523, -5.7088814, -1.5919559, -3.1290548, 20.028683, 0.0, -15.880438, -6.002464, 0.537723, -3.4915373, 18.276178, 0.0, -8.63363, -29.438845, 33.814728, 3.574124, 31.489998, 0.0, -2.6689732, -5.7623906, -1.624604, 57.708305, 0.0
24.563565, -6.00836612, -1.7073298000000001, -2.8570324, 20.1910914, 0.0, -16.433685, -5.6575954, 0.43139725239999993, -3.56421496, 17.924878800000002, 0.0, -7.7576458, -27.9364676, 33.650866400000005, 3.114998, 30.9982468, 0.0, -1.5867718199999998, -5.919394, -2.8621214999999998, 57.4859494, 0.0
24.508607, -6.30785084, -1.8227037, -2.58501, 20.3534998, 0.0, -16.986932, -5.3127268, 0.32507150479999997, -3.6368926200000002, 17.573579600000002, 0.0, -6.8816616, -26.4340902, 33.4870048, 2.6558719999999996, 30.5064956, 0.0, -0.5045704399999997, -6.076397399999999, -4.099639, 57.2635938, 0.0
24.453649, -6.60733556, -1.9380776, -2.3129876, 20.5159082, 0.0, -17.540179, -4.9678582, 0.2187457572, -3.70957028, 17.2222804, 0.0, -6.0056774, -24.9317128, 33.323143200000004, 2.1967459999999996, 30.014744399999998, 0.0, 0.5776309400000006, -6.2334008, -5.3371565, 57.0412382, 0.0
24.398691, -6.90682028, -2.0534515, -2.0409652, 20.6783166, 0.0, -18.093426, -4.6229895999999995, 0.11242000959999998, -3.78224794, 16.8709812, 0.0, -5.1296932, -23.4293354, 33.1592816, 1.7376199999999997, 29.5229932, 0.0, 1.6598323200000005, -6.3904042, -6.574674, 56.8188826, 0.0
24.343733, -7.206305, -2.1688254, -1.7689428, 20.840725, 0.0, -18.646673, -4.278121, 0.006094262, -3.8549256, 16.519682, 0.0, -4.253709, -21.926958, 32.99542, 1.278494, 29.031242, 0.0, 2.7420337, -6.5474076, -7.8121915, 56.596527, 0.0
24.1978084, -7.4468234, -2.3716370199999997, -1.52434988, 20.929102, 0.0, -19.1095572, -4.00349828, -0.13167131040000002, -3.89719428, 16.1471995, 0.0, -3.481341448, -20.2774806, 32.1750484, 0.03752840000000002, 28.002891599999998, 0.0, 3.4717573, -6.66073048, -8.6740966, 56.474633000000004, 0.0
24.0518838, -7.6873418000000004, -2.57444864, -1.27975696, 21.017478999999998, 0.0, -19.5724414, -3.7288755599999996, -0.2694368828, -3.93946296, 15.774716999999999, 0.0, -2.708973896, -18.6280032, 31.3546768, -1.2034372, 26.974541199999997, 0.0, 4.2014809, -6.77405336, -9.5360017, 56.352739, 0.0
23.9059592, -7.9278602, -2.77726026, -1.03516404, 21.105856, 0.0, -20.0353256, -3.45425284, -0.40720245520000004, -3.98173164, 15.402234499999999, 0.0, -1.9366063439999999, -16.9785258, 30.5343052, -2.4444027999999998, 25.946190799999997, 0.0, 4.9312045, -6.88737624, -10.397906800000001, 56.230845, 0.0
23.7600346, -8.1683786, -2.9800718799999997, -0.79057112, 21.194232999999997, 0.0, -20.498209799999998, -3.17963012, -0.5449680276000001, -4.02400032, 15.029752, 0.0, -1.164238792, -15.3290484, 29.7139336, -3.6853683999999998, 24.9178404, 0.0, 5.6609281, -7.00069912, -11.2598119, 56.108951, 0.0
23.61411, -8.408897, -3.1828835, -0.5459782, 21.28261, 0.0, -20.961094, -2.9050074, -0.6827336, -4.066269, 14.6572695, 0.0, -0.39187124, -13.679571, 28.893562, -4.926334, 23.88949, 0.0, 6.3906517, -7.114022, -12.121717, 55.987057, 0.0
23.556873, -8.4769256, -3.2794306, -0.43399817949999997, 21.208463799999997, 0.0, -21.1474308, -2.76863692, -0.74588988, -4.01980712, 14.4473692, 0.0, -0.052369352000000036, -12.5944702, 27.659118799999998, -6.5651924, 22.876574599999998, 0.0, 6.46444502, -7.2105098000000005, -12.3009058, 55.8459764, 0.0
23.499636, -8.5449542, -3.3759777, -0.32201815899999997, 21.1343176, 0.0, -21.333767599999998, -2.63226644, -0.8090461600000001, -3.97334524, 14.2374689, 0.0, 0.28713253599999994, -11.509369399999999, 26.4246756, -8.204050800000001, 21.863659199999997, 0.0, 6.53823834, -7.3069976, -12.480094600000001, 55.7048958, 0.0
23.442399, -8.612982800000001, -3.4725248, -0.21003813849999997, 21.060171399999998, 0.0, -21.5201044, -2.4958959600000004, -0.87220244, -3.92688336, 14.0275686, 0.0, 0.6266344239999999, -10.4242686, 25.1902324, -9.842909200000001, 20.850743799999996, 0.0, 6.6120316599999995, -7.4034854, -12.6592834, 55.5638152, 0.0
23.385162, -8.681011400000001, -3.5690719, -0.09805811799999997, 20.9860252, 0.0, -21.7064412, -2.3595254800000003, -0.93535872, -3.88042148, 13.8176683, 0.0, 0.9661363119999999, -9.339167799999998, 23.955789199999998, -11.481767600000001, 19.8378284, 0.0, 6.68582498, -7.4999731999999995, -12.8384722, 55.422734600000005, 0.0
23.327925, -8.74904, -3.665619, 0.0139219025, 20.911879, 0.0, -21.892778, -2.223155, -0.998515, -3.8339596, 13.607768, 0.0, 1.3056382, -8.254067, 22.721346, -13.120626, 18.824913, 0.0, 6.7596183, -7.596461, -13.017661, 55.281654, 0.0
23.431773200000002, -8.6052362, -3.63505224, -0.0134981372, 20.7404032, 0.0, -21.778759, -2.3048076, -1.02162102, -3.74989128, 13.5764786, 0.0, 1.0012326379999998, -8.00373224, 21.4062246, -14.3818458, 17.720390199999997, 0.0, 6.116231979999999, -7.61447836, -12.4701068, 55.1323796, 0.0
23.5356214, -8.4614324, -3.60448548, -0.0409181769, 20.5689274, 0.0, -21.664740000000002, -2.3864602, -1.04472704, -3.66582296, 13.5451892, 0.0, 0.6968270759999999, -7.753397479999999, 20.0911032, -15.6430656, 16.6158674, 0.0, 5.47284566, -7.63249572, -11.9225526, 54.983105200000004, 0.0
23.6394696, -8.3176286, -3.57391872, -0.0683382166, 20.3974516, 0.0, -21.550721, -2.4681128, -1.0678330600000001, -3.5817546399999998, 13.5138998, 0.0, 0.3924215139999999, -7.50306272, 18.7759818, -16.9042854, 15.5113446, 0.0, 4.82945934, -7.65051308, -11.374998399999999, 54.8338308, 0.0
23.7433178, -8.1738248, -3.5433519600000003, -0.0957582563, 20.2259758, 0.0, -21.436702, -2.5497654, -1.09093908, -3.49768632, 13.4826104, 0.0, 0.0880159519999999, -7.25272796, 17.4608604, -18.165505200000002, 14.4068218, 0.0, 4.18607302, -7.66853044, -10.8274442, 54.684556400000005, 0.0
23.847166, -8.030021, -3.5127852, -0.123178296, 20.0545, 0.0, -21.322683, -2.631418, -1.1140451, -3.413618, 13.451321, 0.0, -0.21638961, -7.0023932, 16.145739, -19.426725, 13.302299, 0.0, 3.5426867, -7.6865478, -10.27989, 54.535282, 0.0
23.9662052, -7.7367780999999995, -3.4692492, -0.2516802488, 19.831716800000002, 0.0, -20.990376400000002, -2.9204589, -1.14271242, -3.33949072, 13.5615144, 0.0, -1.108460968, -7.60965716, 15.096717199999999, -19.9404072, 12.19293412, 0.0, 2.3070396, -7.54156756, -9.11663814, 54.5829836, 0.0
24.0852444, -7.4435351999999995, -3.4257132, -0.38018220160000005, 19.6089336, 0.0, -20.6580698, -3.2094998, -1.1713797400000001, -3.2653634400000002, 13.6717078, 0.0, -2.000532326, -8.21692112, 14.047695399999999, -20.4540894, 11.08356924, 0.0, 1.0713925, -7.39658732, -7.95338628, 54.6306852, 0.0
24.2042836, -7.1502923, -3.3821772, -0.5086841544, 19.386150400000002, 0.0, -20.3257632, -3.4985407, -1.20004706, -3.19123616, 13.7819012, 0.0, -2.892603684, -8.82418508, 12.9986736, -20.9677716, 9.97420436, 0.0, -0.16425460000000003, -7.251607079999999, -6.79013442, 54.6783868, 0.0
24.3233228, -6.8570494, -3.3386412, -0.6371861072, 19.1633672, 0.0, -19.9934566, -3.7875816, -1.22871438, -3.11710888, 13.8920946, 0.0, -3.784675042, -9.43144904, 11.9496518, -21.4814538, 8.86483948, 0.0, -1.3999017, -7.10662684, -5.62688256, 54.7260884, 0.0
24.442362, -6.5638065, -3.2951052, -0.76568806, 18.940584, 0.0, -19.66115, -4.0766225, -1.2573817, -3.0429816, 14.002288, 0.0, -4.6767464, -10.038713, 10.90063, -21.995136, 7.7554746, 0.0, -2.6355488, -6.9616466, -4.4636307, 54.77379, 0.0
24.4789648, -6.19669692, -3.39921102, -0.920193288, 18.7429464, 0.0, -19.2129284, -4.5497982, -1.31076136, -3.05516648, 14.221926, 0.0, -5.86742192, -11.4260276, 10.6139406, -21.7057054, 7.2137538800000005, 0.0, -4.0596080400000005, -6.5334588799999995, -3.0447327400000006, 55.0135266, 0.0
24.5155676, -5.82958734, -3.50331684, -1.074698516, 18.5453088, 0.0, -18.7647068, -5.0229739, -1.3641410200000001, -3.06735136, 14.441564, 0.0, -7.05809744, -12.813342200000001, 10.3272512, -21.4162748, 6.67203316, 0.0, -5.483667280000001, -6.10527116, -1.6258347800000004, 55.2532632, 0.0
24.552170399999998, -5.4624777600000005, -3.60742266, -1.229203744, 18.3476712, 0.0, -18.3164852, -5.4961496, -1.41752068, -3.07953624, 14.661202000000001, 0.0, -8.24877296, -14.2006568, 10.0405618, -21.126844199999997, 6.13031244, 0.0, -6.907726520000001, -5.67708344, -0.20693682000000013, 55.4929998, 0.0
24.5887732, -5.09536818, -3.71152848, -1.383708972, 18.1500336, 0.0, -17.8682636, -5.9693252999999995, -1.47090034, -3.09172112, 14.880840000000001, 0.0, -9.43944848, -15.5879714, 9.7538724, -20.837413599999998, 5.58859172, 0.0, -8.33178576, -5.24889572, 1.2119611399999997, 55.7327364, 0.0
24.625376, -4.7282586, -3.8156343, -1.5382142, 17.952396, 0.0, -17.420042, -6.442501, -1.52428, -3.103906, 15.100478, 0.0, -10.630124, -16.975286, 9.467183, -20.547983, 5.046871, 0.0, -9.755845, -4.820708, 2.6308591, 55.972473, 0.0
24.6277376, -4.44827642, -4.10454258, -1.6480423000000002, 17.9199322, 0.0, -17.011446, -6.9734032, -1.6101754400000001, -3.20708424, 15.354657600000001, 0.0, -11.6537112, -18.6488668, 10.1083512, -19.4469928, 5.38508592, 0.0, -10.7353714, -4.2631185799999995, 3.6944058799999997, 56.2625816, 0.0
24.6300992, -4.16829424, -4.39345086, -1.7578704, 17.8874684, 0.0, -16.60285, -7.5043054, -1.6960708800000002, -3.31026248, 15.608837200000002, 0.0, -12.677298400000002, -20.3224476, 10.7495194, -18.3460026, 5.72330084, 0.0, -11.714897800000001, -3.7055291599999998, 4.75795266, 56.5526902, 0.0
24.6324608, -3.88831206, -4.68235914, -1.8676985000000002, 17.8550046, 0.0, -16.194254, -8.0352076, -1.78196632, -3.4134407199999997, 15.8630168, 0.0, -13.700885600000001, -21.9960284, 11.3906876, -17.2450124, 6.06151576, 0.0, -12.6944242, -3.14793974, 5.82149944, 56.8427988, 0.0
24.6348224, -3.6083298800000003, -4.97126742, -1.9775266, 17.8225408, 0.0, -15.785658, -8.5661098, -1.86786176, -3.5166189599999997, 16.1171964, 0.0, -14.724472800000001, -23.6696092, 12.031855799999999, -16.144022200000002, 6.399730679999999, 0.0, -13.673950600000001, -2.5903503199999998, 6.8850462199999996, 57.1329074, 0.0
24.637184, -3.3283477, -5.2601757, -2.0873547, 17.790077, 0.0, -15.377062, -9.097012, -1.9537572, -3.6197972, 16.371376, 0.0, -15.74806, -25.34319, 12.673024, -15.043032, 6.7379456, 0.0, -14.653477, -2.0327609, 7.948593, 57.423016, 0.0
24.637184, -3.32074362, -5.51621016, -2.16968592, 17.873237800000002, 0.0, -15.1744394, -9.388931999999999, -2.03035224, -3.68228218, 16.537181, 0.0, -16.26582, -26.478512, 14.0859198, -13.2857852, 7.8908388799999996, 0.0, -14.9191552, -1.86878288, 8.344328599999999, 57.767998, 0.0
24.637184, -3.31313954, -5.7722446199999995, -2.25201714, 17.9563986, 0.0, -14.971816800000001, -9.680852, -2.10694728, -3.74476716, 16.702986, 0.0, -16.78358, -27.613834, 15.4988156, -11.5285384, 9.04373216, 0.0, -15.1848334, -1.7048048599999999, 8.740064199999999, 58.11298, 0.0
24.637184, -3.30553546, -6.02827908, -2.3343483600000003, 18.0395594, 0.0, -14.7691942, -9.972771999999999, -2.18354232, -3.80725214, 16.868791, 0.0, -17.30134, -28.749156, 16.9117114, -9.7712916, 10.19662544, 0.0, -15.4505116, -1.54082684, 9.1357998, 58.457961999999995, 0.0
24.637184, -3.29793138, -6.284313539999999, -2.4166795800000003, 18.1227202, 0.0, -14.5665716, -10.264692, -2.26013736, -3.86973712, 17.034596, 0.0, -17.819100000000002, -29.884478, 18.3246072, -8.0140448, 11.349518719999999, 0.0, -15.7161898, -1.37684882, 9.5315354, 58.802944, 0.0
24.637184, -3.2903273, -6.540348, -2.4990108, 18.205881, 0.0, -14.363949, -10.556612, -2.3367324, -3.9322221, 17.200401, 0.0, -18.33686, -31.0198, 19.737503, -6.256798, 12.502412, 0.0, -15.981868, -1.2128708, 9.927271, 59.147926, 0.0
24.637184, -3.39298172, -6.5261052, -2.4952057400000003, 18.2988494, 0.0, -14.3116366, -10.535776799999999, -2.3108193399999997, -3.9463432000000003, 17.2391862, 0.0, -18.355366, -31.3453772, 21.2938912, -4.46922676, 13.8813154, 0.0, -15.6060066, -1.41615826, 9.6671918, 59.3478636, 0.0
24.637184, -3.49563614, -6.5118624, -2.4914006800000004, 18.391817800000002, 0.0, -14.2593242, -10.5149416, -2.28490628, -3.9604643, 17.2779714, 0.0, -18.373872000000002, -31.6709544, 22.8502794, -2.6816555200000005, 15.2602188, 0.0, -15.2301452, -1.6194457199999999, 9.4071126, 59.547801199999995, 0.0
24.637184, -3.5982905599999997, -6.4976196, -2.48759562, 18.4847862, 0.0, -14.2070118, -10.4941064, -2.25899322, -3.9745854, 17.3167566, 0.0, -18.392378, -31.9965316, 24.4066676, -0.8940842800000013, 16.6391222, 0.0, -14.854283800000001, -1.82273318, 9.1470334, 59.7477388, 0.0
24.637184, -3.70094498, -6.4833768, -2.48379056, 18.5777546, 0.0, -14.1546994, -10.473271200000001, -2.23308016, -3.9887064999999997, 17.3555418, 0.0, -18.410884000000003, -32.3221088, 25.9630558, 0.8934869599999988, 18.0180256, 0.0, -14.4784224, -2.02602064, 8.8869542, 59.9476764, 0.0
24.637184, -3.8035994, -6.469134, -2.4799855, 18.670723, 0.0, -14.102387, -10.452436, -2.2071671, -4.0028276, 17.394327, 0.0, -18.42939, -32.647686, 27.519444, 2.6810582, 19.396929, 0.0, -14.102561, -2.2293081, 8.626875, 60.147614, 0.0
24.637184, -3.92808698, -6.2144458, -2.4150414600000003, 18.7147458, 0.0, -14.192055, -10.1458894, -2.10846064, -3.98063938, 17.3466986, 0.0, -18.0332498, -32.1715812, 28.4993244, 3.86831136, 20.2877066, 0.0, -13.208261799999999, -2.62105328, 7.7911677, 60.1518552, 0.0
24.637184, -4.05257456, -5.9597576000000005, -2.35009742, 18.7587686, 0.0, -14.281723, -9.8393428, -2.00975418, -3.95845116, 17.2990702, 0.0, -17.637109600000002, -31.6954764, 29.4792048, 5.05556452, 21.1784842, 0.0, -12.3139626, -3.01279846, 6.9554604, 60.156096399999996, 0.0
24.637184, -4.17706214, -5.7050694, -2.28515338, 18.8027914, 0.0, -14.371391000000001, -9.5327962, -1.91104772, -3.9362629399999998, 17.251441800000002, 0.0, -17.2409694, -31.2193716, 30.4590852, 6.24281768, 22.0692618, 0.0, -11.4196634, -3.40454364, 6.1197531000000005, 60.1603376, 0.0
24.637184, -4.30154972, -5.450381200000001, -2.22020934, 18.8468142, 0.0, -14.461059, -9.226249600000001, -1.81234126, -3.91407472, 17.2038134, 0.0, -16.844829200000003, -30.7432668, 31.438965600000003, 7.43007084, 22.9600394, 0.0, -10.525364199999999, -3.79628882, 5.2840458, 60.164578799999994, 0.0
24.637184, -4.4260373, -5.195693, -2.1552653, 18.890837, 0.0, -14.550727, -8.919703, -1.7136348, -3.8918865, 17.156185, 0.0, -16.448689, -30.267162, 32.418846, 8.617324, 23.850817, 0.0, -9.631065, -4.188034, 4.4483385, 60.16882, 0.0
24.6361832, -4.57083584, -4.9480481, -2.03046768, 18.9689906, 0.0, -14.846248, -8.42758712, -1.6831508, -3.86700948, 16.9760626, 0.0, -15.692833400000001, -29.0506836, 32.6674688, 9.0595278, 24.0037476, 0.0, -8.4190276, -4.54876934, 3.23400604, 59.998025999999996, 0.0
24.6351824, -4.71563438, -4.7004032, -1.9056700599999998, 19.0471442, 0.0, -15.141769, -7.93547124, -1.6526668, -3.84213246, 16.7959402, 0.0, -14.936977800000001, -27.8342052, 32.9160916, 9.5017316, 24.156678199999998, 0.0, -7.2069902, -4.9095046799999995, 2.01967358, 59.827231999999995, 0.0
24.6341816, -4.86043292, -4.4527583, -1.78087244, 19.1252978, 0.0, -15.437289999999999, -7.44335536, -1.6221827999999998, -3.81725544, 16.6158178, 0.0, -14.1811222, -26.6177268, 33.1647144, 9.9439354, 24.3096088, 0.0, -5.9949528, -5.270240019999999, 0.80534112, 59.656438, 0.0
24.6331808, -5.00523146, -4.2051134, -1.65607482, 19.2034514, 0.0, -15.732811, -6.95123948, -1.5916987999999999, -3.79237842, 16.4356954, 0.0, -13.4252666, -25.4012484, 33.4133372, 10.3861392, 24.462539399999997, 0.0, -4.7829154, -5.63097536, -0.40899134000000004, 59.485644, 0.0
24.63218, -5.15003, -3.9574685, -1.5312772, 19.281605, 0.0, -16.028332, -6.4591236, -1.5612148, -3.7675014, 16.255573, 0.0, -12.669411, -24.18477, 33.66196, 10.828343, 24.61547, 0.0, -3.570878, -5.9917107, -1.6233238, 59.31485, 0.0
24.616973, -5.3034516, -3.9476854, -1.3717424, 19.456004999999998, 0.0, -16.4462828, -6.0011361999999995, -1.6650752999999998, -3.83623232, 15.945349799999999, 0.0, -11.7483674, -22.4546764, 33.2795726, 10.5382772, 24.118012999999998, 0.0, -2.45241716, -6.1688351599999995, -2.80317974, 58.9980234, 0.0
24.601766, -5.4568731999999995, -3.9379023, -1.2122076, 19.630405, 0.0, -16.8642336, -5.5431488, -1.7689358, -3.9049632400000003, 15.6351266, 0.0, -10.8273238, -20.7245828, 32.8971852, 10.2482114, 23.620555999999997, 0.0, -1.33395632, -6.3459596199999995, -3.98303568, 58.6811968, 0.0
24.586559, -5.6102948, -3.9281192, -1.0526727999999999, 19.804804999999998, 0.0, -17.282184400000002, -5.0851614, -1.8727962999999999, -3.97369416, 15.324903399999998, 0.0, -9.9062802, -18.9944892, 32.5147978, 9.9581456, 23.123099, 0.0, -0.21549547999999996, -6.52308408, -5.16289162, 58.364370199999996, 0.0
24.571352, -5.7637164, -3.9183361, -0.893138, 19.979205, 0.0, -17.700135200000002, -4.627174, -1.9766567999999998, -4.04242508, 15.014680199999999, 0.0, -8.9852366, -17.2643956, 32.1324104, 9.668079800000001, 22.625642, 0.0, 0.90296536, -6.70020854, -6.342747559999999, 58.0475436, 0.0
24.556145, -5.917138, -3.908553, -0.7336032, 20.153605, 0.0, -18.118086, -4.1691866, -2.0805173, -4.111156, 14.704457, 0.0, -8.064193, -15.534302, 31.750023, 9.378014, 22.128185, 0.0, 2.0214262, -6.877333, -7.5226035, 57.730717, 0.0
24.511188, -6.007902919999999, -3.9538463999999998, -0.61561338, 20.3075928, 0.0, -18.4448952, -3.81955748, -2.18968324, -4.2348406800000005, 14.4368902, 0.0, -7.2640188, -13.70761194, 30.7557358, 8.348461200000001, 21.187293399999998, 0.0, 2.72322846, -6.91589752, -8.2333134, 57.3869396, 0.0
24.466231, -6.09866784, -3.9991398, -0.49762356, 20.461580599999998, 0.0, -18.7717044, -3.46992836, -2.29884918, -4.358525360000001, 14.1693234, 0.0, -6.4638446, -11.88092188, 29.7614486, 7.3189084, 20.246401799999997, 0.0, 3.4250307199999996, -6.95446204, -8.9440233, 57.0431622, 0.0
24.421274, -6.18943276, -4.0444332, -0.37963374000000005, 20.6155684, 0.0, -19.0985136, -3.12029924, -2.40801512, -4.48221004, 13.9017566, 0.0, -5.6636704, -10.05423182, 28.7671614, 6.2893556, 19.3055102, 0.0, 4.12683298, -6.99302656, -9.654733199999999, 56.699384800000004, 0.0
24.376317, -6.280197680000001, -4.0897266, -0.26164392000000003, 20.7695562, 0.0, -19.4253228, -2.77067012, -2.51718106, -4.60589472, 13.6341898, 0.0, -4.8634962, -8.227541760000001, 27.7728742, 5.2598028, 18.3646186, 0.0, 4.82863524, -7.03159108, -10.3654431, 56.355607400000004, 0.0
24.33136, -6.3709626, -4.13502, -0.1436541, 20.923544, 0.0, -19.752132, -2.421041, -2.626347, -4.7295794, 13.366623, 0.0, -4.063322, -6.4008517, 26.778587, 4.23025, 17.423727, 0.0, 5.5304375, -7.0701556, -11.076153, 56.01183, 0.0
24.3120512, -6.336521220000001, -4.07151492, -0.139337762, 20.9621518, 0.0, -19.8573238, -2.22188502, -2.66094418, -4.87720072, 13.2888312, 0.0, -3.5618719800000003, -4.9137414999999995, 25.3440462, 2.6920465, 16.525235, 0.0, 5.64491932, -7.05273998, -11.1163142, 55.623128, 0.0
24.292742399999998, -6.30207984, -4.00800984, -0.135021424, 21.0007596, 0.0, -19.9625156, -2.02272904, -2.69554136, -5.02482204, 13.2110394, 0.0, -3.06042196, -3.4266313, 23.9095054, 1.1538429999999997, 15.626743, 0.0, 5.75940114, -7.03532436, -11.1564754, 55.234426, 0.0
24.2734336, -6.267638460000001, -3.94450476, -0.130705086, 21.0393674, 0.0, -20.0677074, -1.82357306, -2.73013854, -5.17244336, 13.1332476, 0.0, -2.55897194, -1.9395211000000003, 22.4749646, -0.38436050000000055, 14.728251, 0.0, 5.87388296, -7.01790874, -11.1966366, 54.845724000000004, 0.0
24.2541248, -6.23319708, -3.88099968, -0.126388748, 21.077975199999997, 0.0, -20.1728992, -1.62441708, -2.76473572, -5.32006468, 13.0554558, 0.0, -2.05752192, -0.4524109000000003, 21.0404238, -1.9225640000000004, 13.829759, 0.0, 5.98836478, -7.00049312, -11.2367978, 54.457022, 0.0
24.234816, -6.1987557, -3.8174946, -0.12207241, 21.116583, 0.0, -20.278091, -1.4252611, -2.7993329, -5.467686, 12.977664, 0.0, -1.5560719, 1.0346993, 19.605883, -3.4607675, 12.931267, 0.0, 6.1028466, -6.9830775, -11.276959, 54.06832, 0.0
24.280966199999998, -6.00048606, -3.606165, -0.23673668799999997, 21.0257538, 0.0, -20.1683694, -1.319586686, -2.73241842, -5.577692, 13.087716, 0.0, -1.46737192, 1.82316578, 18.267338799999997, -4.8714414, 12.3504034, 0.0, 5.6678093800000005, -6.9037486800000005, -10.6641462, 53.6494374, 0.0
24.327116399999998, -5.802216420000001, -3.3948354, -0.351400966, 20.9349246, 0.0, -20.0586478, -1.213912272, -2.6655039400000002, -5.687698, 13.197768, 0.0, -1.37867194, 2.6116322600000004, 16.9287946, -6.2821153, 11.7695398, 0.0, 5.232772160000001, -6.82441986, -10.051333399999999, 53.2305548, 0.0
24.3732666, -5.60394678, -3.1835058, -0.46606524399999993, 20.8440954, 0.0, -19.9489262, -1.1082378579999999, -2.59858946, -5.7977039999999995, 13.307820000000001, 0.0, -1.28997196, 3.40009874, 15.590250399999999, -7.6927892, 11.1886762, 0.0, 4.79773494, -6.74509104, -9.4385206, 52.8116722, 0.0
24.4194168, -5.405677140000001, -2.9721762, -0.5807295219999999, 20.7532662, 0.0, -19.8392046, -1.002563444, -2.53167498, -5.90771, 13.417872000000001, 0.0, -1.20127198, 4.18856522, 14.2517062, -9.103463099999999, 10.607812599999999, 0.0, 4.36269772, -6.6657622199999995, -8.8257078, 52.3927896, 0.0
24.465567, -5.2074075, -2.7608466, -0.6953938, 20.662437, 0.0, -19.729483, -0.89688903, -2.4647605, -6.017716, 13.527924, 0.0, -1.112572, 4.9770317, 12.913162, -10.514137, 10.026949, 0.0, 3.9276605, -6.5864334, -8.212895, 51.973907, 0.0
24.4950416, -4.94529288, -2.47478812, -0.8910042, 20.4940986, 0.0, -19.522275399999998, -0.80098791, -2.33517564, -6.08071904, 13.6968986, 0.0, -1.2650217, 5.114970560000001, 12.141921, -11.3618234, 9.7126194, 0.0, 3.36568518, -6.5033554, -7.373423, 51.673301599999995, 0.0
24.5245162, -4.68317826, -2.18872964, -1.0866145999999999, 20.3257602, 0.0, -19.315067799999998, -0.70508679, -2.20559078, -6.14372208, 13.865873200000001, 0.0, -1.4174714, 5.25290942, 11.37068, -12.2095098, 9.3982898, 0.0, 2.80370986, -6.4202774, -6.533951, 51.3726962, 0.0
24.553990799999998, -4.42106364, -1.9026711599999997, -1.282225, 20.157421799999998, 0.0, -19.1078602, -0.60918567, -2.07600592, -6.20672512, 14.0348478, 0.0, -1.5699211, 5.39084828, 10.599439, -13.0571962, 9.0839602, 0.0, 2.2417345400000004, -6.3371994, -5.694478999999999, 51.0720908, 0.0
24.583465399999998, -4.15894902, -1.6166126799999998, -1.4778354, 19.9890834, 0.0, -18.9006526, -0.5132845500000001, -1.94642106, -6.26972816, 14.2038224, 0.0, -1.7223708, 5.5287871399999995, 9.828198, -13.9048826, 8.769630600000001, 0.0, 1.6797592200000002, -6.2541214, -4.855007, 50.7714854, 0.0
24.61294, -3.8968344, -1.3305542, -1.6734458, 19.820745, 0.0, -18.693445, -0.41738343, -1.8168362, -6.3327312, 14.372797, 0.0, -1.8748205, 5.666726, 9.056957, -14.752569, 8.455301, 0.0, 1.1177839, -6.1710434, -4.015535, 50.47088, 0.0
24.6175768, -3.74168022, -1.1228829999999999, -1.8470804, 19.698446, 0.0, -18.5589652, -0.26081805, -1.72845292, -6.35339176, 14.508462, 0.0, -1.9684968, 5.58686466, 8.894628800000001, -14.9954666, 8.314052440000001, 0.0, 0.8922043074, -6.15256166, -3.5820384599999997, 50.3016384, 0.0
24.6222136, -3.58652604, -0.9152118, -2.020715, 19.576147, 0.0, -18.4244854, -0.10425266999999999, -1.64006964, -6.37405232, 14.644127, 0.0, -2.0621731, 5.50700332, 8.7323006, -15.2383642, 8.17280388, 0.0, 0.6666247148, -6.1340799200000005, -3.14854192, 50.1323968, 0.0
24.6268504, -3.43137186, -0.7075406, -2.1943496000000002, 19.453848, 0.0, -18.2900056, 0.05231271000000004, -1.5516863600000002, -6.39471288, 14.779792, 0.0, -2.1558494, 5.42714198, 8.569972400000001, -15.4812618, 8.03155532, 0.0, 0.44104512220000003, -6.11559818, -2.71504538, 49.963155199999996, 0.0
24.6314872, -3.2762176800000002, -0.4998694, -2.3679842000000004, 19.331549, 0.0, -18.1555258, 0.20887809000000002, -1.46330308, -6.41537344, 14.915457, 0.0, -2.2495257, 5.34728064, 8.4076442, -15.7241594, 7.8903067600000005, 0.0, 0.21546552959999998, -6.097116440000001, -2.28154884, 49.793913599999996, 0.0
24.636124, -3.1210635, -0.2921982, -2.5416188, 19.20925, 0.0, -18.021046, 0.36544347, -1.3749198, -6.436034, 15.051122, 0.0, -2.343202, 5.2674193, 8.245316, -15.967057, 7.7490582, 0.0, -0.010114063, -6.0786347, -1.8480523, 49.624672, 0.0
24.636336, -3.06248258, -0.174570004, -2.6471235600000003, 19.1255124, 0.0, -17.940642, 0.514201456, -1.32844934, -6.467171120000001, 15.1513232, 0.0, -2.3839960999999996, 5.21264092, 8.336231, -15.9155434, 7.801432360000001, 0.0, 0.0537277836, -6.06554104, -1.79217248, 49.560826199999994, 0.0
24.636548, -3.00390166, -0.05694180800000001, -2.7526283200000004, 19.041774800000002, 0.0, -17.860238, 0.662959442, -1.28197888, -6.49830824, 15.2515244, 0.0, -2.4247902, 5.15786254, 8.427146, -15.8640298, 7.853806520000001, 0.0, 0.1175696302, -6.05244738, -1.73629266, 49.4969804, 0.0
24.63676, -2.94532074, 0.06068638799999998, -2.85813308, 18.9580372, 0.0, -17.779834, 0.8117174279999999, -1.23550842, -6.52944536, 15.3517256, 0.0, -2.4655842999999997, 5.10308416, 8.518061, -15.8125162, 7.90618068, 0.0, 0.1814114768, -6.03935372, -1.68041284, 49.433134599999995, 0.0
24.636972, -2.88673982, 0.178314584, -2.96363784, 18.8742996, 0.0, -17.69943, 0.9604754139999999, -1.18903796, -6.56058248, 15.451926799999999, 0.0, -2.5063784, 5.04830578, 8.608976, -15.7610026, 7.958554840000001, 0.0, 0.2452533234, -6.02626006, -1.6245330199999999, 49.3692888, 0.0
24.637184, -2.8281589, 0.29594278, -3.0691426, 18.790562, 0.0, -17.619026, 1.1092334, -1.1425675, -6.5917196, 15.552128, 0.0, -2.5471725, 4.9935274, 8.699891, -15.709489, 8.010929, 0.0, 0.30909517, -6.0131664, -1.5686532, 49.305443, 0.0
24.637184, -2.76226312, 0.347250084, -3.1115884400000002, 18.74626, 0.0, -17.5968138, 1.2273596599999999, -1.1626383599999999, -6.61456888, 15.6276032, 0.0, -2.5812578, 4.9462002599999995, 8.7176748, -15.6630446, 8.0583253, 0.0, 0.481816196, -6.02879652, -1.63514632, 49.338302, 0.0
24.637184, -2.69636734, 0.398557388, -3.1540342800000003, 18.701958, 0.0, -17.5746016, 1.34548592, -1.18270922, -6.63741816, 15.703078399999999, 0.0, -2.6153431, 4.898873119999999, 8.7354586, -15.616600199999999, 8.1057216, 0.0, 0.654537222, -6.04442664, -1.7016394400000001, 49.371161, 0.0
24.637184, -2.6304715599999997, 0.449864692, -3.19648012, 18.657656, 0.0, -17.5523894, 1.46361218, -1.20278008, -6.66026744, 15.7785536, 0.0, -2.6494283999999997, 4.85154598, 8.7532424, -15.5701558, 8.1531179, 0.0, 0.8272582479999999, -6.06005676, -1.7681325600000002, 49.404019999999996, 0.0
24.637184, -2.5645757799999997, 0.5011719960000001, -3.23892596, 18.613354, 0.0, -17.5301772, 1.58173844, -1.22285094, -6.68311672, 15.8540288, 0.0, -2.6835137, 4.80421884, 8.7710262, -15.5237114, 8.2005142, 0.0, 0.999979274, -6.07568688, -1.83462568, 49.436879, 0.0
24.637184, -2.49868, 0.5524793, -3.2813718, 18.569052, 0.0, -17.507965, 1.6998647, -1.2429218, -6.705966, 15.929504, 0.0, -2.717599, 4.7568917, 8.78881, -15.477267, 8.2479105, 0.0, 1.1727003, -6.091317, -1.9011188, 49.469738, 0.0
24.637184, -2.4341806, 0.544426848, -3.28497588, 18.5715304, 0.0, -17.5310488, 1.79061586, -1.30550216, -6.704738, 15.950813, 0.0, -2.74083692, 4.6914453599999995, 8.7511256, -15.3972874, 8.4171396, 0.0, 1.35924488, -6.1512321, -2.04363664, 49.5597976, 0.0
24.637184, -2.3696812, 0.536374396, -3.2885799600000003, 18.5740088, 0.0, -17.5541326, 1.8813670200000001, -1.36808252, -6.70351, 15.972121999999999, 0.0, -2.76407484, 4.62599902, 8.7134412, -15.3173078, 8.5863687, 0.0, 1.54578946, -6.2111472, -2.18615448, 49.6498572, 0.0
24.637184, -2.3051817999999997, 0.528321944, -3.29218404, 18.5764872, 0.0, -17.5772164, 1.97211818, -1.43066288, -6.702282, 15.993431, 0.0, -2.78731276, 4.56055268, 8.6757568, -15.237328199999999, 8.7555978, 0.0, 1.73233404, -6.2710623, -2.32867232, 49.7399168, 0.0
24.637184, -2.2406824, 0.5202694920000001, -3.29578812, 18.5789656, 0.0, -17.6003002, 2.06286934, -1.49324324, -6.701054, 16.01474, 0.0, -2.81055068, 4.49510634, 8.6380724, -15.157348599999999, 8.9248269, 0.0, 1.91887862, -6.3309774, -2.47119016, 49.8299764, 0.0
24.637184, -2.176183, 0.51221704, -3.2993922, 18.581444, 0.0, -17.623384, 2.1536205, -1.5558236, -6.699826, 16.036049, 0.0, -2.8337886, 4.42966, 8.600388, -15.077369, 9.094056, 0.0, 2.1054232, -6.3908925, -2.613708, 49.920036, 0.0
24.637184, -2.15215184, 0.460299252, -3.27779416, 18.6096448, 0.0, -17.6293492, 2.1785454, -1.6058866600000001, -6.7141003999999995, 15.961893599999998, 0.0, -2.87149388, 4.37942946, 8.652777, -14.803235599999999, 9.783782200000001, 0.0, 2.235083, -6.4578742, -2.8320493, 50.0037188, 0.0
24.637184, -2.12812068, 0.408381464, -3.2561961200000002, 18.637845600000002, 0.0, -17.635314400000002, 2.2034703, -1.6559497200000002, -6.7283748, 15.8877382, 0.0, -2.90919916, 4.32919892, 8.705166, -14.529102199999999, 10.4735084, 0.0, 2.3647428, -6.5248558999999995, -3.0503906, 50.0874016, 0.0
24.637184, -2.10408952, 0.356463676, -3.23459808, 18.6660464, 0.0, -17.6412796, 2.2283952, -1.70601278, -6.7426492, 15.813582799999999, 0.0, -2.94690444, 4.27896838, 8.757555, -14.2549688, 11.163234600000001, 0.0, 2.4944026, -6.5918376, -3.2687318999999997, 50.171084400000005, 0.0
24.637184, -2.0800583599999998, 0.30454588800000004, -3.2130000400000003, 18.6942472, 0.0, -17.647244800000003, 2.2533201000000003, -1.75607584, -6.7569236, 15.7394274, 0.0, -2.98460972, 4.22873784, 8.809944, -13.9808354, 11.852960800000002, 0.0, 2.6240623999999997, -6.658819299999999, -3.4870731999999998, 50.2547672, 0.0
24.637184, -2.0560272, 0.2526281, -3.191402, 18.722448, 0.0, -17.65321, 2.278245, -1.8061389, -6.771198, 15.665272, 0.0, -3.022315, 4.1785073, 8.862333, -13.706702, 12.542687, 0.0, 2.7537222, -6.725801, -3.7054145, 50.33845, 0.0
24.637184, -2.07694828, 0.19982790300000003, -3.1560224, 18.7495992, 0.0, -17.638656400000002, 2.26057994, -1.82257508, -6.76815946, 15.5722898, 0.0, -3.1002435399999997, 4.2190253, 9.0290468, -13.182904, 13.9640392, 0.0, 2.7909249, -6.7650270599999995, -3.91003216, 50.4162732, 0.0
24.637184, -2.09786936, 0.147027706, -3.1206428, 18.7767504, 0.0, -17.624102800000003, 2.24291488, -1.8390112600000001, -6.76512092, 15.4793076, 0.0, -3.17817208, 4.2595433, 9.1957606, -12.659106, 15.3853914, 0.0, 2.8281275999999997, -6.804253119999999, -4.11464982, 50.494096400000004, 0.0
24.637184, -2.11879044, 0.09422750899999999, -3.0852632, 18.8039016, 0.0, -17.6095492, 2.22524982, -1.85544744, -6.76208238, 15.386325399999999, 0.0, -3.25610062, 4.3000613, 9.3624744, -12.135308, 16.8067436, 0.0, 2.8653303, -6.84347918, -4.319267480000001, 50.5719196, 0.0
24.637184, -2.13971152, 0.041427311999999994, -3.0498836000000002, 18.831052800000002, 0.0, -17.5949956, 2.20758476, -1.8718836200000002, -6.75904384, 15.293343199999999, 0.0, -3.33402916, 4.3405793, 9.5291882, -11.611509999999999, 18.2280958, 0.0, 2.902533, -6.88270524, -4.52388514, 50.649742800000006, 0.0
24.637184, -2.1606326, -0.011372885, -3.014504, 18.858204, 0.0, -17.580442, 2.1899197, -1.8883198, -6.7560053, 15.200361, 0.0, -3.4119577, 4.3810973, 9.695902, -11.087712, 19.649448, 0.0, 2.9397357, -6.9219313, -4.7285028, 50.727566, 0.0
24.637184, -2.20481688, -0.009282590428, -2.98037032, 18.8601858, 0.0, -17.5227146, 2.10389938, -1.8749349400000002, -6.75427924, 15.1596344, 0.0, -3.5860585599999997, 4.45949564, 9.8775888, -10.34453446, 21.7963028, 0.0, 2.85538282, -6.93329844, -4.77599176, 50.889153400000005, 0.0
24.637184, -2.24900116, -0.007192295856, -2.94623664, 18.8621676, 0.0, -17.4649872, 2.01787906, -1.86155008, -6.75255318, 15.118907799999999, 0.0, -3.76015942, 4.53789398, 10.0592756, -9.60135692, 23.9431576, 0.0, 2.77102994, -6.94466558, -4.82348072, 51.0507408, 0.0
24.637184, -2.29318544, -0.005102001284, -2.91210296, 18.864149400000002, 0.0, -17.407259800000002, 1.93185874, -1.84816522, -6.75082712, 15.0781812, 0.0, -3.9342602799999997, 4.61629232, 10.2409624, -8.85817938, 26.0900124, 0.0, 2.68667706, -6.9560327200000005, -4.87096968, 51.2123282, 0.0
24.637184, -2.33736972, -0.003011706712, -2.87796928, 18.8661312, 0.0, -17.3495324, 1.84583842, -1.8347803599999999, -6.74910106, 15.037454599999998, 0.0, -4.1083611399999995, 4.69469066, 10.4226492, -8.11500184, 28.2368672, 0.0, 2.60232418, -6.9673998600000004, -4.91845864, 51.3739156, 0.0
24.637184, -2.381554, -0.00092141214, -2.8438356, 18.868113, 0.0, -17.291805, 1.7598181, -1.8213955, -6.747375, 14.996728, 0.0, -4.282462, 4.773089, 10.604336, -7.3718243, 30.383722, 0.0, 2.5179713, -6.978767, -4.9659476, 51.535503, 0.0
24.637184, -2.41837486, -0.018317224712000004, -2.8065478799999997, 18.8603694, 0.0, -17.2146246, 1.63430792, -1.79741426, -6.7341111, 14.9898087, 0.0, -4.48640728, 4.822203399999999, 10.7749072, -6.50104724, 32.9108616, 0.0, 2.34075588, -6.9834274, -4.88718804, 51.7989454, 0.0
24.637184, -2.45519572, -0.03571303728400001, -2.76926016, 18.852625800000002, 0.0, -17.1374442, 1.5087977399999999, -1.77343302, -6.7208472, 14.9828894, 0.0, -4.69035256, 4.8713178, 10.945478399999999, -5.63027018, 35.438001199999995, 0.0, 2.16354046, -6.9880878, -4.80842848, 52.0623878, 0.0
24.637184, -2.49201658, -0.053108849856000014, -2.73197244, 18.8448822, 0.0, -17.060263799999998, 1.38328756, -1.74945178, -6.7075833000000005, 14.9759701, 0.0, -4.89429784, 4.9204322, 11.1160496, -4.75949312, 37.9651408, 0.0, 1.98632504, -6.9927482, -4.72966892, 52.3258302, 0.0
24.637184, -2.5288374399999998, -0.070504662428, -2.69468472, 18.837138600000003, 0.0, -16.983083399999998, 1.25777738, -1.7254705399999999, -6.6943194, 14.9690508, 0.0, -5.09824312, 4.9695466, 11.2866208, -3.88871606, 40.4922804, 0.0, 1.80910962, -6.9974086, -4.65090936, 52.5892726, 0.0
24.637184, -2.5656583, -0.087900475, -2.657397, 18.829395, 0.0, -16.905903, 1.1322672, -1.7014893, -6.6810555, 14.9621315, 0.0, -5.3021884, 5.018661, 11.457192, -3.017939, 43.01942, 0.0, 1.6318942, -7.002069, -4.5721498, 52.852715, 0.0
24.637184, -2.5975219, -0.14499424, -2.63732908, 18.828724, 0.0, -16.885666, 1.02856978, -1.71192362, -6.6357230000000005, 14.959917, 0.0, -5.4379832200000005, 5.0368657, 11.499395199999999, -2.2900479000000002, 45.197543599999996, 0.0, 1.48721748, -6.97758, -4.54766784, 53.144292, 0.0
24.637184, -2.6293854999999997, -0.20208800500000001, -2.61726116, 18.828053, 0.0, -16.865429, 0.9248723600000001, -1.72235794, -6.5903905, 14.9577025, 0.0, -5.5737780400000005, 5.0550704, 11.5415984, -1.5621568, 47.375667199999995, 0.0, 1.3425407599999999, -6.953091, -4.52318588, 53.435869000000004, 0.0
24.637184, -2.6612491, -0.25918177, -2.59719324, 18.827382, 0.0, -16.845192, 0.82117494, -1.73279226, -6.545058, 14.955488, 0.0, -5.70957286, 5.0732751, 11.5838016, -0.8342656999999996, 49.5537908, 0.0, 1.19786404, -6.928602, -4.4987039200000005, 53.727446, 0.0
24.637184, -2.6931127, -0.31627553500000005, -2.57712532, 18.826711, 0.0, -16.824955, 0.7174775200000001, -1.74322658, -6.499725499999999, 14.9532735, 0.0, -5.84536768, 5.0914798, 11.6260048, -0.10637459999999965, 51.7319144, 0.0, 1.05318732, -6.904113, -4.47422196, 54.019023000000004, 0.0
24.637184, -2.7249763, -0.3733693, -2.5570574, 18.82604, 0.0, -16.804718, 0.6137801, -1.7536609, -6.454393, 14.951059, 0.0, -5.9811625, 5.1096845, 11.668208, 0.6215165, 53.910038, 0.0, 0.9085106, -6.879624, -4.44974, 54.3106, 0.0
24.637184, -2.7749580799999998, -0.426852448, -2.5709112800000002, 18.8133826, 0.0, -16.8177864, 0.53001958, -1.7614534400000001, -6.414811879999999, 14.915802600000001, 0.0, -6.0273982, 5.15119526, 11.6380078, 1.08553766, 55.423697, 0.0, 0.895302728, -6.82949552, -4.65522114, 54.50117, 0.0
24.637184, -2.8249398599999997, -0.48033559600000003, -2.5847651600000003, 18.8007252, 0.0, -16.8308548, 0.44625906000000004, -1.76924598, -6.37523076, 14.880546200000001, 0.0, -6.0736339, 5.19270602, 11.607807600000001, 1.5495588200000001, 56.937356, 0.0, 0.8820948559999999, -6.77936704, -4.86070228, 54.69174, 0.0
24.637184, -2.87492164, -0.533818744, -2.59861904, 18.7880678, 0.0, -16.8439232, 0.36249854000000004, -1.77703852, -6.33564964, 14.8452898, 0.0, -6.1198696, 5.23421678, 11.5776074, 2.0135799800000003, 58.451015, 0.0, 0.868886984, -6.72923856, -5.06618342, 54.88231, 0.0
24.637184, -2.92490342, -0.587301892, -2.61247292, 18.7754104, 0.0, -16.8569916, 0.27873802000000003, -1.78483106, -6.29606852, 14.8100334, 0.0, -6.1661053, 5.27572754, 11.5474072, 2.47760114, 59.964674, 0.0, 0.8556791119999999, -6.67911008, -5.2716645600000005, 55.07288, 0.0
24.637184, -2.9748852, -0.64078504, -2.6263268, 18.762753, 0.0, -16.87006, 0.1949775, -1.7926236, -6.2564874, 14.774777, 0.0, -6.212341, 5.3172383, 11.517207, 2.9416223, 61.478333, 0.0, 0.84247124, -6.6289816, -5.4771457, 55.26345, 0.0
24.637184, -3.01148412, -0.686934412, -2.6159267400000004, 18.789825, 0.0, -16.910424799999998, 0.1547840855, -1.78980322, -6.20434582, 14.7319368, 0.0, -6.12414412, 5.28747136, 11.448140800000001, 3.20247748, 62.335868399999995, 0.0, 0.879407692, -6.59787048, -5.879462080000001, 55.27834, 0.0
24.637184, -3.04808304, -0.7330837840000001, -2.60552668, 18.816897, 0.0, -16.9507896, 0.11459067099999999, -1.78698284, -6.1522042400000005, 14.6890966, 0.0, -6.0359472400000005, 5.25770442, 11.379074600000001, 3.46333266, 63.1934038, 0.0, 0.916344144, -6.56675936, -6.28177846, 55.29323, 0.0
24.637184, -3.08468196, -0.7792331560000001, -2.5951266200000003, 18.843968999999998, 0.0, -16.9911544, 0.07439725649999998, -1.78416246, -6.10006266, 14.6462564, 0.0, -5.94775036, 5.2279374800000005, 11.3100084, 3.72418784, 64.0509392, 0.0, 0.953280596, -6.53564824, -6.68409484, 55.308119999999995, 0.0
24.637184, -3.12128088, -0.825382528, -2.58472656, 18.871040999999998, 0.0, -17.0315192, 0.034203841999999984, -1.78134208, -6.04792108, 14.6034162, 0.0, -5.85955348, 5.1981705400000005, 11.2409422, 3.98504302, 64.90847459999999, 0.0, 0.9902170480000001, -6.50453712, -7.0864112200000005, 55.32301, 0.0
24.637184, -3.1578798, -0.8715319, -2.5743265, 18.898113, 0.0, -17.071884, -0.0059895725, -1.7785217, -5.9957795, 14.560576, 0.0, -5.7713566, 5.1684036, 11.171876, 4.2458982, 65.76601, 0.0, 1.0271535, -6.473426, -7.4887276, 55.3379, 0.0
24.637184, -3.18604364, -0.90080188, -2.5439441, 18.912952999999998, 0.0, -17.1287208, -0.028724828, -1.787874, -5.93999328, 14.5694518, 0.0, -5.67850896, 4.997527000000001, 11.11291, 4.42015096, 66.138932, 0.0, 1.05443526, -6.4749253399999995, -7.89813628, 55.2922072, 0.0
24.637184, -3.21420748, -0.9300718600000001, -2.5135617, 18.927792999999998, 0.0, -17.1855576, -0.0514600835, -1.7972263, -5.8842070600000005, 14.5783276, 0.0, -5.58566132, 4.8266504, 11.053944, 4.59440372, 66.511854, 0.0, 1.08171702, -6.47642468, -8.30754496, 55.2465144, 0.0
24.637184, -3.24237132, -0.95934184, -2.4831793, 18.942633, 0.0, -17.242394400000002, -0.07419533900000001, -1.8065786000000001, -5.82842084, 14.5872034, 0.0, -5.49281368, 4.6557738, 10.994978, 4.768656480000001, 66.88477599999999, 0.0, 1.10899878, -6.47792402, -8.71695364, 55.2008216, 0.0
24.637184, -3.27053516, -0.98861182, -2.4527969, 18.957473, 0.0, -17.2992312, -0.09693059450000001, -1.8159309000000001, -5.77263462, 14.5960792, 0.0, -5.39996604, 4.4848972, 10.936012, 4.9429092400000005, 67.25769799999999, 0.0, 1.13628054, -6.47942336, -9.12636232, 55.1551288, 0.0
24.637184, -3.298699, -1.0178818, -2.4224145, 18.972313, 0.0, -17.356068, -0.11966585, -1.8252832, -5.7168484, 14.604955, 0.0, -5.3071184, 4.3140206, 10.877046, 5.117162, 67.63062, 0.0, 1.1635623, -6.4809227, -9.535771, 55.109436, 0.0
24.637184, -3.3160468, -1.01862198, -2.3824036, 18.9367784, 0.0, -17.4291984, -0.095825464188, -1.83248718, -5.62083484, 14.685932000000001, 0.0, -5.23590344, 4.13008106, 10.8944078, 5.25501386, 67.78940399999999, 0.0, 1.13881112, -6.49246796, -9.7817632, 55.0997308, 0.0
24.637184, -3.3333946, -1.01936216, -2.3423927, 18.9012438, 0.0, -17.5023288, -0.071985078376, -1.83969116, -5.52482128, 14.766909, 0.0, -5.164688480000001, 3.9461415200000003, 10.9117696, 5.3928657200000005, 67.94818799999999, 0.0, 1.11405994, -6.50401322, -10.0277554, 55.090025600000004, 0.0
24.637184, -3.3507424, -1.02010234, -2.3023818, 18.8657092, 0.0, -17.5754592, -0.048144692564, -1.84689514, -5.42880772, 14.847886, 0.0, -5.09347352, 3.7622019800000004, 10.929131400000001, 5.53071758, 68.106972, 0.0, 1.08930876, -6.51555848, -10.2737476, 55.0803204, 0.0
24.637184, -3.3680902, -1.02084252, -2.2623709, 18.8301746, 0.0, -17.6485896, -0.024304306752, -1.85409912, -5.332794160000001, 14.928863, 0.0, -5.02225856, 3.57826244, 10.9464932, 5.668569440000001, 68.265756, 0.0, 1.06455758, -6.52710374, -10.5197398, 55.0706152, 0.0
24.637184, -3.385438, -1.0215827, -2.22236, 18.79464, 0.0, -17.72172, -0.00046392094, -1.8613031, -5.2367806, 15.00984, 0.0, -4.9510436, 3.3943229, 10.963855, 5.8064213, 68.42454, 0.0, 1.0398064, -6.538649, -10.765732, 55.06091, 0.0
24.637184, -3.39513534, -1.010267228, -2.17921032, 18.7512794, 0.0, -17.770037600000002, 0.012011449248000001, -1.84960656, -5.17667128, 15.0380866, 0.0, -4.89443922, 3.287385, 11.0224732, 5.90869256, 68.525836, 0.0, 0.985855666, -6.58201554, -10.934603599999999, 55.100595, 0.0
24.637184, -3.40483268, -0.998951756, -2.13606064, 18.7079188, 0.0, -17.818355200000003, 0.024486819436, -1.83791002, -5.11656196, 15.0663332, 0.0, -4.83783484, 3.1804471, 11.0810914, 6.010963820000001, 68.627132, 0.0, 0.931904932, -6.6253820800000005, -11.1034752, 55.14028, 0.0
24.637184, -3.41453002, -0.987636284, -2.0929109599999998, 18.6645582, 0.0, -17.8666728, 0.036962189624, -1.82621348, -5.05645264, 15.0945798, 0.0, -4.78123046, 3.0735092, 11.1397096, 6.11323508, 68.728428, 0.0, 0.877954198, -6.66874862, -11.2723468, 55.179965, 0.0
24.637184, -3.42422736, -0.976320812, -2.04976128, 18.6211976, 0.0, -17.9149904, 0.049437559812, -1.81451694, -4.99634332, 15.122826400000001, 0.0, -4.72462608, 2.9665713, 11.1983278, 6.21550634, 68.829724, 0.0, 0.824003464, -6.71211516, -11.4412184, 55.21965, 0.0
24.637184, -3.4339247, -0.96500534, -2.0066116, 18.577837, 0.0, -17.963308, 0.06191293, -1.8028204, -4.936234, 15.151073, 0.0, -4.6680217, 2.8596334, 11.256946, 6.3177776, 68.93102, 0.0, 0.77005273, -6.7554817, -11.61009, 55.259335, 0.0
24.637184, -3.45940992, -0.958608784, -1.9687484599999998, 18.562248999999998, 0.0, -17.9709062, 0.035680932, -1.7700069200000002, -4.93623028, 15.1173992, 0.0, -4.62596396, 2.83423796, 11.288854599999999, 6.38500458, 69.033984, 0.0, 0.720506918, -6.79798506, -11.7912078, 55.3548474, 0.0
24.637184, -3.48489514, -0.952212228, -1.9308853199999998, 18.546661, 0.0, -17.978504400000002, 0.009448933999999999, -1.73719344, -4.93622656, 15.0837254, 0.0, -4.58390622, 2.80884252, 11.3207632, 6.45223156, 69.136948, 0.0, 0.670961106, -6.84048842, -11.9723256, 55.4503598, 0.0
24.637184, -3.51038036, -0.9458156719999999, -1.89302218, 18.531073, 0.0, -17.9861026, -0.016783063999999993, -1.70437996, -4.93622284, 15.0500516, 0.0, -4.54184848, 2.78344708, 11.3526718, 6.51945854, 69.239912, 0.0, 0.621415294, -6.88299178, -12.1534434, 55.5458722, 0.0
24.637184, -3.53586558, -0.9394191159999999, -1.85515904, 18.515485, 0.0, -17.9937008, -0.043015062, -1.6715664799999999, -4.93621912, 15.0163778, 0.0, -4.49979074, 2.75805164, 11.3845804, 6.58668552, 69.342876, 0.0, 0.571869482, -6.92549514, -12.3345612, 55.6413846, 0.0
24.637184, -3.5613508, -0.93302256, -1.8172959, 18.499897, 0.0, -18.001299, -0.06924706, -1.638753, -4.9362154, 14.982704, 0.0, -4.457733, 2.7326562, 11.416489, 6.6539125, 69.44584, 0.0, 0.52232367, -6.9679985, -12.515679, 55.736897, 0.0
24.637184, -3.59958784, -0.8926717679999999, -1.77606512, 18.4609162, 0.0, -18.0223718, -0.056215915, -1.5953151799999998, -4.90873546, 14.893709, 0.0, -4.40023314, 2.78568708, 11.4339368, 6.7058254, 69.556624, 0.0, 0.514157336, -7.0145624, -12.707827400000001, 55.9078868, 0.0
24.637184, -3.63782488, -0.852320976, -1.73483434, 18.4219354, 0.0, -18.0434446, -0.04318477, -1.55187736, -4.88125552, 14.804714, 0.0, -4.34273328, 2.8387179600000003, 11.4513846, 6.7577383, 69.667408, 0.0, 0.505991002, -7.0611263, -12.8999758, 56.0788766, 0.0
24.637184, -3.67606192, -0.811970184, -1.6936035600000001, 18.3829546, 0.0, -18.0645174, -0.030153625000000003, -1.50843954, -4.85377558, 14.715719, 0.0, -4.28523342, 2.89174884, 11.4688324, 6.8096512, 69.778192, 0.0, 0.49782466799999997, -7.1076902, -13.0921242, 56.249866399999995, 0.0
24.637184, -3.7142989600000003, -0.7716193920000001, -1.65237278, 18.3439738, 0.0, -18.085590200000002, -0.017122480000000002, -1.46500172, -4.82629564, 14.626724000000001, 0.0, -4.22773356, 2.94477972, 11.486280200000001, 6.8615641, 69.888976, 0.0, 0.489658334, -7.1542541, -13.2842726, 56.420856199999996, 0.0
24.637184, -3.752536, -0.7312686, -1.611142, 18.304993, 0.0, -18.106663, -0.004091335, -1.4215639, -4.7988157, 14.537729, 0.0, -4.1702337, 2.9978106, 11.503728, 6.913477, 69.99976, 0.0, 0.481492, -7.200818, -13.476421, 56.591846, 0.0
24.637184, -3.8239195400000003, -0.6754109260000001, -1.5960459, 18.219874, 0.0, -18.1197126, -0.0017025049999999996, -1.3697275, -4.787969159999999, 14.41891, 0.0, -4.14435176, 3.04029184, 11.502596, 6.9520602600000005, 70.07346799999999, 0.0, 0.51487967, -7.2589787, -13.686127, 56.7757618, 0.0
24.637184, -3.89530308, -0.619553252, -1.5809498, 18.134755, 0.0, -18.132762200000002, 0.0006863250000000006, -1.3178911, -4.77712262, 14.300091, 0.0, -4.11846982, 3.08277308, 11.501464, 6.99064352, 70.147176, 0.0, 0.54826734, -7.3171394, -13.895833, 56.9596776, 0.0
24.637184, -3.9666866200000004, -0.563695578, -1.5658537000000001, 18.049636, 0.0, -18.1458118, 0.0030751550000000013, -1.2660547, -4.76627608, 14.181272, 0.0, -4.09258788, 3.1252543200000003, 11.500332, 7.02922678, 70.220884, 0.0, 0.58165501, -7.3753001, -14.105539, 57.1435934, 0.0
24.637184, -4.03807016, -0.5078379040000001, -1.5507576, 17.964516999999997, 0.0, -18.158861400000003, 0.005463985000000001, -1.2142183, -4.755429540000001, 14.062453, 0.0, -4.066705939999999, 3.16773556, 11.4992, 7.0678100399999995, 70.29459200000001, 0.0, 0.6150426800000001, -7.4334608, -14.315244999999999, 57.3275092, 0.0
24.637184, -4.1094537, -0.45198023, -1.5356615, 17.879398, 0.0, -18.171911, 0.007852815, -1.1623819, -4.744583, 13.943634, 0.0, -4.040824, 3.2102168, 11.498068, 7.1063933, 70.3683, 0.0, 0.64843035, -7.4916215, -14.524951, 57.511425, 0.0
24.637184, -4.16651836, -0.413135564, -1.53188942, 17.8739694, 0.0, -18.177065000000002, 0.003918248400000001, -1.111537252, -4.73561514, 14.0018236, 0.0, -4.0301266, 3.24267284, 11.4682954, 7.12187458, 70.40243000000001, 0.0, 0.68270103, -7.5506603199999995, -14.7371556, 57.64059, 0.0
24.637184, -4.22358302, -0.374290898, -1.5281173399999999, 17.868540799999998, 0.0, -18.182219, -1.6318199999998742e-05, -1.060692604, -4.72664728, 14.0600132, 0.0, -4.0194292, 3.27512888, 11.4385228, 7.1373558599999996, 70.43656, 0.0, 0.71697171, -7.60969914, -14.9493602, 57.769755, 0.0
24.637184, -4.28064768, -0.335446232, -1.52434526, 17.8631122, 0.0, -18.187373, -0.0039508847999999985, -1.009847956, -4.7176794200000005, 14.118202799999999, 0.0, -4.0087318, 3.30758492, 11.4087502, 7.15283714, 70.47069, 0.0, 0.75124239, -7.66873796, -15.1615648, 57.89892, 0.0
24.637184, -4.33771234, -0.296601566, -1.52057318, 17.857683599999998, 0.0, -18.192527, -0.007885451399999998, -0.959003308, -4.70871156, 14.1763924, 0.0, -3.9980344, 3.34004096, 11.378977599999999, 7.168318419999999, 70.50482, 0.0, 0.78551307, -7.72777678, -15.3737694, 58.028085, 0.0
24.637184, -4.394777, -0.2577569, -1.5168011, 17.852255, 0.0, -18.197681, -0.011820018, -0.90815866, -4.6997437, 14.234582, 0.0, -3.987337, 3.372497, 11.349205, 7.1837997, 70.53895, 0.0, 0.81978375, -7.7868156, -15.585974, 58.15725, 0.0
24.637184, -4.39271454, -0.235464176, -1.4971812599999998, 17.9452454, 0.0, -18.2057072, -0.0063091126, -0.874753118, -4.67767282, 14.4652052, 0.0, -3.99104634, 3.39101956, 11.2993934, 7.16737162, 70.544818, 0.0, 0.83404403, -7.83268928, -15.7730418, 58.2264394, 0.0
24.637184, -4.39065208, -0.213171452, -1.47756142, 18.0382358, 0.0, -18.2137334, -0.0007982071999999996, -0.841347576, -4.6556019399999995, 14.6958284, 0.0, -3.99475568, 3.4095421200000002, 11.2495818, 7.15094354, 70.550686, 0.0, 0.8483043100000001, -7.87856296, -15.9601096, 58.295628799999996, 0.0
24.637184, -4.38858962, -0.190878728, -1.45794158, 18.1312262, 0.0, -18.221759600000002, 0.004712698199999999, -0.807942034, -4.63353106, 14.9264516, 0.0, -3.9984650200000003, 3.42806468, 11.1997702, 7.134515459999999, 70.556554, 0.0, 0.86256459, -7.924436640000001, -16.1471774, 58.3648182, 0.0
24.637184, -4.38652716, -0.168586004, -1.4383217400000001, 18.2242166, 0.0, -18.229785800000002, 0.0102236036, -0.774536492, -4.61146018, 15.1570748, 0.0, -4.00217436, 3.44658724, 11.1499586, 7.1180873799999995, 70.562422, 0.0, 0.87682487, -7.97031032, -16.334245199999998, 58.4340076, 0.0
24.637184, -4.3844647, -0.14629328, -1.4187019, 18.317207, 0.0, -18.237812, 0.015734509, -0.74113095, -4.5893893, 15.387698, 0.0, -4.0058837, 3.4651098, 11.100147, 7.1016593, 70.56829, 0.0, 0.89108515, -8.016184, -16.521313, 58.503197, 0.0
24.637184, -4.36362168, -0.1174284161, -1.41389066, 18.3474908, 0.0, -18.2651466, 0.0544317092, -0.7279412, -4.54913032, 15.505113, 0.0, -3.99907046, 3.46376636, 11.0655134, 7.08055284, 70.5620112, 0.0, 0.875179268, -8.031001, -16.626800799999998, 58.52894, 0.0
24.637184, -4.34277866, -0.0885635522, -1.40907942, 18.3777746, 0.0, -18.2924812, 0.09312890939999999, -0.71475145, -4.50887134, 15.622528, 0.0, -3.99225722, 3.46242292, 11.0308798, 7.05944638, 70.5557324, 0.0, 0.859273386, -8.045818, -16.7322886, 58.554683, 0.0
24.637184, -4.32193564, -0.0596986883, -1.40426818, 18.4080584, 0.0, -18.3198158, 0.1318261096, -0.7015617, -4.46861236, 15.739943, 0.0, -3.98544398, 3.46107948, 10.9962462, 7.03833992, 70.5494536, 0.0, 0.8433675039999999, -8.060635, -16.8377764, 58.580426, 0.0
24.637184, -4.30109262, -0.0308338244, -1.39945694, 18.4383422, 0.0, -18.3471504, 0.1705233098, -0.68837195, -4.42835338, 15.857358000000001, 0.0, -3.97863074, 3.4597360399999997, 10.961612599999999, 7.01723346, 70.5431748, 0.0, 0.827461622, -8.075452, -16.9432642, 58.606169, 0.0
24.637184, -4.2802496, -0.0019689605, -1.3946457, 18.468626, 0.0, -18.374485, 0.20922051, -0.6751822, -4.3880944, 15.974773, 0.0, -3.9718175, 3.4583926, 10.926979, 6.996127, 70.536896, 0.0, 0.81155574, -8.090269, -17.048752, 58.631912, 0.0
