/h1_2/pelvis/left_hip_yaw_joint, /h1_2/left_hip_yaw_link/left_hip_pitch_joint, /h1_2/left_hip_pitch_link/left_hip_roll_joint, /h1_2/left_hip_roll_link/left_knee_joint, /h1_2/left_knee_link/left_ankle_pitch_joint, /h1_2/left_ankle_pitch_link/left_ankle_roll_joint, /h1_2/pelvis/right_hip_yaw_joint, /h1_2/right_hip_yaw_link/right_hip_pitch_joint, /h1_2/right_hip_pitch_link/right_hip_roll_joint, /h1_2/right_hip_roll_link/right_knee_joint, /h1_2/right_knee_link/right_ankle_pitch_joint, /h1_2/right_ankle_pitch_link/right_ankle_roll_joint, /h1_2/pelvis/torso_joint, /h1_2/torso_link/left_shoulder_pitch_joint, /h1_2/left_shoulder_pitch_link/left_shoulder_roll_joint, /h1_2/left_shoulder_roll_link/left_shoulder_yaw_joint, /h1_2/left_shoulder_yaw_link/left_elbow_joint, /h1_2/left_elbow_link/left_wrist_roll_joint, /h1_2/torso_link/right_shoulder_pitch_joint, /h1_2/right_shoulder_pitch_link/right_shoulder_roll_joint, /h1_2/right_shoulder_roll_link/right_shoulder_yaw_joint, /h1_2/right_shoulder_yaw_link/right_elbow_joint, /h1_2/right_elbow_link/right_wrist_roll_joint
24.637184, -2.8674269, -2.5702963, -3.1584647, 17.99482, 0.0, -20.777481, -2.9209218, -1.6793365, -3.3323815, 10.490941, 0.0, -3.0745757, 4.635183, 11.541765, 1.2555461, 69.13858, 0.0, 2.3484952, -8.851907, -14.765597, 56.11268, 0.0
24.637184, -2.8351167999999998, -2.52772244, -3.15397236, 17.971649, 0.0, -20.7797558, -2.88235584, -1.6709025, -3.3190994799999998, 10.5026688, 0.0, -3.0893296, 4.5993951, 11.5620146, 1.2439369200000001, 69.132096, 0.0, 2.3379705, -8.791203000000001, -14.712277799999999, 56.1149434, 0.0
24.637184, -2.8028067, -2.4851485799999997, -3.14948002, 17.948478, 0.0, -20.782030600000002, -2.84378988, -1.6624685, -3.30581746, 10.5143966, 0.0, -3.1040835, 4.5636072, 11.5822642, 1.2323277400000001, 69.125612, 0.0, 2.3274458, -8.730499, -14.6589586, 56.1172068, 0.0
24.637184, -2.7704966, -2.44257472, -3.1449876800000003, 17.925307, 0.0, -20.7843054, -2.80522392, -1.6540345, -3.29253544, 10.5261244, 0.0, -3.1188374, 4.5278193, 11.6025138, 1.22071856, 69.119128, 0.0, 2.3169211, -8.669795, -14.6056394, 56.1194702, 0.0
24.637184, -2.7381865000000003, -2.40000086, -3.14049534, 17.902136000000002, 0.0, -20.786580200000003, -2.7666579600000003, -1.6456005, -3.2792534200000003, 10.5378522, 0.0, -3.1335913, 4.4920314, 11.6227634, 1.20910938, 69.112644, 0.0, 2.3063964, -8.609091, -14.5523202, 56.1217336, 0.0
24.637184, -2.7058764, -2.357427, -3.136003, 17.878965, 0.0, -20.788855, -2.728092, -1.6371665, -3.2659714, 10.54958, 0.0, -3.1483452, 4.4562435, 11.643013, 1.1975002, 69.10616, 0.0, 2.2958717, -8.548387, -14.499001, 56.123997, 0.0
24.637184, -2.66124076, -2.3057467, -3.1327284, 17.8472768, 0.0, -20.792317200000003, -2.6764023200000002, -1.6300641, -3.25362074, 10.577856200000001, 0.0, -3.15806156, 4.42636232, 11.6400358, 1.18820698, 69.097077, 0.0, 2.27278326, -8.5440082, -14.4813996, 56.1106396, 0.0
24.637184, -2.61660512, -2.2540664, -3.1294538, 17.8155886, 0.0, -20.7957794, -2.6247126400000003, -1.6229617, -3.24127008, 10.6061324, 0.0, -3.1677779200000002, 4.39648114, 11.6370586, 1.17891376, 69.087994, 0.0, 2.24969482, -8.5396294, -14.4637982, 56.0972822, 0.0
24.637184, -2.5719694800000004, -2.2023861, -3.1261792, 17.7839004, 0.0, -20.799241600000002, -2.57302296, -1.6158592999999999, -3.22891942, 10.6344086, 0.0, -3.17749428, 4.36659996, 11.6340814, 1.16962054, 69.078911, 0.0, 2.2266063799999998, -8.5352506, -14.446196800000001, 56.0839248, 0.0
24.637184, -2.5273338400000003, -2.1507058000000003, -3.1229046, 17.752212200000002, 0.0, -20.8027038, -2.52133328, -1.6087569, -3.21656876, 10.6626848, 0.0, -3.18721064, 4.33671878, 11.6311042, 1.16032732, 69.069828, 0.0, 2.20351794, -8.5308718, -14.4285954, 56.0705674, 0.0
24.637184, -2.4826982, -2.0990255, -3.11963, 17.720524, 0.0, -20.806166, -2.4696436, -1.6016545, -3.2042181, 10.690961, 0.0, -3.196927, 4.3068376, 11.628127, 1.1510341, 69.060745, 0.0, 2.1804295, -8.526493, -14.410994, 56.05721, 0.0
24.637184, -2.44215764, -2.0422327, -3.11998694, 17.708605000000002, 0.0, -20.814660800000002, -2.41863214, -1.60315618, -3.19903242, 10.747045, 0.0, -3.20202564, 4.30626748, 11.602706, 1.14821508, 69.06509799999999, 0.0, 2.1638249999999997, -8.5749914, -14.432027, 56.044467999999995, 0.0
24.637184, -2.40161708, -1.9854399000000003, -3.12034388, 17.696686, 0.0, -20.8231556, -2.36762068, -1.60465786, -3.19384674, 10.803129, 0.0, -3.20712428, 4.30569736, 11.577285, 1.14539606, 69.069451, 0.0, 2.1472205, -8.6234898, -14.45306, 56.031726, 0.0
24.637184, -2.36107652, -1.9286471, -3.1207008199999997, 17.684767, 0.0, -20.8316504, -2.31660922, -1.60615954, -3.18866106, 10.859212999999999, 0.0, -3.2122229200000003, 4.30512724, 11.551864, 1.14257704, 69.073804, 0.0, 2.130616, -8.671988200000001, -14.474093, 56.018983999999996, 0.0
24.637184, -2.32053596, -1.8718543, -3.12105776, 17.672848, 0.0, -20.8401452, -2.26559776, -1.60766122, -3.18347538, 10.915296999999999, 0.0, -3.2173215600000002, 4.30455712, 11.526443, 1.13975802, 69.078157, 0.0, 2.1140115, -8.720486600000001, -14.495126, 56.006242, 0.0
24.637184, -2.2799954, -1.8150615, -3.1214147, 17.660929, 0.0, -20.84864, -2.2145863, -1.6091629, -3.1782897, 10.971381, 0.0, -3.2224202, 4.303987, 11.501022, 1.136939, 69.08251, 0.0, 2.097407, -8.768985, -14.516159, 55.9935, 0.0
24.637184, -2.2415961199999996, -1.7353768, -3.12540554, 17.675645199999998, 0.0, -20.859704, -2.16484832, -1.6086588, -3.1777318, 11.0314866, 0.0, -3.2464775, 4.33054674, 11.492672, 1.1434252, 69.10101, 0.0, 2.1154198, -8.8134606, -14.5649174, 56.0023188, 0.0
24.637184, -2.20319684, -1.6556921, -3.1293963799999998, 17.6903614, 0.0, -20.870768, -2.11511034, -1.6081547, -3.1771739, 11.0915922, 0.0, -3.2705348, 4.35710648, 11.484322, 1.1499114, 69.11951, 0.0, 2.1334326, -8.857936200000001, -14.6136758, 56.0111376, 0.0
24.637184, -2.16479756, -1.5760074, -3.13338722, 17.7050776, 0.0, -20.881832, -2.06537236, -1.6076506, -3.176616, 11.1516978, 0.0, -3.2945921, 4.38366622, 11.475972, 1.1563976, 69.13801, 0.0, 2.1514454, -8.9024118, -14.6624342, 56.0199564, 0.0
24.637184, -2.12639828, -1.4963227000000001, -3.1373780599999996, 17.7197938, 0.0, -20.892896, -2.0156343800000003, -1.6071465, -3.1760581, 11.2118034, 0.0, -3.3186494, 4.41022596, 11.467622, 1.1628838, 69.15651, 0.0, 2.1694582, -8.9468874, -14.711192599999999, 56.0287752, 0.0
24.637184, -2.087999, -1.416638, -3.1413689, 17.73451, 0.0, -20.90396, -1.9658964, -1.6066424, -3.1755002, 11.271909, 0.0, -3.3427067, 4.4367857, 11.459272, 1.16937, 69.17501, 0.0, 2.187471, -8.991363, -14.759951, 56.037594, 0.0
24.637184, -2.06236602, -1.35152808, -3.15255024, 17.7433742, 0.0, -20.9097876, -1.91115466, -1.58804608, -3.16250036, 11.3175308, 0.0, -3.33732296, 4.484900479999999, 11.4755772, 1.1766174600000001, 69.1941492, 0.0, 2.1968614, -8.9828376, -14.7738784, 56.05159, 0.0
24.637184, -2.03673304, -1.28641816, -3.16373158, 17.7522384, 0.0, -20.9156152, -1.8564129200000001, -1.56944976, -3.14950052, 11.363152600000001, 0.0, -3.3319392199999998, 4.53301526, 11.4918824, 1.18386492, 69.2132884, 0.0, 2.2062518, -8.9743122, -14.7878058, 56.065585999999996, 0.0
24.637184, -2.01110006, -1.22130824, -3.17491292, 17.7611026, 0.0, -20.9214428, -1.80167118, -1.55085344, -3.13650068, 11.4087744, 0.0, -3.32655548, 4.58113004, 11.508187600000001, 1.19111238, 69.23242760000001, 0.0, 2.2156422, -8.9657868, -14.8017332, 56.079582, 0.0
24.637184, -1.9854670799999998, -1.1561983200000001, -3.18609426, 17.7699668, 0.0, -20.9272704, -1.7469294400000002, -1.53225712, -3.12350084, 11.454396200000001, 0.0, -3.32117174, 4.62924482, 11.5244928, 1.19835984, 69.2515668, 0.0, 2.2250326, -8.9572614, -14.8156606, 56.093578, 0.0
24.637184, -1.9598341, -1.0910884, -3.1972756, 17.778831, 0.0, -20.933098, -1.6921877, -1.5136608, -3.110501, 11.500018, 0.0, -3.315788, 4.6773596, 11.540798, 1.2056073, 69.270706, 0.0, 2.234423, -8.948736, -14.829588, 56.107574, 0.0
24.637184, -1.96497638, -1.06996222, -3.22404816, 17.7666824, 0.0, -20.9415914, -1.64001902, -1.49492666, -3.0822172, 11.5491436, 0.0, -3.28618376, 4.71669148, 11.5609126, 1.1844737, 69.2634808, 0.0, 2.22053028, -8.9044844, -14.7836796, 56.1163082, 0.0
24.637184, -1.97011866, -1.04883604, -3.25082072, 17.7545338, 0.0, -20.9500848, -1.58785034, -1.47619252, -3.0539334, 11.5982692, 0.0, -3.25657952, 4.7560233599999995, 11.5810272, 1.1633401, 69.2562556, 0.0, 2.20663756, -8.8602328, -14.7377712, 56.1250424, 0.0
24.637184, -1.9752609399999999, -1.02770986, -3.27759328, 17.7423852, 0.0, -20.9585782, -1.5356816599999998, -1.45745838, -3.0256496000000004, 11.6473948, 0.0, -3.22697528, 4.79535524, 11.6011418, 1.1422065, 69.2490304, 0.0, 2.19274484, -8.8159812, -14.691862800000001, 56.133776600000004, 0.0
24.637184, -1.98040322, -1.00658368, -3.30436584, 17.7302366, 0.0, -20.9670716, -1.48351298, -1.43872424, -2.9973658000000003, 11.6965204, 0.0, -3.1973710399999997, 4.83468712, 11.6212564, 1.1210729, 69.2418052, 0.0, 2.1788521199999997, -8.7717296, -14.6459544, 56.142510800000004, 0.0
24.637184, -1.9855455, -0.9854575, -3.3311384, 17.718088, 0.0, -20.975565, -1.4313443, -1.4199901, -2.969082, 11.745646, 0.0, -3.1677668, 4.874019, 11.641371, 1.0999393, 69.23458, 0.0, 2.1649594, -8.727478, -14.600046, 56.151245, 0.0
24.637184, -2.01092552, -1.00709122, -3.36650136, 17.6924452, 0.0, -20.9807308, -1.39917052, -1.40889782, -2.940519, 11.806586000000001, 0.0, -3.1552425399999997, 4.9014128, 11.6487482, 1.02578466, 69.1866828, 0.0, 2.1406038, -8.7030908, -14.5510926, 56.15713, 0.0
24.637184, -2.03630554, -1.02872494, -3.40186432, 17.6668024, 0.0, -20.9858966, -1.36699674, -1.39780554, -2.911956, 11.867526, 0.0, -3.14271828, 4.9288066, 11.6561254, 0.95163002, 69.13878559999999, 0.0, 2.1162482, -8.6787036, -14.5021392, 56.163015, 0.0
24.637184, -2.06168556, -1.05035866, -3.43722728, 17.641159599999998, 0.0, -20.9910624, -1.33482296, -1.3867132599999998, -2.8833930000000003, 11.928466, 0.0, -3.13019402, 4.9562004, 11.6635026, 0.87747538, 69.0908884, 0.0, 2.0918926, -8.654316399999999, -14.4531858, 56.1689, 0.0
24.637184, -2.08706558, -1.07199238, -3.47259024, 17.615516799999998, 0.0, -20.9962282, -1.30264918, -1.3756209799999999, -2.85483, 11.989405999999999, 0.0, -3.11766976, 4.9835942, 11.6708798, 0.80332074, 69.04299119999999, 0.0, 2.0675369999999997, -8.6299292, -14.4042324, 56.174785, 0.0
24.637184, -2.1124456, -1.0936261, -3.5079532, 17.589874, 0.0, -21.001394, -1.2704754, -1.3645287, -2.826267, 12.050346, 0.0, -3.1051455, 5.010988, 11.678257, 0.7291661, 68.995094, 0.0, 2.0431814, -8.605542, -14.355279, 56.18067, 0.0
24.637184, -2.1265072, -1.1179265600000001, -3.52968076, 17.560260999999997, 0.0, -20.994468400000002, -1.28440324, -1.36682562, -2.8255526, 12.1024444, 0.0, -3.11393746, 5.0637874, 11.6857132, 0.593255528, 68.8892632, 0.0, 2.0131465, -8.6166686, -14.3264477, 56.185474, 0.0
24.637184, -2.1405688, -1.14222702, -3.55140832, 17.530648, 0.0, -20.9875428, -1.29833108, -1.36912254, -2.8248382, 12.1545428, 0.0, -3.1227294199999998, 5.1165868, 11.6931694, 0.457344956, 68.7834324, 0.0, 1.9831116, -8.6277952, -14.297616399999999, 56.190278, 0.0
24.637184, -2.1546304, -1.16652748, -3.57313588, 17.501034999999998, 0.0, -20.9806172, -1.3122589199999999, -1.37141946, -2.8241238, 12.2066412, 0.0, -3.13152138, 5.1693862, 11.7006256, 0.321434384, 68.6776016, 0.0, 1.9530767, -8.6389218, -14.2687851, 56.195082, 0.0
24.637184, -2.168692, -1.19082794, -3.59486344, 17.471422, 0.0, -20.9736916, -1.32618676, -1.37371638, -2.8234094, 12.2587396, 0.0, -3.14031334, 5.2221856, 11.7080818, 0.185523812, 68.5717708, 0.0, 1.9230418, -8.6500484, -14.2399538, 56.199886, 0.0
24.637184, -2.1827536, -1.2151284, -3.616591, 17.441809, 0.0, -20.966766, -1.3401146, -1.3760133, -2.822695, 12.310838, 0.0, -3.1491053, 5.274985, 11.715538, 0.04961324, 68.46594, 0.0, 1.8930069, -8.661175, -14.2111225, 56.20469, 0.0
24.637184, -2.17702396, -1.22609606, -3.61783124, 17.4151272, 0.0, -20.9474, -1.3960517, -1.3869416600000002, -2.8475372, 12.3348668, 0.0, -3.18009984, 5.38359492, 11.7389056, -0.171314148, 68.2404492, 0.0, 1.86602132, -8.687307, -14.1942612, 56.2151, 0.0
24.637184, -2.17129432, -1.2370637199999999, -3.61907148, 17.3884454, 0.0, -20.928034, -1.4519887999999999, -1.39787002, -2.8723794, 12.3588956, 0.0, -3.21109438, 5.49220484, 11.762273200000001, -0.392241536, 68.0149584, 0.0, 1.83903574, -8.713439000000001, -14.1773999, 56.22551, 0.0
24.637184, -2.16556468, -1.24803138, -3.62031172, 17.3617636, 0.0, -20.908668, -1.5079259, -1.4087983800000001, -2.8972216, 12.3829244, 0.0, -3.24208892, 5.60081476, 11.7856408, -0.613168924, 67.78946760000001, 0.0, 1.81205016, -8.739571, -14.1605386, 56.23592, 0.0
24.637184, -2.15983504, -1.25899904, -3.62155196, 17.335081799999998, 0.0, -20.889302, -1.563863, -1.41972674, -2.9220637999999997, 12.4069532, 0.0, -3.27308346, 5.70942468, 11.8090084, -0.834096312, 67.5639768, 0.0, 1.78506458, -8.765703, -14.1436773, 56.24633, 0.0
24.637184, -2.1541054, -1.2699667, -3.6227922, 17.3084, 0.0, -20.869936, -1.6198001, -1.4306551, -2.946906, 12.430982, 0.0, -3.304078, 5.8180346, 11.832376, -1.0550237, 67.338486, 0.0, 1.758079, -8.791835, -14.126816, 56.25674, 0.0
24.637184, -2.14878428, -1.2854961999999999, -3.61825024, 17.2694384, 0.0, -20.848591199999998, -1.6773506, -1.4311700200000002, -2.95844542, 12.4419498, 0.0, -3.34451906, 6.00271898, 11.8794082, -1.4108661, 66.8708696, 0.0, 1.73125068, -8.795125200000001, -14.096536, 56.2676136, 0.0
24.637184, -2.14346316, -1.3010256999999998, -3.61370828, 17.230476799999998, 0.0, -20.8272464, -1.7349011, -1.43168494, -2.96998484, 12.4529176, 0.0, -3.38496012, 6.18740336, 11.9264404, -1.7667085, 66.40325320000001, 0.0, 1.70442236, -8.798415400000001, -14.066256, 56.2784872, 0.0
24.637184, -2.13814204, -1.3165552, -3.60916632, 17.1915152, 0.0, -20.8059016, -1.7924516000000001, -1.43219986, -2.98152426, 12.4638854, 0.0, -3.42540118, 6.37208774, 11.9734726, -2.1225509, 65.9356368, 0.0, 1.67759404, -8.8017056, -14.035976, 56.2893608, 0.0
24.637184, -2.13282092, -1.3320847, -3.60462436, 17.1525536, 0.0, -20.7845568, -1.8500021, -1.43271478, -2.99306368, 12.4748532, 0.0, -3.46584224, 6.55677212, 12.0205048, -2.4783932999999996, 65.4680204, 0.0, 1.6507657199999999, -8.8049958, -14.005695999999999, 56.3002344, 0.0
24.637184, -2.1274998, -1.3476142, -3.6000824, 17.113592, 0.0, -20.763212, -1.9075526, -1.4332297, -3.0046031, 12.485821, 0.0, -3.5062833, 6.7414565, 12.067537, -2.8342357, 65.000404, 0.0, 1.6239374, -8.808286, -13.975416, 56.311108, 0.0
24.637184, -2.1371672399999997, -1.36219028, -3.6011075999999997, 17.0780334, 0.0, -20.7528482, -1.95526048, -1.42211314, -2.9979682800000003, 12.4854842, 0.0, -3.5267564, 7.0162119999999994, 12.1616196, -3.38712476, 64.1162052, 0.0, 1.61519386, -8.7844988, -13.9327404, 56.3053004, 0.0
24.637184, -2.14683468, -1.37676636, -3.6021327999999997, 17.0424748, 0.0, -20.7424844, -2.00296836, -1.41099658, -2.9913334600000003, 12.4851474, 0.0, -3.5472295000000003, 7.2909675, 12.2557022, -3.94001382, 63.2320064, 0.0, 1.60645032, -8.7607116, -13.8900648, 56.299492799999996, 0.0
24.637184, -2.15650212, -1.39134244, -3.603158, 17.0069162, 0.0, -20.732120600000002, -2.05067624, -1.3998800200000001, -2.98469864, 12.4848106, 0.0, -3.5677026, 7.565722999999999, 12.3497848, -4.49290288, 62.3478076, 0.0, 1.59770678, -8.7369244, -13.8473892, 56.2936852, 0.0
24.637184, -2.16616956, -1.40591852, -3.6041832, 16.9713576, 0.0, -20.7217568, -2.09838412, -1.38876346, -2.97806382, 12.4844738, 0.0, -3.5881757000000003, 7.8404785, 12.4438674, -5.04579194, 61.4636088, 0.0, 1.58896324, -8.7131372, -13.8047136, 56.287877599999995, 0.0
24.637184, -2.175837, -1.4204946, -3.6052084, 16.935799, 0.0, -20.711393, -2.146092, -1.3776469, -2.971429, 12.484137, 0.0, -3.6086488, 8.115234, 12.53795, -5.598681, 60.57941, 0.0, 1.5802197, -8.68935, -13.762038, 56.28207, 0.0
24.637184, -2.20572764, -1.43311676, -3.61096452, 16.9223296, 0.0, -20.7238222, -2.17899484, -1.35705614, -2.95217944, 12.4878675, 0.0, -3.57043584, 8.4374516, 12.7253878, -6.3975218, 59.116306, 0.0, 1.62586396, -8.667172599999999, -13.7845604, 56.241143, 0.0
24.637184, -2.23561828, -1.4457389200000001, -3.61672064, 16.9088602, 0.0, -20.7362514, -2.21189768, -1.33646538, -2.93292988, 12.491598, 0.0, -3.53222288, 8.7596692, 12.9128256, -7.1963626000000005, 57.653202, 0.0, 1.67150822, -8.644995199999999, -13.8070828, 56.200216, 0.0
24.637184, -2.26550892, -1.45836108, -3.62247676, 16.8953908, 0.0, -20.7486806, -2.24480052, -1.31587462, -2.91368032, 12.495328500000001, 0.0, -3.4940099200000003, 9.0818868, 13.100263400000001, -7.9952034, 56.190098000000006, 0.0, 1.71715248, -8.6228178, -13.829605200000001, 56.159289, 0.0
24.637184, -2.29539956, -1.47098324, -3.62823288, 16.8819214, 0.0, -20.7611098, -2.27770336, -1.2952838599999998, -2.89443076, 12.499059, 0.0, -3.4557969600000003, 9.4041044, 13.2877012, -8.7940442, 54.726994000000005, 0.0, 1.76279674, -8.6006404, -13.852127600000001, 56.118362, 0.0
24.637184, -2.3252902, -1.4836054, -3.633989, 16.868452, 0.0, -20.773539, -2.3106062, -1.2746931, -2.8751812, 12.5027895, 0.0, -3.417584, 9.726322, 13.475139, -9.592885, 53.26389, 0.0, 1.808441, -8.578463, -13.87465, 56.077435, 0.0
24.637184, -2.3769373799999998, -1.4884461, -3.6494230400000003, 16.8795734, 0.0, -20.8111346, -2.31967202, -1.23966102, -2.8356184, 12.5324168, 0.0, -3.30325728, 9.9492466, 13.8574118, -10.5921134, 51.134250400000006, 0.0, 1.9355320599999999, -8.560421199999999, -14.041685000000001, 56.01588, 0.0
24.637184, -2.42858456, -1.4932868, -3.66485708, 16.890694800000002, 0.0, -20.8487302, -2.32873784, -1.2046289399999999, -2.7960556, 12.5620441, 0.0, -3.18893056, 10.1721712, 14.2396846, -11.5913418, 49.0046108, 0.0, 2.06262312, -8.5423794, -14.208720000000001, 55.954325000000004, 0.0
24.637184, -2.48023174, -1.4981275, -3.68029112, 16.9018162, 0.0, -20.8863258, -2.33780366, -1.16959686, -2.7564928, 12.591671400000001, 0.0, -3.07460384, 10.3950958, 14.6219574, -12.5905702, 46.874971200000005, 0.0, 2.18971418, -8.524337599999999, -14.375755, 55.89277, 0.0
24.637184, -2.53187892, -1.5029682, -3.69572516, 16.9129376, 0.0, -20.9239214, -2.34686948, -1.1345647799999998, -2.71693, 12.6212987, 0.0, -2.96027712, 10.618020399999999, 15.0042302, -13.5897986, 44.7453316, 0.0, 2.31680524, -8.5062958, -14.54279, 55.831215, 0.0
24.637184, -2.5835261, -1.5078089, -3.7111592, 16.924059, 0.0, -20.961517, -2.3559353, -1.0995327, -2.6773672, 12.650926, 0.0, -2.8459504, 10.840945, 15.386503, -14.589027, 42.615692, 0.0, 2.4438963, -8.488254, -14.709825, 55.76966, 0.0
24.637184, -2.6179086799999998, -1.5062712999999999, -3.71297996, 16.9720624, 0.0, -21.035186200000002, -2.36301204, -1.0901936799999998, -2.61941336, 12.7056448, 0.0, -2.71038726, 10.786431499999999, 16.0345026, -15.5913956, 39.8195368, 0.0, 2.66163216, -8.452859799999999, -15.037843, 55.723342800000005, 0.0
24.637184, -2.6522912599999997, -1.5047336999999998, -3.71480072, 17.0200658, 0.0, -21.1088554, -2.37008878, -1.08085466, -2.56145952, 12.7603636, 0.0, -2.57482412, 10.731918, 16.682502200000002, -16.5937642, 37.0233816, 0.0, 2.87936802, -8.4174656, -15.365861, 55.6770256, 0.0
24.637184, -2.68667384, -1.5031961, -3.71662148, 17.0680692, 0.0, -21.1825246, -2.37716552, -1.0715156399999999, -2.50350568, 12.8150824, 0.0, -2.4392609800000002, 10.6774045, 17.3305018, -17.5961328, 34.227226400000006, 0.0, 3.0971038799999997, -8.3820714, -15.693878999999999, 55.6307084, 0.0
24.637184, -2.72105642, -1.5016585, -3.71844224, 17.116072600000003, 0.0, -21.2561938, -2.38424226, -1.06217662, -2.4455518400000003, 12.8698012, 0.0, -2.30369784, 10.622891000000001, 17.9785014, -18.5985014, 31.4310712, 0.0, 3.31483974, -8.3466772, -16.021897, 55.5843912, 0.0
24.637184, -2.755439, -1.5001209, -3.720263, 17.164076, 0.0, -21.329863, -2.391319, -1.0528376, -2.387598, 12.92452, 0.0, -2.1681347, 10.5683775, 18.626501, -19.60087, 28.634916, 0.0, 3.5325756, -8.311283, -16.349915, 55.538074, 0.0
24.637184, -2.76238806, -1.56396972, -3.6895068, 17.280996000000002, 0.0, -21.4519488, -2.4307811000000004, -1.12768794, -2.30952696, 12.9114712, 0.0, -2.04923378, 10.1494896, 19.251381600000002, -20.4934432, 25.5328988, 0.0, 3.68427128, -8.3115756, -16.625933, 55.5070286, 0.0
24.637184, -2.76933712, -1.62781854, -3.6587506000000003, 17.397916000000002, 0.0, -21.5740346, -2.4702432, -1.20253828, -2.23145592, 12.8984224, 0.0, -1.93033286, 9.730601700000001, 19.8762622, -21.3860164, 22.4308816, 0.0, 3.83596696, -8.3118682, -16.901951, 55.4759832, 0.0
24.637184, -2.77628618, -1.6916673599999998, -3.6279944, 17.514836, 0.0, -21.696120399999998, -2.5097053000000002, -1.27738862, -2.15338488, 12.8853736, 0.0, -1.8114319399999999, 9.3117138, 20.5011428, -22.2785896, 19.3288644, 0.0, 3.98766264, -8.312160800000001, -17.177968999999997, 55.4449378, 0.0
24.637184, -2.7832352399999998, -1.7555161799999999, -3.5972382, 17.631756, 0.0, -21.8182062, -2.5491674, -1.35223896, -2.07531384, 12.8723248, 0.0, -1.6925310199999999, 8.8928259, 21.126023399999998, -23.171162799999998, 16.2268472, 0.0, 4.1393583199999995, -8.3124534, -17.453986999999998, 55.4138924, 0.0
24.637184, -2.7901843, -1.819365, -3.566482, 17.748676, 0.0, -21.940292, -2.5886295, -1.4270893, -1.9972428, 12.859276, 0.0, -1.5736301, 8.473938, 21.750904, -24.063736, 13.12483, 0.0, 4.291054, -8.312746, -17.730005, 55.382847, 0.0
24.637184, -2.82396224, -1.9125978799999999, -3.5460143, 17.8468312, 0.0, -21.9667496, -2.72399264, -1.46603948, -1.92825464, 12.827669199999999, 0.0, -1.6744065399999999, 7.75517092, 21.9610244, -24.9407456, 10.594729267999998, 0.0, 4.2013632, -8.3077146, -17.6917756, 55.425979, 0.0
24.637184, -2.85774018, -2.00583076, -3.5255466, 17.9449864, 0.0, -21.9932072, -2.85935578, -1.5049896600000001, -1.85926648, 12.7960624, 0.0, -1.7751829799999999, 7.03640384, 22.1711448, -25.8177552, 8.064628535999999, 0.0, 4.1116724, -8.3026832, -17.6535462, 55.469111, 0.0
24.637184, -2.89151812, -2.09906364, -3.5050789, 18.0431416, 0.0, -22.019664799999997, -2.99471892, -1.54393984, -1.79027832, 12.7644556, 0.0, -1.87595942, 6.31763676, 22.381265199999998, -26.6947648, 5.534527803999999, 0.0, 4.0219816, -8.2976518, -17.6153168, 55.512243, 0.0
24.637184, -2.92529606, -2.19229652, -3.4846112000000002, 18.1412968, 0.0, -22.046122399999998, -3.13008206, -1.58289002, -1.72129016, 12.732848800000001, 0.0, -1.97673586, 5.59886968, 22.5913856, -27.5717744, 3.0044270719999986, 0.0, 3.9322908, -8.2926204, -17.5770874, 55.555375, 0.0
24.637184, -2.959074, -2.2855294, -3.4641435, 18.239452, 0.0, -22.07258, -3.2654452, -1.6218402, -1.652302, 12.701242, 0.0, -2.0775123, 4.8801026, 22.801506, -28.448784, 0.47432634, 0.0, 3.8426, -8.287589, -17.538858, 55.598507, 0.0
24.637184, -3.01736534, -2.4018852, -3.478605, 18.280232, 0.0, -21.981202, -3.51997202, -1.62438036, -1.60515104, 12.7077056, 0.0, -2.4290045, 3.808411552, 22.4173184, -29.1505192, -1.165479728, 0.0, 3.4600424800000003, -8.2674748, -17.0997588, 55.788096599999996, 0.0
24.637184, -3.0756566800000003, -2.518241, -3.4930665, 18.321012, 0.0, -21.889824, -3.7744988399999997, -1.62692052, -1.55800008, 12.7141692, 0.0, -2.7804967, 2.736720504, 22.0331308, -29.8522544, -2.8052857959999997, 0.0, 3.07748496, -8.2473606, -16.660659600000002, 55.9776862, 0.0
24.637184, -3.13394802, -2.6345968, -3.507528, 18.361792, 0.0, -21.798446, -4.02902566, -1.62946068, -1.51084912, 12.7206328, 0.0, -3.1319889, 1.665029456, 21.6489432, -30.5539896, -4.445091863999999, 0.0, 2.69492744, -8.2272464, -16.2215604, 56.1672758, 0.0
24.637184, -3.1922393600000003, -2.7509526, -3.5219895, 18.402572, 0.0, -21.707068, -4.28355248, -1.6320008400000001, -1.4636981599999999, 12.7270964, 0.0, -3.4834811, 0.5933384080000002, 21.2647556, -31.2557248, -6.084897932, 0.0, 2.31236992, -8.2071322, -15.7824612, 56.356865400000004, 0.0
24.637184, -3.2505307, -2.8673084, -3.536451, 18.443352, 0.0, -21.61569, -4.5380793, -1.634541, -1.4165472, 12.73356, 0.0, -3.8349733, -0.47835264, 20.880568, -31.95746, -7.724704, 0.0, 1.9298124, -8.187018, -15.343362, 56.546455, 0.0
24.637184, -3.2681849400000003, -3.006829, -3.566277, 18.3907144, 0.0, -21.4680982, -4.8587060399999995, -1.647359, -1.3563626199999999, 12.8295226, 0.0, -4.3536104, -2.003733512, 20.156420400000002, -32.135602, -8.4620494, 0.0, 1.29807024, -8.13844306, -14.562083600000001, 56.900476600000005, 0.0
24.637184, -3.28583918, -3.1463496, -3.596103, 18.3380768, 0.0, -21.3205064, -5.179332779999999, -1.660177, -1.2961780399999998, 12.9254852, 0.0, -4.8722475, -3.5291143839999997, 19.4322728, -32.313744, -9.1993948, 0.0, 0.66632808, -8.08986812, -13.780805200000001, 57.2544982, 0.0
24.637184, -3.30349342, -3.2858702, -3.625929, 18.285439200000003, 0.0, -21.172914600000002, -5.499959519999999, -1.672995, -1.23599346, 13.0214478, 0.0, -5.390884600000001, -5.054495256, 18.7081252, -32.491886, -9.9367402, 0.0, 0.034585919999999826, -8.04129318, -12.999526800000002, 57.6085198, 0.0
24.637184, -3.32114766, -3.4253908, -3.655755, 18.232801600000002, 0.0, -21.0253228, -5.82058626, -1.685813, -1.17580888, 13.1174104, 0.0, -5.909521700000001, -6.5798761279999995, 17.9839776, -32.670028, -10.6740856, 0.0, -0.5971562400000001, -7.99271824, -12.2182484, 57.9625414, 0.0
24.637184, -3.3388019, -3.5649114, -3.685581, 18.180164, 0.0, -20.877731, -6.141213, -1.698631, -1.1156243, 13.213373, 0.0, -6.4281588, -8.105257, 17.25983, -32.84817, -11.411431, 0.0, -1.2288984, -7.9441433, -11.43697, 58.316563, 0.0
24.637184, -3.25089512, -3.76413032, -3.6858928, 18.085193200000003, 0.0, -20.7180264, -6.501081999999999, -1.7401771, -1.067526, 13.3444374, 0.0, -6.98925744, -9.8846896, 16.955717, -32.339258400000006, -11.242889, 0.0, -2.10040732, -7.83668384, -10.47053108, 58.7048518, 0.0
24.637184, -3.16298834, -3.96334924, -3.6862046, 17.9902224, 0.0, -20.5583218, -6.860951, -1.7817232, -1.0194277, 13.4755018, 0.0, -7.55035608, -11.664122200000001, 16.651604, -31.8303468, -11.074347, 0.0, -2.9719162399999997, -7.72922438, -9.50409216, 59.0931406, 0.0
24.637184, -3.07508156, -4.16256816, -3.6865164, 17.8952516, 0.0, -20.3986172, -7.22082, -1.8232693, -0.9713294, 13.606566200000001, 0.0, -8.11145472, -13.443554800000001, 16.347491, -31.321435200000003, -10.905805, 0.0, -3.84342516, -7.62176492, -8.537653240000001, 59.4814294, 0.0
24.637184, -2.98717478, -4.36178708, -3.6868282, 17.8002808, 0.0, -20.238912600000003, -7.580689, -1.8648154000000001, -0.9232311, 13.737630600000001, 0.0, -8.672553359999998, -15.222987400000001, 16.043378, -30.812523600000002, -10.737263, 0.0, -4.71493408, -7.51430546, -7.57121432, 59.8697182, 0.0
24.637184, -2.899268, -4.561006, -3.68714, 17.70531, 0.0, -20.079208, -7.940558, -1.9063615, -0.8751328, 13.868695, 0.0, -9.233652, -17.00242, 15.739265, -30.303612, -10.568721, 0.0, -5.586443, -7.406846, -6.6047754, 60.258007, 0.0
24.637184, -2.7425268800000002, -4.8389516, -3.63812066, 17.7016888, 0.0, -19.943302600000003, -8.3436958, -1.98612684, -0.92335246, 13.9940542, 0.0, -9.6647216, -18.5305088, 16.260838, -29.0612868, -9.5057576, 0.0, -6.5074456000000005, -7.235978279999999, -5.745743640000001, 60.463074399999996, 0.0
24.637184, -2.5857857600000003, -5.1168971999999995, -3.5891013199999997, 17.6980676, 0.0, -19.8073972, -8.7468336, -2.06589218, -0.97157212, 14.119413400000001, 0.0, -10.095791199999999, -20.0585976, 16.782411, -27.8189616, -8.4427942, 0.0, -7.4284482, -7.06511056, -4.88671188, 60.6681418, 0.0
24.637184, -2.42904464, -5.394842799999999, -3.54008198, 17.6944464, 0.0, -19.671491800000002, -9.1499714, -2.14565752, -1.01979178, 14.2447726, 0.0, -10.5268608, -21.586686399999998, 17.303984, -26.576636399999998, -7.379830800000001, 0.0, -8.3494508, -6.8942428399999995, -4.02768012, 60.8732092, 0.0
24.637184, -2.27230352, -5.6727884, -3.49106264, 17.690825200000003, 0.0, -19.5355864, -9.5531092, -2.22542286, -1.06801144, 14.3701318, 0.0, -10.957930399999999, -23.1147752, 17.825557, -25.3343112, -6.3168674000000005, 0.0, -9.270453400000001, -6.72337512, -3.16864836, 61.0782766, 0.0
24.637184, -2.1155624, -5.950734, -3.4420433, 17.687204, 0.0, -19.399681, -9.956247, -2.3051882, -1.1162311, 14.495491, 0.0, -11.389, -24.642864, 18.34713, -24.091986, -5.253904, 0.0, -10.191456, -6.5525074, -2.3096166, 61.283344, 0.0
24.637184, -2.08512304, -6.1730184, -3.41732124, 17.7435124, 0.0, -19.320897600000002, -10.2317733, -2.3339103, -1.18892096, 14.578877799999999, 0.0, -11.522017799999999, -25.5414442, 19.5916684, -22.2881704, -3.5840333600000003, 0.0, -10.6977244, -6.44279772, -1.84056219, 61.2172018, 0.0
24.637184, -2.05468368, -6.3953028, -3.39259918, 17.7998208, 0.0, -19.2421142, -10.5072996, -2.3626324, -1.26161082, 14.6622646, 0.0, -11.6550356, -26.4400244, 20.8362068, -20.4843548, -1.9141627200000007, 0.0, -11.2039928, -6.33308804, -1.37150778, 61.151059599999996, 0.0
24.637184, -2.0242443199999998, -6.6175872, -3.36787712, 17.8561292, 0.0, -19.1633308, -10.7828259, -2.3913545000000003, -1.33430068, 14.7456514, 0.0, -11.788053399999999, -27.3386046, 22.0807452, -18.6805392, -0.24429208000000102, 0.0, -11.7102612, -6.22337836, -0.9024533699999999, 61.0849174, 0.0
24.637184, -1.9938049599999998, -6.8398715999999995, -3.34315506, 17.9124376, 0.0, -19.084547399999998, -11.0583522, -2.4200766000000002, -1.4069905399999998, 14.829038200000001, 0.0, -11.9210712, -28.237184799999998, 23.3252836, -16.8767236, 1.425578559999999, 0.0, -12.2165296, -6.11366868, -0.4333989599999999, 61.0187752, 0.0
24.637184, -1.9633656, -7.062156, -3.318433, 17.968746, 0.0, -19.005764, -11.3338785, -2.4487987, -1.4796804, 14.912425, 0.0, -12.054089, -29.135765, 24.569822, -15.072908, 3.0954492, 0.0, -12.722798, -6.003959, 0.03565545, 60.952633, 0.0
24.637184, -2.06538524, -7.00023072, -3.3094648, 18.0215816, 0.0, -19.017812799999998, -11.3060746, -2.3696328, -1.4793912999999999, 14.944932600000001, 0.0, -11.8693882, -29.271578599999998, 25.9298246, -13.29703032, 4.55950636, 0.0, -12.586178199999999, -6.08501286, 0.009564104, 60.7655004, 0.0
24.637184, -2.16740488, -6.93830544, -3.3004966000000002, 18.0744172, 0.0, -19.0298616, -11.2782707, -2.2904669, -1.4791021999999998, 14.9774402, 0.0, -11.6846874, -29.4073922, 27.289827199999998, -11.52115264, 6.02356352, 0.0, -12.449558399999999, -6.16606672, -0.016527241999999998, 60.5783678, 0.0
24.637184, -2.2694245200000003, -6.87638016, -3.2915284, 18.1272528, 0.0, -19.0419104, -11.2504668, -2.211301, -1.4788131, 15.0099478, 0.0, -11.4999866, -29.5432058, 28.6498298, -9.74527496, 7.48762068, 0.0, -12.3129386, -6.24712058, -0.04261858799999999, 60.3912352, 0.0
24.637184, -2.3714441600000002, -6.8144548799999995, -3.2825602, 18.1800884, 0.0, -19.0539592, -11.2226629, -2.1321351, -1.478524, 15.0424554, 0.0, -11.3152858, -29.6790194, 30.0098324, -7.96939728, 8.951677839999999, 0.0, -12.1763188, -6.32817444, -0.068709934, 60.2041026, 0.0
24.637184, -2.4734638, -6.7525296, -3.273592, 18.232924, 0.0, -19.066008, -11.194859, -2.0529692, -1.4782349, 15.074963, 0.0, -11.130585, -29.814833, 31.369835, -6.1935196, 10.415735, 0.0, -12.039699, -6.4092283, -0.09480128, 60.01697, 0.0
24.637184, -2.6114658, -6.4459396799999995, -3.2402086, 18.2765998, 0.0, -19.210681, -10.8670308, -1.92639262, -1.41648252, 15.004903800000001, 0.0, -10.6761422, -29.188912, 32.2469124, -4.8785139399999995, 11.26319, 0.0, -11.3348274, -6.61191444, -0.566912964, 59.8690036, 0.0
24.637184, -2.7494678, -6.13934976, -3.2068252, 18.3202756, 0.0, -19.355354000000002, -10.5392026, -1.79981604, -1.35473014, 14.9348446, 0.0, -10.2216994, -28.562991, 33.123989800000004, -3.5635082799999998, 12.110645, 0.0, -10.6299558, -6.81460058, -1.039024648, 59.7210372, 0.0
24.637184, -2.8874698, -5.83275984, -3.1734418, 18.3639514, 0.0, -19.500027, -10.2113744, -1.67323946, -1.2929777599999999, 14.8647854, 0.0, -9.7672566, -27.93707, 34.0010672, -2.2485026199999996, 12.9581, 0.0, -9.9250842, -7.0172867199999995, -1.511136332, 59.5730708, 0.0
24.637184, -3.0254718, -5.526169919999999, -3.1400584, 18.4076272, 0.0, -19.6447, -9.8835462, -1.54666288, -1.23122538, 14.7947262, 0.0, -9.3128138, -27.311149, 34.8781446, -0.9334969599999994, 13.805555, 0.0, -9.2202126, -7.21997286, -1.983248016, 59.4251044, 0.0
24.637184, -3.1634738, -5.21958, -3.106675, 18.451303, 0.0, -19.789373, -9.555718, -1.4200863, -1.169473, 14.724667, 0.0, -8.858371, -26.685228, 35.755222, 0.3815087, 14.65301, 0.0, -8.515341, -7.422659, -2.4553597, 59.277138, 0.0
24.635254200000002, -3.32896754, -4.95350152, -3.03211406, 18.528329, 0.0, -20.0785912, -9.10598826, -1.36666672, -1.14983788, 14.4976684, 0.0, -8.1946694, -25.345709, 35.977531600000006, 1.0524122599999999, 14.8940184, 0.0, -7.481348479999999, -7.5871926, -3.26772442, 59.0828356, 0.0
24.633324400000003, -3.49446128, -4.68742304, -2.95755312, 18.605355, 0.0, -20.367809400000002, -8.65625852, -1.3132471399999999, -1.13020276, 14.2706698, 0.0, -7.5309678, -24.00619, 36.1998412, 1.7233158199999998, 15.1350268, 0.0, -6.447355959999999, -7.7517262, -4.08008914, 58.8885332, 0.0
24.6313946, -3.65995502, -4.42134456, -2.88299218, 18.682381, 0.0, -20.6570276, -8.20652878, -1.25982756, -1.11056764, 14.0436712, 0.0, -6.8672662, -22.666671, 36.422150800000004, 2.3942193799999996, 15.3760352, 0.0, -5.4133634399999995, -7.9162598, -4.89245386, 58.6942308, 0.0
24.6294648, -3.82544876, -4.1552660800000005, -2.80843124, 18.759407, 0.0, -20.9462458, -7.756799040000001, -1.2064079799999998, -1.09093252, 13.8166726, 0.0, -6.2035646, -21.327151999999998, 36.6444604, 3.0651229399999997, 15.6170436, 0.0, -4.3793709199999995, -8.0807934, -5.7048185799999995, 58.499928399999995, 0.0
24.627535, -3.9909425, -3.8891876, -2.7338703, 18.836433, 0.0, -21.235464, -7.3070693, -1.1529884, -1.0712974, 13.589674, 0.0, -5.539863, -19.987633, 36.86677, 3.7360265, 15.858052, 0.0, -3.3453784, -8.245327, -6.5171833, 58.305626, 0.0
24.598304000000002, -4.18366606, -3.8546148000000002, -2.61562894, 18.9780864, 0.0, -21.575246, -6.93700934, -1.21926768, -1.16506088, 13.2756032, 0.0, -4.78184972, -18.1524756, 36.490257400000004, 3.6922142, 15.4861637, 0.0, -2.30453686, -8.3232362, -7.44733964, 58.0232928, 0.0
24.569073000000003, -4.37638962, -3.820042, -2.49738758, 19.119739799999998, 0.0, -21.915028, -6.5669493800000005, -1.28554696, -1.25882436, 12.961532400000001, 0.0, -4.02383644, -16.3173182, 36.1137448, 3.6484019, 15.1142754, 0.0, -1.26369532, -8.4011454, -8.37749598, 57.7409596, 0.0
24.539842, -4.56911318, -3.7854692, -2.37914622, 19.2613932, 0.0, -22.25481, -6.19688942, -1.3518262399999998, -1.35258784, 12.6474616, 0.0, -3.26582316, -14.482160799999999, 35.7372322, 3.6045895999999997, 14.7423871, 0.0, -0.2228537799999999, -8.4790546, -9.30765232, 57.4586264, 0.0
24.510611, -4.76183674, -3.7508964, -2.2609048599999997, 19.4030466, 0.0, -22.594592, -5.82682946, -1.41810552, -1.44635132, 12.3333908, 0.0, -2.50780988, -12.6470034, 35.360719599999996, 3.5607773, 14.3704988, 0.0, 0.8179877599999998, -8.5569638, -10.23780866, 57.176293199999996, 0.0
24.48138, -4.9545603, -3.7163236, -2.1426635, 19.5447, 0.0, -22.934374, -5.4567695, -1.4843848, -1.5401148, 12.01932, 0.0, -1.7497966, -10.811846, 34.984207, 3.516965, 13.9986105, 0.0, 1.8588293, -8.634873, -11.167965, 56.89396, 0.0
24.394432000000002, -5.10589984, -3.78149148, -2.0231681999999998, 19.662362599999998, 0.0, -23.1792652, -5.1815839, -1.57661264, -1.64945114, 11.8175916, 0.0, -1.07105628, -8.9671001, 34.0984714, 2.747677504, 12.9932326, 0.0, 2.61205838, -8.642761400000001, -11.8489866, 56.624083, 0.0
24.307484000000002, -5.25723938, -3.8466593600000003, -1.9036729, 19.780025199999997, 0.0, -23.424156399999998, -4.9063983, -1.66884048, -1.75878748, 11.6158632, 0.0, -0.39231596000000013, -7.122354199999999, 33.2127358, 1.9783900079999999, 11.9878547, 0.0, 3.3652874600000002, -8.6506498, -12.530008200000001, 56.354206, 0.0
24.220536, -5.40857892, -3.91182724, -1.7841776, 19.8976878, 0.0, -23.6690476, -4.6312127, -1.7610683200000001, -1.86812382, 11.414134800000001, 0.0, 0.2864243599999996, -5.277608299999999, 32.3270002, 1.2091025119999999, 10.9824768, 0.0, 4.11851654, -8.6585382, -13.2110298, 56.084329000000004, 0.0
24.133588, -5.55991846, -3.97699512, -1.6646823, 20.0153504, 0.0, -23.913938799999997, -4.3560271, -1.85329616, -1.9774601600000001, 11.2124064, 0.0, 0.9651646799999998, -3.4328623999999994, 31.4412646, 0.43981501599999984, 9.977098900000001, 0.0, 4.87174562, -8.6664266, -13.8920514, 55.814452, 0.0
24.04664, -5.711258, -4.042163, -1.545187, 20.133013, 0.0, -24.15883, -4.0808415, -1.945524, -2.0867965, 11.010678, 0.0, 1.643905, -1.5881165, 30.555529, -0.32947248, 8.971721, 0.0, 5.6249747, -8.674315, -14.573073, 55.544575, 0.0
23.9917736, -5.7500546, -4.0733318, -1.50499318, 20.1319312, 0.0, -24.2000976, -3.9347198, -1.97572872, -2.18269384, 11.0032378, 0.0, 2.06858288, -0.12230375999999987, 29.330804, -1.678234044, 7.66085086, 0.0, 5.85046496, -8.657969, -14.7214734, 55.294308, 0.0
23.9369072, -5.7888512, -4.1045006, -1.46479936, 20.1308494, 0.0, -24.2413652, -3.7885980999999997, -2.00593344, -2.2785911800000003, 10.995797600000001, 0.0, 2.49326076, 1.3435089800000002, 28.106079, -3.0269956080000004, 6.3499807200000005, 0.0, 6.07595522, -8.641623, -14.8698738, 55.044041, 0.0
23.8820408, -5.8276478, -4.1356694, -1.4246055400000002, 20.1297676, 0.0, -24.2826328, -3.6424763999999996, -2.03613816, -2.37448852, 10.9883574, 0.0, 2.91793864, 2.80932172, 26.881354, -4.375757172, 5.039110580000001, 0.0, 6.30144548, -8.625277, -15.0182742, 54.793774, 0.0
23.8271744, -5.8664444, -4.1668382, -1.3844117200000001, 20.1286858, 0.0, -24.3239004, -3.4963547, -2.06634288, -2.47038586, 10.9809172, 0.0, 3.34261652, 4.27513446, 25.656629, -5.724518736, 3.7282404400000004, 0.0, 6.52693574, -8.608931, -15.1666746, 54.543507, 0.0
23.772308, -5.905241, -4.198007, -1.3442179, 20.127604, 0.0, -24.365168, -3.350233, -2.0965476, -2.5662832, 10.973477, 0.0, 3.7672944, 5.7409472, 24.431904, -7.0732803, 2.4173703, 0.0, 6.752426, -8.592585, -15.315075, 54.29324, 0.0
23.8295122, -5.80252512, -4.116158199999999, -1.40955622, 19.9840832, 0.0, -24.214143, -3.3468116599999997, -2.04674028, -2.6638370399999998, 11.138818200000001, 0.0, 3.72980292, 6.51435576, 23.2371896, -8.55146944, 1.36861856, 0.0, 6.42517554, -8.536082, -14.868885800000001, 54.06751, 0.0
23.8867164, -5.69980924, -4.0343094, -1.47489454, 19.8405624, 0.0, -24.063118, -3.3433903199999997, -1.99693296, -2.76139088, 11.304159400000001, 0.0, 3.69231144, 7.287764319999999, 22.0424752, -10.02965858, 0.3198668200000001, 0.0, 6.0979250799999996, -8.479579, -14.4226966, 53.84178, 0.0
23.9439206, -5.59709336, -3.9524605999999998, -1.5402328600000001, 19.697041600000002, 0.0, -23.912093000000002, -3.33996898, -1.9471256399999999, -2.8589447199999998, 11.4695006, 0.0, 3.6548199599999998, 8.061172879999999, 20.8477608, -11.507847720000001, -0.7288849199999996, 0.0, 5.770674619999999, -8.423076, -13.976507400000001, 53.616049999999994, 0.0
24.0011248, -5.49437748, -3.8706118, -1.60557118, 19.5535208, 0.0, -23.761068, -3.33654764, -1.89731832, -2.95649856, 11.6348418, 0.0, 3.61732848, 8.83458144, 19.6530464, -12.98603686, -1.7776366599999998, 0.0, 5.44342416, -8.366572999999999, -13.5303182, 53.390319999999996, 0.0
24.058329, -5.3916616, -3.788763, -1.6709095, 19.41, 0.0, -23.610043, -3.3331263, -1.847511, -3.0540524, 11.800183, 0.0, 3.579837, 9.60799, 18.458332, -14.464226, -2.8263884, 0.0, 5.1161737, -8.31007, -13.084129, 53.16459, 0.0
24.1439288, -5.18656828, -3.6086342, -1.7833978400000001, 19.2035508, 0.0, -23.3716094, -3.38466396, -1.7722571, -3.13846802, 12.0007674, 0.0, 3.26606348, 9.683762399999999, 17.611230799999998, -15.527807, -3.43767646, 0.0, 4.53312604, -8.22933814, -12.3620522, 53.016576, 0.0
24.229528600000002, -4.98147496, -3.4285054, -1.89588618, 18.9971016, 0.0, -23.1331758, -3.43620162, -1.6970032, -3.22288364, 12.201351800000001, 0.0, 2.95228996, 9.759534799999999, 16.7641296, -16.591388, -4.04896452, 0.0, 3.95007838, -8.14860628, -11.6399754, 52.868562, 0.0
24.3151284, -4.77638164, -3.2483766000000003, -2.0083745200000003, 18.7906524, 0.0, -22.8947422, -3.48773928, -1.6217493, -3.3072992599999997, 12.4019362, 0.0, 2.63851644, 9.8353072, 15.9170284, -17.654969, -4.66025258, 0.0, 3.3670307200000003, -8.06787442, -10.917898600000001, 52.720548, 0.0
24.4007282, -4.57128832, -3.0682478, -2.12086286, 18.5842032, 0.0, -22.6563086, -3.5392769399999997, -1.5464954, -3.39171488, 12.6025206, 0.0, 2.3247429200000003, 9.9110796, 15.069927199999999, -18.71855, -5.2715406399999996, 0.0, 2.78398306, -7.987142560000001, -10.1958218, 52.572534, 0.0
24.486328, -4.366195, -2.888119, -2.2333512, 18.377754, 0.0, -22.417875, -3.5908146, -1.4712415, -3.4761305, 12.803105, 0.0, 2.0109694, 9.986852, 14.222826, -19.782131, -5.8828287, 0.0, 2.2009354, -7.9064107, -9.473745, 52.42452, 0.0
24.5146376, -4.2143041000000006, -2.71057384, -2.3332989, 18.203169199999998, 0.0, -22.2573506, -3.54220028, -1.42419182, -3.48050252, 12.9182188, 0.0, 1.7735030520000001, 9.7158422, 13.971889299999999, -20.211008, -6.08915462, 0.0, 1.9409646200000001, -7.87121402, -9.094456999999998, 52.377526, 0.0
24.5429472, -4.0624132, -2.53302868, -2.4332466, 18.0285844, 0.0, -22.0968262, -3.49358596, -1.3771421400000001, -3.48487454, 13.0333326, 0.0, 1.536036704, 9.444832400000001, 13.7209526, -20.639885, -6.29548054, 0.0, 1.6809938400000002, -7.83601734, -8.715169, 52.330532, 0.0
24.5712568, -3.9105223000000002, -2.35548352, -2.5331943, 17.853999599999998, 0.0, -21.9363018, -3.44497164, -1.33009246, -3.48924656, 13.148446400000001, 0.0, 1.2985703560000001, 9.1738226, 13.4700159, -21.068762, -6.50180646, 0.0, 1.42102306, -7.80082066, -8.335881, 52.283538, 0.0
24.5995664, -3.7586314, -2.1779383599999997, -2.633142, 17.6794148, 0.0, -21.7757774, -3.39635732, -1.28304278, -3.49361858, 13.2635602, 0.0, 1.061104008, 8.9028128, 13.219079200000001, -21.497639, -6.7081323799999995, 0.0, 1.16105228, -7.76562398, -7.956593, 52.236543999999995, 0.0
24.627876, -3.6067405, -2.0003932, -2.7330897, 17.50483, 0.0, -21.615253, -3.347743, -1.2359931, -3.4979906, 13.378674, 0.0, 0.82363766, 8.631803, 12.9681425, -21.926516, -6.9144583, 0.0, 0.9010815, -7.7304273, -7.577305, 52.18955, 0.0
24.629737600000002, -3.5534475, -1.90068624, -2.78050872, 17.4311688, 0.0, -21.5426362, -3.2298059599999998, -1.21511256, -3.46614448, 13.3918468, 0.0, 0.71361014, 8.42184732, 13.076868800000002, -21.986425399999998, -6.84934404, 0.0, 0.96700268, -7.71582978, -7.588315, 52.1940746, 0.0
24.6315992, -3.5001545, -1.80097928, -2.82792774, 17.357507599999998, 0.0, -21.470019399999998, -3.11186892, -1.19423202, -3.43429836, 13.4050196, 0.0, 0.6035826200000001, 8.21189164, 13.1855951, -22.0463348, -6.7842297799999995, 0.0, 1.03292386, -7.70123226, -7.599324999999999, 52.1985992, 0.0
24.6334608, -3.4468615000000002, -1.70127232, -2.8753467600000002, 17.2838464, 0.0, -21.3974026, -2.99393188, -1.17335148, -3.40245224, 13.4181924, 0.0, 0.4935551, 8.001935959999999, 13.294321400000001, -22.1062442, -6.71911552, 0.0, 1.09884504, -7.68663474, -7.610335, 52.2031238, 0.0
24.6353224, -3.3935685, -1.60156536, -2.92276578, 17.2101852, 0.0, -21.324785799999997, -2.87599484, -1.1524709400000002, -3.37060612, 13.4313652, 0.0, 0.38352758000000003, 7.79198028, 13.4030477, -22.1661536, -6.654001259999999, 0.0, 1.1647662200000002, -7.67203722, -7.621345, 52.2076484, 0.0
24.637184, -3.3402755, -1.5018584, -2.9701848, 17.136524, 0.0, -21.252169, -2.7580578, -1.1315904, -3.33876, 13.444538, 0.0, 0.27350006, 7.5820246, 13.511774, -22.226063, -6.588887, 0.0, 1.2306874, -7.6574397, -7.632355, 52.212173, 0.0
24.637184, -3.2993233, -1.45124812, -2.97842078, 17.1410822, 0.0, -21.2306468, -2.6577953, -1.1448835800000001, -3.33706062, 13.4110544, 0.0, 0.21953505466, 7.46329408, 13.576328400000001, -22.25996, -6.4457679, 0.0, 1.4216377, -7.62745026, -7.7657718, 52.2751538, 0.0
24.637184, -3.2583711, -1.40063784, -2.9866567600000002, 17.1456404, 0.0, -21.2091246, -2.5575328, -1.1581767600000001, -3.33536124, 13.377570799999999, 0.0, 0.16557004932, 7.34456356, 13.6408828, -22.293857, -6.3026488, 0.0, 1.6125880000000001, -7.59746082, -7.8991886, 52.3381346, 0.0
24.637184, -3.2174189, -1.35002756, -2.99489274, 17.1501986, 0.0, -21.1876024, -2.4572703000000002, -1.17146994, -3.33366186, 13.3440872, 0.0, 0.11160504397999998, 7.2258330399999995, 13.7054372, -22.327754000000002, -6.159529699999999, 0.0, 1.8035383, -7.56747138, -8.0326054, 52.4011154, 0.0
24.637184, -3.1764667, -1.29941728, -3.0031287200000003, 17.1547568, 0.0, -21.1660802, -2.3570078, -1.18476312, -3.33196248, 13.3106036, 0.0, 0.05764003864, 7.10710252, 13.769991599999999, -22.361651000000002, -6.0164105999999995, 0.0, 1.9944886, -7.53748194, -8.1660222, 52.4640962, 0.0
24.637184, -3.1355145, -1.248807, -3.0113647, 17.159315, 0.0, -21.144558, -2.2567453, -1.1980563, -3.3302631, 13.27712, 0.0, 0.0036750333, 6.988372, 13.834546, -22.395548, -5.8732915, 0.0, 2.1854389, -7.5074925, -8.299439, 52.527077, 0.0
24.637184, -3.0801806000000003, -1.2628462, -3.01108714, 17.239563999999998, 0.0, -21.176025, -2.19291114, -1.2610233, -3.36376998, 13.2246456, 0.0, -0.01271253736, 6.88705686, 13.8037242, -22.3977834, -5.5234254, 0.0, 2.38545782, -7.5051818599999995, -8.499139999999999, 52.6125604, 0.0
24.637184, -3.0248467000000003, -1.2768854, -3.01080958, 17.319813, 0.0, -21.207492, -2.12907698, -1.3239903, -3.39727686, 13.172171200000001, 0.0, -0.02910010802, 6.78574172, 13.7729024, -22.4000188, -5.1735593, 0.0, 2.58547674, -7.502871219999999, -8.698841, 52.6980438, 0.0
24.637184, -2.9695128, -1.2909245999999999, -3.01053202, 17.400062, 0.0, -21.238959, -2.06524282, -1.3869573, -3.43078374, 13.1196968, 0.0, -0.04548767868, 6.68442658, 13.7420806, -22.4022542, -4.8236932, 0.0, 2.78549566, -7.50056058, -8.898541999999999, 52.783527199999995, 0.0
24.637184, -2.9141789, -1.3049638, -3.01025446, 17.480311, 0.0, -21.270426, -2.00140866, -1.4499243, -3.46429062, 13.0672224, 0.0, -0.06187524934, 6.58311144, 13.7112588, -22.4044896, -4.4738271, 0.0, 2.9855145800000003, -7.49824994, -9.098243, 52.869010599999996, 0.0
24.637184, -2.858845, -1.319003, -3.0099769, 17.56056, 0.0, -21.301893, -1.9375745, -1.5128913, -3.4977975, 13.014748, 0.0, -0.07826282, 6.4817963, 13.680437, -22.406725, -4.123961, 0.0, 3.1855335, -7.4959393, -9.297944, 52.954494, 0.0
24.637184, -2.81807146, -1.36474286, -3.00562752, 17.688943, 0.0, -21.3540264, -1.8994772, -1.58759644, -3.53639546, 12.9721696, 0.0, -0.081083428, 6.48611584, 13.6788282, -22.268494, -3.1722104000000004, 0.0, 3.3155287, -7.5074673, -9.5190848, 53.0136812, 0.0
24.637184, -2.77729792, -1.41048272, -3.00127814, 17.817325999999998, 0.0, -21.4061598, -1.8613799, -1.66230158, -3.57499342, 12.9295912, 0.0, -0.083904036, 6.49043538, 13.6772194, -22.130263, -2.2204598000000004, 0.0, 3.4455239, -7.5189953, -9.7402256, 53.0728684, 0.0
24.637184, -2.73652438, -1.45622258, -2.99692876, 17.945709, 0.0, -21.4582932, -1.8232826, -1.7370067200000001, -3.61359138, 12.8870128, 0.0, -0.08672464399999999, 6.49475492, 13.675610599999999, -21.992032000000002, -1.2687092, 0.0, 3.5755191, -7.5305233, -9.9613664, 53.1320556, 0.0
24.637184, -2.69575084, -1.50196244, -2.99257938, 18.074092, 0.0, -21.510426600000002, -1.7851853, -1.81171186, -3.65218934, 12.8444344, 0.0, -0.08954525199999999, 6.49907446, 13.6740018, -21.853801, -0.3169586, 0.0, 3.7055143, -7.5420513, -10.1825072, 53.1912428, 0.0
24.637184, -2.6549773, -1.5477023, -2.98823, 18.202475, 0.0, -21.56256, -1.747088, -1.886417, -3.6907873, 12.801856, 0.0, -0.09236586, 6.503394, 13.672393, -21.71557, 0.634792, 0.0, 3.8355095, -7.5535793, -10.403648, 53.25043, 0.0
24.637184, -2.64615784, -1.59471418, -2.9826963600000003, 18.3257172, 0.0, -21.5890594, -1.72844902, -1.9274957, -3.71543658, 12.7748808, 0.0, -0.164539294, 6.6543564, 13.7387858, -21.3835472, 2.3636777999999996, 0.0, 3.86342894, -7.56028104, -10.5519716, 53.288056000000005, 0.0
24.637184, -2.63733838, -1.64172606, -2.97716272, 18.4489594, 0.0, -21.6155588, -1.70981004, -1.9685743999999998, -3.74008586, 12.747905600000001, 0.0, -0.236712728, 6.8053188, 13.8051786, -21.051524399999998, 4.0925636, 0.0, 3.89134838, -7.56698278, -10.7002952, 53.325682, 0.0
24.637184, -2.62851892, -1.68873794, -2.97162908, 18.5722016, 0.0, -21.6420582, -1.6911710599999998, -2.0096531, -3.76473514, 12.7209304, 0.0, -0.308886162, 6.9562812, 13.8715714, -20.7195016, 5.8214494, 0.0, 3.91926782, -7.57368452, -10.8486188, 53.363308, 0.0
24.637184, -2.61969946, -1.73574982, -2.9660954399999997, 18.6954438, 0.0, -21.6685576, -1.6725320799999999, -2.0507318, -3.78938442, 12.693955200000001, 0.0, -0.38105959600000006, 7.1072436, 13.9379642, -20.3874788, 7.550335199999999, 0.0, 3.94718726, -7.58038626, -10.9969424, 53.400934, 0.0
24.637184, -2.61088, -1.7827617, -2.9605618, 18.818686, 0.0, -21.695057, -1.6538931, -2.0918105, -3.8140337, 12.66698, 0.0, -0.45323303, 7.258206, 14.004357, -20.055456, 9.279221, 0.0, 3.9751067, -7.587088, -11.145266, 53.43856, 0.0
24.637184, -2.640977, -1.8158318, -2.99480656, 18.8510348, 0.0, -21.649186, -1.67856396, -2.0664246, -3.85001908, 12.6797324, 0.0, -0.619733464, 7.422074800000001, 14.103889, -19.4923446, 11.749703199999999, 0.0, 3.85141452, -7.57977086, -11.1327588, 53.518790800000005, 0.0
24.637184, -2.671074, -1.8489019, -3.0290513199999998, 18.8833836, 0.0, -21.603315, -1.70323482, -2.0410387, -3.88600446, 12.6924848, 0.0, -0.7862338979999999, 7.5859436, 14.203421, -18.9292332, 14.2201854, 0.0, 3.72772234, -7.5724537199999995, -11.1202516, 53.5990216, 0.0
24.637184, -2.701171, -1.881972, -3.06329608, 18.9157324, 0.0, -21.557444, -1.7279056799999999, -2.0156528, -3.9219898399999997, 12.7052372, 0.0, -0.9527343319999999, 7.749812400000001, 14.302953, -18.366121800000002, 16.6906676, 0.0, 3.6040301599999998, -7.56513658, -11.1077444, 53.6792524, 0.0
24.637184, -2.731268, -1.9150421, -3.09754084, 18.948081199999997, 0.0, -21.511573, -1.75257654, -1.9902669, -3.95797522, 12.7179896, 0.0, -1.119234766, 7.9136812, 14.402485, -17.8030104, 19.1611498, 0.0, 3.48033798, -7.557819439999999, -11.0952372, 53.7594832, 0.0
24.637184, -2.761365, -1.9481122, -3.1317856, 18.98043, 0.0, -21.465702, -1.7772474, -1.964881, -3.9939606, 12.730742, 0.0, -1.2857352, 8.07755, 14.502017, -17.239899, 21.631632, 0.0, 3.3566458, -7.5505023, -11.08273, 53.839714, 0.0
24.637184, -2.75039782, -1.8999592, -3.1631036800000003, 18.9532706, 0.0, -21.3958938, -1.79446254, -1.90405194, -4.00878532, 12.758005599999999, 0.0, -1.48986092, 8.130926, 14.559894, -16.5317858, 24.4512676, 0.0, 3.14389074, -7.54111434, -10.9721178, 53.9950302, 0.0
24.637184, -2.73943064, -1.8518062, -3.19442176, 18.9261112, 0.0, -21.3260856, -1.81167768, -1.8432228800000001, -4.02361004, 12.7852692, 0.0, -1.69398664, 8.184302, 14.617771, -15.8236726, 27.2709032, 0.0, 2.9311356799999997, -7.53172638, -10.8615056, 54.150346400000004, 0.0
24.637184, -2.72846346, -1.8036532, -3.22573984, 18.8989518, 0.0, -21.256277400000002, -1.8288928199999999, -1.78239382, -4.03843476, 12.8125328, 0.0, -1.89811236, 8.237677999999999, 14.675648, -15.1155594, 30.0905388, 0.0, 2.7183806199999996, -7.52233842, -10.7508934, 54.3056626, 0.0
24.637184, -2.71749628, -1.7555002, -3.25705792, 18.8717924, 0.0, -21.1864692, -1.8461079599999999, -1.7215647600000001, -4.05325948, 12.8397964, 0.0, -2.1022380800000002, 8.291053999999999, 14.733525, -14.407446199999999, 32.9101744, 0.0, 2.50562556, -7.51295046, -10.6402812, 54.4609788, 0.0
24.637184, -2.7065291, -1.7073472, -3.288376, 18.844633, 0.0, -21.116661, -1.8633231, -1.6607357, -4.0680842, 12.86706, 0.0, -2.3063638, 8.34443, 14.791402, -13.699333, 35.72981, 0.0, 2.2928705, -7.5035625, -10.529669, 54.616295, 0.0
24.637184, -2.67118178, -1.669696, -3.31721966, 18.829962000000002, 0.0, -21.093996, -1.84088502, -1.6338913400000001, -4.0496314600000005, 12.8536794, 0.0, -2.41922548, 8.2609734, 14.7956448, -12.8792254, 38.1816064, 0.0, 2.13996388, -7.5368749, -10.5022886, 54.797962, 0.0
24.637184, -2.63583446, -1.6320448, -3.34606332, 18.815291000000002, 0.0, -21.071331, -1.81844694, -1.60704698, -4.031178720000001, 12.840298800000001, 0.0, -2.53208716, 8.1775168, 14.7998876, -12.0591178, 40.6334028, 0.0, 1.9870572599999998, -7.5701873, -10.4749082, 54.979629, 0.0
24.637184, -2.6004871400000003, -1.5943936, -3.37490698, 18.80062, 0.0, -21.048666, -1.79600886, -1.5802026200000001, -4.01272598, 12.8269182, 0.0, -2.64494884, 8.0940602, 14.8041304, -11.2390102, 43.0851992, 0.0, 1.83415064, -7.6034997, -10.4475278, 55.161296, 0.0
24.637184, -2.56513982, -1.5567424, -3.4037506399999997, 18.785949, 0.0, -21.026001, -1.77357078, -1.55335826, -3.99427324, 12.8135376, 0.0, -2.75781052, 8.0106036, 14.8083732, -10.418902600000001, 45.5369956, 0.0, 1.68124402, -7.6368121, -10.4201474, 55.342963000000005, 0.0
24.637184, -2.5297925, -1.5190912, -3.4325943, 18.771278, 0.0, -21.003336, -1.7511327, -1.5265139, -3.9758205, 12.800157, 0.0, -2.8706722, 7.927147, 14.812616, -9.598795, 47.988792, 0.0, 1.5283374, -7.6701245, -10.392767, 55.52463, 0.0
24.637184, -2.49516116, -1.4904602, -3.45856472, 18.7874814, 0.0, -21.0058414, -1.73920388, -1.5353870600000001, -3.97392094, 12.760358400000001, 0.0, -2.94924652, 7.7528330599999995, 14.756820600000001, -8.7702416, 49.861673599999996, 0.0, 1.46593082, -7.7108862, -10.478002799999999, 55.673904, 0.0
24.637184, -2.46052982, -1.4618292, -3.4845351399999998, 18.8036848, 0.0, -21.0083468, -1.72727506, -1.5442602200000002, -3.97202138, 12.7205598, 0.0, -3.02782084, 7.57851912, 14.7010252, -7.941688200000001, 51.734555199999996, 0.0, 1.40352424, -7.7516479, -10.5632386, 55.823178, 0.0
24.637184, -2.42589848, -1.4331982, -3.51050556, 18.8198882, 0.0, -21.0108522, -1.7153462400000001, -1.55313338, -3.97012182, 12.680761200000001, 0.0, -3.10639516, 7.40420518, 14.645229800000001, -7.1131348, 53.6074368, 0.0, 1.34111766, -7.7924096, -10.6484744, 55.972452000000004, 0.0
24.637184, -2.39126714, -1.4045672, -3.5364759799999996, 18.8360916, 0.0, -21.0133576, -1.70341742, -1.56200654, -3.96822226, 12.6409626, 0.0, -3.18496948, 7.229891240000001, 14.5894344, -6.2845814, 55.4803184, 0.0, 1.2787110799999999, -7.8331713, -10.7337102, 56.121726, 0.0
24.637184, -2.3566358, -1.3759362, -3.5624464, 18.852295, 0.0, -21.015863, -1.6914886, -1.5708797, -3.9663227, 12.601164, 0.0, -3.2635438, 7.0555773, 14.533639, -5.456028, 57.3532, 0.0, 1.2163045, -7.873933, -10.818946, 56.271, 0.0
24.637184, -2.32278084, -1.34318236, -3.5717476799999996, 18.8967014, 0.0, -21.0172338, -1.68800714, -1.58001718, -3.97541088, 12.569092000000001, 0.0, -3.3358508799999997, 6.82071316, 14.3964596, -4.6939179399999995, 58.683276, 0.0, 1.19677952, -7.9002276, -10.9730848, 56.3604814, 0.0
24.637184, -2.28892588, -1.3104285199999999, -3.58104896, 18.9411078, 0.0, -21.0186046, -1.6845256800000001, -1.58915466, -3.98449906, 12.53702, 0.0, -3.40815796, 6.58584902, 14.259280200000001, -3.93180788, 60.013352, 0.0, 1.17725454, -7.9265222, -11.1272236, 56.4499628, 0.0
24.637184, -2.25507092, -1.27767468, -3.59035024, 18.9855142, 0.0, -21.0199754, -1.68104422, -1.59829214, -3.99358724, 12.504948, 0.0, -3.48046504, 6.35098488, 14.1221008, -3.1696978199999997, 61.343428, 0.0, 1.15772956, -7.952816800000001, -11.281362399999999, 56.5394442, 0.0
24.637184, -2.22121596, -1.24492084, -3.59965152, 19.0299206, 0.0, -21.0213462, -1.67756276, -1.60742962, -4.00267542, 12.472876, 0.0, -3.55277212, 6.11612074, 13.984921400000001, -2.4075877599999997, 62.673504, 0.0, 1.13820458, -7.979111400000001, -11.4355012, 56.6289256, 0.0
24.637184, -2.187361, -1.212167, -3.6089528, 19.074327, 0.0, -21.022717, -1.6740813, -1.6165671, -4.0117636, 12.440804, 0.0, -3.6250792, 5.8812566, 13.847742, -1.6454777, 64.00358, 0.0, 1.1186796, -8.005406, -11.58964, 56.718407, 0.0
24.637184, -2.17263532, -1.18698572, -3.59702814, 19.1108666, 0.0, -21.0120578, -1.6633047200000002, -1.60242252, -4.02157814, 12.4289096, 0.0, -3.66473264, 5.66537788, 13.681815, -1.03629002, 64.840462, 0.0, 1.1211387000000002, -7.994705280000001, -11.761269799999999, 56.7447046, 0.0
24.637184, -2.15790964, -1.16180444, -3.58510348, 19.1474062, 0.0, -21.0013986, -1.65252814, -1.58827794, -4.03139268, 12.4170152, 0.0, -3.70438608, 5.44949916, 13.515888, -0.42710234, 65.677344, 0.0, 1.1235978, -7.984004560000001, -11.932899599999999, 56.7710022, 0.0
24.637184, -2.14318396, -1.1366231599999999, -3.57317882, 19.1839458, 0.0, -20.9907394, -1.64175156, -1.5741333599999998, -4.04120722, 12.4051208, 0.0, -3.7440395200000003, 5.23362044, 13.349961, 0.18208533999999998, 66.514226, 0.0, 1.1260569, -7.97330384, -12.1045294, 56.7972998, 0.0
24.637184, -2.1284582800000003, -1.1114418799999999, -3.56125416, 19.220485399999998, 0.0, -20.9800802, -1.63097498, -1.5599887799999999, -4.05102176, 12.3932264, 0.0, -3.78369296, 5.01774172, 13.184034, 0.79127302, 67.351108, 0.0, 1.1285159999999999, -7.96260312, -12.2761592, 56.8235974, 0.0
24.637184, -2.1137326, -1.0862606, -3.5493295, 19.257025, 0.0, -20.969421, -1.6201984, -1.5458442, -4.0608363, 12.381332, 0.0, -3.8233464, 4.801863, 13.018107, 1.4004607, 68.18799, 0.0, 1.1309751, -7.9519024, -12.447789, 56.849895, 0.0
24.637184, -2.1320017, -1.0525264399999998, -3.521709, 19.2485552, 0.0, -20.952982, -1.59506078, -1.5144146399999998, -4.07099056, 12.385587000000001, 0.0, -3.8474859, 4.65442794, 12.912273800000001, 1.78596968, 68.616588, 0.0, 1.1660536, -7.95820524, -12.6563166, 56.836054, 0.0
24.637184, -2.1502708, -1.01879228, -3.4940884999999997, 19.240085399999998, 0.0, -20.936543, -1.56992316, -1.48298508, -4.0811448200000005, 12.389842, 0.0, -3.8716254, 4.50699288, 12.8064406, 2.17147866, 69.045186, 0.0, 1.2011321, -7.96450808, -12.8648442, 56.822213, 0.0
24.637184, -2.1685399000000003, -0.9850581199999999, -3.466468, 19.2316156, 0.0, -20.920104, -1.54478554, -1.4515555199999999, -4.09129908, 12.394097, 0.0, -3.8957649, 4.35955782, 12.7006074, 2.55698764, 69.473784, 0.0, 1.2362106, -7.97081092, -13.0733718, 56.808372, 0.0
24.637184, -2.1868090000000002, -0.95132396, -3.4388474999999996, 19.2231458, 0.0, -20.903665, -1.51964792, -1.42012596, -4.10145334, 12.398352, 0.0, -3.9199044, 4.212122760000001, 12.5947742, 2.94249662, 69.902382, 0.0, 1.2712891, -7.97711376, -13.2818994, 56.794531, 0.0
24.637184, -2.2050781, -0.9175898, -3.411227, 19.214676, 0.0, -20.887226, -1.4945103, -1.3886964, -4.1116076, 12.402607, 0.0, -3.9440439, 4.0646877, 12.488941, 3.3280056, 70.33098, 0.0, 1.3063676, -7.9834166, -13.490427, 56.78069, 0.0
24.637184, -2.2494738400000003, -0.875495268, -3.4015112, 19.126566, 0.0, -20.870747599999998, -1.45167786, -1.3506756199999999, -4.11711928, 12.462887199999999, 0.0, -3.9444725800000002, 4.01824356, 12.4552294, 3.56380418, 70.514427, 0.0, 1.34698348, -8.01847048, -13.7412834, 56.75123, 0.0
24.637184, -2.29386958, -0.833400736, -3.3917954, 19.038456, 0.0, -20.854269199999997, -1.40884542, -1.31265484, -4.12263096, 12.5231674, 0.0, -3.94490126, 3.97179942, 12.4215178, 3.79960276, 70.697874, 0.0, 1.38759936, -8.053524359999999, -13.9921398, 56.72177, 0.0
24.637184, -2.33826532, -0.7913062040000001, -3.3820796, 18.950346, 0.0, -20.8377908, -1.36601298, -1.27463406, -4.12814264, 12.5834476, 0.0, -3.94532994, 3.9253552800000002, 12.3878062, 4.03540134, 70.881321, 0.0, 1.4282152399999999, -8.08857824, -14.2429962, 56.69231, 0.0
24.637184, -2.3826610599999998, -0.749211672, -3.3723638, 18.862236, 0.0, -20.8213124, -1.32318054, -1.23661328, -4.133654320000001, 12.6437278, 0.0, -3.94575862, 3.87891114, 12.3540946, 4.27119992, 71.064768, 0.0, 1.46883112, -8.12363212, -14.4938526, 56.66285, 0.0
24.637184, -2.4270568, -0.70711714, -3.362648, 18.774126, 0.0, -20.804834, -1.2803481, -1.1985925, -4.139166, 12.704008, 0.0, -3.9461873, 3.832467, 12.320383, 4.5069985, 71.248215, 0.0, 1.509447, -8.158686, -14.744709, 56.63339, 0.0
24.637184, -2.4411916799999998, -0.652638532, -3.35545596, 18.6408378, 0.0, -20.8004578, -1.21259138, -1.16910548, -4.128343200000001, 12.8333776, 0.0, -3.952678, 3.8517898799999997, 12.3227792, 4.6666672, 71.317184, 0.0, 1.55522422, -8.2130668, -15.010413, 56.601611999999996, 0.0
24.637184, -2.45532656, -0.5981599240000001, -3.34826392, 18.5075496, 0.0, -20.7960816, -1.1448346600000001, -1.1396184599999999, -4.1175204, 12.9627472, 0.0, -3.9591687, 3.87111276, 12.3251754, 4.8263359, 71.386153, 0.0, 1.6010014399999999, -8.2674476, -15.276117000000001, 56.569834, 0.0
24.637184, -2.46946144, -0.543681316, -3.3410718800000003, 18.374261399999998, 0.0, -20.791705399999998, -1.0770779400000001, -1.11013144, -4.1066976, 13.0921168, 0.0, -3.9656594, 3.8904356399999998, 12.3275716, 4.986004599999999, 71.455122, 0.0, 1.6467786599999998, -8.3218284, -15.541821, 56.538056, 0.0
24.637184, -2.48359632, -0.489202708, -3.3338798400000003, 18.2409732, 0.0, -20.7873292, -1.00932122, -1.0806444199999998, -4.0958748, 13.2214864, 0.0, -3.9721501, 3.90975852, 12.3299678, 5.1456732999999995, 71.524091, 0.0, 1.69255588, -8.3762092, -15.807525000000002, 56.506278, 0.0
24.637184, -2.4977312, -0.4347241, -3.3266878, 18.107685, 0.0, -20.782953, -0.9415645, -1.0511574, -4.085052, 13.350856, 0.0, -3.9786408, 3.9290814, 12.332364, 5.305342, 71.59306, 0.0, 1.7383331, -8.43059, -16.073229, 56.4745, 0.0
24.637184, -2.49788464, -0.382534716, -3.3255280000000003, 17.951076, 0.0, -20.781394, -0.870216894, -1.02708312, -4.0720129, 13.4069448, 0.0, -3.96665284, 3.98122332, 12.319942, 5.406002259999999, 71.6185612, 0.0, 1.75021846, -8.4685556, -16.313053200000002, 56.427696, 0.0
24.637184, -2.49803808, -0.33034533200000005, -3.3243682000000003, 17.794467, 0.0, -20.779835, -0.798869288, -1.00300884, -4.0589738, 13.4630336, 0.0, -3.95466488, 4.03336524, 12.30752, 5.50666252, 71.6440624, 0.0, 1.7621038199999999, -8.5065212, -16.5528774, 56.380891999999996, 0.0
24.637184, -2.4981915199999998, -0.27815594800000004, -3.3232084, 17.637857999999998, 0.0, -20.778276, -0.727521682, -0.9789345599999999, -4.0459347, 13.5191224, 0.0, -3.94267692, 4.08550716, 12.295098, 5.60732278, 71.6695636, 0.0, 1.77398918, -8.544486800000001, -16.7927016, 56.334088, 0.0
24.637184, -2.49834496, -0.22596656400000004, -3.3220486, 17.481249, 0.0, -20.776717, -0.656174076, -0.95486028, -4.032895600000001, 13.5752112, 0.0, -3.93068896, 4.137649079999999, 12.282676, 5.70798304, 71.6950648, 0.0, 1.78587454, -8.582452400000001, -17.0325258, 56.287284, 0.0
24.637184, -2.4984984, -0.17377718, -3.3208888, 17.32464, 0.0, -20.775158, -0.58482647, -0.930786, -4.0198565, 13.6313, 0.0, -3.918701, 4.189791, 12.270254, 5.8086433, 71.720566, 0.0, 1.7977599, -8.620418, -17.27235, 56.24048, 0.0
24.637184, -2.50656416, -0.1331019966, -3.31588944, 17.2089178, 0.0, -20.7780098, -0.507108928, -0.90363996, -3.9885661000000003, 13.634285, 0.0, -3.89991704, 4.240542199999999, 12.2428476, 5.86262464, 71.73400480000001, 0.0, 1.78819014, -8.627369, -17.4343, 56.19311, 0.0
24.637184, -2.51462992, -0.0924268132, -3.31089008, 17.093195599999998, 0.0, -20.7808616, -0.429391386, -0.87649392, -3.9572757000000003, 13.63727, 0.0, -3.88113308, 4.2912934, 12.215441199999999, 5.91660598, 71.74744360000001, 0.0, 1.77862038, -8.63432, -17.59625, 56.145739999999996, 0.0
24.637184, -2.52269568, -0.051751629800000004, -3.30589072, 16.9774734, 0.0, -20.7837134, -0.351673844, -0.84934788, -3.9259853000000002, 13.640255, 0.0, -3.8623491199999997, 4.3420445999999995, 12.1880348, 5.97058732, 71.7608824, 0.0, 1.76905062, -8.641271, -17.7582, 56.09837, 0.0
24.637184, -2.53076144, -0.011076446399999995, -3.30089136, 16.8617512, 0.0, -20.786565200000002, -0.273956302, -0.82220184, -3.8946949, 13.643239999999999, 0.0, -3.84356516, 4.3927958, 12.1606284, 6.02456866, 71.7743212, 0.0, 1.75948086, -8.648222, -17.92015, 56.051, 0.0
24.637184, -2.5388272, 0.029598737, -3.295892, 16.746029, 0.0, -20.789417, -0.19623876, -0.7950558, -3.8634045, 13.646225, 0.0, -3.8247812, 4.443547, 12.133222, 6.07855, 71.78776, 0.0, 1.7499111, -8.655173, -18.0821, 56.00363, 0.0
24.637184, -2.54781486, 0.0417994496, -3.2775728799999997, 16.7196518, 0.0, -20.7876532, -0.129832054, -0.76621938, -3.8241567, 13.706918199999999, 0.0, -3.80816916, 4.4751208, 12.1063086, 6.1011327, 71.791702, 0.0, 1.74231446, -8.6551972, -18.16067, 55.9764468, 0.0
24.637184, -2.55680252, 0.0540001622, -3.25925376, 16.6932746, 0.0, -20.785889400000002, -0.06342534799999999, -0.73738296, -3.7849089, 13.7676114, 0.0, -3.79155712, 4.5066946, 12.0793952, 6.1237154, 71.795644, 0.0, 1.73471782, -8.6552214, -18.23924, 55.9492636, 0.0
24.637184, -2.56579018, 0.0662008748, -3.24093464, 16.6668974, 0.0, -20.7841256, 0.0029813580000000173, -0.70854654, -3.7456611, 13.8283046, 0.0, -3.77494508, 4.5382684, 12.052481799999999, 6.1462981, 71.799586, 0.0, 1.7271211800000001, -8.655245599999999, -18.31781, 55.9220804, 0.0
24.637184, -2.5747778400000003, 0.0784015874, -3.22261552, 16.640520199999997, 0.0, -20.7823618, 0.06938806400000003, -0.67971012, -3.7064133, 13.8889978, 0.0, -3.75833304, 4.5698422, 12.0255684, 6.1688808, 71.803528, 0.0, 1.71952454, -8.6552698, -18.39638, 55.8948972, 0.0
24.637184, -2.5837655, 0.0906023, -3.2042964, 16.614143, 0.0, -20.780598, 0.13579477, -0.6508737, -3.6671655, 13.949691, 0.0, -3.741721, 4.601416, 11.998655, 6.1914635, 71.80747, 0.0, 1.7119279, -8.655294, -18.47495, 55.867714, 0.0
24.637184, -2.5909737600000002, 0.084855038, -3.19158568, 16.609821399999998, 0.0, -20.7730192, 0.16345890400000002, -0.634588308, -3.65425876, 13.994877599999999, 0.0, -3.7266558, 4.6106692, 11.9753058, 6.1931702, 71.79944599999999, 0.0, 1.70462818, -8.676670399999999, -18.509398, 55.855764, 0.0
24.637184, -2.5981820200000003, 0.079107776, -3.17887496, 16.6054998, 0.0, -20.7654404, 0.191123038, -0.618302916, -3.64135202, 14.0400642, 0.0, -3.7115906, 4.6199224, 11.951956599999999, 6.1948769, 71.791422, 0.0, 1.69732846, -8.6980468, -18.543846, 55.843814, 0.0
24.637184, -2.60539028, 0.073360514, -3.16616424, 16.6011782, 0.0, -20.757861600000002, 0.218787172, -0.602017524, -3.62844528, 14.085250799999999, 0.0, -3.6965254, 4.6291756, 11.9286074, 6.1965836, 71.78339799999999, 0.0, 1.69002874, -8.7194232, -18.578294, 55.831863999999996, 0.0
24.637184, -2.61259854, 0.067613252, -3.15345352, 16.596856600000002, 0.0, -20.7502828, 0.24645130599999998, -0.585732132, -3.61553854, 14.1304374, 0.0, -3.6814602, 4.6384288, 11.9052582, 6.1982903, 71.775374, 0.0, 1.68272902, -8.7407996, -18.612741999999997, 55.819914, 0.0
24.637184, -2.6198068, 0.06186599, -3.1407428, 16.592535, 0.0, -20.742704, 0.27411544, -0.56944674, -3.6026318, 14.175624, 0.0, -3.666395, 4.647682, 11.881909, 6.199997, 71.76735, 0.0, 1.6754293, -8.762176, -18.64719, 55.807964, 0.0
