/h1_2/pelvis/left_hip_yaw_joint, /h1_2/left_hip_yaw_link/left_hip_pitch_joint, /h1_2/left_hip_pitch_link/left_hip_roll_joint, /h1_2/left_hip_roll_link/left_knee_joint, /h1_2/left_knee_link/left_ankle_pitch_joint, /h1_2/left_ankle_pitch_link/left_ankle_roll_joint, /h1_2/pelvis/right_hip_yaw_joint, /h1_2/right_hip_yaw_link/right_hip_pitch_joint, /h1_2/right_hip_pitch_link/right_hip_roll_joint, /h1_2/right_hip_roll_link/right_knee_joint, /h1_2/right_knee_link/right_ankle_pitch_joint, /h1_2/right_ankle_pitch_link/right_ankle_roll_joint, /h1_2/pelvis/torso_joint, /h1_2/torso_link/left_shoulder_pitch_joint, /h1_2/left_shoulder_pitch_link/left_shoulder_roll_joint, /h1_2/left_shoulder_roll_link/left_shoulder_yaw_joint, /h1_2/left_shoulder_yaw_link/left_elbow_joint, /h1_2/left_elbow_link/left_wrist_roll_joint, /h1_2/torso_link/right_shoulder_pitch_joint, /h1_2/right_shoulder_pitch_link/right_shoulder_roll_joint, /h1_2/right_shoulder_roll_link/right_shoulder_yaw_joint, /h1_2/right_shoulder_yaw_link/right_elbow_joint, /h1_2/right_elbow_link/right_wrist_roll_joint
0.4299999792196667, -0.2661666728265373, 0.06567673102590035, 0.21887428893670283, 0.19294393223982312, 0.0, -0.4299999792196667, -0.2199919367031562, 0.015919381981560045, 0.1272351656955024, 0.3475986219098844, 0.0, -0.04061869163449662, -0.0460910423497602, 0.17830102124131864, -0.1081695641925055, 1.312702098464806, 0.0, -0.03388420607065335, -0.10749577110812684, -0.12095906642508587, 1.2107568932570416, 0.0
0.4299999792196667, -0.2667250385608353, 0.0649090490016082, 0.2185389064676396, 0.19326999465068068, 0.0, -0.4299999792196667, -0.22060018220214697, 0.016021190981272984, 0.12686021137630868, 0.347788220517187, 0.0, -0.04028893575787597, -0.047651510516173494, 0.17842873745466256, -0.10951176951117894, 1.3114038876605874, 0.0, -0.031552862625548454, -0.10787609231477041, -0.11335612003528181, 1.2025765699595292, 0.0
0.4299999792196667, -0.26728340429513336, 0.06414136697731604, 0.2182035239985764, 0.19359605706153826, 0.0, -0.4299999792196667, -0.22120842770113774, 0.016122999980985923, 0.126485257057115, 0.3479778191244896, 0.0, -0.039959179881255316, -0.04921197868258679, 0.17855645366800654, -0.11085397482985238, 1.310105676856369, 0.0, -0.02922151918044355, -0.10825641352141399, -0.10575317364547772, 1.1943962466620166, 0.0
0.4299999792196667, -0.2678417700294314, 0.0633736849530239, 0.21786814152951317, 0.19392211947239582, 0.0, -0.4299999792196667, -0.22181667320012852, 0.01622480898069886, 0.12611030273792126, 0.34816741773179233, 0.0, -0.03962942400463467, -0.05077244684900008, 0.1786841698813504, -0.11219618014852585, 1.3088074660521505, 0.0, -0.026890175735338653, -0.10863673472805759, -0.09815022725567364, 1.1862159233645044, 0.0
0.4299999792196667, -0.2684001357637294, 0.06260600292873174, 0.21753275906044994, 0.1942481818832534, 0.0, -0.4299999792196667, -0.22242491869911932, 0.0163266179804118, 0.12573534841872758, 0.34835701633909494, 0.0, -0.03929966812801402, -0.05233291501541337, 0.1788118860946944, -0.11353838546719927, 1.3075092552479322, 0.0, -0.024558832290233756, -0.10901705593470115, -0.09054728086586955, 1.178035600066992, 0.0
0.4299999792196667, -0.2689585014980274, 0.06183832090443958, 0.21719737659138666, 0.19457424429411097, 0.0, -0.4299999792196667, -0.22303316419811006, 0.016428426980124738, 0.1253603940995339, 0.3485466149463976, 0.0, -0.03896991225139337, -0.053893383181826675, 0.17893960230803832, -0.11488059078587273, 1.3062110444437136, 0.0, -0.022227488845128863, -0.10939737714134473, -0.08294433447606547, 1.1698552767694796, 0.0
0.4299999792196667, -0.2696716918996113, 0.06059478533156669, 0.21658570152041573, 0.19502432631095676, 0.0, -0.4299999792196667, -0.22403556263806648, 0.01643540679614956, 0.12470155150552781, 0.3487387931503347, 0.0, -0.03868790229992197, -0.05555106409318094, 0.17856998346036795, -0.1173452442245742, 1.3033803298364892, 0.0, -0.018078658686605166, -0.11145493881520384, -0.06688871286103962, 1.152259111596968, 0.0
0.4299999792196667, -0.2703848823011953, 0.05935124975869378, 0.2159740264494448, 0.19547440832780258, 0.0, -0.4299999792196667, -0.22503796107802287, 0.01644238661217438, 0.1240427089115217, 0.34893097135427176, 0.0, -0.038405892348450585, -0.05720874500453522, 0.17820036461269764, -0.11980989766327568, 1.3005496152292646, 0.0, -0.01392982852808147, -0.11351250048906293, -0.05083309124601377, 1.1346629464244566, 0.0
0.4299999792196667, -0.27109807270277925, 0.0581077141858209, 0.21536235137847387, 0.1959244903446484, 0.0, -0.4299999792196667, -0.22604035951797927, 0.016449366428199202, 0.12338386631751563, 0.3491231495582089, 0.0, -0.03812388239697918, -0.0588664259158895, 0.17783074576502725, -0.12227455110197716, 1.29771890062204, 0.0, -0.009780998369557774, -0.11557006216292207, -0.03477746963098792, 1.117066781251945, 0.0
0.4299999792196667, -0.2718112631043632, 0.056864178612948006, 0.21475067630750297, 0.19637457236149417, 0.0, -0.4299999792196667, -0.2270427579579357, 0.016456346244224023, 0.12272502372350953, 0.34931532776214597, 0.0, -0.03784187244550779, -0.060524106827243775, 0.1774611269173569, -0.12473920454067863, 1.2948881860148154, 0.0, -0.00563216821103408, -0.11762762383678117, -0.01872184801596206, 1.0994706160794334, 0.0
0.4299999792196667, -0.2725244535059471, 0.0556206430400751, 0.21413900123653198, 0.19682465437833996, 0.0, -0.4299999792196667, -0.22804515639789208, 0.016463326060248844, 0.12206618112950347, 0.34950750596608304, 0.0, -0.0375598624940364, -0.06218178773859805, 0.17709150806968657, -0.1272038579793801, 1.2920574714075908, 0.0, -0.0014833380525103859, -0.11968518551064027, -0.002666226400936208, 1.0818744509069218, 0.0
0.4299999792196667, -0.2724160092182037, 0.054530493983184485, 0.2132774159606265, 0.19754044532050938, 0.0, -0.4299999792196667, -0.2289668612852118, 0.01612717180659038, 0.12129969989173667, 0.3500657041487729, 0.0, -0.03921951039145768, -0.06141414795127379, 0.17671391830332236, -0.1300962134269949, 1.287389567379181, 0.0, 0.002978578761827183, -0.12460420402116856, 0.023670548084441967, 1.0528671660052389, 0.0
0.4299999792196667, -0.27230756493046027, 0.053440344926293855, 0.212415830684721, 0.19825623626267877, 0.0, -0.4299999792196667, -0.22988856617253153, 0.01579101755293192, 0.12053321865396988, 0.35062390233146273, 0.0, -0.04087915828887895, -0.060646508163949536, 0.17633632853695813, -0.13298856887460972, 1.2827216633507712, 0.0, 0.0074404955761647506, -0.12952322253169687, 0.05000732256982013, 1.0238598811035555, 0.0
0.4299999792196667, -0.27219912064271684, 0.052350195869403225, 0.21155424540881548, 0.19897202720484822, 0.0, -0.4299999792196667, -0.2308102710598512, 0.015454863299273456, 0.11976673741620311, 0.3511821005141526, 0.0, -0.042538806186300224, -0.05987886837662529, 0.17595873877059395, -0.13588092432222448, 1.278053759322361, 0.0, 0.011902412390502319, -0.13444224104222516, 0.0763440970551983, 0.9948525962018724, 0.0
0.4299999792196667, -0.2720906763549734, 0.051260046812512595, 0.21069266013291, 0.19968781814701764, 0.0, -0.4299999792196667, -0.23173197594717088, 0.015118709045614995, 0.11900025617843632, 0.3517402986968424, 0.0, -0.0441984540837215, -0.05911122858930103, 0.17558114900422972, -0.13877327976983928, 1.2733858552939514, 0.0, 0.01636432920483989, -0.13936125955275347, 0.1026808715405765, 0.9658453113001891, 0.0
0.4299999792196667, -0.27198223206723005, 0.050169897755621966, 0.20983107485700445, 0.200403609089187, 0.0, -0.4299999792196667, -0.2326536808344906, 0.014782554791956531, 0.11823377494066953, 0.35229849687953224, 0.0, -0.045858101981142776, -0.05834358880197677, 0.1752035592378655, -0.1416656352174541, 1.2687179512655415, 0.0, 0.020826246019177458, -0.14428027806328175, 0.12901764602595467, 0.936838026398506, 0.0
0.4299999792196667, -0.27017392435450677, 0.05010636986524448, 0.2093209535138901, 0.20212093627866234, 0.0, -0.4299999792196667, -0.23284703888100203, 0.014017419063416697, 0.11754504497948645, 0.3536666569895121, 0.0, -0.050518525877444445, -0.05447149801474272, 0.17530445497659403, -0.14422278342706255, 1.261821883119549, 0.0, 0.017459945086733368, -0.15239375175978426, 0.16548887824861552, 0.8950728803382519, 0.0
0.4299999792196667, -0.26836561664178343, 0.05004284197486698, 0.20881083217077567, 0.20383826346813771, 0.0, -0.4299999792196667, -0.2330403969275135, 0.01325228333487686, 0.11685631501830335, 0.355034817099492, 0.0, -0.05517894977374609, -0.05059940722750866, 0.1754053507153226, -0.14677993163667102, 1.254925814973556, 0.0, 0.01409364415428928, -0.16050722545628676, 0.20196011047127638, 0.8533077342779977, 0.0
0.4299999792196667, -0.26655730892906015, 0.049979314084489496, 0.20830071082766127, 0.20555559065761303, 0.0, -0.4299999792196667, -0.2332337549740249, 0.012487147606337026, 0.11616758505712028, 0.3564029772094718, 0.0, -0.059839373670047755, -0.04672731644027459, 0.17550624645405113, -0.14933707984627947, 1.2480297468275627, 0.0, 0.010727343221845187, -0.16862069915278927, 0.23843134269393723, 0.8115425882177435, 0.0
0.4299999792196667, -0.2647490012163369, 0.04991578619411201, 0.20779058948454687, 0.20727291784708837, 0.0, -0.4299999792196667, -0.23342711302053637, 0.011722011877797194, 0.1154788550959372, 0.35777113731945165, 0.0, -0.06449979756634942, -0.042855225653040535, 0.1756071421927797, -0.15189422805588798, 1.24113367868157, 0.0, 0.007361042289401098, -0.17673417284929174, 0.27490257491659814, 0.7697774421574896, 0.0
0.4299999792196667, -0.26294069350361354, 0.049852258303734506, 0.20728046814143247, 0.2089902450365637, 0.0, -0.4299999792196667, -0.2336204710670478, 0.010956876149257357, 0.1147901251347541, 0.35913929742943146, 0.0, -0.06916022146265108, -0.03898313486580648, 0.17570803793150822, -0.15445137626549643, 1.2342376105355772, 0.0, 0.003994741356957008, -0.18484764654579422, 0.311373807139259, 0.7280122960972354, 0.0
0.4299999792196667, -0.2603749512927683, 0.05156126271613878, 0.20754051521866262, 0.2102906235397131, 0.0, -0.4299999792196667, -0.23278963325657473, 0.011074692540924717, 0.11392251952012676, 0.36076522521663834, 0.0, -0.07619079236025138, -0.034753323489478766, 0.17458165130149014, -0.15700262875289167, 1.2267361295599695, 0.0, -0.013403661675021787, -0.1936247188585145, 0.3497021450842655, 0.6730955042019168, 0.0
0.4299999792196667, -0.25780920908192295, 0.053270267128543054, 0.20780056229589275, 0.21159100204286246, 0.0, -0.4299999792196667, -0.23195879544610157, 0.011192508932592077, 0.11305491390549943, 0.36239115300384533, 0.0, -0.08322136325785168, -0.03052351211315105, 0.17345526467147204, -0.1595538812402869, 1.2192346485843617, 0.0, -0.030802064707000584, -0.20240179117123477, 0.388030483029272, 0.6181787123065982, 0.0
0.4299999792196667, -0.2552434668710777, 0.054979271540947325, 0.20806060937312296, 0.2128913805460119, 0.0, -0.4299999792196667, -0.23112795763562846, 0.011310325324259435, 0.1121873082908721, 0.3640170807910521, 0.0, -0.09025193415545196, -0.026293700736823335, 0.17232887804145397, -0.16210513372768212, 1.211733167608754, 0.0, -0.04820046773897938, -0.21117886348395506, 0.4263588209742785, 0.5632619204112795, 0.0
0.4299999792196667, -0.2526777246602324, 0.0566882759533516, 0.20832065645035308, 0.21419175904916127, 0.0, -0.4299999792196667, -0.23029711982515536, 0.011428141715926796, 0.11131970267624476, 0.3656430085782591, 0.0, -0.09728250505305226, -0.02206388936049562, 0.1712024914114359, -0.16465638621507736, 1.2042316866331464, 0.0, -0.06559887077095818, -0.21995593579667527, 0.4646871589192851, 0.508345128515961, 0.0
0.4299999792196667, -0.25011198244938715, 0.05839728036575587, 0.20858070352758323, 0.2154921375523107, 0.0, -0.4299999792196667, -0.22946628201468222, 0.011545958107594156, 0.11045209706161743, 0.367268936365466, 0.0, -0.10431307595065256, -0.017834077984167904, 0.1700761047814178, -0.1672076387024726, 1.1967302056575386, 0.0, -0.08299727380293696, -0.2287330081093956, 0.5030154968642916, 0.45342833662064247, 0.0
0.4299999792196667, -0.2492335931434434, 0.061452347623546344, 0.2087124060729387, 0.21459828462919434, 0.0, -0.4299999792196667, -0.22687200890655457, 0.013117530512494244, 0.10971824719767764, 0.3690675679728162, 0.0, -0.1092228581787793, -0.015496157894095397, 0.16736171287818016, -0.16970536194170915, 1.1940744987050698, 0.0, -0.11366552746721931, -0.2346457961520584, 0.5315598262005662, 0.3916561183162929, 0.0
0.4299999792196667, -0.24835520383749968, 0.06450741488133682, 0.2088441086182942, 0.21370443170607795, 0.0, -0.4299999792196667, -0.2242777357984269, 0.014689102917394335, 0.10898439733373784, 0.3708661995801664, 0.0, -0.11413264040690604, -0.01315823780402289, 0.16464732097494247, -0.1722030851809457, 1.1914187917526016, 0.0, -0.14433378113150164, -0.24055858419472126, 0.5601041555368408, 0.3298839000119433, 0.0
0.4299999792196667, -0.24747681453155604, 0.06756248213912729, 0.2089758111636497, 0.21281057878296153, 0.0, -0.4299999792196667, -0.22168346269029932, 0.016260675322294423, 0.10825054746979805, 0.37266483118751664, 0.0, -0.11904242263503281, -0.01082031771395038, 0.16193292907170484, -0.1747008084201823, 1.188763084800133, 0.0, -0.175002034795784, -0.24647137223738413, 0.5886484848731155, 0.26811168170759375, 0.0
0.4299999792196667, -0.2465984252256123, 0.07061754939691775, 0.20910751370900518, 0.21191672585984517, 0.0, -0.4299999792196667, -0.21908918958217166, 0.017832247727194512, 0.10751669760585825, 0.37446346279486686, 0.0, -0.12395220486315954, -0.00848239762387787, 0.1592185371684672, -0.17719853165941885, 1.1861073778476645, 0.0, -0.20567028846006633, -0.25238416028004695, 0.6171928142093902, 0.2063394634032442, 0.0
0.4299999792196667, -0.24572003591966857, 0.07367261665470824, 0.20923921625436068, 0.21102287293672878, 0.0, -0.4299999792196667, -0.216494916474044, 0.019403820132094598, 0.10678284774191846, 0.37626209440221714, 0.0, -0.1288619870912863, -0.006144477533805364, 0.15650414526522957, -0.17969625489865543, 1.1834516708951959, 0.0, -0.23633854212434866, -0.2582969483227098, 0.6457371435456648, 0.14456724509889465, 0.0
0.4299999792196667, -0.2468298454124512, 0.0771700959054137, 0.20873824741784372, 0.209326583946057, 0.0, -0.4299999792196667, -0.21304145791773238, 0.02168178058763215, 0.10542091217418291, 0.3772094137416391, 0.0, -0.13071442475601455, -0.0034094763289745644, 0.15448681343062892, -0.17990961441839473, 1.1881733589898351, 0.0, -0.2705315632621914, -0.26668866589922374, 0.6640284384526607, 0.09249962641296973, 0.0
0.4299999792196667, -0.24793965490523387, 0.08066757515611914, 0.2082372785813268, 0.2076302949553852, 0.0, -0.4299999792196667, -0.2095879993614207, 0.0239597410431697, 0.10405897660644738, 0.37815673308106107, 0.0, -0.13256686242074284, -0.0006744751241437649, 0.1524694815960283, -0.180122973938134, 1.1928950470844744, 0.0, -0.30472458440003414, -0.27508038347573766, 0.6823197333596566, 0.04043200772704479, 0.0
0.4299999792196667, -0.2490494643980165, 0.0841650544068246, 0.20773630974480986, 0.2059340059647134, 0.0, -0.4299999792196667, -0.20613454080510904, 0.026237701498707248, 0.10269704103871183, 0.37910405242048306, 0.0, -0.13441930008547112, 0.0020605260806870348, 0.15045214976142765, -0.18033633345787334, 1.1976167351791138, 0.0, -0.3389176055378768, -0.2834721010522516, 0.7006110282666523, -0.01163561095888013, 0.0
0.4299999792196667, -0.25015927389079917, 0.08766253365753006, 0.2072353409082929, 0.2042377169740416, 0.0, -0.4299999792196667, -0.20268108224879738, 0.028515661954244795, 0.1013351054709763, 0.38005137175990505, 0.0, -0.13627173775019938, 0.004795527285517834, 0.148434817926827, -0.18054969297761264, 1.2023384232737533, 0.0, -0.3731106266757196, -0.29186381862876554, 0.7189023231736482, -0.06370322964480508, 0.0
0.4299999792196667, -0.2512690833835818, 0.0911600129082355, 0.20673437207177597, 0.20254142798336983, 0.0, -0.4299999792196667, -0.19922762369248576, 0.030793622409782347, 0.09997316990324076, 0.380998691099327, 0.0, -0.13812417541492764, 0.007530528490348634, 0.14641748609222638, -0.18076305249735192, 1.2070601113683923, 0.0, -0.4073036478135623, -0.3002555362052795, 0.7371936180806442, -0.11577084833072998, 0.0
0.4299999792196667, -0.2531945951915643, 0.09492214899979148, 0.20595352921772622, 0.2008362029069278, 0.0, -0.4299999792196667, -0.19486826944121896, 0.0334147313514228, 0.0990496174103749, 0.38223031061126483, 0.0, -0.13840735403886617, 0.010728479221748724, 0.14619107849099916, -0.17665522811656553, 1.214976345406127, 0.0, -0.433624682500867, -0.3061888353573118, 0.7474553756655243, -0.1528602328902818, 0.0
0.4299999792196667, -0.25512010699954674, 0.09868428509134743, 0.2051726863636765, 0.19913097783048583, 0.0, -0.4299999792196667, -0.19050891518995217, 0.036035840293063254, 0.09812606491750903, 0.38346193012320257, 0.0, -0.13869053266280468, 0.013926429953148816, 0.14596467088977194, -0.17254740373577918, 1.2228925794438616, 0.0, -0.4599457171881716, -0.31212213450934406, 0.7577171332504046, -0.18994961744983357, 0.0
0.4299999792196667, -0.2570456188075292, 0.10244642118290341, 0.20439184350962675, 0.1974257527540438, 0.0, -0.4299999792196667, -0.1861495609386854, 0.038656949234703704, 0.09720251242464317, 0.38469354963514046, 0.0, -0.13897371128674324, 0.01712438068454891, 0.14573826328854475, -0.16843957935499276, 1.2308088134815962, 0.0, -0.48626675187547636, -0.31805543366137634, 0.7679788908352849, -0.22703900200938543, 0.0
0.4299999792196667, -0.2589711306155117, 0.10620855727445938, 0.203611000655577, 0.19572052767760184, 0.0, -0.4299999792196667, -0.1817902066874186, 0.041278058176344154, 0.0962789599317773, 0.3859251691470783, 0.0, -0.13925688991068175, 0.020322331415949, 0.14551185568731753, -0.1643317549742064, 1.2387250475193308, 0.0, -0.512587786562781, -0.3239887328134086, 0.7782406484201652, -0.2641283865689372, 0.0
0.4299999792196667, -0.26089664242349414, 0.10997069336601534, 0.20283015780152727, 0.19401530260115982, 0.0, -0.4299999792196667, -0.1774308524361518, 0.04389916711798461, 0.09535540743891144, 0.38715678865901615, 0.0, -0.13954006853462028, 0.023520282147349088, 0.1452854480860903, -0.16022393059342002, 1.2466412815570653, 0.0, -0.5389088212500857, -0.3299220319654409, 0.7885024060050455, -0.301217771128489, 0.0
0.4299999792196667, -0.2623129683848413, 0.11266528974487687, 0.2021689677396772, 0.19278429395446015, 0.0, -0.4299999792196667, -0.17408765331000567, 0.04603558032398787, 0.09451307872970904, 0.3879270583084573, 0.0, -0.13996440345434064, 0.027830825473557055, 0.14539956469390272, -0.1527044713302534, 1.2526283054341325, 0.0, -0.5539216163863068, -0.3319015110992243, 0.7941239265208185, -0.3235327620556666, 0.0
0.4299999792196667, -0.26372929434618847, 0.1153598861237384, 0.20150777767782718, 0.19155328530776056, 0.0, -0.4299999792196667, -0.17074445418385947, 0.04817199352999113, 0.09367075002050665, 0.38869732795789846, 0.0, -0.14038873837406102, 0.03214136879976502, 0.14551368130171513, -0.14518501206708675, 1.2586153293111997, 0.0, -0.5689344115225279, -0.33388099023300766, 0.7997454470365913, -0.3458477529828442, 0.0
0.4299999792196667, -0.2651456203075356, 0.11805448250259991, 0.2008465876159772, 0.19032227666106089, 0.0, -0.4299999792196667, -0.16740125505771333, 0.05030840673599438, 0.09282842131130423, 0.3894675976073396, 0.0, -0.14081307329378137, 0.036451912125972985, 0.1456277979095275, -0.13766555280392012, 1.2646023531882669, 0.0, -0.5839472066587489, -0.33586046936679104, 0.8053669675523646, -0.3681627439100218, 0.0
0.4299999792196667, -0.2665619462688827, 0.12074907888146144, 0.2001853975541272, 0.1890912680143613, 0.0, -0.4299999792196667, -0.16405805593156714, 0.05244481994199765, 0.09198609260210183, 0.3902378672567808, 0.0, -0.14123740821350175, 0.04076245545218095, 0.14574191451733992, -0.1301460935407535, 1.270589377065334, 0.0, -0.59896000179497, -0.33783994850057447, 0.8109884880681375, -0.39047773483719944, 0.0
0.4299999792196667, -0.26797827223022985, 0.12344367526032296, 0.19952420749227717, 0.18786025936766165, 0.0, -0.4299999792196667, -0.160714856805421, 0.0545812331480009, 0.09114376389289942, 0.391008136906222, 0.0, -0.14166174313322213, 0.04507299877838892, 0.14585603112515233, -0.12262663427758687, 1.2765764009424012, 0.0, -0.6139727969311912, -0.33981942763435785, 0.8166100085839106, -0.412792725764377, 0.0
0.4299999792196667, -0.2687246029436507, 0.12415324375464316, 0.19872973361676935, 0.18728515243517851, 0.0, -0.4299999792196667, -0.15945048095408176, 0.05568667722325846, 0.09012937504098183, 0.3907737880568982, 0.0, -0.14187885860151173, 0.04853066846511978, 0.14522971623241565, -0.11486430826021501, 1.2791943459511737, 0.0, -0.6202103104625046, -0.34120672702491506, 0.8210301910502679, -0.42187106284994247, 0.0
0.4299999792196667, -0.2694709336570714, 0.12486281224896337, 0.19793525974126153, 0.18671004550269532, 0.0, -0.4299999792196667, -0.15818610510274247, 0.05679212129851601, 0.08911498618906423, 0.39053943920757433, 0.0, -0.14209597406980132, 0.051988338151850645, 0.14460340133967897, -0.10710198224284316, 1.281812290959946, 0.0, -0.626447823993818, -0.34259402641547226, 0.8254503735166251, -0.43094939993550807, 0.0
0.4299999792196667, -0.27021726437049226, 0.12557238074328356, 0.1971407858657537, 0.1861349385702122, 0.0, -0.4299999792196667, -0.1569217292514032, 0.057897565373773566, 0.0881005973371466, 0.39030509035825056, 0.0, -0.1423130895380909, 0.0554460078385815, 0.14397708644694232, -0.0993396562254713, 1.2844302359687185, 0.0, -0.6326853375251313, -0.34398132580602947, 0.8298705559829824, -0.4400277370210735, 0.0
0.4299999792196667, -0.27096359508391304, 0.12628194923760375, 0.19634631199024588, 0.18555983163772902, 0.0, -0.4299999792196667, -0.15565735340006398, 0.05900300944903112, 0.08708620848522901, 0.3900707415089268, 0.0, -0.1425302050063805, 0.058903677525312365, 0.14335077155420564, -0.09157733020809947, 1.287048180977491, 0.0, -0.6389228510564448, -0.3453686251965867, 0.8342907384493397, -0.44910607410663905, 0.0
0.4299999792196667, -0.27170992579733383, 0.12699151773192396, 0.19555183811473806, 0.18498472470524585, 0.0, -0.4299999792196667, -0.15439297754872472, 0.060108453524288674, 0.0860718196333114, 0.389836392659603, 0.0, -0.14274732047467012, 0.06236134721204323, 0.142724456661469, -0.08381500419072761, 1.2896661259862634, 0.0, -0.6451603645877582, -0.34675592458714394, 0.8387109209156969, -0.45818441119220454, 0.0
0.4299999792196667, -0.27148257920896907, 0.12652673515585447, 0.19486631816311523, 0.18521333142133056, 0.0, -0.4299999792196667, -0.1538138074897429, 0.05960463910295928, 0.08563459475893334, 0.38930417195749983, 0.0, -0.1426738805104047, 0.06344730084647791, 0.1412676003151662, -0.07836391088762164, 1.2898624545831618, 0.0, -0.6468811335665184, -0.34668962651017765, 0.8411704179536563, -0.45977384763541074, 0.0
0.4299999792196667, -0.2712552326206043, 0.12606195257978497, 0.19418079821149242, 0.18544193813741533, 0.0, -0.4299999792196667, -0.1532346374307611, 0.05910082468162989, 0.08519736988455529, 0.38877195125539665, 0.0, -0.1426004405461393, 0.0645332544809126, 0.13981074396886337, -0.07291281758451565, 1.2900587831800603, 0.0, -0.6486019025452787, -0.3466233284332114, 0.8436299149916157, -0.46136328407861693, 0.0
0.4299999792196667, -0.2710278860322395, 0.1255971700037155, 0.19349527825986962, 0.18567054485350004, 0.0, -0.4299999792196667, -0.15265546737177932, 0.058597010260300494, 0.08476014501017723, 0.3882397305532936, 0.0, -0.14252700058187384, 0.06561920811534727, 0.13835388762256057, -0.06746172428140966, 1.2902551117769585, 0.0, -0.650322671524039, -0.3465570303562452, 0.846089412029575, -0.4629527205218231, 0.0
0.4299999792196667, -0.2708005394438747, 0.125132387427646, 0.1928097583082468, 0.18589915156958475, 0.0, -0.4299999792196667, -0.15207629731279754, 0.0580931958389711, 0.08432292013579919, 0.38770750985119046, 0.0, -0.14245356061760844, 0.06670516174978196, 0.13689703127625777, -0.06201063097830368, 1.290451440373857, 0.0, -0.6520434405027993, -0.3464907322792789, 0.8485489090675344, -0.4645421569650293, 0.0
0.4299999792196667, -0.27057319285550996, 0.12466760485157652, 0.19212423835662398, 0.18612775828566946, 0.0, -0.4299999792196667, -0.15149712725381573, 0.05758938141764171, 0.08388569526142113, 0.3871752891490873, 0.0, -0.14238012065334305, 0.06779111538421664, 0.13544017492995497, -0.056559537675197696, 1.2906477689707552, 0.0, -0.6537642094815596, -0.34642443420231267, 0.8510084061054938, -0.4661315934082355, 0.0
0.4299999792196667, -0.2698153534410015, 0.12382200295189494, 0.19142856757007154, 0.1865140520090134, 0.0, -0.4299999792196667, -0.15093950852043755, 0.056529782953043846, 0.0838753904884515, 0.3866306067961249, 0.0, -0.14239824415229574, 0.06692991896766849, 0.13381896511678207, -0.053788370211392676, 1.2897374191955489, 0.0, -0.6551422690990567, -0.3459916169824276, 0.8511295249742653, -0.46599623614342633, 0.0
0.4299999792196667, -0.269057514026493, 0.12297640105221333, 0.19073289678351912, 0.18690034573235728, 0.0, -0.4299999792196667, -0.15038188978705938, 0.05547018448844598, 0.08386508571548187, 0.3860859244431625, 0.0, -0.14241636765124843, 0.06606872255112033, 0.13219775530360917, -0.051017202747587656, 1.2888270694203425, 0.0, -0.656520328716554, -0.3455587997625425, 0.8512506438430367, -0.4658608788786172, 0.0
0.4299999792196667, -0.26829967461198456, 0.12213079915253175, 0.19003722599696668, 0.1872866394557012, 0.0, -0.4299999792196667, -0.1498242710536812, 0.05441058602384811, 0.08385478094251225, 0.38554124209020013, 0.0, -0.14243449115020115, 0.06520752613457216, 0.13057654549043626, -0.048246035283782636, 1.2879167196451367, 0.0, -0.657898388334051, -0.3451259825426575, 0.851371762711808, -0.46572552161380804, 0.0
0.4299999792196667, -0.2675418351974761, 0.12128519725285015, 0.18934155521041426, 0.1876729331790451, 0.0, -0.4299999792196667, -0.149266652320303, 0.053350987559250246, 0.08384447616954263, 0.38499655973723773, 0.0, -0.14245261464915382, 0.064346329718024, 0.12895533567726336, -0.04547486781997761, 1.2870063698699303, 0.0, -0.6592764479515482, -0.34469316532277244, 0.8514928815805795, -0.46559016434899886, 0.0
0.4299999792196667, -0.26678399578296763, 0.12043959535316855, 0.18864588442386188, 0.18805922690238902, 0.0, -0.4299999792196667, -0.14870903358692486, 0.052291389094652384, 0.08383417139657301, 0.3844518773842754, 0.0, -0.14247073814810654, 0.06348513330147584, 0.12733412586409049, -0.04270370035617259, 1.2860960200947238, 0.0, -0.6606545075690454, -0.34426034810288736, 0.851614000449351, -0.4654548070841897, 0.0
0.4299999792196667, -0.26600852854301404, 0.11990655609164623, 0.18786183016398844, 0.18825070348396677, 0.0, -0.4299999792196667, -0.14820673131885936, 0.05166627254498014, 0.08382380204642106, 0.3840567767295259, 0.0, -0.14271323070372016, 0.06202365113452355, 0.12637692656483882, -0.041336236981630144, 1.285190305914011, 0.0, -0.6622743720824309, -0.3441279299725385, 0.8513018378406563, -0.46510606935569015, 0.0
0.4299999792196667, -0.26523306130306046, 0.11937351683012389, 0.18707777590411503, 0.1884421800655446, 0.0, -0.4299999792196667, -0.1477044290507939, 0.05104115599530789, 0.08381343269626912, 0.3836616760747764, 0.0, -0.14295572325933373, 0.060562168967571266, 0.12541972726558714, -0.039968773607087685, 1.284284591733298, 0.0, -0.6638942365958163, -0.3439955118421897, 0.8509896752319617, -0.46475733162719074, 0.0
0.4299999792196667, -0.26445759406310687, 0.11884047756860155, 0.1862937216442416, 0.1886336566471224, 0.0, -0.4299999792196667, -0.14720212678272848, 0.05041603944563563, 0.08380306334611716, 0.3832665754200269, 0.0, -0.14319821581494732, 0.05910068680061898, 0.12446252796633547, -0.03860131023254523, 1.2833788775525852, 0.0, -0.6655141011092017, -0.34386309371184093, 0.8506775126232669, -0.46440859389869116, 0.0
0.4299999792196667, -0.2636821268231533, 0.11830743830707922, 0.1855096673843682, 0.18882513322870018, 0.0, -0.4299999792196667, -0.14669982451466299, 0.04979092289596338, 0.08379269399596521, 0.38287147476527744, 0.0, -0.1434407083705609, 0.0576392046336667, 0.12350532866708382, -0.037233846858002774, 1.2824731633718722, 0.0, -0.6671339656225872, -0.3437306755814921, 0.850365350014572, -0.46405985617019174, 0.0
0.4299999792196667, -0.26290665958319964, 0.11777439904555688, 0.1847256131244948, 0.18901660981027796, 0.0, -0.4299999792196667, -0.14619752224659752, 0.049165806346291134, 0.08378232464581327, 0.382476374110528, 0.0, -0.14368320092617448, 0.056177722466714416, 0.12254812936783216, -0.03586638348346032, 1.2815674491911593, 0.0, -0.6687538301359727, -0.34359825745114325, 0.8500531874058773, -0.4637111184416922, 0.0
0.4299999792196667, -0.2621743089570873, 0.11781196202171831, 0.18405639978407334, 0.18902000971166086, 0.0, -0.4299999792196667, -0.14584311219802906, 0.04906118921653149, 0.08351318230878513, 0.38230631620953065, 0.0, -0.14408371908292214, 0.05509496697360109, 0.1226422853431212, -0.03477173287336295, 1.2810863107856036, 0.0, -0.6699132663207065, -0.3431766626983485, 0.8498552216901406, -0.46341499889948184, 0.0
0.4299999792196667, -0.261441958330975, 0.11784952499787972, 0.18338718644365193, 0.18902340961304376, 0.0, -0.4299999792196667, -0.14548870214946055, 0.04895657208677184, 0.083244039971757, 0.3821362583085333, 0.0, -0.14448423723966983, 0.05401221148048775, 0.12273644131841023, -0.03367708226326558, 1.2806051723800478, 0.0, -0.6710727025054404, -0.34275506794555377, 0.849657255974404, -0.46311887935727153, 0.0
0.4299999792196667, -0.2607096077048627, 0.11788708797404115, 0.18271797310323049, 0.18902680951442663, 0.0, -0.4299999792196667, -0.14513429210089213, 0.04885195495701219, 0.08297489763472884, 0.381966200407536, 0.0, -0.1448847553964175, 0.05292945598737442, 0.12283059729369929, -0.03258243165316821, 1.280124033974492, 0.0, -0.6722321386901743, -0.34233347319275903, 0.8494592902586673, -0.4628227598150611, 0.0
0.4299999792196667, -0.25997725707875036, 0.11792465095020256, 0.18204875976280907, 0.18903020941580953, 0.0, -0.4299999792196667, -0.14477988205232364, 0.04874733782725255, 0.08270575529770072, 0.3817961425065387, 0.0, -0.14528527355316517, 0.05184670049426109, 0.12292475326898832, -0.03148778104307083, 1.279642895568936, 0.0, -0.6733915748749081, -0.3419118784399643, 0.8492613245429307, -0.4625266402728508, 0.0
0.4299999792196667, -0.25924490645263804, 0.11796221392636398, 0.1813795464223876, 0.1890336093171924, 0.0, -0.4299999792196667, -0.14442547200375516, 0.04864272069749291, 0.08243661296067258, 0.38162608460554137, 0.0, -0.1456857917099128, 0.05076394500114777, 0.12301890924427736, -0.030393130432973463, 1.2791617571633807, 0.0, -0.674551011059642, -0.34149028368716955, 0.849063358827194, -0.4622305207306404, 0.0
0.4299999792196667, -0.25853328684738086, 0.11846042339733354, 0.1808230638983525, 0.188643828426003, 0.0, -0.4299999792196667, -0.14396067337065657, 0.048800132640861985, 0.0820549003775493, 0.3816064252168469, 0.0, -0.14600442250881537, 0.05028152517485517, 0.12378938030471419, -0.029380980489420318, 1.2792055300210206, 0.0, -0.6752012893230085, -0.3408455067016053, 0.8492559489288346, -0.46214469940066133, 0.0
0.4299999792196667, -0.2578216672421237, 0.11895863286830306, 0.18026658137431736, 0.18825404753481362, 0.0, -0.4299999792196667, -0.14349587473755795, 0.04895754458423106, 0.08167318779442603, 0.38158676582815243, 0.0, -0.14632305330771797, 0.04979910534856258, 0.12455985136515103, -0.028368830545867172, 1.2792493028786605, 0.0, -0.6758515675863751, -0.340200729716041, 0.849448539030475, -0.4620588780706823, 0.0
0.4299999792196667, -0.25711004763686657, 0.1194568423392726, 0.17971009885028227, 0.18786426664362424, 0.0, -0.4299999792196667, -0.14303107610445934, 0.04911495652760012, 0.08129147521130277, 0.381567106439458, 0.0, -0.14664168410662054, 0.04931668552226998, 0.1253303224255879, -0.02735668060231402, 1.2792930757363006, 0.0, -0.6765018458497416, -0.3395559527304768, 0.8496411291321155, -0.4619730567407032, 0.0
0.4299999792196667, -0.2563984280316094, 0.11995505181024213, 0.17915361632624713, 0.18747448575243486, 0.0, -0.4299999792196667, -0.14256627747136072, 0.04927236847096919, 0.08090976262817949, 0.3815474470507636, 0.0, -0.14696031490552314, 0.04883426569597739, 0.1261007934860247, -0.02634453065876087, 1.2793368485939405, 0.0, -0.6771521241131082, -0.3389111757449125, 0.8498337192337561, -0.46188723541072413, 0.0
0.4299999792196667, -0.2556868084263523, 0.12045326128121167, 0.17859713380221198, 0.18708470486124543, 0.0, -0.4299999792196667, -0.14210147883826213, 0.04942978041433825, 0.08052805004505621, 0.3815277876620691, 0.0, -0.14727894570442573, 0.04835184586968478, 0.12687126454646155, -0.025332380715207718, 1.2793806214515806, 0.0, -0.6778024023764747, -0.3382663987593482, 0.8500263093353967, -0.46180141408074504, 0.0
0.4299999792196667, -0.25489031345957064, 0.1212458145964106, 0.178096587335374, 0.18643331307781613, 0.0, -0.4299999792196667, -0.14155959773874918, 0.04953661062158943, 0.08004377563190046, 0.38117798179206736, 0.0, -0.14718697383416263, 0.04828677790077534, 0.12765454981426655, -0.02453781259192029, 1.2798562585793343, 0.0, -0.6780883431584874, -0.33794623905202087, 0.8508539898452528, -0.4617028797724944, 0.0
0.4299999792196667, -0.254093818492789, 0.1220383679116095, 0.1775960408685361, 0.1857819212943868, 0.0, -0.4299999792196667, -0.14101771663923623, 0.049643440828840604, 0.0795595012187447, 0.3808281759220657, 0.0, -0.14709500196389955, 0.04822170993186589, 0.12843783508207154, -0.023743244468632865, 1.2803318957070875, 0.0, -0.6783742839405001, -0.3376260793446935, 0.8516816703551092, -0.46160434546424384, 0.0
0.4299999792196667, -0.2532973235260074, 0.12283092122680846, 0.1770954944016981, 0.18513052951095746, 0.0, -0.4299999792196667, -0.14047583553972331, 0.049750271036091774, 0.07907522680558893, 0.3804783700520639, 0.0, -0.14700303009363647, 0.04815664196295643, 0.1292211203498765, -0.02294867634534544, 1.280807532834841, 0.0, -0.6786602247225129, -0.3373059196373662, 0.8525093508649655, -0.4615058111559933, 0.0
0.4299999792196667, -0.25250082855922573, 0.12362347454200737, 0.17659494793486016, 0.1844791377275281, 0.0, -0.4299999792196667, -0.13993395444021037, 0.04985710124334295, 0.07859095239243316, 0.3801285641820623, 0.0, -0.1469110582233734, 0.04809157399404698, 0.13000440561768148, -0.02215410822205801, 1.2812831699625944, 0.0, -0.6789461655045257, -0.3369857599300389, 0.8533370313748219, -0.4614072768477427, 0.0
0.4299999792196667, -0.25170433359244415, 0.12441602785720628, 0.1760944014680222, 0.1838277459440988, 0.0, -0.4299999792196667, -0.13939207334069742, 0.049963931450594114, 0.0781066779792774, 0.37977875831206054, 0.0, -0.14681908635311028, 0.048026506025137534, 0.13078769088548647, -0.021359540098770585, 1.281758807090348, 0.0, -0.6792321062865383, -0.3366656002227116, 0.8541647118846781, -0.46130874253949217, 0.0
0.4299999792196667, -0.2507553003396967, 0.12523717280714555, 0.17559437859995983, 0.1830973081988467, 0.0, -0.4299999792196667, -0.13882340143716637, 0.049760408606519056, 0.07757890926303024, 0.3789801480062254, 0.0, -0.14629166879710861, 0.04805911086995989, 0.1311594599787953, -0.02088688015365514, 1.2824460130300281, 0.0, -0.6793319879889715, -0.33668128724202845, 0.8547468908912903, -0.4611167283965047, 0.0
0.4299999792196667, -0.24980626708694925, 0.1260583177570848, 0.17509435573189747, 0.18236687045359454, 0.0, -0.4299999792196667, -0.13825472953363532, 0.049556885762444006, 0.07705114054678307, 0.3781815377003904, 0.0, -0.14576425124110695, 0.04809171571478225, 0.1315312290721041, -0.0204142202085397, 1.2831332189697084, 0.0, -0.6794318696914046, -0.3366969742613454, 0.8553290698979025, -0.46092471425351733, 0.0
0.4299999792196667, -0.24885723383420186, 0.12687946270702402, 0.17459433286383513, 0.1816364327083424, 0.0, -0.4299999792196667, -0.13768605763010427, 0.049353362918368934, 0.07652337183053591, 0.3773829273945554, 0.0, -0.1452368336851053, 0.048124320559604604, 0.1319029981654129, -0.019941560263424255, 1.2838204249093887, 0.0, -0.6795317513938376, -0.3367126612806623, 0.8559112489045146, -0.46073270011052986, 0.0
0.4299999792196667, -0.24790820058145444, 0.12770060765696328, 0.17409430999577277, 0.18090599496309023, 0.0, -0.4299999792196667, -0.13711738572657323, 0.04914984007429389, 0.07599560311428875, 0.37658431708872037, 0.0, -0.14470941612910362, 0.04815692540442696, 0.13227476725872173, -0.019468900318308814, 1.284507630849069, 0.0, -0.6796316330962708, -0.3367283482999793, 0.8564934279111268, -0.4605406859675425, 0.0
0.4299999792196667, -0.24695916732870699, 0.12852175260690252, 0.1735942871277104, 0.1801755572178381, 0.0, -0.4299999792196667, -0.13654871382304215, 0.048946317230218826, 0.07546783439804158, 0.3757857067828853, 0.0, -0.14418199857310196, 0.048189530249249324, 0.13264653635203053, -0.01899624037319337, 1.2851948367887494, 0.0, -0.679731514798704, -0.33674403531929614, 0.8570756069177392, -0.4603486718245551, 0.0
0.4299999792196667, -0.24578705307228665, 0.12923691173988272, 0.17310170634357855, 0.17947093987353996, 0.0, -0.4299999792196667, -0.13599245155955864, 0.0485610560436604, 0.0749320846401909, 0.37516167478081025, 0.0, -0.14333564827623713, 0.04807095467426393, 0.13260366268802112, -0.018951936935460746, 1.285968401619818, 0.0, -0.6797381994097391, -0.33692682016119896, 0.8570091761957498, -0.4602447200143063, 0.0
0.4299999792196667, -0.2446149388158663, 0.1299520708728629, 0.17260912555944669, 0.1787663225292418, 0.0, -0.4299999792196667, -0.13543618929607512, 0.048175794857101974, 0.07439633488234022, 0.37453764277873514, 0.0, -0.14248929797937226, 0.04795237909927853, 0.13256078902401175, -0.018907633497728123, 1.286741966450887, 0.0, -0.6797448840207743, -0.3371096050031019, 0.8569427454737604, -0.46014076820405747, 0.0
0.4299999792196667, -0.243442824559446, 0.1306672300058431, 0.17211654477531482, 0.17806170518494369, 0.0, -0.4299999792196667, -0.1348799270325916, 0.04779053367054355, 0.07386058512448952, 0.3739136107766602, 0.0, -0.14164294768250743, 0.047833803524293145, 0.13251791536000238, -0.018863330059995496, 1.287515531281956, 0.0, -0.6797515686318095, -0.33729238984500476, 0.856876314751771, -0.4600368163938087, 0.0
0.4299999792196667, -0.24227071030302566, 0.13138238913882327, 0.171623963991183, 0.17735708784064555, 0.0, -0.4299999792196667, -0.1343236647691081, 0.04740527248398512, 0.07332483536663885, 0.373289578774585, 0.0, -0.14079659738564254, 0.04771522794930775, 0.13247504169599297, -0.018819026622262872, 1.288289096113025, 0.0, -0.6797582532428446, -0.33747517468690763, 0.8568098840297815, -0.45993286458356, 0.0
0.4299999792196667, -0.2410985960466053, 0.13209754827180348, 0.17113138320705112, 0.17665247049634739, 0.0, -0.4299999792196667, -0.13376740250562455, 0.047020011297426695, 0.07278908560878815, 0.37266554677251, 0.0, -0.1399502470887777, 0.047596652374322354, 0.13243216803198357, -0.01877472318453025, 1.2890626609440938, 0.0, -0.6797649378538797, -0.3376579595288105, 0.8567434533077921, -0.4598289127733111, 0.0
0.4299999792196667, -0.2397784429630308, 0.13276841094836805, 0.1705747453487126, 0.1758069911187793, 0.0, -0.4299999792196667, -0.13316297299451033, 0.046727392885695836, 0.07224897008434654, 0.3724336797813826, 0.0, -0.13876309333019293, 0.04706751776340259, 0.13216114318282424, -0.01955422318225351, 1.290197788183006, 0.0, -0.6799384515067959, -0.338195259139037, 0.8564377484173298, -0.45998223296678187, 0.0
0.4299999792196667, -0.23845828987945636, 0.1334392736249326, 0.17001810749037402, 0.1749615117412112, 0.0, -0.4299999792196667, -0.13255854348339613, 0.04643477447396497, 0.07170885455990492, 0.3722018127902551, 0.0, -0.13757593957160819, 0.04653838315248281, 0.1318901183336649, -0.02033372317997677, 1.2913329154219182, 0.0, -0.6801119651597122, -0.3387325587492634, 0.8561320435268676, -0.46013555316025256, 0.0
0.4299999792196667, -0.2371381367958818, 0.13411013630149718, 0.16946146963203546, 0.1741160323636431, 0.0, -0.4299999792196667, -0.1319541139722819, 0.046142156062234096, 0.0711687390354633, 0.3719699457991276, 0.0, -0.1363887858130234, 0.046009248541563026, 0.13161909348450557, -0.021113223177700025, 1.2924680426608302, 0.0, -0.6802854788126286, -0.33926985835948986, 0.8558263386364051, -0.4602888733537232, 0.0
0.4299999792196667, -0.23581798371230736, 0.13478099897806176, 0.16890483177369692, 0.17327055298607502, 0.0, -0.4299999792196667, -0.1313496844611677, 0.04584953765050324, 0.07062862351102167, 0.37173807880800014, 0.0, -0.13520163205443864, 0.04548011393064325, 0.1313480686353462, -0.021892723175423283, 1.2936031698997421, 0.0, -0.6804589924655448, -0.3398071579697163, 0.8555206337459429, -0.46044219354719396, 0.0
0.4299999792196667, -0.23449783062873283, 0.13545186165462633, 0.16834819391535835, 0.1724250736085069, 0.0, -0.4299999792196667, -0.13074525495005349, 0.04555691923877237, 0.07008850798658005, 0.3715062118168727, 0.0, -0.13401447829585386, 0.044950979319723486, 0.13107704378618687, -0.022672223173146547, 1.2947382971386543, 0.0, -0.680632506118461, -0.34034445757994275, 0.8552149288554806, -0.4605955137406646, 0.0
0.4299999792196667, -0.23289854005656987, 0.13630609211306394, 0.16801775770939528, 0.1713211947445225, 0.0, -0.4299999792196667, -0.12977023863166576, 0.045310209269554265, 0.0699155207249662, 0.37142153542288303, 0.0, -0.13248717208336017, 0.04375316962792358, 0.13099966217033873, -0.024611108391989496, 1.2964962974810181, 0.0, -0.6808442983325319, -0.3413455051350581, 0.8541451956129822, -0.46006082165234063, 0.0
0.4299999792196667, -0.23129924948440694, 0.13716032257150151, 0.1676873215034322, 0.17021731588053815, 0.0, -0.4299999792196667, -0.12879522231327806, 0.04506349930033616, 0.06974253346335231, 0.3713368590288932, 0.0, -0.13095986587086647, 0.042555359936123686, 0.13092228055449062, -0.026549993610832438, 1.298254297823382, 0.0, -0.6810560905466031, -0.34234655269017344, 0.8530754623704838, -0.45952612956401667, 0.0
0.4299999792196667, -0.229699958912244, 0.13801455302993915, 0.16735688529746912, 0.1691134370165538, 0.0, -0.4299999792196667, -0.12782020599489033, 0.04481678933111805, 0.06956954620173844, 0.3712521826349035, 0.0, -0.12943255965837278, 0.0413575502443238, 0.1308448989386425, -0.028488878829675393, 1.3000122981657456, 0.0, -0.6812678827606741, -0.3433476002452888, 0.8520057291279854, -0.45899143747569265, 0.0
0.4299999792196667, -0.22810066834008103, 0.13886878348837672, 0.16702644909150605, 0.16800955815256943, 0.0, -0.4299999792196667, -0.12684518967650263, 0.04457007936189994, 0.06939655894012459, 0.37116750624091366, 0.0, -0.12790525344587908, 0.0401597405525239, 0.1307675173227944, -0.030427764048518338, 1.3017702985081097, 0.0, -0.6814796749747452, -0.3443486478004042, 0.8509359958854871, -0.4584567453873687, 0.0
0.4299999792196667, -0.22650137776791807, 0.13972301394681433, 0.16669601288554298, 0.16690567928858507, 0.0, -0.4299999792196667, -0.1258701733581149, 0.04432336939268183, 0.06922357167851072, 0.371082829846924, 0.0, -0.12637794723338538, 0.038961930860724005, 0.13069013570694626, -0.03236664926736129, 1.3035282988504735, 0.0, -0.6816914671888161, -0.34534969535551957, 0.8498662626429889, -0.4579220532990448, 0.0
0.4299999792196667, -0.22477795239803627, 0.1407227385423567, 0.16674990865284456, 0.165834036655885, 0.0, -0.4299999792196667, -0.12445800756357281, 0.044082338026718015, 0.07001778445276244, 0.3711190244849519, 0.0, -0.1244003251299261, 0.03657883212011216, 0.13101274271495075, -0.035999458206673725, 1.3057328591352524, 0.0, -0.6804804495433687, -0.34819748975480413, 0.8457278531123906, -0.45160099434709694, 0.0
0.4299999792196667, -0.22305452702815445, 0.14172246313789902, 0.16680380442014614, 0.16476239402318502, 0.0, -0.4299999792196667, -0.12304584176903073, 0.0438413066607542, 0.07081199722701416, 0.3711552191229797, 0.0, -0.12242270302646682, 0.034195733379500326, 0.1313353497229552, -0.03963226714598617, 1.3079374194200315, 0.0, -0.6792694318979215, -0.35104528415408875, 0.8415894435817923, -0.44527993539514904, 0.0
0.4299999792196667, -0.22133110165827266, 0.1427221877334414, 0.16685770018744772, 0.16369075139048495, 0.0, -0.4299999792196667, -0.12163367597448864, 0.04360027529479038, 0.07160621000126587, 0.3711914137610075, 0.0, -0.1204450809230076, 0.03181263463888848, 0.1316579567309597, -0.0432650760852986, 1.3101419797048106, 0.0, -0.6780584142524742, -0.3538930785533733, 0.8374510340511938, -0.4389588764432011, 0.0
0.4299999792196667, -0.21960767628839087, 0.1437219123289837, 0.16691159595474933, 0.16261910875778496, 0.0, -0.4299999792196667, -0.12022151017994656, 0.043359243928826556, 0.07240042277551759, 0.37122760839903535, 0.0, -0.11846745881954832, 0.02942953589827665, 0.1319805637389642, -0.04689788502461104, 1.3123465399895897, 0.0, -0.676847396607027, -0.3567408729526579, 0.8333126245205956, -0.4326378174912533, 0.0
0.4299999792196667, -0.21788425091850908, 0.14472163692452608, 0.1669654917220509, 0.1615474661250849, 0.0, -0.4299999792196667, -0.11880934438540448, 0.043118212562862746, 0.07319463554976932, 0.37126380303706324, 0.0, -0.11648983671608905, 0.02704643715766481, 0.13230317074696868, -0.05053069396392349, 1.3145511002743686, 0.0, -0.6756363789615796, -0.3595886673519425, 0.8291742149899973, -0.42631675853930545, 0.0
0.4299999792196667, -0.21716216282839843, 0.14415347640246584, 0.16635492668048424, 0.16172692436943348, 0.0, -0.4299999792196667, -0.11860341822294941, 0.04289257709529662, 0.07431706307491218, 0.3714012093184143, 0.0, -0.1132678280172136, 0.02313981642744345, 0.1326389570852208, -0.05612208486081933, 1.3162214850882825, 0.0, -0.6684115431443886, -0.36381584781895576, 0.8204013768460423, -0.4069492203117013, 0.0
0.4299999792196667, -0.21644007473828786, 0.14358531588040566, 0.16574436163891756, 0.16190638261378204, 0.0, -0.4299999792196667, -0.11839749206049435, 0.04266694162773049, 0.07543949060005503, 0.3715386155997652, 0.0, -0.11004581931833819, 0.01923319569722208, 0.13297474342347296, -0.06171347575771518, 1.317891869902196, 0.0, -0.6611867073271975, -0.36804302828596897, 0.8116285387020874, -0.3875816820840971, 0.0
0.4299999792196667, -0.21571798664817723, 0.14301715535834542, 0.16513379659735086, 0.1620858408581306, 0.0, -0.4299999792196667, -0.11819156589803931, 0.04244130616016436, 0.0765619181251979, 0.37167602188111626, 0.0, -0.10682381061946275, 0.015326574967000716, 0.1333105297617251, -0.06730486665461102, 1.3195622547161099, 0.0, -0.6539618715100064, -0.3722702087529823, 0.8028557005581324, -0.3682141438564929, 0.0
0.4299999792196667, -0.21499589855806664, 0.14244899483628523, 0.1645232315557842, 0.16226529910247914, 0.0, -0.4299999792196667, -0.11798563973558426, 0.04221567069259824, 0.07768434565034076, 0.37181342816246726, 0.0, -0.10360180192058734, 0.01141995423677935, 0.13364631609997724, -0.07289625755150687, 1.3212326395300236, 0.0, -0.6467370356928154, -0.3764973892199955, 0.7940828624141776, -0.34884660562888886, 0.0
0.4299999792196667, -0.21427381046795604, 0.141880834314225, 0.16391266651421751, 0.1624447573468277, 0.0, -0.4299999792196667, -0.1177797135731292, 0.04199003522503212, 0.07880677317548361, 0.3719508344438183, 0.0, -0.1003797932217119, 0.007513333506557985, 0.13398210243822936, -0.07848764844840271, 1.3229030243439373, 0.0, -0.6395121998756242, -0.3807245696870088, 0.7853100242702226, -0.32947906740128474, 0.0
0.4299999792196667, -0.21415179799060763, 0.13753122947215984, 0.16248117189634131, 0.16673833013858683, 0.0, -0.4299999792196667, -0.1214333676778299, 0.04014607253008568, 0.07806761751061776, 0.3707882043065533, 0.0, -0.09520194238311283, 0.00446423352948008, 0.1333059025448122, -0.08470634837757716, 1.3234375139740682, 0.0, -0.6204832729761995, -0.37760587575320514, 0.7737158369558093, -0.2952306058797524, 0.0
0.4299999792196667, -0.2140297855132592, 0.1331816246300947, 0.1610496772784651, 0.17103190293034595, 0.0, -0.4299999792196667, -0.12508702178253062, 0.03830210983513924, 0.0773284618457519, 0.3696255741692883, 0.0, -0.09002409154451377, 0.0014151335524021755, 0.13262970265139504, -0.09092504830675162, 1.3239720036041986, 0.0, -0.6014543460767748, -0.37448718181940144, 0.762121649641396, -0.2609821443582201, 0.0
0.4299999792196667, -0.2139077730359108, 0.12883201978802955, 0.15961818266058886, 0.17532547572210505, 0.0, -0.4299999792196667, -0.12874067588723132, 0.03645814714019281, 0.07658930618088605, 0.36846294403202323, 0.0, -0.08484624070591473, -0.0016339664246757294, 0.13195350275797785, -0.09714374823592607, 1.3245064932343293, 0.0, -0.5824254191773501, -0.3713684878855979, 0.7505274623269826, -0.22673368283668777, 0.0
0.4299999792196667, -0.21378576055856235, 0.12448241494596442, 0.15818668804271263, 0.17961904851386418, 0.0, -0.4299999792196667, -0.132394329991932, 0.034614184445246374, 0.07585015051602019, 0.3673003138947583, 0.0, -0.07966838986731567, -0.004683066401753634, 0.13127730286456069, -0.10336244816510051, 1.32504098286446, 0.0, -0.5633964922779254, -0.36824979395179425, 0.7389332750125693, -0.19248522131515544, 0.0
0.4299999792196667, -0.21366374808121394, 0.12013281010389927, 0.15675519342483643, 0.18391262130562333, 0.0, -0.4299999792196667, -0.13604798409663274, 0.03277022175029994, 0.07511099485115434, 0.3661376837574933, 0.0, -0.0744905390287166, -0.007732166378831539, 0.13060110297114352, -0.10958114809427498, 1.3255754724945907, 0.0, -0.5443675653785006, -0.3651311000179906, 0.7273390876981561, -0.15823675979362312, 0.0
0.4299999792196667, -0.21325293946319654, 0.11289178112190817, 0.15510144858001126, 0.19116533701228575, 0.0, -0.4299999792196667, -0.14249455560921098, 0.028809971450394503, 0.07267678030367349, 0.36284259986816614, 0.0, -0.06764468505250112, -0.009757849264837118, 0.1287065759933717, -0.11522164627313664, 1.3248242827845322, 0.0, -0.5124165697631603, -0.35173616575717365, 0.7116180693674021, -0.10942917948377702, 0.0
0.4299999792196667, -0.2128421308451791, 0.1056507521399171, 0.15344770373518607, 0.1984180527189482, 0.0, -0.4299999792196667, -0.1489411271217892, 0.024849721150489064, 0.07024256575619263, 0.35954751597883894, 0.0, -0.06079883107628565, -0.0117835321508427, 0.1268120490155999, -0.12086214445199829, 1.3240730930744742, 0.0, -0.48046557414781993, -0.33834123149635675, 0.6958970510366483, -0.06062159917393094, 0.0
0.4299999792196667, -0.21243132222716166, 0.09840972315792601, 0.15179395889036087, 0.20567076842561063, 0.0, -0.4299999792196667, -0.15538769863436744, 0.02088947085058363, 0.0678083512087118, 0.3562524320895118, 0.0, -0.053952977100070174, -0.013809215036848278, 0.12491752203782808, -0.12650264263085995, 1.3233219033644157, 0.0, -0.44851457853247956, -0.32494629723553975, 0.6801760327058944, -0.011814018864084848, 0.0
0.4299999792196667, -0.21202051360914428, 0.09116869417593494, 0.1501402140455357, 0.21292348413227305, 0.0, -0.4299999792196667, -0.16183427014694568, 0.016929220550678192, 0.06537413666123094, 0.3529573482001846, 0.0, -0.047107123123854684, -0.01583489792285386, 0.12302299506005628, -0.13214314080972162, 1.3225707136543574, 0.0, -0.4165635829171393, -0.31155136297472286, 0.6644550143751405, 0.036993561445761255, 0.0
0.4299999792196667, -0.21160970499112683, 0.08392766519394385, 0.1484864692007105, 0.2201761998389355, 0.0, -0.4299999792196667, -0.1682808416595239, 0.012968970250772758, 0.0629399221137501, 0.3496622643108574, 0.0, -0.04026126914763921, -0.01786058080885944, 0.12112846808228446, -0.13778363898858328, 1.321819523944299, 0.0, -0.3846125873017989, -0.2981564287139059, 0.6487339960443866, 0.08580114175560735, 0.0
0.4299999792196667, -0.21201369635308598, 0.07707041910463475, 0.14584975492116217, 0.22504978742903442, 0.0, -0.4299999792196667, -0.17265484620453192, 0.00885993031797554, 0.0619989655466492, 0.3462478138633278, 0.0, -0.03185328587044156, -0.022479002309514308, 0.11870774178832888, -0.14374791424417996, 1.3201145955738298, 0.0, -0.34606833118436975, -0.28167445730125795, 0.6243660930004773, 0.14528386053460274, 0.0
0.4299999792196667, -0.21241768771504507, 0.07021317301532566, 0.14321304064161375, 0.22992337501913324, 0.0, -0.4299999792196667, -0.17702885074953995, 0.004750890385178323, 0.061058008979548294, 0.34283336341579823, 0.0, -0.023445302593243907, -0.02709742381016917, 0.1162870154943733, -0.14971218949977663, 1.3184096672033607, 0.0, -0.30752407506694046, -0.2651924858886101, 0.599998189956568, 0.2047665793135981, 0.0
0.4299999792196667, -0.21282167907700425, 0.06335592692601656, 0.14057632636206535, 0.23479696260923216, 0.0, -0.4299999792196667, -0.181402855294548, 0.0006418504523811042, 0.06011705241244741, 0.3394189129682687, 0.0, -0.01503731931604625, -0.03171584531082404, 0.1138662892004177, -0.1556764647553733, 1.3167047388328916, 0.0, -0.26897981894951123, -0.2487105144759622, 0.5756302869126586, 0.26424929809259345, 0.0
0.4299999792196667, -0.21322567043896334, 0.056498680836707456, 0.13793961208251698, 0.23967055019933103, 0.0, -0.4299999792196667, -0.18577685983955602, -0.003467189480416113, 0.0591760958453465, 0.3360044625207391, 0.0, -0.006629336038848599, -0.03633426681147891, 0.11144556290646211, -0.16164074001096998, 1.3149998104624223, 0.0, -0.23043556283208205, -0.2322285430633143, 0.5512623838687492, 0.32373201687158887, 0.0
0.4299999792196667, -0.2136296618009225, 0.04964143474739836, 0.1353028978029686, 0.24454413778942993, 0.0, -0.4299999792196667, -0.19015086438456408, -0.00757622941321333, 0.0582351392782456, 0.33259001207320954, 0.0, 0.001778647238349051, -0.04095268831213377, 0.10902483661250655, -0.16760501526656665, 1.3132948820919532, 0.0, -0.1918913067146528, -0.21574657165066644, 0.5268944808248398, 0.38321473565058417, 0.0
0.4299999792196667, -0.2128563587692414, 0.04657478199403315, 0.1330597133818429, 0.24488011716109734, 0.0, -0.4299999792196667, -0.19170802619924238, -0.009775646666472385, 0.05872621873015489, 0.3286372985937064, 0.0, 0.006417423536685547, -0.042971629340304754, 0.10776253700484545, -0.17089910431822022, 1.3127279851882714, 0.0, -0.1603239983479514, -0.20573671394606796, 0.4922062050584511, 0.4407448404508404, 0.0
0.4299999792196667, -0.21208305573756026, 0.043508129240667937, 0.1308165289607172, 0.24521609653276474, 0.0, -0.4299999792196667, -0.19326518801392067, -0.011975063919731441, 0.059217298182064185, 0.32468458511420323, 0.0, 0.011056199835022042, -0.04499057036847572, 0.10650023739718437, -0.17419319336987374, 1.3121610882845895, 0.0, -0.1287566899812501, -0.19572685624146954, 0.4575179292920624, 0.49827494525109667, 0.0
0.4299999792196667, -0.2113097527058791, 0.04044147648730273, 0.12857334453959146, 0.24555207590443218, 0.0, -0.4299999792196667, -0.194822349828599, -0.014174481172990496, 0.05970837763397347, 0.3207318716347001, 0.0, 0.015694976133358535, -0.0470095113966467, 0.10523793778952327, -0.1774872824215273, 1.311594191380908, 0.0, -0.09718938161454871, -0.18571699853687113, 0.42282965352567387, 0.5558050500513528, 0.0
0.4299999792196667, -0.21053644967419796, 0.037374823733937516, 0.12633016011846573, 0.24588805527609958, 0.0, -0.4299999792196667, -0.1963795116432773, -0.016373898426249554, 0.060199457085882764, 0.31677915815519697, 0.0, 0.02033375243169503, -0.049028452424817674, 0.10397563818186219, -0.18078137147318082, 1.311027294477226, 0.0, -0.06562207324784734, -0.1757071408322727, 0.3881413777592852, 0.6133351548516092, 0.0
0.4299999792196667, -0.20976314664251683, 0.0343081709805723, 0.12408697569734005, 0.246224034647767, 0.0, -0.4299999792196667, -0.19793667345795563, -0.01857331567950861, 0.06069053653779206, 0.31282644467569387, 0.0, 0.024972528730031526, -0.05104739345298866, 0.10271333857420109, -0.18407546052483437, 1.3104603975735443, 0.0, -0.034054764881146, -0.16569728312767426, 0.35345310199289653, 0.6708652596518653, 0.0
0.4299999792196667, -0.2076779145186966, 0.03368828867332678, 0.12191726056201119, 0.24307699307625247, 0.0, -0.4299999792196667, -0.19861990353759978, -0.019911674641576508, 0.06069652022459959, 0.3069261147932318, 0.0, 0.024727143116649832, -0.04843902506582191, 0.10318464798354135, -0.18280352739783398, 1.311378999265454, 0.0, -0.015592891615969879, -0.1593222236886697, 0.316885092659476, 0.7168242957689802, 0.0
0.4299999792196667, -0.2055926823948764, 0.033068406366081264, 0.11974754542668233, 0.23992995150473798, 0.0, -0.4299999792196667, -0.19930313361724403, -0.021250033603644403, 0.060702503911407135, 0.30102578491076964, 0.0, 0.024481757503268142, -0.04583065667865516, 0.10365595739288161, -0.18153159427083357, 1.3122976009573637, 0.0, 0.0028689816492062366, -0.15294716424966515, 0.2803170833260554, 0.762783331886095, 0.0
0.4299999792196667, -0.20350745027105613, 0.03244852405883574, 0.11757783029135346, 0.23678290993322343, 0.0, -0.4299999792196667, -0.19998636369688824, -0.022588392565712306, 0.06070848759821466, 0.2951254550283075, 0.0, 0.024236371889886445, -0.04322228829148841, 0.10412726680222185, -0.18025966114383324, 1.313216202649273, 0.0, 0.02133085491438235, -0.14657210481066055, 0.24374907399263496, 0.80874236800321, 0.0
0.4299999792196667, -0.20142221814723596, 0.031828641751590225, 0.11540811515602459, 0.23363586836170894, 0.0, -0.4299999792196667, -0.20066959377653248, -0.023926751527780205, 0.0607144712850222, 0.2892251251458454, 0.0, 0.02399098627650475, -0.04061391990432167, 0.10459857621156209, -0.1789877280168328, 1.314134804341183, 0.0, 0.03979272817955847, -0.140197045371656, 0.20718106465921438, 0.8547014041203247, 0.0
0.4299999792196667, -0.1993369860234157, 0.031208759444344706, 0.11323840002069573, 0.2304888267901944, 0.0, -0.4299999792196667, -0.20135282385617664, -0.0252651104898481, 0.060720454971829735, 0.28332479526338333, 0.0, 0.023745600663123055, -0.03800555151715493, 0.10506988562090235, -0.1777157948898324, 1.3150534060330927, 0.0, 0.05825460144473459, -0.13382198593265143, 0.17061305532579385, 0.9006604402374396, 0.0
0.4299999792196667, -0.1967355832452937, 0.030345086056522114, 0.11165114384279114, 0.22957689574668586, 0.0, -0.4299999792196667, -0.20147355526185412, -0.026763988430419466, 0.06064193435411176, 0.28018733554946224, 0.0, 0.021678439154779204, -0.0348066523738393, 0.1064376966650318, -0.1744236571162826, 1.3159494231644815, 0.0, 0.06425097400340715, -0.1309132086821046, 0.14322608558150904, 0.9331962119093191, 0.0
0.4299999792196667, -0.19413418046717165, 0.029481412668699525, 0.11006388766488653, 0.22866496470317732, 0.0, -0.4299999792196667, -0.20159428666753157, -0.028262866370990833, 0.0605634137363938, 0.2770498758355412, 0.0, 0.019611277646435353, -0.03160775323052368, 0.10780550770916125, -0.1711315193427328, 1.3168454402958703, 0.0, 0.0702473465620797, -0.1280044314315578, 0.11583911583722419, 0.9657319835811988, 0.0
0.4299999792196667, -0.19153277768904964, 0.028617739280876933, 0.10847663148698192, 0.2277530336596688, 0.0, -0.4299999792196667, -0.20171501807320905, -0.029761744311562206, 0.060484893118675824, 0.27391241612162004, 0.0, 0.017544116138091502, -0.028408854087208047, 0.10917331875329071, -0.16783938156918296, 1.3177414574272592, 0.0, 0.07624371912075227, -0.12509565418101098, 0.08845214609293937, 0.9982677552530783, 0.0
0.4299999792196667, -0.18893137491092757, 0.027754065893054344, 0.10688937530907731, 0.22684110261616028, 0.0, -0.4299999792196667, -0.20183574947888647, -0.03126062225213357, 0.06040637250095785, 0.270774956407699, 0.0, 0.01547695462974765, -0.025209954943892422, 0.11054112979742015, -0.16454724379563312, 1.3186374745586482, 0.0, 0.08224009167942481, -0.12218687693046418, 0.06106517634865454, 1.0308035269249578, 0.0
0.4299999792196667, -0.18632997213280555, 0.026890392505231755, 0.10530211913117273, 0.22592917157265174, 0.0, -0.4299999792196667, -0.20195648088456394, -0.03275950019270494, 0.06032785188323987, 0.2676374966937779, 0.0, 0.013409793121403798, -0.022011055800576797, 0.1119089408415496, -0.16125510602208332, 1.319533491690037, 0.0, 0.08823646423809738, -0.11927809967991736, 0.033678206604369716, 1.0633392985968373, 0.0
0.4299999792196667, -0.18430577417292757, 0.0260188770040141, 0.10423930193036833, 0.22594781692505078, 0.0, -0.4299999792196667, -0.20130435257219023, -0.033249155455944604, 0.06064019740244017, 0.2667686194322576, 0.0, 0.010992425678687093, -0.019717200422101826, 0.1125768067877885, -0.15880378410634025, 1.320313444426168, 0.0, 0.0848783704721147, -0.11635041911730806, 0.01702509728098336, 1.083366728361328, 0.0
0.4299999792196667, -0.18228157621304958, 0.02514736150279645, 0.10317648472956392, 0.22596646227744985, 0.0, -0.4299999792196667, -0.2006522242598166, -0.03373881071918426, 0.06095254292164049, 0.2658997421707373, 0.0, 0.008575058235970389, -0.017423345043626855, 0.1132446727340274, -0.15635246219059723, 1.3210933971622993, 0.0, 0.081520276706132, -0.11342273855469873, 0.0003719879575970094, 1.1033941581258186, 0.0
0.4299999792196667, -0.18025737825317162, 0.0242758460015788, 0.10211366752875951, 0.22598510762984886, 0.0, -0.4299999792196667, -0.20000009594744295, -0.034228465982423927, 0.06126488844084079, 0.26503086490921696, 0.0, 0.006157690793253684, -0.015129489665151883, 0.11391253868026631, -0.1539011402748542, 1.3218733498984305, 0.0, 0.07816218294014933, -0.11049505799208943, -0.016281121365789342, 1.1234215878903093, 0.0
0.4299999792196667, -0.1782331802932936, 0.02340433050036115, 0.10105085032795513, 0.22600375298224792, 0.0, -0.4299999792196667, -0.1993479676350693, -0.034718121245663584, 0.061577233960041104, 0.2641619876476966, 0.0, 0.0037403233505369786, -0.012835634286676912, 0.1145804046265052, -0.15144981835911114, 1.322653302634562, 0.0, 0.07480408917416664, -0.1075673774294801, -0.0329342306891757, 1.1434490176548, 0.0
0.4299999792196667, -0.17620898233341561, 0.0225328149991435, 0.09998803312715074, 0.226022398334647, 0.0, -0.4299999792196667, -0.1986958393226956, -0.03520777650890325, 0.06188957947924141, 0.26329311038617625, 0.0, 0.0013229559078202727, -0.01054177890820194, 0.1152482705727441, -0.1489984964433681, 1.323433255370693, 0.0, 0.07144599540818396, -0.1046396968668708, -0.04958734001256205, 1.1634764474192907, 0.0
0.4299999792196667, -0.1749283679387158, 0.02275635537347553, 0.09962607173704059, 0.22517806214773897, 0.0, -0.4299999792196667, -0.1977258132497052, -0.03521907088355875, 0.06225622882372242, 0.2621667132841827, 0.0, 0.0003012218377456462, -0.010178716494586461, 0.11537600074872206, -0.14807550350306045, 1.3236883526941645, 0.0, 0.06330622797743432, -0.10009684114151028, -0.057263680988071, 1.1729051698241697, 0.0
0.4299999792196667, -0.17364775354401601, 0.022979895747807563, 0.09926411034693045, 0.22433372596083093, 0.0, -0.4299999792196667, -0.19675578717671477, -0.03523036525821426, 0.06262287816820342, 0.26104031618218904, 0.0, -0.0007205122323289802, -0.009815654080970982, 0.11550373092470001, -0.14715251056275278, 1.3239434500176361, 0.0, 0.05516646054668468, -0.09555398541614973, -0.06494002196357995, 1.1823338922290485, 0.0
0.4299999792196667, -0.17236713914931617, 0.023203436122139594, 0.09890214895682027, 0.22348938977392285, 0.0, -0.4299999792196667, -0.19578576110372434, -0.035241659632869765, 0.06298952751268444, 0.25991391908019545, 0.0, -0.001742246302403607, -0.0094525916673555, 0.11563146110067797, -0.14622951762244507, 1.3241985473411073, 0.0, 0.047026693115935034, -0.09101112969078924, -0.0726163629390889, 1.1917626146339273, 0.0
0.4299999792196667, -0.1710865247546164, 0.023426976496471626, 0.09854018756671014, 0.22264505358701478, 0.0, -0.4299999792196667, -0.19481573503073393, -0.03525295400752527, 0.06335617685716544, 0.2587875219782019, 0.0, -0.0027639803724782332, -0.009089529253740021, 0.1157591912766559, -0.14530652468213742, 1.324453644664579, 0.0, 0.03888692568518538, -0.08646827396542872, -0.08029270391459785, 1.2011913370388063, 0.0
0.4299999792196667, -0.16980591035991657, 0.023650516870803658, 0.09817822617659999, 0.22180071740010676, 0.0, -0.4299999792196667, -0.1938457089577435, -0.03526424838218078, 0.06372282620164645, 0.2576611248762083, 0.0, -0.0037857144425528597, -0.008726466840124543, 0.11588692145263386, -0.14438353174182975, 1.3247087419880506, 0.0, 0.03074715825443575, -0.08192541824006819, -0.08796904489010679, 1.2106200594436851, 0.0
0.4299999792196667, -0.16895664012721312, 0.024367496033127826, 0.09836838224206572, 0.22115267141285355, 0.0, -0.4299999792196667, -0.19324820770562803, -0.03539141760933714, 0.06381890518070533, 0.2564565195704328, 0.0, -0.003492255899133254, -0.010296027753061708, 0.11547448932934624, -0.14490647427362932, 1.3241235679964418, 0.0, 0.0234137828545241, -0.07773292339941151, -0.08881889980810966, 1.2130031669109433, 0.0
0.4299999792196667, -0.16810736989450967, 0.025084475195451993, 0.09855853830753146, 0.22050462542560026, 0.0, -0.4299999792196667, -0.19265070645351254, -0.035518586836493504, 0.06391498415976422, 0.2552519142646573, 0.0, -0.003198797355713649, -0.011865588665998872, 0.11506205720605861, -0.14542941680542884, 1.323538394004833, 0.0, 0.016080407454612446, -0.07354042855875485, -0.08966875472611249, 1.2153862743782013, 0.0
0.4299999792196667, -0.16725809966180627, 0.02580145435777616, 0.09874869437299719, 0.21985657943834702, 0.0, -0.4299999792196667, -0.19205320520139704, -0.035645756063649864, 0.06401106313882311, 0.2540473089588819, 0.0, -0.0029053388122940436, -0.013435149578936037, 0.114649625082771, -0.1459523593372284, 1.3229532200132246, 0.0, 0.00874703205470079, -0.06934793371809816, -0.09051860964411534, 1.2177693818454596, 0.0
0.4299999792196667, -0.16640882942910282, 0.02651843352010033, 0.09893885043846294, 0.21920853345109373, 0.0, -0.4299999792196667, -0.19145570394928152, -0.03577292529080623, 0.064107142117882, 0.25284270365310646, 0.0, -0.0026118802688744384, -0.015004710491873201, 0.11423719295948336, -0.1464753018690279, 1.3223680460216158, 0.0, 0.0014136566547891382, -0.06515543887744149, -0.0913684645621182, 1.2201524893127176, 0.0
0.4299999792196667, -0.1655595591963994, 0.027235412682424496, 0.09912900650392867, 0.21856048746384052, 0.0, -0.4299999792196667, -0.19085820269716605, -0.03590009451796259, 0.06420322109694088, 0.251638098347331, 0.0, -0.002318421725454833, -0.016574271404810367, 0.11382476083619575, -0.14699824440082748, 1.321782872030007, 0.0, -0.005919718745122515, -0.06096294403678482, -0.09221831948012105, 1.2225355967799758, 0.0
