/h1_2/pelvis/left_hip_yaw_joint, /h1_2/left_hip_yaw_link/left_hip_pitch_joint, /h1_2/left_hip_pitch_link/left_hip_roll_joint, /h1_2/left_hip_roll_link/left_knee_joint, /h1_2/left_knee_link/left_ankle_pitch_joint, /h1_2/left_ankle_pitch_link/left_ankle_roll_joint, /h1_2/pelvis/right_hip_yaw_joint, /h1_2/right_hip_yaw_link/right_hip_pitch_joint, /h1_2/right_hip_pitch_link/right_hip_roll_joint, /h1_2/right_hip_roll_link/right_knee_joint, /h1_2/right_knee_link/right_ankle_pitch_joint, /h1_2/right_ankle_pitch_link/right_ankle_roll_joint, /h1_2/pelvis/torso_joint, /h1_2/torso_link/left_shoulder_pitch_joint, /h1_2/left_shoulder_pitch_link/left_shoulder_roll_joint, /h1_2/left_shoulder_roll_link/left_shoulder_yaw_joint, /h1_2/left_shoulder_yaw_link/left_elbow_joint, /h1_2/left_elbow_link/left_wrist_roll_joint, /h1_2/torso_link/right_shoulder_pitch_joint, /h1_2/right_shoulder_pitch_link/right_shoulder_roll_joint, /h1_2/right_shoulder_roll_link/right_shoulder_yaw_joint, /h1_2/right_shoulder_yaw_link/right_elbow_joint, /h1_2/right_elbow_link/right_wrist_roll_joint
24.592693, -7.536479, 1.8548709, 4.5277476, 12.248701, 0.0, -24.592846, -4.7090816, -0.8730893, 1.0641496, 16.61774, 0.0, -1.8789877, -5.863647, 3.8477843, 13.335892, 73.25916, 0.0, -5.2152553, -3.6807444, -24.679218, 73.02791, 0.0
24.444050400000002, -7.810955, 1.81318366, 5.11393948, 11.976633, 0.0, -24.444503, -5.04197842, -0.8396469719999999, 1.62988352, 16.314204200000002, 0.0, -1.77357414, -5.8714245, 3.7617209199999997, 13.1772868, 73.11762999999999, 0.0, -5.24730644, -3.6351222, -24.6022656, 72.93743880000001, 0.0
24.2954078, -8.085431, 1.77149642, 5.70013136, 11.704565, 0.0, -24.29616, -5.374875240000001, -0.8062046439999999, 2.19561744, 16.0106684, 0.0, -1.66816058, -5.879202, 3.67565754, 13.018681599999999, 72.97609999999999, 0.0, -5.27935758, -3.5895, -24.5253132, 72.8469676, 0.0
24.1467652, -8.359907, 1.72980918, 6.28632324, 11.432497, 0.0, -24.147817, -5.70777206, -0.7727623159999999, 2.76135136, 15.707132600000001, 0.0, -1.56274702, -5.8869795, 3.58959416, 12.8600764, 72.83457, 0.0, -5.31140872, -3.5438777999999997, -24.4483608, 72.7564964, 0.0
23.9981226, -8.634383, 1.68812194, 6.87251512, 11.160429, 0.0, -23.999474, -6.04066888, -0.739319988, 3.32708528, 15.4035968, 0.0, -1.45733346, -5.894757, 3.50353078, 12.7014712, 72.69304, 0.0, -5.34345986, -3.4982556, -24.3714084, 72.66602519999999, 0.0
23.84948, -8.908859, 1.6464347, 7.458707, 10.888361, 0.0, -23.851131, -6.3735657, -0.70587766, 3.8928192, 15.100061, 0.0, -1.3519199, -5.9025345, 3.4174674, 12.542866, 72.55151, 0.0, -5.375511, -3.4526334, -24.294456, 72.575554, 0.0
23.217296, -9.3946846, 1.63163844, 8.6647178, 10.4421108, 0.0, -23.2177232, -6.99385756, -0.674533728, 5.05860356, 14.697344600000001, 0.0, -1.00746328, -5.8161385999999995, 3.358546, 12.2893614, 72.246056, 0.0, -5.4462674600000005, -3.3426205799999997, -24.1151638, 72.3736162, 0.0
22.585112, -9.8805102, 1.61684218, 9.8707286, 9.9958606, 0.0, -22.584315399999998, -7.61414942, -0.643189796, 6.22438792, 14.2946282, 0.0, -0.66300666, -5.7297427, 3.2996246, 12.0358568, 71.940602, 0.0, -5.517023920000001, -3.23260776, -23.935871600000002, 72.1716784, 0.0
21.952928, -10.3663358, 1.60204592, 11.076739400000001, 9.549610399999999, 0.0, -21.9509076, -8.23444128, -0.611845864, 7.39017228, 13.8919118, 0.0, -0.31855003999999987, -5.6433468, 3.2407032, 11.7823522, 71.635148, 0.0, -5.58778038, -3.12259494, -23.7565794, 71.9697406, 0.0
21.320743999999998, -10.8521614, 1.58724966, 12.2827502, 9.1033602, 0.0, -21.3174998, -8.85473314, -0.580501932, 8.55595664, 13.4891954, 0.0, 0.025906580000000012, -5.5569509, 3.1817818, 11.528847599999999, 71.329694, 0.0, -5.65853684, -3.0125821200000003, -23.5772872, 71.7678028, 0.0
20.68856, -11.337987, 1.5724534, 13.488761, 8.65711, 0.0, -20.684092, -9.475025, -0.549158, 9.721741, 13.086479, 0.0, 0.3703632, -5.470555, 3.1228604, 11.275343, 71.02424, 0.0, -5.7292933, -2.9025693, -23.397995, 71.565865, 0.0
19.4763538, -11.9509826, 1.72324112, 15.1437992, 8.15297186, 0.0, -19.463123799999998, -10.287833000000001, -0.6234951000000001, 11.3481048, 12.7353936, 0.0, 0.8453976400000001, -5.24107412, 3.56975612, 11.213480599999999, 70.43435600000001, 0.0, -5.76242404, -3.1821689600000003, -23.374592, 71.124826, 0.0
18.264147599999998, -12.5639782, 1.8740288399999998, 16.7988374, 7.64883372, 0.0, -18.2421556, -11.100641000000001, -0.6978322, 12.974468600000002, 12.3843082, 0.0, 1.3204320800000002, -5.01159324, 4.01665184, 11.1516182, 69.84447200000001, 0.0, -5.79555478, -3.46176862, -23.351189, 70.683787, 0.0
17.051941399999997, -13.176973799999999, 2.0248165599999997, 18.4538756, 7.14469558, 0.0, -17.0211874, -11.913449, -0.7721693000000001, 14.600832400000002, 12.0332228, 0.0, 1.7954665200000002, -4.78211236, 4.46354756, 11.089755799999999, 69.254588, 0.0, -5.8286855200000005, -3.74136828, -23.327786, 70.242748, 0.0
15.8397352, -13.7899694, 2.17560428, 20.1089138, 6.64055744, 0.0, -15.800219199999999, -12.726257, -0.8465064, 16.2271962, 11.6821374, 0.0, 2.27050096, -4.55263148, 4.91044328, 11.0278934, 68.664704, 0.0, -5.86181626, -4.02096794, -23.304383, 69.801709, 0.0
14.627529, -14.402965, 2.326392, 21.763952, 6.1364193, 0.0, -14.579251, -13.539065, -0.9208435, 17.85356, 11.331052, 0.0, 2.7455354, -4.3231506, 5.357339, 10.966031, 68.07482, 0.0, -5.894947, -4.3005676, -23.28098, 69.36067, 0.0
13.3023542, -14.946165, 2.7562347999999997, 23.1740266, 5.81513424, 0.0, -13.24881226, -14.1772034, -1.18014174, 19.3471638, 11.1635467, 0.0, 2.9936270400000002, -4.19354354, 6.6891061999999994, 11.61165, 66.996592, 0.0, -5.8657392, -5.45508708, -23.9577422, 68.402512, 0.0
11.977179399999999, -15.489365, 3.1860776, 24.5841012, 5.49384918, 0.0, -11.91837352, -14.8153418, -1.43943998, 20.8407676, 10.9960414, 0.0, 3.24171868, -4.06393648, 8.0208734, 12.257268999999999, 65.918364, 0.0, -5.8365314, -6.60960656, -24.6345044, 67.444354, 0.0
10.6520046, -16.032564999999998, 3.6159204, 25.9941758, 5.1725641200000005, 0.0, -10.587934780000001, -15.4534802, -1.69873822, 22.334371400000002, 10.8285361, 0.0, 3.48981032, -3.93432942, 9.3526406, 12.902888, 64.840136, 0.0, -5.8073236, -7.764126039999999, -25.3112666, 66.48619599999999, 0.0
9.326829799999999, -16.575765, 4.0457632, 27.404250400000002, 4.85127906, 0.0, -9.25749604, -16.0916186, -1.9580364599999998, 23.8279752, 10.6610308, 0.0, 3.7379019600000003, -3.80472236, 10.6844078, 13.548507, 63.761908000000005, 0.0, -5.7781158, -8.918645519999998, -25.988028800000002, 65.528038, 0.0
8.001655, -17.118965, 4.475606, 28.814325, 4.529994, 0.0, -7.9270573, -16.729757, -2.2173347, 25.321579, 10.4935255, 0.0, 3.9859936, -3.6751153, 12.016175, 14.194126, 62.68368, 0.0, -5.748908, -10.073165, -26.664791, 64.56988, 0.0
7.26251632, -17.0859348, 4.8018536, 29.5005674, 4.86318292, 0.0, -7.21192424, -16.7262628, -2.34013712, 26.166336, 10.973059000000001, 0.0, 3.85968828, -4.05974908, 14.2950098, 15.5457176, 60.989535000000004, 0.0, -5.73159052, -12.206904999999999, -27.9607788, 62.946662599999996, 0.0
6.52337764, -17.0529046, 5.1281012, 30.1868098, 5.19637184, 0.0, -6.496791180000001, -16.7227686, -2.46293954, 27.011093, 11.4525925, 0.0, 3.73338296, -4.44438286, 16.5738446, 16.8973092, 59.295390000000005, 0.0, -5.71427304, -14.340645, -29.256766600000002, 61.323445199999995, 0.0
5.78423896, -17.0198744, 5.4543488, 30.8730522, 5.52956076, 0.0, -5.78165812, -16.7192744, -2.58574196, 27.85585, 11.932126, 0.0, 3.60707764, -4.82901664, 18.8526794, 18.2489008, 57.601245000000006, 0.0, -5.69695556, -16.474385, -30.5527544, 59.70022779999999, 0.0
5.04510028, -16.9868442, 5.7805964, 31.559294599999998, 5.86274968, 0.0, -5.06652506, -16.715780199999998, -2.7085443799999998, 28.700606999999998, 12.411659499999999, 0.0, 3.48077232, -5.2136504200000005, 21.131514199999998, 19.6004924, 55.9071, 0.0, -5.67963808, -18.608125, -31.848742200000004, 58.0770104, 0.0
4.3059616, -16.953814, 6.106844, 32.245537, 6.1959386, 0.0, -4.351392, -16.712286, -2.8313468, 29.545364, 12.891193, 0.0, 3.354467, -5.5982842, 23.410349, 20.952084, 54.212955, 0.0, -5.6623206, -20.741865, -33.14473, 56.453793, 0.0
4.2366496, -16.261669, 6.3394398, 32.1507448, 7.12231548, 0.0, -4.35697172, -16.0566976, -2.9794031, 29.6597132, 13.9114, 0.0, 3.24774472, -6.900238760000001, 26.3085192, 22.4052482, 51.9340596, 0.0, -6.25368368, -23.5479896, -34.270674400000004, 54.219018399999996, 0.0
4.1673376, -15.569524000000001, 6.5720355999999995, 32.0559526, 8.04869236, 0.0, -4.36255144, -15.401109199999999, -3.1274594, 29.7740624, 14.931607, 0.0, 3.14102244, -8.20219332, 29.206689400000002, 23.8584124, 49.6551642, 0.0, -6.84504676, -26.3541142, -35.3966188, 51.984243799999994, 0.0
4.0980256, -14.877379000000001, 6.8046314, 31.9611604, 8.97506924, 0.0, -4.36813116, -14.7455208, -3.2755156999999997, 29.8884116, 15.951814, 0.0, 3.03430016, -9.50414788, 32.1048596, 25.3115766, 47.3762688, 0.0, -7.43640984, -29.160238800000002, -36.5225632, 49.74946919999999, 0.0
4.0287136, -14.185234, 7.037227199999999, 31.8663682, 9.90144612, 0.0, -4.37371088, -14.089932399999999, -3.423572, 30.0027608, 16.972021, 0.0, 2.92757788, -10.80610244, 35.0030298, 26.7647408, 45.097373399999995, 0.0, -8.02777292, -31.966363400000002, -37.648507599999995, 47.5146946, 0.0
3.9594016, -13.493089, 7.269823, 31.771576, 10.827823, 0.0, -4.3792906, -13.434344, -3.5716283, 30.11711, 17.992228, 0.0, 2.8208556, -12.108057, 37.9012, 28.217905, 42.818478, 0.0, -8.619136, -34.772488, -38.774452, 45.27992, 0.0
3.95524858, -12.616157, 7.8511717999999995, 31.2835542, 11.624857200000001, 0.0, -4.55997068, -12.728807, -4.16885804, 29.8662862, 18.732796, 0.0, 2.86457608, -14.017464, 40.441535, 29.0819144, 40.525699599999996, 0.0, -9.9479028, -37.341563, -39.22125, 42.921986, 0.0
3.95109556, -11.739225, 8.4325206, 30.7955324, 12.4218914, 0.0, -4.74065076, -12.02327, -4.766087779999999, 29.615462400000002, 19.473364, 0.0, 2.90829656, -15.926871, 42.98187, 29.9459238, 38.2329212, 0.0, -11.276669599999998, -39.910638, -39.668048, 40.564052, 0.0
3.9469425399999998, -10.862293, 9.0138694, 30.3075106, 13.2189256, 0.0, -4.9213308399999995, -11.317733, -5.36331752, 29.3646386, 20.213932, 0.0, 2.95201704, -17.836278, 45.522205, 30.809933199999996, 35.940142800000004, 0.0, -12.605436399999999, -42.479713000000004, -40.114846, 38.206118000000004, 0.0
3.94278952, -9.985361, 9.5952182, 29.8194888, 14.015959800000001, 0.0, -5.10201092, -10.612195999999999, -5.96054726, 29.1138148, 20.9545, 0.0, 2.99573752, -19.745685, 48.06254, 31.673942599999997, 33.6473644, 0.0, -13.934203199999999, -45.048788, -40.561644, 35.848184, 0.0
3.9386365, -9.108429, 10.176567, 29.331467, 14.812994, 0.0, -5.282691, -9.906659, -6.557777, 28.862991, 21.695068, 0.0, 3.039458, -21.655092, 50.602875, 32.537952, 31.354586, 0.0, -15.26297, -47.617863, -41.008442, 33.49025, 0.0
3.47514468, -8.4862592, 11.1377752, 29.2594938, 14.9568432, 0.0, -5.03799, -9.7871522, -7.5273524, 28.861253400000003, 21.7348304, 0.0, 3.1302866600000003, -23.0516202, 52.374055, 32.668628399999996, 29.824005800000002, 0.0, -16.684656, -49.5111796, -40.7176224, 31.827506600000003, 0.0
3.01165286, -7.864089399999999, 12.0989834, 29.1875206, 15.1006924, 0.0, -4.793289, -9.6676454, -8.4969278, 28.8595158, 21.7745928, 0.0, 3.22111532, -24.4481484, 54.145235, 32.799304799999994, 28.293425600000003, 0.0, -18.106342, -51.4044962, -40.426802800000004, 30.164763200000003, 0.0
2.54816104, -7.2419196, 13.0601916, 29.1155474, 15.2445416, 0.0, -4.5485880000000005, -9.5481386, -9.4665032, 28.857778200000002, 21.814355199999998, 0.0, 3.31194398, -25.8446766, 55.916415, 32.9299812, 26.762845400000003, 0.0, -19.528028, -53.2978128, -40.1359832, 28.5020198, 0.0
2.0846692200000003, -6.6197498, 14.021399800000001, 29.0435742, 15.3883908, 0.0, -4.3038870000000005, -9.4286318, -10.4360786, 28.8560406, 21.8541176, 0.0, 3.40277264, -27.2412048, 57.687595, 33.0606576, 25.2322652, 0.0, -20.949714, -55.1911294, -39.8451636, 26.8392764, 0.0
1.6211774, -5.99758, 14.982608, 28.971601, 15.53224, 0.0, -4.059186, -9.309125, -11.405654, 28.854303, 21.89388, 0.0, 3.4936013, -28.637733, 59.458775, 33.191334, 23.701685, 0.0, -22.3714, -57.084446, -39.554344, 25.176533, 0.0
0.9851132400000001, -5.7225232, 15.5648832, 29.2965938, 15.2911244, 0.0, -3.6279525400000003, -9.6752272, -11.975886000000001, 29.2253034, 21.5595926, 0.0, 3.66400064, -29.1634754, 60.42235, 32.905203199999995, 23.0998586, 0.0, -23.1885046, -58.1739168, -38.8354092, 24.416631199999998, 0.0
0.3490490800000001, -5.447466400000001, 16.147158400000002, 29.6215866, 15.0500088, 0.0, -3.1967190800000003, -10.0413294, -12.546118, 29.5963038, 21.225305199999998, 0.0, 3.8343999799999997, -29.6892178, 61.385925, 32.6190724, 22.4980322, 0.0, -24.005609200000002, -59.2633876, -38.1164744, 23.6567294, 0.0
-0.28701507999999976, -5.1724096, 16.7294336, 29.946579399999997, 14.8088932, 0.0, -2.76548562, -10.407431599999999, -13.11635, 29.9673042, 20.8910178, 0.0, 4.00479932, -30.2149602, 62.349500000000006, 32.3329416, 21.8962058, 0.0, -24.822713800000002, -60.352858399999995, -37.3975396, 22.896827599999998, 0.0
-0.9230792399999999, -4.8973528, 17.311708799999998, 30.271572199999998, 14.567777600000001, 0.0, -2.33425216, -10.7735338, -13.686582000000001, 30.3383046, 20.5567304, 0.0, 4.1751986599999995, -30.740702600000002, 63.313075000000005, 32.0468108, 21.2943794, 0.0, -25.6398184, -61.442329199999996, -36.6786048, 22.1369258, 0.0
-1.5591434, -4.622296, 17.893984, 30.596565, 14.326662, 0.0, -1.9030187, -11.139636, -14.256814, 30.709305, 20.222443, 0.0, 4.345598, -31.266445, 64.27665, 31.76068, 20.692553, 0.0, -26.456923, -62.5318, -35.95967, 21.377024, 0.0
-1.7105006, -4.5873933000000005, 17.817016, 30.470896999999997, 14.6958248, 0.0, -1.92354884, -11.466262799999999, -14.1610828, 30.7112814, 20.5289684, 0.0, 4.4642864, -30.9599608, 64.432972, 31.619834400000002, 20.9725258, 0.0, -26.489668599999998, -62.779303999999996, -35.471575200000004, 21.4816878, 0.0
-1.8618578, -4.5524906000000005, 17.740047999999998, 30.345229, 15.0649876, 0.0, -1.94407898, -11.792889599999999, -14.0653516, 30.7132578, 20.8354938, 0.0, 4.5829748, -30.6534766, 64.58929400000001, 31.4789888, 21.2524986, 0.0, -26.5224142, -63.026807999999996, -34.983480400000005, 21.5863516, 0.0
-2.0132149999999998, -4.5175879, 17.66308, 30.219561, 15.4341504, 0.0, -1.96460912, -12.1195164, -13.9696204, 30.7152342, 21.1420192, 0.0, 4.7016632000000005, -30.3469924, 64.745616, 31.3381432, 21.532471400000002, 0.0, -26.5551598, -63.274312, -34.4953856, 21.691015399999998, 0.0
-2.1645722, -4.4826852, 17.586112, 30.093893, 15.8033132, 0.0, -1.98513926, -12.4461432, -13.873889199999999, 30.7172106, 21.448544599999998, 0.0, 4.8203516, -30.0405082, 64.901938, 31.1972976, 21.8124442, 0.0, -26.5879054, -63.521816, -34.0072908, 21.7956792, 0.0
-2.3159294, -4.4477825, 17.509144, 29.968225, 16.172476, 0.0, -2.0056694, -12.77277, -13.778158, 30.719187, 21.75507, 0.0, 4.93904, -29.734024, 65.05826, 31.056452, 22.092417, 0.0, -26.620651, -63.76932, -33.519196, 21.900343, 0.0
-1.8916946339999998, -4.85715732, 16.725682799999998, 29.324048, 17.1326242, 0.0, -2.41654, -12.885868199999999, -12.9581266, 30.238094800000002, 22.664384, 0.0, 5.03194814, -28.6034568, 64.402454, 30.9413968, 23.2490332, 0.0, -25.8664998, -63.173652, -33.217612, 22.8665704, 0.0
-1.467459868, -5.26653214, 15.9422216, 28.679871000000002, 18.0927724, 0.0, -2.8274106000000003, -12.998966399999999, -12.1380952, 29.7570026, 23.573698, 0.0, 5.12485628, -27.472889600000002, 63.746648, 30.8263416, 24.4056494, 0.0, -25.1123486, -62.577984, -32.916028000000004, 23.8327978, 0.0
-1.043225102, -5.67590696, 15.158760399999998, 28.035694, 19.0529206, 0.0, -3.2382812000000003, -13.1120646, -11.318063800000001, 29.2759104, 24.483012, 0.0, 5.21776442, -26.3423224, 63.090842, 30.711286400000002, 25.5622656, 0.0, -24.3581974, -61.982316, -32.614444, 24.799025200000003, 0.0
-0.618990336, -6.08528178, 14.375299199999999, 27.391517, 20.013068800000003, 0.0, -3.6491518000000003, -13.2251628, -10.4980324, 28.794818199999998, 25.392326, 0.0, 5.31067256, -25.2117552, 62.435036, 30.596231200000002, 26.7188818, 0.0, -23.6040462, -61.386648, -32.31286, 25.7652526, 0.0
-0.19475557, -6.4946566, 13.591838, 26.74734, 20.973217, 0.0, -4.0600224, -13.338261, -9.678001, 28.313726, 26.30164, 0.0, 5.4035807, -24.081188, 61.77923, 30.481176, 27.875498, 0.0, -22.849895, -60.79098, -32.011276, 26.73148, 0.0
0.36654304399999993, -7.23015548, 12.3132478, 26.3522296, 21.5976336, 0.0, -4.1671878200000005, -13.462964399999999, -8.344363, 28.023602399999998, 26.8574078, 0.0, 5.13423664, -22.250599700000002, 60.3655326, 29.789439400000003, 29.5971404, 0.0, -21.3742706, -59.460169, -31.210086800000003, 28.272782, 0.0
0.9278416579999998, -7.96565436, 11.0346576, 25.9571192, 22.2220502, 0.0, -4.27435324, -13.5876678, -7.010725, 27.7334788, 27.4131756, 0.0, 4.86489258, -20.4200114, 58.9518352, 29.0977028, 31.3187828, 0.0, -19.8986462, -58.129357999999996, -30.408897600000003, 29.814084, 0.0
1.4891402719999998, -8.70115324, 9.7560674, 25.5620088, 22.8464668, 0.0, -4.38151866, -13.7123712, -5.677087, 27.4433552, 27.9689434, 0.0, 4.5955485199999995, -18.5894231, 57.5381378, 28.4059662, 33.0404252, 0.0, -18.4230218, -56.798547, -29.6077084, 31.355386, 0.0
2.050438886, -9.43665212, 8.4774772, 25.1668984, 23.4708834, 0.0, -4.48868408, -13.837074600000001, -4.343449, 27.1532316, 28.5247112, 0.0, 4.32620446, -16.758834800000002, 56.1244404, 27.7142296, 34.7620676, 0.0, -16.9473974, -55.467735999999995, -28.8065192, 32.896688, 0.0
2.6117375, -10.172151, 7.198887, 24.771788, 24.0953, 0.0, -4.5958495, -13.961778, -3.009811, 26.863108, 29.080479, 0.0, 4.0568604, -14.9282465, 54.710743, 27.022493, 36.48371, 0.0, -15.471773, -54.136925, -28.00533, 34.43799, 0.0
2.80526142, -10.8108532, 6.1999198, 25.035360400000002, 24.0523288, 0.0, -4.33666796, -14.1072392, -1.9668389, 27.1764584, 28.961009400000002, 0.0, 3.93814598, -13.0055348, 53.003386400000004, 25.833879200000002, 37.8421514, 0.0, -13.743657800000001, -52.609094, -26.7486694, 35.6848632, 0.0
2.99878534, -11.4495554, 5.200952600000001, 25.2989328, 24.0093576, 0.0, -4.07748642, -14.2527004, -0.9238667999999999, 27.489808800000002, 28.8415398, 0.0, 3.81943156, -11.0828231, 51.2960298, 24.6452654, 39.2005928, 0.0, -12.0155426, -51.081263, -25.4920088, 36.9317364, 0.0
3.19230926, -12.0882576, 4.201985400000001, 25.5625052, 23.9663864, 0.0, -3.81830488, -14.3981616, 0.11910530000000019, 27.8031592, 28.7220702, 0.0, 3.70071714, -9.1601114, 49.5886732, 23.4566516, 40.5590342, 0.0, -10.2874274, -49.553432, -24.2353482, 38.1786096, 0.0
3.38583318, -12.7269598, 3.2030182000000007, 25.826077599999998, 23.9234152, 0.0, -3.55912334, -14.5436228, 1.1620774000000003, 28.1165096, 28.6026006, 0.0, 3.5820027199999998, -7.2373997, 47.8813166, 22.268037800000002, 41.9174756, 0.0, -8.5593122, -48.025601, -22.9786876, 39.4254828, 0.0
3.5793571, -13.365662, 2.204051, 26.08965, 23.880444, 0.0, -3.2999418, -14.689084, 2.2050495, 28.42986, 28.483131, 0.0, 3.4632883, -5.314688, 46.17396, 21.079424, 43.275917, 0.0, -6.831197, -46.49777, -21.722027, 40.672356, 0.0
3.5605571400000002, -13.957990200000001, 1.8108250600000002, 26.749824, 23.4909702, 0.0, -3.22438814, -15.1972656, 2.63901786, 29.0873104, 27.9809132, 0.0, 3.5229922399999998, -4.040691280000001, 45.0635646, 20.2985452, 43.915628, 0.0, -5.625845128, -45.597602, -20.9497968, 41.2456134, 0.0
3.5417571800000003, -14.5503184, 1.4175991200000002, 27.409997999999998, 23.1014964, 0.0, -3.14883448, -15.7054472, 3.0729862199999998, 29.7447608, 27.4786954, 0.0, 3.5826961799999997, -2.7666945600000004, 43.9531692, 19.5176664, 44.555339, 0.0, -4.420493256, -44.697434, -20.177566600000002, 41.8188708, 0.0
3.52295722, -15.1426466, 1.02437318, 28.070172, 22.7120226, 0.0, -3.07328082, -16.2136288, 3.50695458, 30.4022112, 26.9764776, 0.0, 3.64240012, -1.4926978400000004, 42.8427738, 18.7367876, 45.19505, 0.0, -3.2151413840000003, -43.797266, -19.405336400000003, 42.3921282, 0.0
3.50415726, -15.7349748, 0.63114724, 28.730345999999997, 22.3225488, 0.0, -2.99772716, -16.7218104, 3.94092294, 31.059661600000002, 26.4742598, 0.0, 3.70210406, -0.21870112000000042, 41.7323784, 17.9559088, 45.834761, 0.0, -2.0097895120000002, -42.897098, -18.6331062, 42.9653856, 0.0
3.4853573, -16.327303, 0.2379213, 29.39052, 21.933075, 0.0, -2.9221735, -17.229992, 4.3748913, 31.717112, 25.972042, 0.0, 3.761808, 1.0552956, 40.621983, 17.17503, 46.474472, 0.0, -0.80443764, -41.99693, -17.860876, 43.538643, 0.0
3.35863454, -16.6095566, 0.238646446, 29.5332446, 22.055888, 0.0, -2.7710106, -17.492304999999998, 4.407396439999999, 31.845962, 25.9533572, 0.0, 3.75710628, 1.48406248, 40.3886544, 17.2175554, 46.4729576, 0.0, -0.315030112, -41.970864, -17.964979800000002, 43.4989472, 0.0
3.23191178, -16.891810200000002, 0.239371592, 29.6759692, 22.178701, 0.0, -2.6198477, -17.754618, 4.43990158, 31.974812, 25.9346724, 0.0, 3.75240456, 1.91282936, 40.1553258, 17.2600808, 46.4714432, 0.0, 0.174377416, -41.944798, -18.069083600000003, 43.4592514, 0.0
3.10518902, -17.1740638, 0.240096738, 29.8186938, 22.301513999999997, 0.0, -2.4686848, -18.016931, 4.4724067199999995, 32.103662, 25.915987599999998, 0.0, 3.7477028399999996, 2.34159624, 39.9219972, 17.3026062, 46.4699288, 0.0, 0.6637849439999999, -41.918732, -18.1731874, 43.4195556, 0.0
2.9784662600000003, -17.4563174, 0.24082188399999999, 29.9614184, 22.424326999999998, 0.0, -2.3175219, -18.279244000000002, 4.50491186, 32.232512, 25.8973028, 0.0, 3.7430011199999997, 2.77036312, 39.6886686, 17.345131600000002, 46.4684144, 0.0, 1.153192472, -41.892666, -18.2772912, 43.3798598, 0.0
2.8517435, -17.738571, 0.24154703, 30.104143, 22.54714, 0.0, -2.166359, -18.541557, 4.537417, 32.361362, 25.878618, 0.0, 3.7382994, 3.19913, 39.45534, 17.387657, 46.4669, 0.0, 1.6426, -41.8666, -18.381395, 43.340164, 0.0
2.83626974, -17.418828, 0.662562884, 29.7314388, 23.1835746, 0.0, -1.96937746, -18.2168172, 4.0581628, 31.9784706, 26.3637952, 0.0, 3.63632872, 2.79511128, 40.096408, 18.2819788, 45.8750992, 0.0, 1.48254536, -42.71391, -19.393382000000003, 42.7378324, 0.0
2.82079598, -17.099085000000002, 1.083578738, 29.3587346, 23.8200092, 0.0, -1.77239592, -17.8920774, 3.5789085999999997, 31.5955792, 26.8489724, 0.0, 3.53435804, 2.3910925599999997, 40.737476, 19.1763006, 45.2832984, 0.0, 1.32249072, -43.56122, -20.405369, 42.1355008, 0.0
2.80532222, -16.779342, 1.5045945920000001, 28.9860304, 24.4564438, 0.0, -1.57541438, -17.5673376, 3.0996544, 31.2126878, 27.3341496, 0.0, 3.43238736, 1.9870738399999999, 41.378544, 20.0706224, 44.691497600000005, 0.0, 1.16243608, -44.40853, -21.417356, 41.533169199999996, 0.0
2.78984846, -16.459599, 1.925610446, 28.6133262, 25.0928784, 0.0, -1.3784328399999999, -17.2425978, 2.6204001999999997, 30.8297964, 27.819326800000002, 0.0, 3.33041668, 1.5830551199999998, 42.019612, 20.9649442, 44.099696800000004, 0.0, 1.0023814400000002, -45.25584, -22.429343000000003, 40.9308376, 0.0
2.7743747, -16.139856, 2.3466263, 28.240622, 25.729313, 0.0, -1.1814513, -16.917858, 2.141146, 30.446905, 28.304504, 0.0, 3.228446, 1.1790364, 42.66068, 21.859266, 43.507896, 0.0, 0.8423268, -46.10315, -23.44133, 40.328506, 0.0
2.80466096, -15.319309200000001, 3.35583632, 28.263086599999998, 26.0462372, 0.0, -0.972453286, -16.1894846, 1.0393653999999999, 30.471352200000002, 28.5114704, 0.0, 3.02744036, -0.07664647999999996, 44.0294848, 23.2663288, 42.3140858, 0.0, -0.042399900000000046, -47.661818, -25.033600200000002, 39.107034, 0.0
2.83494722, -14.4987624, 4.36504634, 28.285551199999997, 26.3631614, 0.0, -0.7634552720000001, -15.4611112, -0.062415200000000226, 30.4957994, 28.7184368, 0.0, 2.82643472, -1.33232936, 45.3982896, 24.673391600000002, 41.1202756, 0.0, -0.9271266000000001, -49.220486, -26.6258704, 37.885562, 0.0
2.86523348, -13.678215600000001, 5.37425636, 28.3080158, 26.6800856, 0.0, -0.554457258, -14.732737799999999, -1.1641958000000003, 30.5202466, 28.9254032, 0.0, 2.62542908, -2.5880122399999994, 46.7670944, 26.0804544, 39.926465400000005, 0.0, -1.8118533000000006, -50.779154, -28.2181406, 36.664089999999995, 0.0
2.89551974, -12.8576688, 6.38346638, 28.3304804, 26.9970098, 0.0, -0.34545924400000005, -14.0043644, -2.2659764000000004, 30.544693799999997, 29.1323696, 0.0, 2.42442344, -3.8436951199999996, 48.1358992, 27.4875172, 38.7326552, 0.0, -2.6965800000000004, -52.337822, -29.8104108, 35.442617999999996, 0.0
2.925806, -12.037122, 7.3926764, 28.352945, 27.313934, 0.0, -0.13646123, -13.275991, -3.367757, 30.569141, 29.339336, 0.0, 2.2234178, -5.099378, 49.504704, 28.89458, 37.538845, 0.0, -3.5813067, -53.89649, -31.402681, 34.221146, 0.0
2.47808946, -11.1816404, 8.60584052, 28.884501999999998, 27.0198156, 0.0, 0.439026476, -12.462667, -4.629201800000001, 31.1199162, 29.027343, 0.0, 2.05306628, -6.8575078, 50.9701892, 29.8889474, 36.0682732, 0.0, -5.10583476, -55.498242, -32.5838384, 32.628541399999996, 0.0
2.03037292, -10.3261588, 9.81900464, 29.416058999999997, 26.7256972, 0.0, 1.014514182, -11.649343, -5.8906466, 31.6706914, 28.71535, 0.0, 1.88271476, -8.6156376, 52.435674399999996, 30.8833148, 34.5977014, 0.0, -6.63036282, -57.099994, -33.7649958, 31.035936799999998, 0.0
1.58265638, -9.4706772, 11.03216876, 29.947616, 26.4315788, 0.0, 1.5900018879999998, -10.836019, -7.1520914, 32.2214666, 28.403357, 0.0, 1.71236324, -10.3737674, 53.9011596, 31.8776822, 33.1271296, 0.0, -8.15489088, -58.701746, -34.9461532, 29.4433322, 0.0
1.13493984, -8.6151956, 12.24533288, 30.479173, 26.1374604, 0.0, 2.165489594, -10.022695, -8.4135362, 32.7722418, 28.091364000000002, 0.0, 1.54201172, -12.131897200000001, 55.366644799999996, 32.8720496, 31.6565578, 0.0, -9.67941894, -60.303498000000005, -36.1273106, 27.8507276, 0.0
0.6872233, -7.759714, 13.458497, 31.01073, 25.843342, 0.0, 2.7409773, -9.209371, -9.674981, 33.323017, 27.779371, 0.0, 1.3716602, -13.890027, 56.83213, 33.866417, 30.185986, 0.0, -11.203947, -61.90525, -37.308468, 26.258123, 0.0
0.10448002, -7.2977929, 14.158281599999999, 31.465428, 25.3115984, 0.0, 3.20628084, -8.86394828, -10.3651464, 33.7898506, 27.217256000000003, 0.0, 1.149798, -15.1162022, 57.7071766, 34.2916024, 29.2977398, 0.0, -12.3653956, -62.856986, -37.7874078, 25.202414, 0.0
-0.47826325999999997, -6.8358718, 14.8580662, 31.920126, 24.7798548, 0.0, 3.67158438, -8.51852556, -11.0553118, 34.2566842, 26.655141, 0.0, 0.9279358, -16.3423774, 58.5822232, 34.7167878, 28.4094936, 0.0, -13.5268442, -63.808721999999996, -38.266347599999996, 24.146705, 0.0
-1.0610065400000002, -6.3739507, 15.557850799999999, 32.374824, 24.2481112, 0.0, 4.1368879199999995, -8.17310284, -11.7454772, 34.723517799999996, 26.093026000000002, 0.0, 0.7060736000000001, -17.5685526, 59.4572698, 35.1419732, 27.5212474, 0.0, -14.6882928, -64.760458, -38.7452874, 23.090996, 0.0
-1.64374982, -5.9120296, 16.257635399999998, 32.829522, 23.716367599999998, 0.0, 4.60219146, -7.82768012, -12.4356426, 35.1903514, 25.530911, 0.0, 0.48421140000000007, -18.7947278, 60.3323164, 35.5671586, 26.633001200000002, 0.0, -15.8497414, -65.712194, -39.2242272, 22.035287, 0.0
-2.2264931, -5.4501085, 16.95742, 33.28422, 23.184624, 0.0, 5.067495, -7.4822574, -13.125808, 35.657185, 24.968796, 0.0, 0.2623492, -20.020903, 61.207363, 35.992344, 25.744755, 0.0, -17.01119, -66.66393, -39.703167, 20.979578, 0.0
-2.381606, -5.375717, 16.9800664, 33.1105708, 23.2676864, 0.0, 4.950404, -7.63075332, -13.0727868, 35.4792628, 24.989769600000002, 0.0, 0.190696156, -20.3702694, 61.293698, 36.204965200000004, 25.728499, 0.0, -17.4351402, -66.755426, -39.7366386, 20.7825256, 0.0
-2.5367189, -5.3013255, 17.002712799999998, 32.9369216, 23.350748799999998, 0.0, 4.8333129999999995, -7.7792492399999995, -13.0197656, 35.3013406, 25.0107432, 0.0, 0.119043112, -20.7196358, 61.380033, 36.417586400000005, 25.712243, 0.0, -17.8590904, -66.84692199999999, -39.7701102, 20.5854732, 0.0
-2.6918318, -5.226934, 17.0253592, 32.7632724, 23.4338112, 0.0, 4.716222, -7.92774516, -12.9667444, 35.1234184, 25.0317168, 0.0, 0.04739006800000001, -21.0690022, 61.466368, 36.6302076, 25.695987, 0.0, -18.2830406, -66.938418, -39.8035818, 20.388420800000002, 0.0
-2.8469447, -5.1525425, 17.0480056, 32.5896232, 23.5168736, 0.0, 4.599131, -8.076241079999999, -12.9137232, 34.9454962, 25.0526904, 0.0, -0.02426297599999999, -21.418368599999997, 61.552703, 36.8428288, 25.679731, 0.0, -18.7069908, -67.02991399999999, -39.8370534, 20.1913684, 0.0
-3.0020576, -5.078151, 17.070652, 32.415974, 23.599936, 0.0, 4.48204, -8.224737, -12.860702, 34.767574, 25.073664, 0.0, -0.09591602, -21.767735, 61.639038, 37.05545, 25.663475, 0.0, -19.130941, -67.12141, -39.870525, 19.994316, 0.0
-2.65895256, -5.41000892, 16.3930202, 31.7083376, 24.2766742, 0.0, 3.83875516, -8.653017, -12.0663188, 34.0573586, 25.656669400000002, 0.0, 0.18824936399999997, -21.238674, 60.9285972, 37.2767216, 26.527932399999997, 0.0, -18.8131874, -66.3468328, -39.6926832, 20.658794800000003, 0.0
-2.31584752, -5.74186684, 15.715388399999998, 31.000701199999998, 24.953412399999998, 0.0, 3.1954703199999996, -9.081297, -11.271935599999999, 33.347143200000005, 26.2396748, 0.0, 0.47241474799999994, -20.709613, 60.2181564, 37.4979932, 27.3923898, 0.0, -18.4954338, -65.5722556, -39.5148414, 21.3232736, 0.0
-1.97274248, -6.07372476, 15.037756599999998, 30.2930648, 25.6301506, 0.0, 2.5521854799999995, -9.509577, -10.4775524, 32.6369278, 26.8226802, 0.0, 0.7565801319999998, -20.180552, 59.507715600000004, 37.7192648, 28.2568472, 0.0, -18.177680199999998, -64.7976784, -39.3369996, 21.9877524, 0.0
-1.62963744, -6.40558268, 14.3601248, 29.585428399999998, 26.3068888, 0.0, 1.9089006399999997, -9.937857, -9.6831692, 31.9267124, 27.405685599999998, 0.0, 1.0407455159999999, -19.651491, 58.797274800000004, 37.9405364, 29.121304600000002, 0.0, -17.859926599999998, -64.0231012, -39.1591578, 22.6522312, 0.0
-1.2865324, -6.7374406, 13.682493, 28.877792, 26.983627, 0.0, 1.2656158, -10.366137, -8.888786, 31.216497, 27.988691, 0.0, 1.3249109, -19.12243, 58.086834, 38.161808, 29.985762, 0.0, -17.542173, -63.248524, -38.981316, 23.31671, 0.0
-0.8553400600000001, -7.42549008, 12.52324106, 28.386629199999998, 27.365624399999998, 0.0, 0.6815735, -10.923508, -7.6018123, 30.7623448, 28.2753128, 0.0, 1.4916022, -17.7382342, 56.6053872, 37.9940024, 31.5105116, 0.0, -16.4623086, -61.7159822, -38.2547184, 24.686786, 0.0
-0.4241477200000001, -8.11353956, 11.36398912, 27.8954664, 27.747621799999997, 0.0, 0.09753120000000015, -11.480879, -6.3148386, 30.3081926, 28.5619346, 0.0, 1.6582934999999999, -16.3540384, 55.1239404, 37.8261968, 33.0352612, 0.0, -15.382444199999998, -60.1834404, -37.5281208, 26.056862000000002, 0.0
0.007044619999999835, -8.80158904, 10.204737179999999, 27.4043036, 28.1296192, 0.0, -0.48651109999999975, -12.03825, -5.0278649, 29.8540404, 28.8485564, 0.0, 1.8249848, -14.969842600000002, 53.6424936, 37.658391200000004, 34.5600108, 0.0, -14.3025798, -58.6508986, -36.8015232, 27.426938, 0.0
0.4382369599999998, -9.48963852, 9.04548524, 26.9131408, 28.5116166, 0.0, -1.0705533999999997, -12.595621, -3.7408912, 29.3998882, 29.135178200000002, 0.0, 1.9916760999999998, -13.585646800000001, 52.1610468, 37.4905856, 36.0847604, 0.0, -13.2227154, -57.1183568, -36.0749256, 28.797014, 0.0
0.8694293, -10.177688, 7.8862333, 26.421978, 28.893614, 0.0, -1.6545957, -13.152992, -2.4539175, 28.945736, 29.4218, 0.0, 2.1583674, -12.201451, 50.6796, 37.32278, 37.60951, 0.0, -12.142851, -55.585815, -35.348328, 30.16709, 0.0
0.91920918, -10.7769546, 7.03703988, 26.6047692, 28.6635118, 0.0, -1.75544576, -13.6335856, -1.5060584000000001, 29.1984338, 29.1964824, 0.0, 2.21839906, -10.437845900000001, 48.8456812, 36.572268, 38.999696, 0.0, -10.6285592, -53.828277199999995, -34.1059848, 31.6034924, 0.0
0.96898906, -11.3762212, 6.187846459999999, 26.7875604, 28.4334096, 0.0, -1.85629582, -14.1141792, -0.5581992999999998, 29.4511316, 28.9711648, 0.0, 2.27843072, -8.6742408, 47.0117624, 35.821756, 40.389882, 0.0, -9.1142674, -52.0707394, -32.8636416, 33.0398948, 0.0
1.01876894, -11.9754878, 5.33865304, 26.9703516, 28.2033074, 0.0, -1.9571458800000001, -14.594772800000001, 0.38965980000000044, 29.7038294, 28.7458472, 0.0, 2.33846238, -6.9106357, 45.1778436, 35.071244, 41.780068, 0.0, -7.5999756000000005, -50.3132016, -31.6212984, 34.476297200000005, 0.0
1.06854882, -12.5747544, 4.48945962, 27.1531428, 27.973205200000002, 0.0, -2.05799594, -15.0753664, 1.3375189000000005, 29.9565272, 28.5205296, 0.0, 2.39849404, -5.1470306, 43.343924799999996, 34.320732, 43.170254, 0.0, -6.0856838, -48.555663800000005, -30.3789552, 35.9126996, 0.0
1.1183287, -13.174021, 3.6402662, 27.335934, 27.743103, 0.0, -2.158846, -15.55596, 2.285378, 30.209225, 28.295212, 0.0, 2.4585257, -3.3834255, 41.510006, 33.57022, 44.56044, 0.0, -4.571392, -46.798126, -29.136612, 37.349102, 0.0
1.11690182, -13.6183178, 3.31302306, 27.9072268, 27.203764800000002, 0.0, -2.09171744, -16.0533908, 2.6231638, 30.918968, 27.7913736, 0.0, 2.40668276, -2.22036312, 40.269042199999994, 32.7560474, 45.279976, 0.0, -3.4965605500000003, -45.6688508, -28.231097, 38.223851, 0.0
1.11547494, -14.0626146, 2.98577992, 28.478519600000002, 26.664426600000002, 0.0, -2.02458888, -16.5508216, 2.9609496, 31.628711, 27.2875352, 0.0, 2.35483982, -1.05730074, 39.0280784, 31.9418748, 45.999511999999996, 0.0, -2.4217291000000003, -44.5395756, -27.325582, 39.098600000000005, 0.0
1.11404806, -14.5069114, 2.65853678, 29.0498124, 26.1250884, 0.0, -1.95746032, -17.0482524, 3.2987354, 32.338454, 26.783696799999998, 0.0, 2.30299688, 0.10576163999999988, 37.787114599999995, 31.1277022, 46.719048, 0.0, -1.3468976500000003, -43.410300400000004, -26.420067, 39.973349, 0.0
1.1126211799999999, -14.9512082, 2.33129364, 29.621105200000002, 25.5857502, 0.0, -1.89033176, -17.5456832, 3.6365212, 33.048197, 26.2798584, 0.0, 2.25115394, 1.2688240199999998, 36.5461508, 30.3135296, 47.438584, 0.0, -0.27206620000000026, -42.2810252, -25.514552000000002, 40.848098, 0.0
1.1111943, -15.395505, 2.0040505, 30.192398, 25.046412, 0.0, -1.8232032, -18.043114, 3.974307, 33.75794, 25.77602, 0.0, 2.199311, 2.4318864, 35.305187, 29.499357, 48.15812, 0.0, 0.80276525, -41.15175, -24.609037, 41.722847, 0.0
1.4355624, -15.338463, 1.89231528, 30.24095, 25.0156772, 0.0, -1.9672819000000001, -18.0372946, 3.95520454, 33.975476, 25.774342, 0.0, 2.2878556999999997, 2.7510832599999997, 34.9527736, 29.273957199999998, 48.177423, 0.0, 1.1910275, -40.8989932, -24.5226426, 41.9481308, 0.0
1.7599304999999998, -15.281421, 1.78058006, 30.289502000000002, 24.9849424, 0.0, -2.1113606000000003, -18.0314752, 3.93610208, 34.193011999999996, 25.772664, 0.0, 2.3764003999999996, 3.07028012, 34.6003602, 29.0485574, 48.196726, 0.0, 1.57928975, -40.6462364, -24.4362482, 42.1734146, 0.0
2.0842986, -15.224379, 1.66884484, 30.338054, 24.9542076, 0.0, -2.2554393, -18.0256558, 3.91699962, 34.410548, 25.770986, 0.0, 2.4649450999999996, 3.38947698, 34.2479468, 28.8231576, 48.216029, 0.0, 1.967552, -40.3934796, -24.349853799999998, 42.3986984, 0.0
2.4086667, -15.167337, 1.5571096199999999, 30.386606, 24.923472800000003, 0.0, -2.399518, -18.0198364, 3.89789716, 34.628083999999994, 25.769308, 0.0, 2.5534898, 3.7086738400000003, 33.8955334, 28.5977578, 48.235332, 0.0, 2.35581425, -40.1407228, -24.2634594, 42.6239822, 0.0
2.7330348, -15.110295, 1.4453744, 30.435158, 24.892738, 0.0, -2.5435967, -18.014017, 3.8787947, 34.84562, 25.76763, 0.0, 2.6420345, 4.0278707, 33.54312, 28.372358, 48.254635, 0.0, 2.7440765, -39.887966, -24.177065, 42.849266, 0.0
3.29764644, -14.564742800000001, 1.83188536, 29.9455592, 25.363593400000003, 0.0, -3.04053356, -17.620597399999998, 3.38073, 34.447036, 26.267634, 0.0, 2.9620812, 3.602751, 34.064230800000004, 28.920982199999997, 47.611224, 0.0, 2.4900291799999996, -40.5016616, -24.9712384, 42.4564056, 0.0
3.86225808, -14.0191906, 2.21839632, 29.455960400000002, 25.8344488, 0.0, -3.53747042, -17.2271778, 2.8826653, 34.048452, 26.767638, 0.0, 3.2821279, 3.1776313000000003, 34.5853416, 29.4696064, 46.967813, 0.0, 2.23598186, -41.1153572, -25.7654118, 42.0635452, 0.0
4.42686972, -13.4736384, 2.60490728, 28.9663616, 26.305304200000002, 0.0, -4.03440728, -16.8337582, 2.3846006, 33.649868, 27.267642, 0.0, 3.6021746, 2.7525116, 35.1064524, 30.0182306, 46.324402, 0.0, 1.98193454, -41.7290528, -26.5595852, 41.6706848, 0.0
4.99148136, -12.9280862, 2.99141824, 28.4767628, 26.7761596, 0.0, -4.53134414, -16.4403386, 1.8865359000000002, 33.251284, 27.767646, 0.0, 3.9222213000000004, 2.3273919000000003, 35.6275632, 30.5668548, 45.680991, 0.0, 1.72788722, -42.3427484, -27.3537586, 41.2778244, 0.0
5.556093, -12.382534, 3.3779292, 27.987164, 27.247015, 0.0, -5.028281, -16.046919, 1.3884712, 32.8527, 28.26765, 0.0, 4.242268, 1.9022722, 36.148674, 31.115479, 45.03758, 0.0, 1.4738399, -42.956444, -28.147932, 40.884964, 0.0
5.68072788, -11.743940799999999, 4.3768623600000005, 27.8035636, 27.397375200000003, 0.0, -5.3058602, -16.000186799999998, 0.28710561999999995, 32.5415118, 28.486809, 0.0, 4.5495026, 0.7442120399999999, 37.4744872, 32.1492978, 43.757861999999996, 0.0, 0.47008282, -44.320445199999995, -29.4874216, 39.821807199999995, 0.0
5.8053627599999995, -11.1053476, 5.3757955200000005, 27.6199632, 27.5477354, 0.0, -5.5834394, -15.953454599999999, -0.81425996, 32.2303236, 28.705968, 0.0, 4.8567372, -0.4138481200000004, 38.8003004, 33.1831166, 42.478144, 0.0, -0.53367426, -45.6844464, -30.8269112, 38.7586504, 0.0
5.92999764, -10.4667544, 6.3747286800000005, 27.436362799999998, 27.698095600000002, 0.0, -5.8610185999999995, -15.9067224, -1.91562554, 31.919135400000002, 28.925127, 0.0, 5.163971800000001, -1.5719082800000006, 40.126113600000004, 34.216935400000004, 41.198426, 0.0, -1.5374313400000001, -47.048447599999996, -32.1664008, 37.6954936, 0.0
6.054632519999999, -9.8281612, 7.3736618400000005, 27.252762399999998, 27.8484558, 0.0, -6.1385978, -15.859990199999999, -3.01699112, 31.6079472, 29.144285999999997, 0.0, 5.4712064, -2.729968440000001, 41.4519268, 35.2507542, 39.918708, 0.0, -2.54118842, -48.4124488, -33.5058904, 36.632336800000004, 0.0
6.1792674, -9.189568, 8.372595, 27.069162, 27.998816, 0.0, -6.416177, -15.813258, -4.1183567, 31.296759, 29.363445, 0.0, 5.778441, -3.8880286, 42.77774, 36.284573, 38.63899, 0.0, -3.5449455, -49.77645, -34.84538, 35.56918, 0.0
5.6457492799999995, -8.54824006, 9.4567546, 27.493264, 27.560056200000002, 0.0, -6.2487348, -16.0191032, -5.33852896, 31.5340586, 29.0615366, 0.0, 6.14294532, -5.42189208, 44.4204784, 36.9759564, 37.1201158, 0.0, -5.1922144, -51.3125876, -35.776319199999996, 34.1199436, 0.0
5.11223116, -7.906912119999999, 10.5409142, 27.917366, 27.121296400000002, 0.0, -6.0812926, -16.2249484, -6.55870122, 31.7713582, 28.759628199999998, 0.0, 6.50744964, -6.95575556, 46.0632168, 37.6673398, 35.6012416, 0.0, -6.8394833, -52.8487252, -36.7072584, 32.6707072, 0.0
4.57871304, -7.26558418, 11.625073800000001, 28.341468, 26.6825366, 0.0, -5.9138504, -16.430793599999998, -7.77887348, 32.0086578, 28.4577198, 0.0, 6.87195396, -8.489619040000001, 47.705955200000005, 38.3587232, 34.0823674, 0.0, -8.486752200000002, -54.3848628, -37.6381976, 31.2214708, 0.0
4.04519492, -6.62425624, 12.7092334, 28.76557, 26.2437768, 0.0, -5.7464082, -16.6366388, -8.99904574, 32.2459574, 28.155811399999997, 0.0, 7.23645828, -10.023482520000002, 49.348693600000004, 39.0501066, 32.5634932, 0.0, -10.134021100000002, -55.9210004, -38.5691368, 29.7722344, 0.0
3.5116768, -5.9829283, 13.793393, 29.189672, 25.805017, 0.0, -5.578966, -16.842484, -10.219218, 32.483257, 27.853903, 0.0, 7.6009626, -11.557346, 50.991432, 39.74149, 31.044619, 0.0, -11.78129, -57.457138, -39.500076, 28.322998, 0.0
2.862437872, -5.57552016, 14.3758608, 29.9214036, 25.1102032, 0.0, -5.13350532, -17.289296399999998, -10.8987742, 33.152429, 27.2797704, 0.0, 7.81702688, -12.547896000000001, 52.1020308, 39.949845599999996, 30.1393352, 0.0, -13.051292, -58.3941254, -39.7623428, 27.426574, 0.0
2.213198944, -5.16811202, 14.9583286, 30.6531352, 24.4153894, 0.0, -4.68804464, -17.7361088, -11.5783304, 33.821601, 26.705637799999998, 0.0, 8.03309116, -13.538446, 53.2126296, 40.1582012, 29.234051400000002, 0.0, -14.321294, -59.3311128, -40.0246096, 26.53015, 0.0
1.5639600159999998, -4.760703879999999, 15.540796400000001, 31.384866799999998, 23.7205756, 0.0, -4.24258396, -18.1829212, -12.257886599999999, 34.490773, 26.1315052, 0.0, 8.24915544, -14.528996000000001, 54.323228400000005, 40.3665568, 28.3287676, 0.0, -15.591296, -60.2681002, -40.286876400000004, 25.633726, 0.0
0.9147210879999998, -4.35329574, 16.1232642, 32.1165984, 23.025761799999998, 0.0, -3.79712328, -18.6297336, -12.9374428, 35.159945, 25.557372599999997, 0.0, 8.46521972, -15.519546000000002, 55.4338272, 40.5749124, 27.4234838, 0.0, -16.861297999999998, -61.2050876, -40.5491432, 24.737302, 0.0
0.26548216, -3.9458876, 16.705732, 32.84833, 22.330948, 0.0, -3.3516626, -19.076546, -13.616999, 35.829117, 24.98324, 0.0, 8.681284, -16.510096, 56.544426, 40.783268, 26.5182, 0.0, -18.1313, -62.142075, -40.81141, 23.840878, 0.0
0.06710776800000001, -3.88444008, 16.6735292, 33.0777836, 22.2283314, 0.0, -3.23828184, -19.3251008, -13.5916608, 36.0673464, 24.9783248, 0.0, 8.621773, -16.665993, 56.835798000000004, 40.741568, 26.4894234, 0.0, -18.6386258, -62.234086, -40.6212608, 23.812674, 0.0
-0.131266624, -3.82299256, 16.6413264, 33.307237199999996, 22.1257148, 0.0, -3.12490108, -19.573655600000002, -13.5663226, 36.3055758, 24.9734096, 0.0, 8.562262, -16.82189, 57.12717, 40.699868, 26.4606468, 0.0, -19.1459516, -62.326097, -40.4311116, 23.78447, 0.0
-0.32964101599999995, -3.76154504, 16.6091236, 33.5366908, 22.0230982, 0.0, -3.01152032, -19.8222104, -13.540984400000001, 36.543805199999994, 24.968494399999997, 0.0, 8.502751, -16.977787, 57.418542, 40.658167999999996, 26.431870200000002, 0.0, -19.6532774, -62.418108000000004, -40.2409624, 23.756266, 0.0
-0.528015408, -3.70009752, 16.5769208, 33.7661444, 21.920481600000002, 0.0, -2.89813956, -20.0707652, -13.5156462, 36.782034599999996, 24.963579199999998, 0.0, 8.443240000000001, -17.133684, 57.709914, 40.616468, 26.403093600000002, 0.0, -20.1606032, -62.510119, -40.0508132, 23.728061999999998, 0.0
-0.7263898, -3.63865, 16.544718, 33.995598, 21.817865, 0.0, -2.7847588, -20.31932, -13.490308, 37.020264, 24.958664, 0.0, 8.383729, -17.289581, 58.001286, 40.574768, 26.374317, 0.0, -20.667929, -62.60213, -39.860664, 23.699858, 0.0
-0.38390515999999997, -4.0245317, 15.8484248, 33.5693876, 22.291467400000002, 0.0, -3.05638364, -20.0418352, -12.7477426, 36.6782458, 25.5193326, 0.0, 8.1202924, -16.6182272, 57.4643668, 40.2388964, 27.217698600000002, 0.0, -20.402433600000002, -61.8452454, -39.3830358, 24.5328788, 0.0
-0.04142051999999996, -4.4104134, 15.1521316, 33.143177200000004, 22.765069800000003, 0.0, -3.3280084800000003, -19.7643504, -12.0051772, 36.3362276, 26.080001199999998, 0.0, 7.8568558, -15.9468734, 56.9274476, 39.9030248, 28.061080200000003, 0.0, -20.1369382, -61.088360800000004, -38.905407600000004, 25.3658996, 0.0
0.30106412000000016, -4.7962951, 14.455838400000001, 32.7169668, 23.2386722, 0.0, -3.59963332, -19.486865599999998, -11.2626118, 35.994209399999995, 26.6406698, 0.0, 7.5934192, -15.275519599999999, 56.3905284, 39.5671532, 28.9044618, 0.0, -19.8714428, -60.3314762, -38.4277794, 26.1989204, 0.0
0.64354876, -5.182176800000001, 13.7595452, 32.2907564, 23.7122746, 0.0, -3.87125816, -19.209380799999998, -10.5200464, 35.6521912, 27.2013384, 0.0, 7.3299826, -14.6041658, 55.8536092, 39.231281599999996, 29.7478434, 0.0, -19.605947399999998, -59.5745916, -37.9501512, 27.0319412, 0.0
0.9860334, -5.5680585, 13.063252, 31.864546, 24.185877, 0.0, -4.142883, -18.931896, -9.777481, 35.310173, 27.762007, 0.0, 7.066546, -13.932812, 55.31669, 38.89541, 30.591225, 0.0, -19.340452, -58.817707, -37.472523, 27.864962, 0.0
1.5876509199999997, -6.1660168, 11.8179646, 31.3666474, 24.395284, 0.0, -4.3290926, -18.458923199999997, -8.5849528, 34.982711, 28.0439172, 0.0, 6.5337203399999995, -12.552422400000001, 54.033010600000004, 37.9939204, 32.000764000000004, 0.0, -18.2638632, -57.325314999999996, -36.414622, 29.3196682, 0.0
2.1892684399999998, -6.7639751, 10.572677200000001, 30.868748800000002, 24.604691, 0.0, -4.5153022, -17.9859504, -7.3924246, 34.655249, 28.3258274, 0.0, 6.00089468, -11.1720328, 52.7493312, 37.0924308, 33.410303, 0.0, -17.1872744, -55.832923, -35.356721, 30.7743744, 0.0
2.7908859599999998, -7.3619334, 9.3273898, 30.3708502, 24.814098, 0.0, -4.7015118000000005, -17.5129776, -6.1998964, 34.327787, 28.6077376, 0.0, 5.46806902, -9.7916432, 51.4656518, 36.1909412, 34.819842, 0.0, -16.1106856, -54.340531, -34.29882, 32.229080599999996, 0.0
3.3925034799999993, -7.9598917, 8.0821024, 29.8729516, 25.023505, 0.0, -4.8877214, -17.040004800000002, -5.0073682, 34.000325, 28.889647800000002, 0.0, 4.935243359999999, -8.4112536, 50.1819724, 35.2894516, 36.229381, 0.0, -15.0340968, -52.848139, -33.240919, 33.6837868, 0.0
3.994121, -8.55785, 6.836815, 29.375053, 25.232912, 0.0, -5.073931, -16.567032, -3.81484, 33.672863, 29.171558, 0.0, 4.4024177, -7.030864, 48.898293, 34.387962, 37.63892, 0.0, -13.957508, -51.355747, -32.183018, 35.138493, 0.0
4.1892333399999995, -8.8785784, 5.673225779999999, 29.475724, 24.8802146, 0.0, -4.8147738, -16.344417800000002, -3.0385890752, 33.8029824, 28.8629308, 0.0, 3.91888762, -5.51921074, 47.368047600000004, 33.0845196, 38.707142, 0.0, -12.374577740000001, -49.6671896, -30.672736999999998, 36.437138, 0.0
4.38434568, -9.1993068, 4.50963656, 29.576395, 24.5275172, 0.0, -4.5556166, -16.1218036, -2.2623381503999997, 33.933101799999996, 28.5543036, 0.0, 3.43535754, -4.00755748, 45.8378022, 31.781077200000002, 39.775363999999996, 0.0, -10.79164748, -47.9786322, -29.162456, 37.735783, 0.0
4.57945802, -9.5200352, 3.3460473399999997, 29.677066, 24.1748198, 0.0, -4.2964594, -15.899189400000001, -1.4860872256, 34.0632212, 28.2456764, 0.0, 2.9518274599999996, -2.49590422, 44.3075568, 30.4776348, 40.843586, 0.0, -9.20871722, -46.2900748, -27.652175, 39.034428, 0.0
4.77457036, -9.8407636, 2.1824581199999997, 29.777737000000002, 23.8221224, 0.0, -4.0373022, -15.6765752, -0.7098363007999997, 34.1933406, 27.9370492, 0.0, 2.4682973799999997, -0.9842509599999998, 42.777311399999995, 29.174192400000003, 41.911808, 0.0, -7.62578696, -44.6015174, -26.141894, 40.333073, 0.0
4.9696827, -10.161492, 1.0188689, 29.878408, 23.469425, 0.0, -3.778145, -15.453961, 0.066414624, 34.32346, 27.628422, 0.0, 1.9847673, 0.5274023, 41.247066, 27.87075, 42.98003, 0.0, -6.0428567, -42.91296, -24.631613, 41.631718, 0.0
4.77384768, -10.419788, 0.4580536799999999, 30.4066372, 22.815756, 0.0, -3.2966428, -15.610919599999999, 0.3001823192, 34.8146334, 27.0092042, 0.0, 1.95368758, 1.4596382399999999, 40.3275836, 27.0864376, 43.3758994, 0.0, -4.889527434, -41.8409508, -23.6405058, 42.3121024, 0.0
4.57801266, -10.678084, -0.10276154000000015, 30.9348664, 22.162087, 0.0, -2.8151406, -15.7678782, 0.5339500144, 35.3058068, 26.3899864, 0.0, 1.92260786, 2.39187418, 39.4081012, 26.3021252, 43.771768800000004, 0.0, -3.736198168, -40.7689416, -22.6493986, 42.9924868, 0.0
4.38217764, -10.936380000000002, -0.6635767600000002, 31.4630956, 21.508418000000002, 0.0, -2.3336384, -15.9248368, 0.7677177096, 35.7969802, 25.7707686, 0.0, 1.89152814, 3.32411012, 38.4886188, 25.5178128, 44.1676382, 0.0, -2.5828689020000004, -39.6969324, -21.6582914, 43.672871199999996, 0.0
4.18634262, -11.194676000000001, -1.2243919800000003, 31.9913248, 20.854749, 0.0, -1.8521362, -16.0817954, 1.0014854048, 36.2881536, 25.151550800000003, 0.0, 1.86044842, 4.25634606, 37.5691364, 24.7335004, 44.5635076, 0.0, -1.4295396360000003, -38.6249232, -20.6671842, 44.3532556, 0.0
3.9905076, -11.452972, -1.7852072, 32.519554, 20.20108, 0.0, -1.370634, -16.238754, 1.2352531, 36.779327, 24.532333, 0.0, 1.8293687, 5.188582, 36.649654, 23.949188, 44.959377, 0.0, -0.27621037, -37.552914, -19.676077, 45.03364, 0.0
4.24822636, -11.3446152, -1.7521189400000001, 32.5456292, 20.0563364, 0.0, -1.40737618, -16.0561502, 1.36608828, 36.7688276, 24.4237526, 0.0, 1.72788292, 5.40336786, 36.6004766, 24.0121866, 44.740723200000005, 0.0, 0.12761960400000005, -37.3455706, -19.5883316, 45.083443599999995, 0.0
4.50594512, -11.2362584, -1.7190306800000001, 32.5717044, 19.9115928, 0.0, -1.44411836, -15.8735464, 1.49692346, 36.7583282, 24.3151722, 0.0, 1.6263971400000001, 5.6181537200000005, 36.5512992, 24.0751852, 44.5220694, 0.0, 0.5314495780000001, -37.1382272, -19.5005862, 45.1332472, 0.0
4.76366388, -11.1279016, -1.68594242, 32.597779599999996, 19.7668492, 0.0, -1.48086054, -15.6909426, 1.62775864, 36.7478288, 24.2065918, 0.0, 1.52491136, 5.83293958, 36.5021218, 24.1381838, 44.3034156, 0.0, 0.9352795520000001, -36.9308838, -19.412840799999998, 45.1830508, 0.0
5.021382640000001, -11.0195448, -1.65285416, 32.6238548, 19.6221056, 0.0, -1.51760272, -15.5083388, 1.75859382, 36.7373294, 24.0980114, 0.0, 1.42342558, 6.04772544, 36.4529444, 24.2011824, 44.084761799999995, 0.0, 1.339109526, -36.7235404, -19.3250954, 45.2328544, 0.0
5.2791014, -10.911188, -1.6197659, 32.64993, 19.477362, 0.0, -1.5543449, -15.325735, 1.889429, 36.72683, 23.989431, 0.0, 1.3219398, 6.2625113, 36.403767, 24.264181, 43.866108, 0.0, 1.7429395, -36.516197, -19.23735, 45.282658, 0.0
6.01202852, -10.481376599999999, -1.06357478, 32.088598, 19.825258599999998, 0.0, -2.07515292, -14.7838382, 1.62298568, 36.150349, 24.3806802, 0.0, 1.101222342, 5.78207284, 37.2211726, 25.183573, 43.036313, 0.0, 1.399383376, -37.173487, -20.0732232, 44.7074924, 0.0
6.744955640000001, -10.051565199999999, -0.5073836599999999, 31.527265999999997, 20.1731552, 0.0, -2.59596094, -14.2419414, 1.3565423600000002, 35.573868, 24.7719294, 0.0, 0.8805048839999999, 5.30163438, 38.0385782, 26.102965, 42.206517999999996, 0.0, 1.055827252, -37.830777, -20.9090964, 44.1323268, 0.0
7.47788276, -9.6217538, 0.048807460000000136, 30.965934, 20.5210518, 0.0, -3.11676896, -13.7000446, 1.0900990400000001, 34.997387, 25.1631786, 0.0, 0.6597874259999998, 4.82119592, 38.8559838, 27.022357, 41.376723, 0.0, 0.712271128, -38.488067, -21.7449696, 43.557161199999996, 0.0
8.21080988, -9.1919424, 0.6049985800000002, 30.404602, 20.8689484, 0.0, -3.6375769799999995, -13.1581478, 0.8236557200000001, 34.420906, 25.5544278, 0.0, 0.43906996799999987, 4.34075746, 39.6733894, 27.941749, 40.546927999999994, 0.0, 0.368715004, -39.145357, -22.5808428, 42.9819956, 0.0
8.943737, -8.762131, 1.1611897, 29.84327, 21.216845, 0.0, -4.158385, -12.616251, 0.5572124, 33.844425, 25.945677, 0.0, 0.21835251, 3.860319, 40.490795, 28.861141, 39.717133, 0.0, 0.02515888, -39.802647, -23.416716, 42.40683, 0.0
9.2751792, -8.5632456, 2.2122766599999997, 29.4347772, 21.1942546, 0.0, -4.31707256, -12.3780531, -0.30470816, 33.452341000000004, 26.0004176, 0.0, 0.284041188, 2.60843294, 41.954890999999996, 30.3052808, 38.335152, 0.0, -1.1787898159999999, -41.1034456, -24.839506, 41.1967072, 0.0
9.6066214, -8.3643602, 3.26336362, 29.0262844, 21.1716642, 0.0, -4.47576012, -12.1398552, -1.16662872, 33.060257, 26.0551582, 0.0, 0.349729866, 1.3565468800000002, 43.418987, 31.7494206, 36.953171, 0.0, -2.3827385119999995, -42.4042442, -26.262296, 39.9865844, 0.0
9.938063600000001, -8.1654748, 4.314450579999999, 28.6177916, 21.1490738, 0.0, -4.63444768, -11.9016573, -2.02854928, 32.668172999999996, 26.1098988, 0.0, 0.415418544, 0.10466082000000032, 44.883083, 33.193560399999996, 35.57119, 0.0, -3.5866872079999994, -43.7050428, -27.685086, 38.776461600000005, 0.0
10.269505800000001, -7.9665894, 5.36553754, 28.209298800000003, 21.126483399999998, 0.0, -4.793135240000001, -11.663459399999999, -2.89046984, 32.276089, 26.164639400000002, 0.0, 0.481107222, -1.1472252399999996, 46.347179000000004, 34.6377002, 34.189209, 0.0, -4.790635903999999, -45.0058414, -29.107876, 37.566338800000004, 0.0
10.600948, -7.767704, 6.4166245, 27.800806, 21.103893, 0.0, -4.9518228, -11.4252615, -3.7523904, 31.884005, 26.21938, 0.0, 0.5467959, -2.3991113, 47.811275, 36.08184, 32.807228, 0.0, -5.9945846, -46.30664, -30.530666, 36.356216, 0.0
10.357501000000001, -7.5675045, 7.3782827, 27.941199400000002, 20.406064, 0.0, -4.57402228, -11.5502554, -4.75167772, 31.987671199999998, 25.6343724, 0.0, 0.70176362, -4.15062164, 49.155012, 37.0940372, 31.391607200000003, 0.0, -7.87761748, -47.488612, -31.5493398, 34.927469200000004, 0.0
10.114054000000001, -7.367305, 8.3399409, 28.081592800000003, 19.708235, 0.0, -4.19622176, -11.675249299999999, -5.7509650400000005, 32.0913374, 25.0493648, 0.0, 0.8567313400000001, -5.90213198, 50.498749000000004, 38.1062344, 29.9759864, 0.0, -9.76065036, -48.670584000000005, -32.5680136, 33.498722400000005, 0.0
9.870607, -7.1671055, 9.3015991, 28.2219862, 19.010406, 0.0, -3.81842124, -11.8002432, -6.750252360000001, 32.1950036, 24.464357200000002, 0.0, 1.01169906, -7.653642319999999, 51.842486, 39.1184316, 28.5603656, 0.0, -11.64368324, -49.852556, -33.5866874, 32.06997560000001, 0.0
9.62716, -6.966906, 10.2632573, 28.3623796, 18.312576999999997, 0.0, -3.44062072, -11.9252371, -7.749539680000001, 32.2986698, 23.8793496, 0.0, 1.16666678, -9.40515266, 53.186223000000005, 40.1306288, 27.144744799999998, 0.0, -13.52671612, -51.034528, -34.6053612, 30.6412288, 0.0
9.383713, -6.7667065, 11.2249155, 28.502773, 17.614748, 0.0, -3.0628202, -12.050231, -8.748827, 32.402336, 23.294342, 0.0, 1.3216345, -11.156663, 54.52996, 41.142826, 25.729124, 0.0, -15.409749, -52.2165, -35.624035, 29.212482, 0.0
9.10357008, -6.6231612, 11.6709054, 28.928972, 16.5757326, 0.0, -2.73003684, -12.3681389, -9.3034854, 32.8411894, 22.377909, 0.0, 1.6557492, -12.4289192, 55.177186, 41.5909354, 24.984610399999998, 0.0, -16.8745752, -52.706188000000004, -36.04226, 28.378175600000002, 0.0
8.82342716, -6.4796159, 12.1168953, 29.355171000000002, 15.536717199999998, 0.0, -2.39725348, -12.6860468, -9.8581438, 33.2800428, 21.461476, 0.0, 1.9898639, -13.7011754, 55.824412, 42.0390448, 24.2400968, 0.0, -18.3394014, -53.195876000000005, -36.460485, 27.5438692, 0.0
8.54328424, -6.3360706, 12.5628852, 29.78137, 14.4977018, 0.0, -2.06447012, -13.0039547, -10.4128022, 33.7188962, 20.545043, 0.0, 2.3239786000000002, -14.9734316, 56.471638, 42.4871542, 23.4955832, 0.0, -19.804227599999997, -53.685564, -36.87871, 26.7095628, 0.0
8.263141319999999, -6.1925253, 13.0088751, 30.207569, 13.4586864, 0.0, -1.73168676, -13.3218626, -10.967460599999999, 34.1577496, 19.628610000000002, 0.0, 2.6580933, -16.2456878, 57.118864, 42.9352636, 22.7510696, 0.0, -21.2690538, -54.175252, -37.296935, 25.875256399999998, 0.0
7.9829984, -6.04898, 13.454865, 30.633768, 12.419671, 0.0, -1.3989034, -13.6397705, -11.522119, 34.596603, 18.712177, 0.0, 2.992208, -17.517944, 57.76609, 43.383373, 22.006556, 0.0, -22.73388, -54.66494, -37.71516, 25.04095, 0.0
8.25942972, -5.9538424, 13.3493026, 30.5599424, 11.9461044, 0.0, -1.65117492, -13.8043746, -11.488231, 34.5716358, 18.342896, 0.0, 3.06195808, -17.9747456, 57.587731999999995, 43.794679, 22.1324734, 0.0, -23.3687344, -54.331507200000004, -38.0791952, 25.064995399999997, 0.0
8.53586104, -5.8587048, 13.2437402, 30.4861168, 11.4725378, 0.0, -1.9034464400000002, -13.9689787, -11.454343, 34.546668600000004, 17.973615, 0.0, 3.13170816, -18.4315472, 57.409374, 44.205985, 22.2583908, 0.0, -24.0035888, -53.9980744, -38.4432304, 25.0890408, 0.0
8.812292359999999, -5.763567200000001, 13.138177800000001, 30.4122912, 10.9989712, 0.0, -2.15571796, -14.1335828, -11.420455, 34.5217014, 17.604334, 0.0, 3.20145824, -18.8883488, 57.231016, 44.617291, 22.3843082, 0.0, -24.6384432, -53.6646416, -38.8072656, 25.113086199999998, 0.0
9.08872368, -5.6684296000000005, 13.032615400000001, 30.3384656, 10.5254046, 0.0, -2.4079894800000003, -14.2981869, -11.386567, 34.4967342, 17.235053, 0.0, 3.27120832, -19.3451504, 57.052658, 45.028597, 22.510225600000002, 0.0, -25.2732976, -53.3312088, -39.1713008, 25.1371316, 0.0
9.365155, -5.573292, 12.927053, 30.26464, 10.051838, 0.0, -2.660261, -14.462791, -11.352679, 34.471767, 16.865772, 0.0, 3.3409584, -19.801952, 56.8743, 45.439903, 22.636143, 0.0, -25.908152, -52.997776, -39.535336, 25.161177, 0.0
10.1943696, -5.525628, 12.2275612, 29.5151032, 10.1250542, 0.0, -3.4234906, -14.2092408, -10.698059, 33.8888654, 17.0283842, 0.0, 3.1393662399999998, -19.444426, 55.864979999999996, 46.098467, 23.647663, 0.0, -25.705361800000002, -51.836571400000004, -40.2763668, 26.058968999999998, 0.0
11.0235842, -5.477964, 11.5280694, 28.7655664, 10.1982704, 0.0, -4.1867202, -13.9556906, -10.043439000000001, 33.3059638, 17.1909964, 0.0, 2.93777408, -19.0869, 54.85566, 46.757031, 24.659183000000002, 0.0, -25.5025716, -50.6753668, -41.0173976, 26.956761, 0.0
11.852798799999999, -5.4303, 10.8285776, 28.0160296, 10.2714866, 0.0, -4.949949800000001, -13.7021404, -9.388819000000002, 32.7230622, 17.3536086, 0.0, 2.73618192, -18.729374, 53.84634, 47.415595, 25.670703000000003, 0.0, -25.2997814, -49.5141622, -41.7584284, 27.854553, 0.0
12.682013399999999, -5.382636, 10.1290858, 27.2664928, 10.3447028, 0.0, -5.7131794000000005, -13.4485902, -8.734199, 32.1401606, 17.5162208, 0.0, 2.5345897600000002, -18.371848, 52.83702, 48.074159, 26.682223, 0.0, -25.096991199999998, -48.352957599999996, -42.499459200000004, 28.752345000000002, 0.0
13.511228, -5.334972, 9.429594, 26.516956, 10.417919, 0.0, -6.476409, -13.19504, -8.079579, 31.557259, 17.678833, 0.0, 2.3329976, -18.014322, 51.8277, 48.732723, 27.693743, 0.0, -24.894201, -47.191753, -43.24049, 29.650137, 0.0
14.2704338, -5.519705279999999, 8.44166314, 25.563472400000002, 10.0854172, 0.0, -7.0855794, -12.999825000000001, -7.138048040000001, 30.8448498, 17.4425132, 0.0, 2.1526431, -17.0027966, 49.9780276, 49.2727354, 29.6714998, 0.0, -23.8087636, -45.197348399999996, -44.092544600000004, 31.5003388, 0.0
15.0296396, -5.70443856, 7.45373228, 24.6099888, 9.7529154, 0.0, -7.6947498, -12.80461, -6.1965170800000005, 30.1324406, 17.2061934, 0.0, 1.9722886000000002, -15.9912712, 48.1283552, 49.812747800000004, 31.6492566, 0.0, -22.7233262, -43.2029438, -44.9445992, 33.3505406, 0.0
15.7888454, -5.8891718399999995, 6.46580142, 23.6565052, 9.4204136, 0.0, -8.3039202, -12.609395000000001, -5.254986120000001, 29.4200314, 16.9698736, 0.0, 1.7919341, -14.9797458, 46.2786828, 50.3527602, 33.627013399999996, 0.0, -21.6378888, -41.2085392, -45.7966538, 35.200742399999996, 0.0
16.5480512, -6.07390512, 5.4778705599999995, 22.7030216, 9.087911799999999, 0.0, -8.9130906, -12.41418, -4.31345516, 28.7076222, 16.7335538, 0.0, 1.6115796, -13.9682204, 44.4290104, 50.8927726, 35.6047702, 0.0, -20.5524514, -39.2141346, -46.6487084, 37.050944199999996, 0.0
17.307257, -6.2586384, 4.4899397, 21.749538, 8.75541, 0.0, -9.522261, -12.218965, -3.3719242, 27.995213, 16.497234, 0.0, 1.4312251, -12.956695, 42.579338, 51.432785, 37.582527, 0.0, -19.467014, -37.21973, -47.500763, 38.901146, 0.0
17.5820094, -6.63117572, 3.9521979, 21.13522, 7.962562999999999, 0.0, -9.7675128, -12.427473200000001, -2.90542458, 27.103645, 15.827829999999999, 0.0, 1.39614068, -11.84036554, 40.108203, 51.718468, 40.3111282, 0.0, -17.768442, -34.7140786, -48.263859599999996, 41.4705964, 0.0
17.8567618, -7.00371304, 3.4144560999999998, 20.520902, 7.169715999999999, 0.0, -10.0127646, -12.6359814, -2.43892496, 26.212077, 15.158425999999999, 0.0, 1.36105626, -10.72403608, 37.637068, 52.004151, 43.0397294, 0.0, -16.069869999999998, -32.208427199999996, -49.0269562, 44.0400468, 0.0
18.131514199999998, -7.37625036, 2.8767143, 19.906584000000002, 6.376869, 0.0, -10.258016399999999, -12.844489600000001, -1.97242534, 25.320509, 14.489021999999999, 0.0, 1.32597184, -9.60770662, 35.165932999999995, 52.289834, 45.7683306, 0.0, -14.371298, -29.702775799999998, -49.7900528, 46.6094972, 0.0
18.4062666, -7.74878768, 2.3389725, 19.292266, 5.584022, 0.0, -10.503268199999999, -13.0529978, -1.50592572, 24.428941, 13.819618, 0.0, 1.29088742, -8.491377159999999, 32.694798, 52.575517, 48.4969318, 0.0, -12.672726, -27.1971244, -50.5531494, 49.1789476, 0.0
18.681019, -8.121325, 1.8012307, 18.677948, 4.791175, 0.0, -10.74852, -13.261506, -1.0394261, 23.537373, 13.150214, 0.0, 1.255803, -7.3750477, 30.223663, 52.8612, 51.225533, 0.0, -10.974154, -24.691473, -51.316246, 51.748398, 0.0
18.939022599999998, -8.08615512, 1.69388432, 18.2354934, 4.39193706, 0.0, -11.385736, -13.161155, -1.03778542, 22.676416399999997, 12.9217536, 0.0, 1.4408256, -6.3873805599999995, 27.912654999999997, 53.451991, 53.7136004, 0.0, -9.55304638, -22.642124199999998, -52.5039214, 53.9927996, 0.0
19.1970262, -8.050985240000001, 1.58653794, 17.7930388, 3.99269912, 0.0, -12.022952, -13.060804000000001, -1.0361447400000001, 21.8154598, 12.6932932, 0.0, 1.6258482, -5.399713419999999, 25.601647, 54.042781999999995, 56.201667799999996, 0.0, -8.13193876, -20.5927754, -53.6915968, 56.2372012, 0.0
19.4550298, -8.01581536, 1.4791915599999998, 17.3505842, 3.59346118, 0.0, -12.660167999999999, -12.960453, -1.03450406, 20.954503199999998, 12.4648328, 0.0, 1.8108708, -4.41204628, 23.290639, 54.633573, 58.6897352, 0.0, -6.71083114, -18.5434266, -54.8792722, 58.4816028, 0.0
19.7130334, -7.98064548, 1.37184518, 16.908129600000002, 3.19422324, 0.0, -13.297384, -12.860102, -1.03286338, 20.0935466, 12.236372399999999, 0.0, 1.9958934, -3.42437914, 20.979630999999998, 55.224363999999994, 61.1778026, 0.0, -5.28972352, -16.4940778, -56.0669476, 60.726004399999994, 0.0
19.971037, -7.9454756, 1.2644988, 16.465675, 2.7949853, 0.0, -13.9346, -12.759751, -1.0312227, 19.23259, 12.007912, 0.0, 2.180916, -2.436712, 18.668623, 55.815155, 63.66587, 0.0, -3.8686159, -14.444729, -57.254623, 62.970406, 0.0
20.536316, -7.43433568, 1.1412909199999999, 15.849358400000002, 2.97190084, 0.0, -14.9860802, -12.2092603, -1.013608408, 18.1778716, 12.3030782, 0.0, 2.20178532, -1.54438408, 17.1226332, 56.6678344, 65.40264, 0.0, -2.91312936, -13.262739, -58.7017724, 64.4305548, 0.0
21.101595, -6.9231957600000005, 1.01808304, 15.2330418, 3.14881638, 0.0, -16.0375604, -11.6587696, -0.995994116, 17.123153199999997, 12.5982444, 0.0, 2.22265464, -0.6520561600000001, 15.5766434, 57.520513799999996, 67.13941, 0.0, -1.9576428199999998, -12.080749, -60.148921800000004, 65.8907036, 0.0
21.666874, -6.41205584, 0.89487516, 14.616725200000001, 3.32573192, 0.0, -17.0890406, -11.1082789, -0.978379824, 16.0684348, 12.8934106, 0.0, 2.2435239599999997, 0.24027175999999972, 14.0306536, 58.3731932, 68.87618, 0.0, -1.0021562799999995, -10.898759, -61.5960712, 67.35085240000001, 0.0
22.232153, -5.90091592, 0.77166728, 14.0004086, 3.50264746, 0.0, -18.1405208, -10.557788200000001, -0.9607655319999999, 15.0137164, 13.1885768, 0.0, 2.2643932799999997, 1.1325996799999998, 12.4846638, 59.2258726, 70.61295, 0.0, -0.04666973999999957, -9.716769, -63.0432206, 68.8110012, 0.0
22.797432, -5.389776, 0.6484594, 13.384092, 3.679563, 0.0, -19.192001, -10.0072975, -0.94315124, 13.958998, 13.483743, 0.0, 2.2852626, 2.0249276, 10.938674, 60.078552, 72.34972, 0.0, 0.9088168, -8.534779, -64.49037, 70.27115, 0.0
23.1078828, -5.01543914, 0.555596456, 12.4964028, 4.0661882, 0.0, -19.957716, -9.5121916, -0.9163022319999999, 12.757644599999999, 13.810829, 0.0, 2.34588262, 2.34190472, 10.30156414, 60.3681906, 73.272524, 0.0, 1.2155629000000001, -8.2539262, -65.415291, 70.91925400000001, 0.0
23.4183336, -4.64110228, 0.462733512, 11.6087136, 4.4528134, 0.0, -20.723431, -9.017085699999999, -0.8894532239999999, 11.5562912, 14.137915, 0.0, 2.40650264, 2.65888184, 9.664454280000001, 60.6578292, 74.195328, 0.0, 1.5223090000000001, -7.9730734000000005, -66.340212, 71.567358, 0.0
23.7287844, -4.2667654200000005, 0.369870568, 10.721024400000001, 4.839438599999999, 0.0, -21.489145999999998, -8.5219798, -0.862604216, 10.3549378, 14.465001, 0.0, 2.46712266, 2.97585896, 9.02734442, 60.9474678, 75.118132, 0.0, 1.8290551000000002, -7.692220600000001, -67.265133, 72.215462, 0.0
24.0392352, -3.89242856, 0.277007624, 9.8333352, 5.2260637999999995, 0.0, -22.254861, -8.0268739, -0.835755208, 9.1535844, 14.792087, 0.0, 2.52774268, 3.29283608, 8.39023456, 61.2371064, 76.040936, 0.0, 2.1358012000000004, -7.4113678, -68.190054, 72.86356599999999, 0.0
24.349686, -3.5180917, 0.18414468, 8.945646, 5.612689, 0.0, -23.020576, -7.531768, -0.8089062, 7.952231, 15.119173, 0.0, 2.5883627, 3.6098132, 7.7531247, 61.526745, 76.96374, 0.0, 2.4425473, -7.130515, -69.114975, 73.51167, 0.0
24.4044104, -3.44667528, 0.132376584, 8.126933919999999, 6.105640999999999, 0.0, -23.296034799999997, -7.248086799999999, -0.73467979, 7.0272987, 15.5696362, 0.0, 2.5049018999999997, 3.11117092, 8.05700996, 60.9312876, 77.113648, 0.0, 1.9650875972000001, -7.6209036999999995, -69.222942, 73.489172, 0.0
24.4591348, -3.3752588599999997, 0.08060848799999999, 7.30822184, 6.598592999999999, 0.0, -23.5714936, -6.9644056, -0.66045338, 6.1023664, 16.0200994, 0.0, 2.4214411, 2.61252864, 8.36089522, 60.3358302, 77.263556, 0.0, 1.4876278944, -8.1112924, -69.330909, 73.466674, 0.0
24.5138592, -3.30384244, 0.028840391999999992, 6.48950976, 7.091545, 0.0, -23.8469524, -6.6807244, -0.58622697, 5.1774341, 16.4705626, 0.0, 2.3379803, 2.11388636, 8.66478048, 59.7403728, 77.413464, 0.0, 1.0101681916, -8.6016811, -69.438876, 73.444176, 0.0
24.5685836, -3.2324260199999997, -0.02292770400000002, 5.67079768, 7.584497, 0.0, -24.122411200000002, -6.397043200000001, -0.5120005599999999, 4.2525018, 16.9210258, 0.0, 2.2545195000000002, 1.61524408, 8.96866574, 59.1449154, 77.563372, 0.0, 0.5327084888, -9.092069799999999, -69.546843, 73.421678, 0.0
24.623308, -3.1610096, -0.0746958, 4.8520856, 8.077449, 0.0, -24.39787, -6.113362, -0.43777415, 3.3275695, 17.371489, 0.0, 2.1710587, 1.1166018, 9.272551, 58.549458, 77.71328, 0.0, 0.055248786, -9.5824585, -69.65481, 73.39918, 0.0
24.6260832, -3.30644902, -0.13884891, 4.28224828, 8.5417262, 0.0, -24.443404, -6.08543066, -0.267075656, 2.77825896, 17.8289566, 0.0, 1.7388314876000002, 0.059717739999999964, 10.2361162, 57.4103488, 77.3525408, 0.0, -0.9454699111999999, -10.2341544, -69.21395199999999, 73.1682728, 0.0
24.628858400000002, -3.45188844, -0.20300201999999998, 3.7124109599999997, 9.006003399999999, 0.0, -24.488938, -6.05749932, -0.09637716200000002, 2.22894842, 18.2864242, 0.0, 1.3066042752, -0.99716632, 11.1996814, 56.2712396, 76.9918016, 0.0, -1.9461886084, -10.8858503, -68.773094, 72.93736559999999, 0.0
24.6316336, -3.59732786, -0.26715512999999996, 3.14257364, 9.470280599999999, 0.0, -24.534472, -6.02956798, 0.0743213319999999, 1.67963788, 18.7438918, 0.0, 0.8743770627999998, -2.0540503800000005, 12.1632466, 55.1321304, 76.63106239999999, 0.0, -2.9469073056, -11.5375462, -68.332236, 72.7064584, 0.0
24.634408800000003, -3.74276728, -0.3313082399999999, 2.57273632, 9.9345578, 0.0, -24.580006, -6.00163664, 0.24501982599999994, 1.13032734, 19.201359399999998, 0.0, 0.4421498503999999, -3.1109344400000003, 13.1268118, 53.9930212, 76.27032319999999, 0.0, -3.9476260028, -12.1892421, -67.891378, 72.4755512, 0.0
24.637184, -3.8882067, -0.39546135, 2.002899, 10.398835, 0.0, -24.62554, -5.9737053, 0.41571832, 0.5810168, 19.658827, 0.0, 0.009922638, -4.1678185, 14.090377, 52.853912, 75.909584, 0.0, -4.9483447, -12.840938, -67.45052, 72.244644, 0.0
24.637184, -4.15370756, -0.43630656, 1.6777378460000003, 10.7664894, 0.0, -24.6278688, -6.05860396, 0.634912536, 0.31005884, 20.0203646, 0.0, -0.3343446696, -4.993515, 14.8151632, 51.8275516, 75.6073632, 0.0, -5.68703576, -13.0266185, -66.934932, 72.21684119999999, 0.0
24.637184, -4.41920842, -0.47715177, 1.3525766920000002, 11.1341438, 0.0, -24.630197600000002, -6.14350262, 0.854106752, 0.039100880000000005, 20.3819022, 0.0, -0.6786119771999999, -5.8192115, 15.5399494, 50.8011912, 75.3051424, 0.0, -6.4257268199999995, -13.212299, -66.419344, 72.1890384, 0.0
24.637184, -4.68470928, -0.5179969799999999, 1.027415538, 11.5017982, 0.0, -24.6325264, -6.22840128, 1.0733009679999999, -0.23185707999999994, 20.7434398, 0.0, -1.0228792848, -6.644908, 16.2647356, 49.774830800000004, 75.00292160000001, 0.0, -7.16441788, -13.3979795, -65.903756, 72.1612356, 0.0
24.637184, -4.950210139999999, -0.55884219, 0.7022543840000002, 11.8694526, 0.0, -24.6348552, -6.313299939999999, 1.2924951839999999, -0.50281504, 21.1049774, 0.0, -1.3671465924, -7.4706045, 16.9895218, 48.7484704, 74.7007008, 0.0, -7.90310894, -13.58366, -65.388168, 72.13343280000001, 0.0
24.637184, -5.215711, -0.5996874, 0.37709323, 12.237107, 0.0, -24.637184, -6.3981986, 1.5116894, -0.773773, 21.466515, 0.0, -1.7114139, -8.296301, 17.714308, 47.72211, 74.39848, 0.0, -8.6418, -13.7693405, -64.87258, 72.10563, 0.0
24.637184, -5.45580148, -0.594005528, 0.23536573400000002, 12.4767118, 0.0, -24.637184, -6.44585308, 1.69338392, -0.92159174, 21.669179200000002, 0.0, -1.77655452, -8.5509064, 17.883264999999998, 47.011268, 74.4451772, 0.0, -8.8468328, -13.5508234, -64.5055736, 72.274124, 0.0
24.637184, -5.69589196, -0.588323656, 0.09363823800000004, 12.7163166, 0.0, -24.637184, -6.49350756, 1.87507844, -1.0694104800000002, 21.8718434, 0.0, -1.84169514, -8.8055118, 18.052222, 46.300426, 74.4918744, 0.0, -9.0518656, -13.3323063, -64.1385672, 72.442618, 0.0
24.637184, -5.93598244, -0.582641784, -0.04808925799999991, 12.9559214, 0.0, -24.637184, -6.54116204, 2.05677296, -1.2172292200000001, 22.0745076, 0.0, -1.9068357599999999, -9.0601172, 18.221179, 45.589584, 74.53857160000001, 0.0, -9.2568984, -13.1137892, -63.7715608, 72.611112, 0.0
24.637184, -6.17607292, -0.5769599120000001, -0.18981675399999992, 13.1955262, 0.0, -24.637184, -6.58881652, 2.2384674799999997, -1.36504796, 22.277171799999998, 0.0, -1.9719763799999999, -9.3147226, 18.390136000000002, 44.878742, 74.58526880000001, 0.0, -9.4619312, -12.8952721, -63.4045544, 72.779606, 0.0
24.637184, -6.4161634, -0.57127804, -0.33154425, 13.435131, 0.0, -24.637184, -6.636471, 2.420162, -1.5128667, 22.479836, 0.0, -2.037117, -9.569328, 18.559093, 44.1679, 74.631966, 0.0, -9.666964, -12.676755, -63.037548, 72.9481, 0.0
24.637184, -6.51685452, -0.536890492, -0.3742912, 13.5571524, 0.0, -24.637184, -6.6017176, 2.507646, -1.60651026, 22.5568356, 0.0, -1.9800997999999999, -9.326963000000001, 18.235587600000002, 43.596196, 74.9691928, 0.0, -9.4703202, -12.3628736, -62.811609600000004, 73.177182, 0.0
24.637184, -6.61754564, -0.5025029440000001, -0.41703815, 13.6791738, 0.0, -24.637184, -6.5669642, 2.5951299999999997, -1.70015382, 22.6338352, 0.0, -1.9230825999999999, -9.084598, 17.9120822, 43.024492, 75.3064196, 0.0, -9.2736764, -12.0489922, -62.5856712, 73.406264, 0.0
24.637184, -6.71823676, -0.468115396, -0.45978509999999995, 13.8011952, 0.0, -24.637184, -6.5322108, 2.682614, -1.79379738, 22.710834799999997, 0.0, -1.8660653999999999, -8.842233, 17.588576800000002, 42.452788, 75.64364640000001, 0.0, -9.0770326, -11.7351108, -62.3597328, 73.635346, 0.0
24.637184, -6.81892788, -0.43372784799999997, -0.5025320499999999, 13.9232166, 0.0, -24.637184, -6.4974574, 2.770098, -1.8874409399999998, 22.787834399999998, 0.0, -1.8090481999999999, -8.599867999999999, 17.2650714, 41.881084, 75.9808732, 0.0, -8.8803888, -11.4212294, -62.1337944, 73.86442799999999, 0.0
24.637184, -6.919619, -0.3993403, -0.545279, 14.045238, 0.0, -24.637184, -6.462704, 2.857582, -1.9810845, 22.864834, 0.0, -1.752031, -8.357503, 16.941566, 41.30938, 76.3181, 0.0, -8.683745, -11.107348, -61.907856, 74.09351, 0.0
24.637184, -6.8813864, -0.32857173399999995, -0.55510383, 14.0823678, 0.0, -24.637184, -6.3418056, 2.8376052, -2.0328454799999998, 22.864763399999998, 0.0, -1.67037434, -7.8442213999999995, 16.388144200000003, 40.728305999999996, 76.725426, 0.0, -8.2796522, -10.9012474, -61.7427608, 74.287348, 0.0
24.637184, -6.8431538000000005, -0.25780316799999997, -0.56492866, 14.119497599999999, 0.0, -24.637184, -6.2209072, 2.8176284, -2.08460646, 22.8646928, 0.0, -1.58871768, -7.3309397999999995, 15.8347224, 40.147231999999995, 77.132752, 0.0, -7.8755594, -10.6951468, -61.5776656, 74.481186, 0.0
24.637184, -6.8049212, -0.18703460199999997, -0.57475349, 14.1566274, 0.0, -24.637184, -6.1000087999999995, 2.7976516, -2.13636744, 22.8646222, 0.0, -1.50706102, -6.8176582, 15.281300600000002, 39.566158, 77.54007800000001, 0.0, -7.471466599999999, -10.4890462, -61.4125704, 74.67502400000001, 0.0
24.637184, -6.7666886, -0.11626603599999996, -0.58457832, 14.193757199999999, 0.0, -24.637184, -5.9791104, 2.7776747999999998, -2.18812842, 22.864551600000002, 0.0, -1.42540436, -6.3043766, 14.727878800000001, 38.985084, 77.947404, 0.0, -7.0673737999999995, -10.2829456, -61.247475200000004, 74.86886200000001, 0.0
24.637184, -6.728456, -0.04549747, -0.59440315, 14.230887, 0.0, -24.637184, -5.858212, 2.757698, -2.2398894, 22.864481, 0.0, -1.3437477, -5.791095, 14.174457, 38.40401, 78.35473, 0.0, -6.663281, -10.076845, -61.08238, 75.0627, 0.0
24.637184, -6.6605295, 0.03172018, -0.61415988, 14.232171, 0.0, -24.637184, -5.7191207, 2.71425806, -2.27086632, 22.8241638, 0.0, -1.2108797, -5.348984140000001, 13.661441400000001, 37.743144, 78.67353200000001, 0.0, -6.303619319999999, -9.961991600000001, -60.838314000000004, 75.20335, 0.0
24.637184, -6.592603, 0.10893783, -0.63391661, 14.233455, 0.0, -24.637184, -5.5800294, 2.67081812, -2.30184324, 22.7838466, 0.0, -1.0780117, -4.90687328, 13.1484258, 37.082278, 78.992334, 0.0, -5.94395764, -9.8471382, -60.594248, 75.34400000000001, 0.0
24.637184, -6.5246765, 0.18615547999999998, -0.65367334, 14.234739, 0.0, -24.637184, -5.4409381, 2.62737818, -2.33282016, 22.7435294, 0.0, -0.9451436999999999, -4.46476242, 12.6354102, 36.421412, 79.311136, 0.0, -5.5842959599999995, -9.7322848, -60.350182000000004, 75.48465, 0.0
24.637184, -6.45675, 0.26337313, -0.67343007, 14.236023, 0.0, -24.637184, -5.3018468, 2.5839382399999997, -2.36379708, 22.7032122, 0.0, -0.8122756999999999, -4.02265156, 12.1223946, 35.760546, 79.629938, 0.0, -5.22463428, -9.6174314, -60.106116, 75.62530000000001, 0.0
24.637184, -6.3888235, 0.34059078, -0.6931868, 14.237307, 0.0, -24.637184, -5.1627555, 2.5404983, -2.394774, 22.662895, 0.0, -0.6794077, -3.5805407, 11.609379, 35.09968, 79.94874, 0.0, -4.8649726, -9.502578, -59.86205, 75.76595, 0.0
24.637184, -6.36192608, 0.387677138, -0.731308552, 14.252844999999999, 0.0, -24.637184, -5.06811686, 2.53265724, -2.41036866, 22.6277732, 0.0, -0.5201019199999999, -3.39128696, 11.2390462, 34.3694878, 80.125728, 0.0, -4.70942402, -9.3874356, -59.393722000000004, 75.856452, 0.0
24.637184, -6.33502866, 0.43476349599999997, -0.769430304, 14.268383, 0.0, -24.637184, -4.9734782200000005, 2.5248161799999997, -2.42596332, 22.5926514, 0.0, -0.36079613999999993, -3.20203322, 10.8687134, 33.6392956, 80.302716, 0.0, -4.55387544, -9.2722932, -58.925394000000004, 75.946954, 0.0
24.637184, -6.30813124, 0.481849854, -0.807552056, 14.283921, 0.0, -24.637184, -4.87883958, 2.51697512, -2.44155798, 22.5575296, 0.0, -0.20149035999999992, -3.01277948, 10.4983806, 32.9091034, 80.479704, 0.0, -4.39832686, -9.1571508, -58.457066, 76.03745599999999, 0.0
24.637184, -6.28123382, 0.5289362120000001, -0.845673808, 14.299459, 0.0, -24.637184, -4.784200940000001, 2.50913406, -2.45715264, 22.5224078, 0.0, -0.042184579999999916, -2.82352574, 10.1280478, 32.1789112, 80.656692, 0.0, -4.24277828, -9.0420084, -57.988738, 76.12795799999999, 0.0
24.637184, -6.2543364, 0.57602257, -0.88379556, 14.314997, 0.0, -24.637184, -4.6895623, 2.501293, -2.4727473, 22.487286, 0.0, 0.1171212, -2.634272, 9.757715, 31.448719, 80.83368, 0.0, -4.0872297, -8.926866, -57.52041, 76.21846, 0.0
24.637184, -6.2424696399999995, 0.589207676, -0.916496388, 14.349378399999999, 0.0, -24.637184, -4.644692040000001, 2.4966403, -2.46527332, 22.4737598, 0.0, 0.23526474, -2.6612722, 9.6087556, 30.7531886, 80.863052, 0.0, -4.12022976, -8.8307498, -56.7600986, 76.241112, 0.0
24.637184, -6.230602879999999, 0.602392782, -0.949197216, 14.3837598, 0.0, -24.637184, -4.59982178, 2.4919876, -2.45779934, 22.4602336, 0.0, 0.35340828, -2.6882724000000002, 9.4597962, 30.057658200000002, 80.892424, 0.0, -4.15322982, -8.7346336, -55.9997872, 76.263764, 0.0
24.637184, -6.21873612, 0.615577888, -0.981898044, 14.418141199999999, 0.0, -24.637184, -4.55495152, 2.4873349, -2.45032536, 22.4467074, 0.0, 0.47155182, -2.7152726, 9.3108368, 29.362127800000003, 80.921796, 0.0, -4.18622988, -8.6385174, -55.2394758, 76.286416, 0.0
24.637184, -6.20686936, 0.628762994, -1.0145988719999999, 14.4525226, 0.0, -24.637184, -4.51008126, 2.4826821999999997, -2.44285138, 22.4331812, 0.0, 0.58969536, -2.7422728000000003, 9.1618774, 28.6665974, 80.95116800000001, 0.0, -4.21922994, -8.5424012, -54.4791644, 76.309068, 0.0
24.637184, -6.1950026, 0.6419481, -1.0472997, 14.486904, 0.0, -24.637184, -4.465211, 2.4780295, -2.4353774, 22.419655, 0.0, 0.7078389, -2.769273, 9.012918, 27.971067, 80.98054, 0.0, -4.25223, -8.446285, -53.718853, 76.33172, 0.0
24.637184, -6.155273279999999, 0.63063108, -1.05108422, 14.5251288, 0.0, -24.637184, -4.4530563, 2.43882704, -2.415594, 22.4098042, 0.0, 0.736116094, -2.89917246, 9.029596900000001, 27.4031086, 80.915008, 0.0, -4.354044, -8.413208599999999, -52.7879814, 76.30074, 0.0
24.637184, -6.115543959999999, 0.61931406, -1.0548687399999999, 14.5633536, 0.0, -24.637184, -4.4409016, 2.39962458, -2.3958106, 22.3999534, 0.0, 0.7643932880000001, -3.02907192, 9.0462758, 26.8351502, 80.849476, 0.0, -4.455858, -8.3801322, -51.8571098, 76.26976, 0.0
24.637184, -6.07581464, 0.60799704, -1.05865326, 14.6015784, 0.0, -24.637184, -4.4287469, 2.36042212, -2.3760272000000002, 22.3901026, 0.0, 0.792670482, -3.1589713799999997, 9.0629547, 26.2671918, 80.783944, 0.0, -4.557672, -8.3470558, -50.9262382, 76.23878, 0.0
24.637184, -6.03608532, 0.59668002, -1.06243778, 14.6398032, 0.0, -24.637184, -4.4165922, 2.3212196599999997, -2.3562438, 22.3802518, 0.0, 0.8209476760000001, -3.28887084, 9.0796336, 25.6992334, 80.718412, 0.0, -4.659486, -8.313979400000001, -49.995366600000004, 76.2078, 0.0
24.637184, -5.996356, 0.585363, -1.0662223, 14.678028, 0.0, -24.637184, -4.4044375, 2.2820172, -2.3364604, 22.370401, 0.0, 0.84922487, -3.4187703, 9.0963125, 25.131275, 80.65288, 0.0, -4.7613, -8.280903, -49.064495, 76.17682, 0.0
24.637184, -5.9543794, 0.565737556, -1.05911808, 14.6904071, 0.0, -24.637184, -4.40947786, 2.2356685599999997, -2.31963048, 22.3718942, 0.0, 0.824334236, -3.55000764, 9.1954156, 24.727050199999997, 80.57434719999999, 0.0, -4.85528748, -8.282039600000001, -48.2829254, 76.11895200000001, 0.0
24.637184, -5.9124028, 0.546112112, -1.05201386, 14.7027862, 0.0, -24.637184, -4.41451822, 2.18931992, -2.30280056, 22.3733874, 0.0, 0.799443602, -3.68124498, 9.2945187, 24.3228254, 80.4958144, 0.0, -4.94927496, -8.2831762, -47.5013558, 76.06108400000001, 0.0
24.637184, -5.8704262, 0.526486668, -1.04490964, 14.715165299999999, 0.0, -24.637184, -4.41955858, 2.14297128, -2.28597064, 22.3748806, 0.0, 0.7745529680000001, -3.81248232, 9.3936218, 23.918600599999998, 80.4172816, 0.0, -5.04326244, -8.2843128, -46.7197862, 76.003216, 0.0
24.637184, -5.8284496, 0.506861224, -1.03780542, 14.7275444, 0.0, -24.637184, -4.42459894, 2.09662264, -2.26914072, 22.3763738, 0.0, 0.749662334, -3.94371966, 9.492724899999999, 23.5143758, 80.3387488, 0.0, -5.13724992, -8.2854494, -45.9382166, 75.945348, 0.0
24.637184, -5.786473, 0.48723578, -1.0307012, 14.7399235, 0.0, -24.637184, -4.4296393, 2.050274, -2.2523108, 22.377867, 0.0, 0.7247717, -4.074957, 9.591828, 23.110151, 80.260216, 0.0, -5.2312374, -8.286586, -45.156647, 75.88748, 0.0
24.637184, -5.7558298, 0.462984814, -1.0272923, 14.7352686, 0.0, -24.637184, -4.4401062399999995, 2.01737436, -2.25047988, 22.3911296, 0.0, 0.69303239, -4.147821400000001, 9.6819164, 22.854450399999998, 80.2150308, 0.0, -5.269192520000001, -8.2301384, -44.6532936, 75.845624, 0.0
24.637184, -5.7251866, 0.43873384800000004, -1.0238834, 14.7306137, 0.0, -24.637184, -4.45057318, 1.98447472, -2.24864896, 22.4043922, 0.0, 0.66129308, -4.2206858, 9.7720048, 22.5987498, 80.1698456, 0.0, -5.30714764, -8.1736908, -44.149940199999996, 75.803768, 0.0
24.637184, -5.694543400000001, 0.41448288200000005, -1.0204745, 14.7259588, 0.0, -24.637184, -4.46104012, 1.95157508, -2.24681804, 22.417654799999998, 0.0, 0.62955377, -4.2935502, 9.8620932, 22.3430492, 80.1246604, 0.0, -5.3451027600000005, -8.1172432, -43.6465868, 75.761912, 0.0
24.637184, -5.6639002000000005, 0.390231916, -1.0170656, 14.7213039, 0.0, -24.637184, -4.47150706, 1.91867544, -2.2449871200000002, 22.4309174, 0.0, 0.5978144599999999, -4.3664146, 9.9521816, 22.087348600000002, 80.0794752, 0.0, -5.38305788, -8.0607956, -43.1432334, 75.720056, 0.0
24.637184, -5.633257, 0.36598095, -1.0136567, 14.716649, 0.0, -24.637184, -4.481974, 1.8857758, -2.2431562, 22.44418, 0.0, 0.56607515, -4.439279, 10.04227, 21.831648, 80.03429, 0.0, -5.421013, -8.004348, -42.63988, 75.6782, 0.0
24.637184, -5.6163236, 0.345392552, -1.00956464, 14.714275, 0.0, -24.637184, -4.4935582, 1.86950134, -2.24851056, 22.4576106, 0.0, 0.54499132, -4.44420074, 10.059754400000001, 21.686972400000002, 80.026706, 0.0, -5.3917116, -7.86648108, -42.3601866, 75.6785, 0.0
24.637184, -5.5993902, 0.324804154, -1.00547258, 14.711901000000001, 0.0, -24.637184, -4.5051423999999995, 1.85322688, -2.2538649200000003, 22.4710412, 0.0, 0.52390749, -4.44912248, 10.0772388, 21.542296800000003, 80.019122, 0.0, -5.3624102, -7.72861416, -42.0804932, 75.6788, 0.0
24.637184, -5.5824568, 0.304215756, -1.00138052, 14.709527, 0.0, -24.637184, -4.5167266, 1.83695242, -2.25921928, 22.4844718, 0.0, 0.50282366, -4.45404422, 10.0947232, 21.3976212, 80.011538, 0.0, -5.3331088, -7.59074724, -41.8007998, 75.6791, 0.0
24.637184, -5.5655234, 0.283627358, -0.99728846, 14.707153, 0.0, -24.637184, -4.5283108, 1.82067796, -2.26457364, 22.4979024, 0.0, 0.48173983, -4.45896596, 10.1122076, 21.2529456, 80.003954, 0.0, -5.3038074, -7.45288032, -41.5211064, 75.6794, 0.0
24.637184, -5.54859, 0.26303896, -0.9931964, 14.704779, 0.0, -24.637184, -4.539895, 1.8044035, -2.269928, 22.511333, 0.0, 0.460656, -4.4638877, 10.129692, 21.10827, 79.99637, 0.0, -5.274506, -7.3150134, -41.241413, 75.6797, 0.0
24.637184, -5.5433562, 0.258107702, -0.989755608, 14.703089, 0.0, -24.637184, -4.547453, 1.8062511, -2.27083952, 22.5239136, 0.0, 0.431156246, -4.43118688, 10.0840314, 21.036595000000002, 80.010278, 0.0, -5.207351999999999, -7.15493872, -41.1296012, 75.7061792, 0.0
24.637184, -5.5381224, 0.253176444, -0.9863148159999999, 14.701399, 0.0, -24.637184, -4.5550109999999995, 1.8080987, -2.2717510400000003, 22.5364942, 0.0, 0.40165649200000003, -4.39848606, 10.038370800000001, 20.96492, 80.024186, 0.0, -5.140198, -6.9948640399999995, -41.0177894, 75.73265839999999, 0.0
24.637184, -5.5328886, 0.24824518599999998, -0.982874024, 14.699709, 0.0, -24.637184, -4.562569, 1.8099463, -2.27266256, 22.5490748, 0.0, 0.37215673800000004, -4.36578524, 9.9927102, 20.893245, 80.038094, 0.0, -5.073043999999999, -6.83478936, -40.9059776, 75.7591376, 0.0
24.637184, -5.5276548, 0.24331392799999998, -0.979433232, 14.698019, 0.0, -24.637184, -4.570126999999999, 1.8117938999999998, -2.2735740800000004, 22.5616554, 0.0, 0.342656984, -4.33308442, 9.9470496, 20.821569999999998, 80.052002, 0.0, -5.00589, -6.67471468, -40.794165799999995, 75.7856168, 0.0
24.637184, -5.522421, 0.23838267, -0.97599244, 14.696329, 0.0, -24.637184, -4.577685, 1.8136415, -2.2744856, 22.574236, 0.0, 0.31315723, -4.3003836, 9.901389, 20.749895, 80.06591, 0.0, -4.938736, -6.51464, -40.682354, 75.812096, 0.0
