/h1_2/pelvis/left_hip_yaw_joint, /h1_2/left_hip_yaw_link/left_hip_pitch_joint, /h1_2/left_hip_pitch_link/left_hip_roll_joint, /h1_2/left_hip_roll_link/left_knee_joint, /h1_2/left_knee_link/left_ankle_pitch_joint, /h1_2/left_ankle_pitch_link/left_ankle_roll_joint, /h1_2/pelvis/right_hip_yaw_joint, /h1_2/right_hip_yaw_link/right_hip_pitch_joint, /h1_2/right_hip_pitch_link/right_hip_roll_joint, /h1_2/right_hip_roll_link/right_knee_joint, /h1_2/right_knee_link/right_ankle_pitch_joint, /h1_2/right_ankle_pitch_link/right_ankle_roll_joint, /h1_2/pelvis/torso_joint, /h1_2/torso_link/left_shoulder_pitch_joint, /h1_2/left_shoulder_pitch_link/left_shoulder_roll_joint, /h1_2/left_shoulder_roll_link/left_shoulder_yaw_joint, /h1_2/left_shoulder_yaw_link/left_elbow_joint, /h1_2/left_elbow_link/left_wrist_roll_joint, /h1_2/torso_link/right_shoulder_pitch_joint, /h1_2/right_shoulder_pitch_link/right_shoulder_roll_joint, /h1_2/right_shoulder_roll_link/right_shoulder_yaw_joint, /h1_2/right_shoulder_yaw_link/right_elbow_joint, /h1_2/right_elbow_link/right_wrist_roll_joint
24.620077, -9.756557, 3.1365426, 4.9284315, 20.030724, 0.0, -23.481695, -5.713751, -2.9350927, -2.2068064, 21.323944, 0.0, -4.6963453, -4.7185345, 10.685649, 15.24511, 72.61794, 0.0, -5.0888863, -5.5813007, -20.211187, 74.18645, 0.0
24.557351999999998, -10.103599800000001, 3.22702382, 5.500567520000001, 20.0374934, 0.0, -23.246731999999998, -5.9379021000000005, -2.8129653, -1.8166485, 21.4194854, 0.0, -4.4814327, -4.6469491199999995, 10.622783, 15.0551674, 72.043036, 0.0, -4.912974640000001, -5.54446304, -19.6877392, 73.61674599999999, 0.0
24.494626999999998, -10.4506426, 3.31750504, 6.07270354, 20.0442628, 0.0, -23.011768999999997, -6.1620532, -2.6908379, -1.4264906000000002, 21.5150268, 0.0, -4.2665201, -4.575363739999999, 10.559917, 14.8652248, 71.468132, 0.0, -4.73706298, -5.50762538, -19.1642914, 73.04704199999999, 0.0
24.431902, -10.7976854, 3.40798626, 6.64483956, 20.0510322, 0.0, -22.776806, -6.3862043, -2.5687105, -1.0363327, 21.6105682, 0.0, -4.0516075, -4.50377836, 10.497050999999999, 14.6752822, 70.89322800000001, 0.0, -4.5611513200000005, -5.47078772, -18.6408436, 72.477338, 0.0
24.369177, -11.1447282, 3.49846748, 7.21697558, 20.0578016, 0.0, -22.541843, -6.6103553999999995, -2.4465831000000002, -0.6461748, 21.7061096, 0.0, -3.8366949, -4.43219298, 10.434185, 14.4853396, 70.318324, 0.0, -4.38523966, -5.43395006, -18.1173958, 71.907634, 0.0
24.306452, -11.491771, 3.5889487, 7.7891116, 20.064571, 0.0, -22.30688, -6.8345065, -2.3244557, -0.2560169, 21.801651, 0.0, -3.6217823, -4.3606076, 10.371319, 14.295397, 69.74342, 0.0, -4.209328, -5.3971124, -17.593948, 71.33793, 0.0
23.9689576, -12.2370856, 3.81260916, 8.84837068, 20.1103746, 0.0, -21.7471744, -7.290863, -2.0133326460000003, 0.40416012, 21.8963608, 0.0, -3.24277422, -4.29910096, 10.2989298, 13.8043186, 68.630012, 0.0, -3.98880492, -5.34565184, -16.5722992, 70.212646, 0.0
23.6314632, -12.9824002, 4.036269620000001, 9.907629759999999, 20.1561782, 0.0, -21.187468799999998, -7.7472195, -1.702209592, 1.0643371400000001, 21.9910706, 0.0, -2.86376614, -4.2375943199999995, 10.2265406, 13.3132402, 67.516604, 0.0, -3.76828184, -5.294191280000001, -15.5506504, 69.087362, 0.0
23.293968800000002, -13.727714800000001, 4.25993008, 10.96688884, 20.201981800000002, 0.0, -20.6277632, -8.203576, -1.3910865380000002, 1.72451416, 22.0857804, 0.0, -2.48475806, -4.17608768, 10.1541514, 12.8221618, 66.403196, 0.0, -3.54775876, -5.24273072, -14.5290016, 67.962078, 0.0
22.9564744, -14.4730294, 4.48359054, 12.02614792, 20.2477854, 0.0, -20.0680576, -8.6599325, -1.079963484, 2.38469118, 22.1804902, 0.0, -2.1057499799999997, -4.11458104, 10.0817622, 12.331083399999999, 65.289788, 0.0, -3.32723568, -5.19127016, -13.5073528, 66.836794, 0.0
22.61898, -15.218344, 4.707251, 13.085407, 20.293589, 0.0, -19.508352, -9.116289, -0.76884043, 3.0448682, 22.2752, 0.0, -1.7267419, -4.0530744, 10.009373, 11.840005, 64.17638, 0.0, -3.1067126, -5.1398096, -12.485704, 65.71151, 0.0
21.7446378, -16.2452152, 4.8917382, 14.4462954, 20.292358, 0.0, -18.733750999999998, -9.7822626, -0.411386344, 3.7800533599999997, 22.0158272, 0.0, -1.0580849399999999, -3.7814967399999997, 9.9310223, 11.145625599999999, 62.764988599999995, 0.0, -2.93024956, -5.116088, -11.27366166, 64.02837000000001, 0.0
20.8702956, -17.2720864, 5.0762254, 15.8071838, 20.291127, 0.0, -17.959149999999998, -10.4482362, -0.05393225800000001, 4.51523852, 21.7564544, 0.0, -0.3894279799999998, -3.50991908, 9.8526716, 10.4512462, 61.353597199999996, 0.0, -2.75378652, -5.0923664, -10.06161932, 62.34523, 0.0
19.995953399999998, -18.2989576, 5.2607126, 17.1680722, 20.289896000000002, 0.0, -17.184548999999997, -11.1142098, 0.30352182800000005, 5.25042368, 21.4970816, 0.0, 0.2792289800000005, -3.23834142, 9.7743209, 9.7568668, 59.942205799999996, 0.0, -2.57732348, -5.0686448, -8.84957698, 60.662090000000006, 0.0
19.1216112, -19.3258288, 5.4451998, 18.5289606, 20.288665, 0.0, -16.409948, -11.780183399999999, 0.660975914, 5.985608839999999, 21.2377088, 0.0, 0.9478859400000004, -2.96676376, 9.6959702, 9.062487399999998, 58.5308144, 0.0, -2.4008604399999998, -5.0449232, -7.63753464, 58.978950000000005, 0.0
18.247269, -20.3527, 5.629687, 19.889849, 20.287434, 0.0, -15.635347, -12.446157, 1.01843, 6.720794, 20.978336, 0.0, 1.6165429, -2.6951861, 9.6176195, 8.368108, 57.119423, 0.0, -2.2243974, -5.0212016, -6.4254923, 57.29581, 0.0
17.0339692, -21.0230078, 5.3705736, 21.354837200000002, 20.3239936, 0.0, -15.0555658, -12.8848694, 1.07437296, 7.7578477999999995, 20.4082254, 0.0, 2.61114172, -1.968753772, 9.309752, 8.00069472, 55.912434399999995, 0.0, -2.02512362, -5.15199448, -5.73897472, 55.1838014, 0.0
15.8206694, -21.6933156, 5.1114602, 22.819825400000003, 20.360553200000002, 0.0, -14.475784599999999, -13.3235818, 1.13031592, 8.7949016, 19.8381148, 0.0, 3.60574054, -1.2423214439999999, 9.0018845, 7.633281439999999, 54.7054458, 0.0, -1.82584984, -5.28278736, -5.05245714, 53.071792800000004, 0.0
14.6073696, -22.3636234, 4.8523468, 24.2848136, 20.3971128, 0.0, -13.8960034, -13.7622942, 1.18625888, 9.8319554, 19.2680042, 0.0, 4.6003393599999995, -0.5158891159999999, 8.694017, 7.26586816, 53.4984572, 0.0, -1.6265760599999999, -5.41358024, -4.36593956, 50.9597842, 0.0
13.3940698, -23.0339312, 4.593233400000001, 25.7498018, 20.4336724, 0.0, -13.316222199999999, -14.2010066, 1.24220184, 10.8690092, 18.6978936, 0.0, 5.59493818, 0.21054321200000015, 8.3861495, 6.89845488, 52.2914686, 0.0, -1.42730228, -5.54437312, -3.67942198, 48.847775600000006, 0.0
12.18077, -23.704239, 4.33412, 27.21479, 20.470232, 0.0, -12.736441, -14.639719, 1.2981448, 11.906063, 18.127783, 0.0, 6.589537, 0.93697554, 8.078282, 6.5310416, 51.08448, 0.0, -1.2280285, -5.675166, -2.9929044, 46.735767, 0.0
11.377305, -23.750871200000002, 3.7941340200000004, 28.520188, 20.1496566, 0.0, -12.0962222, -14.8148426, 1.1711112, 13.4580822, 17.373137, 0.0, 7.145624, 1.558632512, 7.750223399999999, 6.5123804, 49.7808432, 0.0, -0.54298828, -5.9929378, -2.86875532, 44.7238476, 0.0
10.57384, -23.7975034, 3.2541480400000005, 29.825586, 19.8290812, 0.0, -11.4560034, -14.9899662, 1.0440776, 15.0101014, 16.618491, 0.0, 7.701711, 2.180289484, 7.4221648, 6.4937192, 48.4772064, 0.0, 0.14205194, -6.3107096, -2.74460624, 42.7119282, 0.0
9.770375, -23.8441356, 2.71416206, 31.130983999999998, 19.5085058, 0.0, -10.8157846, -15.1650898, 0.917044, 16.5621206, 15.863845, 0.0, 8.257798000000001, 2.801946456, 7.0941062, 6.475058, 47.1735696, 0.0, 0.8270921600000001, -6.6284814, -2.62045716, 40.7000088, 0.0
8.966909999999999, -23.8907678, 2.17417608, 32.436382, 19.1879304, 0.0, -10.1755658, -15.3402134, 0.7900104, 18.1141398, 15.109199, 0.0, 8.813885, 3.4236034280000003, 6.7660476, 6.4563968, 45.8699328, 0.0, 1.51213238, -6.9462532, -2.49630808, 38.688089399999996, 0.0
8.163445, -23.9374, 1.6341901, 33.74178, 18.867355, 0.0, -9.535347, -15.515337, 0.6629768, 19.666159, 14.354553, 0.0, 9.369972, 4.0452604, 6.437989, 6.4377356, 44.566296, 0.0, 2.1971726, -7.264025, -2.372159, 36.67617, 0.0
8.1487698, -23.6496648, 1.3513593940000002, 34.544042, 18.1648892, 0.0, -8.6026796, -15.8574676, 0.29995604000000003, 21.467784, 13.396324, 0.0, 9.152123000000001, 3.95772532, 6.0709306, 6.11066498, 42.6242188, 0.0, 3.39917268, -7.2881858, -2.0135912499999997, 35.3266546, 0.0
8.1340946, -23.3619296, 1.068528688, 35.346303999999996, 17.4624234, 0.0, -7.6700122, -16.1995982, -0.06306471999999996, 23.269409, 12.438095, 0.0, 8.934274, 3.87019024, 5.7038722, 5.78359436, 40.6821416, 0.0, 4.60117276, -7.3123466, -1.6550235, 33.977139199999996, 0.0
8.1194194, -23.0741944, 0.785697982, 36.148566, 16.7599576, 0.0, -6.7373448, -16.5417288, -0.42608548, 25.071034, 11.479866000000001, 0.0, 8.716425000000001, 3.78265516, 5.3368138, 5.45652374, 38.7400644, 0.0, 5.80317284, -7.3365074, -1.2964557499999998, 32.627623799999995, 0.0
8.104744199999999, -22.7864592, 0.5028672759999999, 36.950828, 16.0574918, 0.0, -5.8046774, -16.8838594, -0.78910624, 26.872659, 10.521637, 0.0, 8.498576, 3.6951200799999997, 4.9697554, 5.12945312, 36.7979872, 0.0, 7.00517292, -7.3606682, -0.9378879999999998, 31.2781084, 0.0
8.090069, -22.498724, 0.22003657, 37.75309, 15.355026, 0.0, -4.87201, -17.22599, -1.152127, 28.674284, 9.563408, 0.0, 8.280727, 3.607585, 4.602697, 4.8023825, 34.85591, 0.0, 8.207173, -7.384829, -0.57932025, 29.928593, 0.0
8.726882999999999, -22.3650502, -0.02259704400000001, 37.945955, 15.0118776, 0.0, -3.6898414200000005, -17.5330568, -1.2115762399999999, 30.221154, 8.98042172, 0.0, 7.568459600000001, 2.935207234, 4.6340962, 4.406405400000001, 32.459297, 0.0, 9.5299292, -7.4610044, 0.10198965999999998, 29.268871999999998, 0.0
9.363697, -22.2313764, -0.265230658, 38.13882, 14.6687292, 0.0, -2.50767284, -17.8401236, -1.2710254799999998, 31.768024, 8.39743544, 0.0, 6.856192200000001, 2.2628294679999996, 4.6654954, 4.0104283, 30.062684, 0.0, 10.852685399999999, -7.5371798, 0.78329957, 28.609151, 0.0
10.000511, -22.0977026, -0.507864272, 38.331685, 14.325580800000001, 0.0, -1.3255042599999998, -18.1471904, -1.3304747199999998, 33.314893999999995, 7.814449160000001, 0.0, 6.1439248, 1.5904517019999997, 4.6968946, 3.6144512, 27.666071000000002, 0.0, 12.1754416, -7.6133552, 1.46460948, 27.94943, 0.0
10.637325, -21.9640288, -0.750497886, 38.524550000000005, 13.9824324, 0.0, -0.14333567999999985, -18.454257199999997, -1.38992396, 34.861764, 7.2314628800000005, 0.0, 5.4316574, 0.9180739359999999, 4.7282938, 3.2184741, 25.269458, 0.0, 13.4981978, -7.689530599999999, 2.14591939, 27.289709000000002, 0.0
11.274139, -21.830355, -0.9931315, 38.717415, 13.639284, 0.0, 1.0388329, -18.761324, -1.4493732, 36.408634, 6.6484766, 0.0, 4.71939, 0.24569617, 4.759693, 2.822497, 22.872845, 0.0, 14.820954, -7.765706, 2.8272293, 26.629988, 0.0
11.874674, -21.718815, -1.02867884, 38.661336, 13.8775954, 0.0, 2.05354424, -19.2085694, -0.926307, 37.2430752, 6.79842688, 0.0, 4.31058704, -0.17725490400000005, 4.9124356, 2.50843968, 20.944057, 0.0, 15.5962006, -8.1844377, 3.16666424, 26.109800200000002, 0.0
12.475209, -21.607275, -1.06422618, 38.605257, 14.1159068, 0.0, 3.06825558, -19.655814799999998, -0.40324080000000007, 38.0775164, 6.94837716, 0.0, 3.9017840799999997, -0.6002059780000001, 5.0651782, 2.1943823599999996, 19.015269, 0.0, 16.3714472, -8.6031694, 3.5060991799999996, 25.5896124, 0.0
13.075744, -21.495735, -1.0997735199999998, 38.549178, 14.3542182, 0.0, 4.0829669200000005, -20.1030602, 0.11982539999999986, 38.9119576, 7.09832744, 0.0, 3.49298112, -1.0231570520000002, 5.2179208, 1.8803250399999998, 17.086481, 0.0, 17.1466938, -9.021901100000001, 3.84553412, 25.0694246, 0.0
13.676279000000001, -21.384195000000002, -1.13532086, 38.493099, 14.592529599999999, 0.0, 5.09767826, -20.5503056, 0.6428915999999998, 39.7463988, 7.24827772, 0.0, 3.08417816, -1.4461081260000002, 5.3706634, 1.56626772, 15.157693, 0.0, 17.9219404, -9.4406328, 4.18496906, 24.5492368, 0.0
14.276814, -21.272655, -1.1708682, 38.43702, 14.830841, 0.0, 6.1123896, -20.997551, 1.1659578, 40.58084, 7.398228, 0.0, 2.6753752, -1.8690592, 5.523406, 1.2522104, 13.228905, 0.0, 18.697187, -9.8593645, 4.524404, 24.029049, 0.0
14.246254799999999, -20.9698486, -0.70123394, 39.0105412, 15.1746234, 0.0, 6.44210436, -21.0795856, 1.80537928, 40.73778, 7.9948602, 0.0, 2.95106924, -1.576383586, 5.2442484, 0.6133371000000001, 12.1141825, 0.0, 18.6730676, -9.9082199, 4.6525861399999995, 22.9232488, 0.0
14.2156956, -20.6670422, -0.23159967999999997, 39.5840624, 15.5184058, 0.0, 6.77181912, -21.1616202, 2.4448007599999997, 40.89472, 8.5914924, 0.0, 3.22676328, -1.283707972, 4.9650908, -0.025536199999999898, 10.99946, 0.0, 18.6489482, -9.9570753, 4.780768279999999, 21.8174486, 0.0
14.1851364, -20.3642358, 0.2380345800000001, 40.157583599999995, 15.862188199999999, 0.0, 7.10153388, -21.2436548, 3.08422224, 41.051660000000005, 9.1881246, 0.0, 3.50245732, -0.991032358, 4.6859332, -0.6644094999999999, 9.8847375, 0.0, 18.6248288, -10.0059307, 4.90895042, 20.7116484, 0.0
14.1545772, -20.0614294, 0.70766884, 40.7311048, 16.2059706, 0.0, 7.43124864, -21.3256894, 3.72364372, 41.208600000000004, 9.7847568, 0.0, 3.77815136, -0.698356744, 4.4067756, -1.3032827999999999, 8.770015, 0.0, 18.6007094, -10.0547861, 5.03713256, 19.6058482, 0.0
14.124018, -19.758623, 1.1773031, 41.304626, 16.549753, 0.0, 7.7609634, -21.407724, 4.3630652, 41.36554, 10.381389, 0.0, 4.0538454, -0.40568113, 4.127618, -1.9421561, 7.6552925, 0.0, 18.57659, -10.1036415, 5.1653147, 18.500048, 0.0
13.4626264, -19.196023, 1.80431978, 42.4508976, 16.3462966, 0.0, 7.31820342, -21.093512, 4.51577622, 41.367472, 10.5422072, 0.0, 4.85857612, 0.4771366959999999, 3.69323472, -2.75230534, 7.3621354, 0.0, 17.8584368, -9.8135786, 5.09299436, 16.9347444, 0.0
12.8012348, -18.633423, 2.43133646, 43.597169199999996, 16.1428402, 0.0, 6.87544344, -20.7793, 4.66848724, 41.369404, 10.7030254, 0.0, 5.66330684, 1.3599545219999998, 3.25885144, -3.56245458, 7.0689782999999995, 0.0, 17.1402836, -9.5235157, 5.0206740199999995, 15.3694408, 0.0
12.1398432, -18.070823, 3.0583531399999995, 44.7434408, 15.9393838, 0.0, 6.43268346, -20.465088, 4.82119826, 41.371336, 10.863843600000001, 0.0, 6.46803756, 2.2427723479999995, 2.8244681600000003, -4.37260382, 6.775821199999999, 0.0, 16.4221304, -9.2334528, 4.94835368, 13.8041372, 0.0
11.4784516, -17.508223, 3.6853698199999996, 45.8897124, 15.7359274, 0.0, 5.98992348, -20.150876, 4.97390928, 41.373268, 11.0246618, 0.0, 7.272768279999999, 3.1255901739999996, 2.3900848800000003, -5.18275306, 6.4826641, 0.0, 15.703977199999999, -8.943389900000001, 4.87603334, 12.2388336, 0.0
10.81706, -16.945623, 4.3123865, 47.035984, 15.532471, 0.0, 5.5471635, -19.836664, 5.1266203, 41.3752, 11.18548, 0.0, 8.077499, 4.008408, 1.9557016, -5.9929023, 6.189507, 0.0, 14.985824, -8.653327, 4.803713, 10.67353, 0.0
9.9340596, -16.7861398, 4.460331399999999, 47.788263199999996, 14.8099034, 0.0, 4.8255418599999995, -19.731670599999998, 4.84277564, 41.4401686, 10.9105318, 0.0, 8.7443352, 4.8047756, 1.78460614, -6.63941804, 6.3911988, 0.0, 14.1140607, -8.6469336, 4.50262072, 9.60114, 0.0
9.0510592, -16.6266566, 4.6082763, 48.5405424, 14.0873358, 0.0, 4.10392022, -19.6266772, 4.5589309799999995, 41.5051372, 10.6355836, 0.0, 9.4111714, 5.6011432, 1.61351068, -7.285933780000001, 6.5928906, 0.0, 13.2422974, -8.6405402, 4.20152844, 8.528749999999999, 0.0
8.1680588, -16.4671734, 4.7562212, 49.292821599999996, 13.3647682, 0.0, 3.3822985799999996, -19.521683799999998, 4.27508632, 41.5701058, 10.3606354, 0.0, 10.0780076, 6.3975108, 1.44241522, -7.9324495200000005, 6.7945823999999995, 0.0, 12.3705341, -8.6341468, 3.90043616, 7.45636, 0.0
7.2850584000000005, -16.3076902, 4.9041661, 50.0451008, 12.642200599999999, 0.0, 2.6606769399999997, -19.4166904, 3.99124166, 41.6350744, 10.0856872, 0.0, 10.7448438, 7.1938784, 1.27131976, -8.57896526, 6.9962742, 0.0, 11.498770799999999, -8.6277534, 3.59934388, 6.38397, 0.0
6.402058, -16.148207, 5.052111, 50.79738, 11.919633, 0.0, 1.9390553, -19.311697, 3.707397, 41.700043, 9.810739, 0.0, 11.41168, 7.990246, 1.1002243, -9.225481, 7.197966, 0.0, 10.6270075, -8.62136, 3.2982516, 5.31158, 0.0
6.1060036, -16.4658536, 4.61854132, 50.736898, 11.5462802, 0.0, 1.79232218, -19.191806, 3.45527288, 41.7148248, 9.8948628, 0.0, 11.391536200000001, 8.1106884, 1.38467164, -9.1995197, 6.9766186, 0.0, 10.355305, -8.6605732, 3.41079768, 5.0621332, 0.0
5.8099492, -16.7835002, 4.18497164, 50.676415999999996, 11.172927399999999, 0.0, 1.6455890599999998, -19.071915, 3.20314876, 41.729606600000004, 9.9789866, 0.0, 11.371392400000001, 8.2311308, 1.66911898, -9.1735584, 6.7552712, 0.0, 10.0836025, -8.699786399999999, 3.52334376, 4.8126864, 0.0
5.5138948, -17.101146800000002, 3.75140196, 50.615934, 10.7995746, 0.0, 1.4988559399999999, -18.952023999999998, 2.95102464, 41.7443884, 10.0631104, 0.0, 11.3512486, 8.3515732, 1.9535663199999997, -9.1475971, 6.5339238, 0.0, 9.8119, -8.7389996, 3.63588984, 4.563239599999999, 0.0
5.2178404, -17.418793400000002, 3.31783228, 50.555452, 10.426221799999999, 0.0, 1.35212282, -18.832133, 2.69890052, 41.7591702, 10.1472342, 0.0, 11.3311048, 8.4720156, 2.23801366, -9.1216358, 6.3125764, 0.0, 9.5401975, -8.778212799999999, 3.74843592, 4.3137928, 0.0
4.921786, -17.73644, 2.8842626, 50.49497, 10.052869, 0.0, 1.2053897, -18.712242, 2.4467764, 41.773952, 10.231358, 0.0, 11.310961, 8.592458, 2.522461, -9.0956745, 6.091229, 0.0, 9.268495, -8.817426, 3.860982, 4.064346, 0.0
5.46786732, -17.810360000000003, 2.25268998, 49.742633600000005, 10.086259, 0.0, 1.8747436199999998, -18.749390599999998, 2.2685247200000003, 42.0195384, 10.6755914, 0.0, 10.5376892, 7.91748686, 3.0910377999999996, -8.2609783, 5.1756799, 0.0, 9.8171078, -8.559253799999999, 4.3225641999999995, 4.632937839999999, 0.0
6.013948640000001, -17.88428, 1.62111736, 48.9902972, 10.119648999999999, 0.0, 2.54409754, -18.7865392, 2.09027304, 42.2651248, 11.1198248, 0.0, 9.764417400000001, 7.24251572, 3.6596146, -7.4262821, 4.2601308, 0.0, 10.3657206, -8.3010816, 4.7841464, 5.20152968, 0.0
6.5600299600000005, -17.9582, 0.9895447399999999, 48.2379608, 10.153039, 0.0, 3.21345146, -18.8236878, 1.91202136, 42.510711199999996, 11.5640582, 0.0, 8.9911456, 6.567544580000001, 4.2281914, -6.591585899999999, 3.3445817, 0.0, 10.9143334, -8.0429094, 5.2457286, 5.77012152, 0.0
7.10611128, -18.03212, 0.3579721199999999, 47.4856244, 10.186428999999999, 0.0, 3.8828053799999998, -18.8608364, 1.73376968, 42.756297599999996, 12.0082916, 0.0, 8.2178738, 5.8925734400000005, 4.7967682, -5.756889699999999, 2.4290325999999998, 0.0, 11.462946200000001, -7.7847371999999995, 5.7073108, 6.33871336, 0.0
7.6521926, -18.10604, -0.2736005, 46.733288, 10.219819, 0.0, 4.5521593, -18.897985, 1.555518, 43.001884, 12.452525, 0.0, 7.444602, 5.2176023, 5.365345, -4.9221935, 1.5134835, 0.0, 12.011559, -7.526565, 6.168893, 6.9073052, 0.0
8.67776368, -17.7858772, -0.4632954, 45.935423400000005, 9.8349432, 0.0, 5.644160039999999, -18.85335, 1.285970516, 43.831967199999994, 12.4497258, 0.0, 6.3589117, 4.124432808, 6.220602599999999, -3.6744758399999995, 0.34038312000000004, 0.0, 13.0373982, -7.54232926, 6.20348494, 7.96076856, 0.0
9.70333476, -17.4657144, -0.6529903, 45.1375588, 9.4500674, 0.0, 6.73616078, -18.808715, 1.016423032, 44.6620504, 12.4469266, 0.0, 5.2732214, 3.0312633160000004, 7.0758602, -2.4267581799999998, -0.8327172599999999, 0.0, 14.063237399999998, -7.55809352, 6.2380768799999995, 9.01423192, 0.0
10.728905840000001, -17.1455516, -0.8426852, 44.339694200000004, 9.065191599999999, 0.0, 7.82816152, -18.76408, 0.746875548, 45.492133599999995, 12.444127400000001, 0.0, 4.187531099999999, 1.9380938240000005, 7.9311178, -1.17904052, -2.0058176399999996, 0.0, 15.089076599999999, -7.57385778, 6.27266882, 10.067695279999999, 0.0
11.754476920000002, -16.8253888, -1.0323801000000001, 43.5418296, 8.680315799999999, 0.0, 8.92016226, -18.719445, 0.47732806399999994, 46.3222168, 12.441328200000001, 0.0, 3.1018407999999997, 0.8449243320000006, 8.7863754, 0.06867714000000014, -3.17891802, 0.0, 16.1149158, -7.58962204, 6.307260759999999, 11.121158639999999, 0.0
12.780048, -16.505226, -1.222075, 42.743965, 8.29544, 0.0, 10.012163, -18.67481, 0.20778058, 47.1523, 12.438529, 0.0, 2.0161505, -0.24824516, 9.641633, 1.3163948, -4.3520184, 0.0, 17.140755, -7.6053863, 6.3418527, 12.174622, 0.0
13.4122354, -16.2935772, -1.128075934, 42.378778000000004, 7.517176279999999, 0.0, 10.6631618, -18.38653, -0.18791053599999996, 48.0975748, 11.9959257, 0.0, 1.3877340800000002, -0.8652192479999999, 10.083635000000001, 2.0636721600000003, -4.98219178, 0.0, 17.724473399999997, -7.645125520000001, 5.84757608, 12.7744024, 0.0
14.0444228, -16.0819284, -1.034076868, 42.013591000000005, 6.738912559999999, 0.0, 11.3141606, -18.09825, -0.5836016519999999, 49.0428496, 11.5533224, 0.0, 0.7593176600000002, -1.482193336, 10.525637, 2.8109495200000003, -5.61236516, 0.0, 18.3081918, -7.68486474, 5.35329946, 13.3741828, 0.0
14.676610199999999, -15.8702796, -0.940077802, 41.648404, 5.96064884, 0.0, 11.9651594, -17.80997, -0.9792927679999998, 49.9881244, 11.1107191, 0.0, 0.13090124000000025, -2.099167424, 10.967639, 3.5582268800000003, -6.24253854, 0.0, 18.891910199999998, -7.7246039600000005, 4.85902284, 13.9739632, 0.0
15.3087976, -15.658630800000001, -0.8460787359999999, 41.283217, 5.18238512, 0.0, 12.6161582, -17.52169, -1.3749838839999997, 50.9333992, 10.6681158, 0.0, -0.4975151799999997, -2.716141512, 11.409640999999999, 4.30550424, -6.87271192, 0.0, 19.4756286, -7.76434318, 4.36474622, 14.5737436, 0.0
15.940985, -15.446982, -0.75207967, 40.91803, 4.4041214, 0.0, 13.267157, -17.23341, -1.770675, 51.878674, 10.2255125, 0.0, -1.1259316, -3.3331156, 11.851643, 5.0527816, -7.5028853, 0.0, 20.059347, -7.8040824, 3.8704696, 15.173524, 0.0
15.9061754, -15.4360544, -0.75463647, 40.506446000000004, 4.11428586, 0.0, 13.117227399999999, -17.292085, -1.7437843, 52.195826399999994, 10.1862215, 0.0, -1.02192338, -3.1438565400000003, 11.520114999999999, 4.97079842, -7.32002016, 0.0, 19.847119, -7.42222004, 3.65255544, 14.9602351, 0.0
15.8713658, -15.4251268, -0.75719327, 40.094862, 3.82445032, 0.0, 12.967297799999999, -17.35076, -1.7168936, 52.5129788, 10.1469305, 0.0, -0.91791516, -2.9545974800000003, 11.188587, 4.8888152400000005, -7.13715502, 0.0, 19.634891, -7.0403576800000005, 3.43464128, 14.7469462, 0.0
15.8365562, -15.4141992, -0.7597500699999999, 39.683278, 3.53461478, 0.0, 12.8173682, -17.409435, -1.6900029, 52.8301312, 10.107639500000001, 0.0, -0.81390694, -2.76533842, 10.857059, 4.80683206, -6.95428988, 0.0, 19.422663, -6.65849532, 3.21672712, 14.5336573, 0.0
15.8017466, -15.4032716, -0.76230687, 39.271694, 3.2447792399999997, 0.0, 12.6674386, -17.46811, -1.6631122, 53.1472836, 10.0683485, 0.0, -0.70989872, -2.57607936, 10.525531, 4.72484888, -6.77142474, 0.0, 19.210435, -6.276632960000001, 2.99881296, 14.3203684, 0.0
15.766937, -15.392344, -0.76486367, 38.86011, 2.9549437, 0.0, 12.517509, -17.526785, -1.6362215, 53.464436, 10.0290575, 0.0, -0.6058905, -2.3868203, 10.194003, 4.6428657, -6.5885596, 0.0, 18.998207, -5.8947706, 2.7808988, 14.1070795, 0.0
15.2876256, -15.1394928, -0.631398978, 38.662456, 3.1421728399999997, 0.0, 11.743414, -17.8972256, -1.172614432, 53.0093668, 10.4110908, 0.0, 0.16907154000000002, -1.4391639600000001, 9.384033200000001, 4.033620819999999, -5.59224808, 0.0, 18.05735, -5.52915562, 2.99170828, 13.113507, 0.0
14.8083142, -14.886641599999999, -0.497934286, 38.464802, 3.3294019799999997, 0.0, 10.969319, -18.2676662, -0.7090073640000001, 52.5542976, 10.7931241, 0.0, 0.94403358, -0.49150762000000014, 8.5740634, 3.42437594, -4.59593656, 0.0, 17.116493000000002, -5.16354064, 3.20251776, 12.1199345, 0.0
14.329002800000001, -14.6337904, -0.364469594, 38.267148, 3.5166311199999996, 0.0, 10.195224, -18.6381068, -0.24540029600000013, 52.0992284, 11.1751574, 0.0, 1.7189956199999998, 0.45614871999999984, 7.764093600000001, 2.8151310599999997, -3.5996250399999994, 0.0, 16.175636, -4.797925660000001, 3.41332724, 11.126362, 0.0
13.849691400000001, -14.3809392, -0.231004902, 38.069494, 3.70386026, 0.0, 9.421129, -19.0085474, 0.21820677199999983, 51.6441592, 11.5571907, 0.0, 2.49395766, 1.4038050599999998, 6.9541238000000005, 2.20588618, -2.6033135199999995, 0.0, 15.234779, -4.4323106800000005, 3.62413672, 10.132789500000001, 0.0
13.37038, -14.128088, -0.09754021, 37.87184, 3.8910894, 0.0, 8.647034, -19.378988, 0.68181384, 51.18909, 11.939224, 0.0, 3.2689197, 2.3514614, 6.144154, 1.5966413, -1.607002, 0.0, 14.293922, -4.0666957, 3.8349462, 9.139217, 0.0
12.5772352, -13.6165854, 0.09950370000000001, 38.3855426, 3.64767858, 0.0, 7.87509, -19.664585, 1.041934672, 50.4431894, 11.9045612, 0.0, 4.38975356, 3.64837152, 5.6011972000000005, 1.339802806, -0.13617714000000003, 0.0, 13.1004408, -4.11174516, 3.9604935, 7.7793468400000005, 0.0
11.7840904, -13.1050828, 0.29654761, 38.8992452, 3.4042677599999998, 0.0, 7.103146, -19.950181999999998, 1.402055504, 49.6972888, 11.8698984, 0.0, 5.51058742, 4.94528164, 5.058240400000001, 1.082964312, 1.33464772, 0.0, 11.9069596, -4.15679462, 4.0860408, 6.41947668, 0.0
10.9909456, -12.5935802, 0.49359152000000006, 39.4129478, 3.16085694, 0.0, 6.331202, -20.235779, 1.762176336, 48.9513882, 11.835235599999999, 0.0, 6.63142128, 6.242191760000001, 4.5152836, 0.826125818, 2.8054725799999995, 0.0, 10.7134784, -4.20184408, 4.2115881, 5.059606519999999, 0.0
10.1978008, -12.0820776, 0.69063543, 39.9266504, 2.91744612, 0.0, 5.559258, -20.521376, 2.1222971680000002, 48.2054876, 11.8005728, 0.0, 7.752255140000001, 7.5391018800000005, 3.9723268000000003, 0.569287324, 4.2762974400000004, 0.0, 9.519997199999999, -4.24689354, 4.3371354, 3.6997363599999993, 0.0
9.404656, -11.570575, 0.88767934, 40.440353, 2.6740353, 0.0, 4.787314, -20.806973, 2.482418, 47.459587, 11.76591, 0.0, 8.873089, 8.836012, 3.42937, 0.31244883, 5.7471223, 0.0, 8.326516, -4.291943, 4.4626827, 2.3398662, 0.0
8.669101, -10.9427718, 1.280229672, 41.408735400000005, 1.9419624199999999, 0.0, 4.40097786, -20.8052688, 2.63020406, 47.1131156, 11.308731, 0.0, 9.7260232, 9.6738172, 3.0810811, 0.529211504, 6.75041444, 0.0, 7.6960406, -4.3670425999999996, 4.53409232, 1.49146668, 0.0
7.933546, -10.3149686, 1.672780004, 42.3771178, 1.20988954, 0.0, 4.01464172, -20.8035646, 2.77799012, 46.7666442, 10.851552, 0.0, 10.5789574, 10.5116224, 2.7327922, 0.745974178, 7.75370658, 0.0, 7.0655652, -4.4421422, 4.60550194, 0.6430671600000002, 0.0
7.197990999999999, -9.6871654, 2.065330336, 43.345500200000004, 0.4778166600000002, 0.0, 3.62830558, -20.8018604, 2.9257761799999997, 46.420172799999996, 10.394373, 0.0, 11.4318916, 11.3494276, 2.3845033, 0.962736852, 8.75699872, 0.0, 6.4350898, -4.5172418, 4.676911560000001, -0.20533235999999944, 0.0
6.462435999999999, -9.059362199999999, 2.457880668, 44.3138826, -0.2542562199999998, 0.0, 3.24196944, -20.8001562, 3.07356224, 46.0737014, 9.937194, 0.0, 12.2848258, 12.1872328, 2.0362144, 1.179499526, 9.760290860000001, 0.0, 5.8046144, -4.5923414000000005, 4.7483211800000005, -1.0537318799999995, 0.0
5.726881, -8.431559, 2.850431, 45.282265, -0.9863291, 0.0, 2.8556333, -20.798452, 3.2213483, 45.72723, 9.480015, 0.0, 13.13776, 13.025038, 1.6879255, 1.3962622, 10.763583, 0.0, 5.174139, -4.667441, 4.8197308, -1.9021314, 0.0
5.6018202, -8.3386808, 2.8779150799999997, 45.7604808, -1.41465794, 0.0, 2.9598484800000002, -20.840506400000002, 3.30050364, 45.5563476, 9.413377, 0.0, 13.2969976, 13.096569200000001, 1.365666696, 1.67196872, 10.9504286, 0.0, 5.376405, -4.7024185, 4.86420196, -1.93390318, 0.0
5.4767594, -8.2458026, 2.90539916, 46.238696600000004, -1.84298678, 0.0, 3.06406366, -20.8825608, 3.37965898, 45.3854652, 9.346739, 0.0, 13.4562352, 13.1681004, 1.043407892, 1.9476752400000001, 11.1372742, 0.0, 5.578671, -4.737396, 4.9086731200000004, -1.9656749599999999, 0.0
5.3516986, -8.1529244, 2.93288324, 46.7169124, -2.2713156199999998, 0.0, 3.16827884, -20.9246152, 3.45881432, 45.2145828, 9.280101, 0.0, 13.6154728, 13.239631600000001, 0.7211490880000001, 2.22338176, 11.3241198, 0.0, 5.780937, -4.7723735, 4.95314428, -1.99744674, 0.0
5.2266378, -8.0600462, 2.96036732, 47.1951282, -2.69964446, 0.0, 3.27249402, -20.9666696, 3.53796966, 45.0437004, 9.213462999999999, 0.0, 13.7747104, 13.3111628, 0.39889028400000015, 2.49908828, 11.5109654, 0.0, 5.9832030000000005, -4.807351, 4.997615440000001, -2.0292185199999997, 0.0
5.101577, -7.967168, 2.9878514, 47.673344, -3.1279733, 0.0, 3.3767092, -21.008724, 3.617125, 44.872818, 9.146825, 0.0, 13.933948, 13.382694, 0.07663148, 2.7747948, 11.697811, 0.0, 6.185469, -4.8423285, 5.0420866, -2.0609903, 0.0
5.7411828, -8.5258806, 2.50407007, 47.3276508, -2.88020744, 0.0, 3.60335376, -20.8735526, 3.41167352, 44.8404004, 9.6286296, 0.0, 13.310488, 12.6650671, 0.129502104, 3.21605384, 11.0727114, 0.0, 7.112025200000001, -4.9316363, 5.3627324000000005, -1.2765331999999998, 0.0
6.380788600000001, -9.0845932, 2.02028874, 46.9819576, -2.63244158, 0.0, 3.82999832, -20.7383812, 3.20622204, 44.8079828, 10.1104342, 0.0, 12.687028, 11.9474402, 0.18237272799999998, 3.65731288, 10.447611799999999, 0.0, 8.0385814, -5.0209441, 5.6833782, -0.4920760999999998, 0.0
7.020394400000001, -9.6433058, 1.53650741, 46.6362644, -2.3846757199999997, 0.0, 4.05664288, -20.603209800000002, 3.00077056, 44.7755652, 10.5922388, 0.0, 12.063568, 11.2298133, 0.235243352, 4.0985719199999995, 9.822512199999998, 0.0, 8.9651376, -5.1102519, 6.004024, 0.2923810000000002, 0.0
7.660000200000001, -10.2020184, 1.05272608, 46.2905712, -2.13690986, 0.0, 4.2832874400000005, -20.4680384, 2.7953190799999996, 44.7431476, 11.074043399999999, 0.0, 11.440108, 10.512186400000001, 0.288113976, 4.53983096, 9.1974126, 0.0, 9.8916938, -5.1995597, 6.324669800000001, 1.0768381000000002, 0.0
8.299606, -10.760731, 0.56894475, 45.944878, -1.889144, 0.0, 4.509932, -20.332867, 2.5898676, 44.71073, 11.555848, 0.0, 10.816648, 9.7945595, 0.3409846, 4.98109, 8.572313, 0.0, 10.81825, -5.2888675, 6.6453156, 1.8612952, 0.0
9.3320524, -11.391554, 0.059207239999999994, 45.1493904, -1.262427, 0.0, 5.10984008, -20.2318392, 2.2673737199999997, 45.222816, 12.029662199999999, 0.0, 9.6011342, 8.57240946, 0.94953606, 5.1440887, 7.49066648, 0.0, 11.93454, -5.6238152800000005, 6.84806658, 3.12109376, 0.0
10.3644988, -12.022377, -0.45053027, 44.3539028, -0.63571, 0.0, 5.70974816, -20.1308114, 1.94487984, 45.734902, 12.503476399999998, 0.0, 8.3856204, 7.35025942, 1.55808752, 5.3070874, 6.409019959999999, 0.0, 13.050830000000001, -5.95876306, 7.0508175600000005, 4.38089232, 0.0
11.396945200000001, -12.6532, -0.9602677800000001, 43.558415200000006, -0.008993000000000029, 0.0, 6.30965624, -20.029783600000002, 1.62238596, 46.246988, 12.9772906, 0.0, 7.1701066, 6.12810938, 2.1666389799999997, 5.4700861, 5.327373439999999, 0.0, 14.16712, -6.29371084, 7.25356854, 5.640690879999999, 0.0
12.4293916, -13.284023000000001, -1.47000529, 42.762927600000005, 0.6177239999999999, 0.0, 6.909564319999999, -19.9287558, 1.29989208, 46.759074, 13.4511048, 0.0, 5.9545928, 4.90595934, 2.77519044, 5.6330848, 4.245726919999999, 0.0, 15.28341, -6.6286586199999995, 7.45631952, 6.900489439999999, 0.0
13.461838, -13.914846, -1.9797428, 41.96744, 1.244441, 0.0, 7.5094724, -19.827728, 0.9773982, 47.27116, 13.924919, 0.0, 4.739079, 3.6838093, 3.3837419, 5.7960835, 3.1640804, 0.0, 16.3997, -6.9636064, 7.6590705, 8.160288, 0.0
14.071351400000001, -14.230477800000001, -2.07060784, 41.6144672, 1.41632234, 0.0, 8.30775972, -19.449972, 0.633986352, 48.269674, 13.8632288, 0.0, 3.6285943880000002, 2.8350266140000002, 4.16412024, 5.86805386, 2.558635666, 0.0, 16.9478324, -7.04573406, 7.3900316, 8.9527258, 0.0
14.6808648, -14.546109600000001, -2.16147288, 41.261494400000004, 1.58820368, 0.0, 9.10604704, -19.072216, 0.29057450399999996, 49.268188, 13.801538599999999, 0.0, 2.518109776, 1.986243928, 4.944498579999999, 5.94002422, 1.953190932, 0.0, 17.4959648, -7.12786172, 7.1209927, 9.7451636, 0.0
15.290378200000001, -14.8617414, -2.25233792, 40.9085216, 1.76008502, 0.0, 9.90433436, -18.69446, -0.05283734399999995, 50.266702, 13.7398484, 0.0, 1.4076251640000002, 1.1374612419999997, 5.72487692, 6.0119945800000005, 1.347746198, 0.0, 18.0440972, -7.20998938, 6.8519538, 10.5376014, 0.0
15.8998916, -15.1773732, -2.3432029599999997, 40.555548800000004, 1.93196636, 0.0, 10.70262168, -18.316704, -0.3962491920000001, 51.265216, 13.678158199999999, 0.0, 0.2971405520000001, 0.2886785559999998, 6.50525526, 6.08396494, 0.7423014640000001, 0.0, 18.5922296, -7.29211704, 6.5829149, 11.3300392, 0.0
16.509405, -15.493005, -2.434068, 40.202576, 2.1038477, 0.0, 11.500909, -17.938948, -0.73966104, 52.26373, 13.616468, 0.0, -0.81334406, -0.56010413, 7.2856336, 6.1559353, 0.13685673, 0.0, 19.140362, -7.3742447, 6.313876, 12.122477, 0.0
16.4575484, -15.83363, -2.44562634, 40.1455096, 1.8517580540000003, 0.0, 11.7649922, -17.3647356, -0.775012212, 52.8630806, 13.161893, 0.0, -1.273363488, -0.631109392, 7.50510668, 5.88384704, 0.345930944, 0.0, 18.8750924, -6.99583664, 6.082660799999999, 12.097933, 0.0
16.4056918, -16.174255, -2.45718468, 40.0884432, 1.599668408, 0.0, 12.0290754, -16.7905232, -0.810363384, 53.462431200000005, 12.707317999999999, 0.0, -1.733382916, -0.7021146540000001, 7.72457976, 5.61175878, 0.5550051579999999, 0.0, 18.6098228, -6.61742858, 5.8514456, 12.073389, 0.0
16.353835200000002, -16.51488, -2.46874302, 40.0313768, 1.347578762, 0.0, 12.2931586, -16.2163108, -0.845714556, 54.0617818, 12.252742999999999, 0.0, -2.193402344, -0.773119916, 7.9440528399999994, 5.33967052, 0.764079372, 0.0, 18.3445532, -6.23902052, 5.6202304, 12.048845, 0.0
16.3019786, -16.855505, -2.48030136, 39.9743104, 1.095489116, 0.0, 12.5572418, -15.6420984, -0.881065728, 54.6611324, 11.798168, 0.0, -2.653421772, -0.844125178, 8.16352592, 5.06758226, 0.9731535859999999, 0.0, 18.0792836, -5.86061246, 5.3890152, 12.024301000000001, 0.0
16.250122, -17.19613, -2.4918597, 39.917244, 0.84339947, 0.0, 12.821325, -15.067886, -0.9164169, 55.260483, 11.343593, 0.0, -3.1134412, -0.91513044, 8.382999, 4.795494, 1.1822278, 0.0, 17.814014, -5.4822044, 5.1578, 11.999757, 0.0
15.8808424, -17.1445806, -2.44926664, 39.655397799999996, 0.9603477760000001, 0.0, 12.288334, -14.8269136, -0.674856228, 55.0459464, 11.2942552, 0.0, -2.8556686, -0.16888095199999997, 8.00374388, 4.0910071199999996, 2.2064201, 0.0, 16.7485732, -5.33084172, 5.197113, 11.1583302, 0.0
15.5115628, -17.093031200000002, -2.40667358, 39.393551599999995, 1.0772960820000002, 0.0, 11.755343, -14.585941199999999, -0.43329555599999997, 54.8314098, 11.2449174, 0.0, -2.597896, 0.577368536, 7.62448876, 3.38652024, 3.2306124, 0.0, 15.6831324, -5.1794790399999995, 5.236426, 10.316903400000001, 0.0
15.142283200000001, -17.0414818, -2.36408052, 39.1317054, 1.194244388, 0.0, 11.222352, -14.3449688, -0.19173488399999994, 54.6168732, 11.1955796, 0.0, -2.3401234, 1.323618024, 7.24523364, 2.68203336, 4.254804699999999, 0.0, 14.6176916, -5.02811636, 5.275739, 9.4754766, 0.0
14.773003600000001, -16.9899324, -2.32148746, 38.8698592, 1.311192694, 0.0, 10.689361000000002, -14.1039964, 0.04982578800000004, 54.402336600000005, 11.1462418, 0.0, -2.0823508, 2.069867512, 6.86597852, 1.97754648, 5.2789969999999995, 0.0, 13.5522508, -4.87675368, 5.315052, 8.6340498, 0.0
14.403724, -16.938383, -2.2788944, 38.608013, 1.428141, 0.0, 10.15637, -13.863024, 0.29138646, 54.1878, 11.096904, 0.0, -1.8245782, 2.816117, 6.4867234, 1.2730596, 6.3031893, 0.0, 12.48681, -4.725391, 5.354365, 7.792623, 0.0
14.0230152, -16.4212692, -1.98450328, 38.4552684, 1.8002316, 0.0, 9.12697588, -14.0416938, 0.8362965680000001, 53.2023786, 11.457819, 0.0, -0.9085447199999999, 4.1102364, 6.26734672, 0.7360471000000001, 7.88884444, 0.0, 10.9789633, -5.0739518, 5.13623266, 6.48860114, 0.0
13.6423064, -15.9041554, -1.69011216, 38.3025238, 2.1723222, 0.0, 8.09758176, -14.220363599999999, 1.3812066760000001, 52.2169572, 11.818734000000001, 0.0, 0.007488760000000205, 5.4043558, 6.04797004, 0.19903460000000006, 9.47449958, 0.0, 9.4711166, -5.4225126, 4.91810032, 5.1845792799999995, 0.0
13.2615976, -15.3870416, -1.39572104, 38.1497792, 2.5444128, 0.0, 7.0681876400000005, -14.3990334, 1.9261167840000002, 51.2315358, 12.179649000000001, 0.0, 0.92352224, 6.698475200000001, 5.82859336, -0.33797790000000005, 11.06015472, 0.0, 7.9632699, -5.7710734, 4.69996798, 3.8805574199999997, 0.0
12.880888800000001, -14.869927800000001, -1.10132992, 37.9970346, 2.9165034, 0.0, 6.0387935200000005, -14.5777032, 2.4710268920000003, 50.2461144, 12.540564, 0.0, 1.8395557200000003, 7.9925946, 5.60921668, -0.8749904, 12.64580986, 0.0, 6.4554232, -6.1196342, 4.48183564, 2.57653556, 0.0
12.50018, -14.352814, -0.8069388, 37.84429, 3.288594, 0.0, 5.0093994, -14.756373, 3.015937, 49.260693, 12.901479, 0.0, 2.7555892, 9.286714, 5.38984, -1.4120029, 14.231465, 0.0, 4.9475765, -6.468195, 4.2637033, 1.2725137, 0.0
11.774154600000001, -13.567634400000001, -0.550054434, 38.300807400000004, 3.1334427999999996, 0.0, 4.29124352, -14.9822194, 3.3872964000000003, 47.9914384, 12.852617200000001, 0.0, 4.01870316, 10.325999, 5.677313000000001, -1.3322265, 15.5971078, 0.0, 3.9353746560000005, -6.8314908, 3.79665094, 0.45233745999999997, 0.0
11.0481292, -12.7824548, -0.293170068, 38.7573248, 2.9782916, 0.0, 3.5730876400000002, -15.2080658, 3.7586558, 46.7221838, 12.8037554, 0.0, 5.2818171199999995, 11.365283999999999, 5.964786, -1.2524501000000001, 16.9627506, 0.0, 2.9231728120000002, -7.1947866000000005, 3.3295985800000003, -0.36783878000000003, 0.0
10.3221038, -11.9972752, -0.03628570200000003, 39.2138422, 2.8231403999999998, 0.0, 2.8549317600000004, -15.4339122, 4.130015200000001, 45.4529292, 12.7548936, 0.0, 6.54493108, 12.404569, 6.2522590000000005, -1.1726737, 18.3283934, 0.0, 1.910970968, -7.5580824, 2.86254622, -1.1880150200000001, 0.0
9.5960784, -11.212095600000001, 0.22059866399999994, 39.6703596, 2.6679892, 0.0, 2.13677588, -15.6597586, 4.5013746, 44.1836746, 12.7060318, 0.0, 7.80804504, 13.443854, 6.539732000000001, -1.0928973000000002, 19.6940362, 0.0, 0.8987691240000002, -7.9213782, 2.39549386, -2.0081912600000003, 0.0
8.870053, -10.426916, 0.47748303, 40.126877, 2.512838, 0.0, 1.41862, -15.885605, 4.872734, 42.91442, 12.65717, 0.0, 9.071159, 14.483139, 6.827205, -1.0131209, 21.059679, 0.0, -0.11343272, -8.284674, 1.9284415, -2.8283675, 0.0
8.079105, -9.6063086, 0.787015204, 40.9019326, 1.8523182, 0.0, 1.33234256, -15.8460118, 5.0329449, 42.1144354, 12.1874224, 0.0, 9.995861399999999, 14.8301106, 7.02964492, -0.6858641600000001, 21.703252799999998, 0.0, -0.296408896, -8.278305000000001, 1.7610291599999999, -2.82928974, 0.0
7.288157, -8.7857012, 1.0965473780000001, 41.676988200000004, 1.1917984, 0.0, 1.24606512, -15.8064186, 5.1931558, 41.314450799999996, 11.717674800000001, 0.0, 10.9205638, 15.1770822, 7.23208484, -0.35860742, 22.3468266, 0.0, -0.47938507199999997, -8.271936, 1.5936168199999998, -2.83021198, 0.0
6.497209000000001, -7.9650938, 1.406079552, 42.4520438, 0.5312785999999998, 0.0, 1.15978768, -15.7668254, 5.3533667, 40.5144662, 11.2479272, 0.0, 11.8452662, 15.5240538, 7.43452476, -0.031350679999999964, 22.9904004, 0.0, -0.6623612480000001, -8.265567, 1.42620448, -2.83113422, 0.0
5.7062610000000005, -7.1444864, 1.7156117260000001, 43.2270994, -0.12924120000000006, 0.0, 1.07351024, -15.727232200000001, 5.5135776, 39.7144816, 10.7781796, 0.0, 12.769968599999999, 15.8710254, 7.63696468, 0.2959060600000001, 23.6339742, 0.0, -0.845337424, -8.259198, 1.25879214, -2.83205646, 0.0
4.915313, -6.323879, 2.0251439, 44.002155, -0.789761, 0.0, 0.9872328, -15.687639, 5.6737885, 38.914497, 10.308432, 0.0, 13.694671, 16.217997, 7.8394046, 0.6231628, 24.277548, 0.0, -1.0283136, -8.252829, 1.0913798, -2.8329787, 0.0
4.75415926, -6.04214812, 1.9785338000000001, 44.2495404, -1.13342666, 0.0, 1.39275122, -15.608175600000001, 5.61308294, 38.543948, 10.237199799999999, 0.0, 14.0223782, 15.785854800000001, 7.56479208, 0.71769552, 24.1043672, 0.0, -0.37359257999999995, -8.2139904, 1.32634944, -2.01353314, 0.0
4.59300552, -5.76041724, 1.9319237, 44.4969258, -1.4770923200000001, 0.0, 1.79826964, -15.528712200000001, 5.55237738, 38.173398999999996, 10.1659676, 0.0, 14.3500854, 15.3537126, 7.29017956, 0.81222824, 23.931186399999998, 0.0, 0.28112844000000003, -8.1751518, 1.5613190799999999, -1.1940875800000001, 0.0
4.43185178, -5.47868636, 1.8853136, 44.744311200000006, -1.8207579799999998, 0.0, 2.20378806, -15.4492488, 5.49167182, 37.80285, 10.0947354, 0.0, 14.6777926, 14.9215704, 7.0155670400000005, 0.90676096, 23.7580056, 0.0, 0.93584946, -8.1363132, 1.79628872, -0.37464202000000046, 0.0
4.27069804, -5.19695548, 1.8387035, 44.991696600000004, -2.16442364, 0.0, 2.60930648, -15.3697854, 5.43096626, 37.432300999999995, 10.0235032, 0.0, 15.005499799999999, 14.489428199999999, 6.74095452, 1.0012936799999999, 23.5848248, 0.0, 1.59057048, -8.0974746, 2.03125836, 0.44480353999999966, 0.0
4.1095443, -4.9152246, 1.7920934, 45.239082, -2.5080893, 0.0, 3.0148249, -15.290322, 5.3702607, 37.061752, 9.952271, 0.0, 15.333207, 14.057286, 6.466342, 1.0958264, 23.411644, 0.0, 2.2452915, -8.058636, 2.266228, 1.2642491, 0.0
4.772466779999999, -5.36580028, 1.4762296799999999, 44.671587200000005, -2.1581542, 0.0, 3.3744791199999997, -14.9343248, 5.17100762, 36.9127156, 10.3929802, 0.0, 15.2363924, 12.8620962, 6.06530526, 1.3359774199999999, 22.546793, 0.0, 3.4875629999999997, -8.02461734, 2.6932829199999997, 2.90011598, 0.0
5.43538926, -5.81637596, 1.16036596, 44.104092400000006, -1.8082191, 0.0, 3.7341333399999996, -14.5783276, 4.97175454, 36.7636792, 10.8336894, 0.0, 15.1395778, 11.666906399999998, 5.66426852, 1.57612844, 21.681942, 0.0, 4.7298345, -7.99059868, 3.12033784, 4.53598286, 0.0
6.09831174, -6.26695164, 0.8445022400000001, 43.5365976, -1.458284, 0.0, 4.09378756, -14.2223304, 4.77250146, 36.6146428, 11.274398600000001, 0.0, 15.0427632, 10.471716599999999, 5.26323178, 1.8162794599999998, 20.817091, 0.0, 5.972106, -7.9565800200000005, 3.5473927599999997, 6.17184974, 0.0
6.76123422, -6.71752732, 0.5286385200000001, 42.9691028, -1.1083489, 0.0, 4.45344178, -13.8663332, 4.57324838, 36.4656064, 11.7151078, 0.0, 14.9459486, 9.2765268, 4.86219504, 2.05643048, 19.95224, 0.0, 7.214377499999999, -7.92256136, 3.97444768, 7.80771662, 0.0
7.4241567, -7.168103, 0.2127748, 42.401608, -0.7584138, 0.0, 4.813096, -13.510336, 4.3739953, 36.31657, 12.155817, 0.0, 14.849134, 8.081337, 4.4611583, 2.2965815, 19.087389, 0.0, 8.456649, -7.8885427, 4.4015026, 9.4435835, 0.0
8.58537116, -7.976843000000001, -0.3051017000000001, 41.378983000000005, -0.01892778000000006, 0.0, 5.15562092, -13.288354400000001, 4.07748524, 36.344986, 12.3972054, 0.0, 14.1613324, 6.432820577999999, 4.53931018, 2.60587052, 18.0832079, 0.0, 9.491955, -7.903885880000001, 4.59263408, 11.568985000000001, 0.0
9.74658562, -8.785583, -0.8229782000000001, 40.356358, 0.7205582399999999, 0.0, 5.498145839999999, -13.0663728, 3.78097518, 36.373402, 12.6385938, 0.0, 13.473530799999999, 4.784304156, 4.61746206, 2.91515954, 17.0790268, 0.0, 10.527261, -7.91922906, 4.78376556, 13.6943865, 0.0
10.90780008, -9.594323, -1.3408547000000002, 39.333733, 1.4600442599999996, 0.0, 5.84067076, -12.8443912, 3.48446512, 36.401818, 12.8799822, 0.0, 12.785729199999999, 3.135787734000001, 4.69561394, 3.22444856, 16.0748457, 0.0, 11.562567, -7.9345722400000005, 4.97489704, 15.819787999999999, 0.0
12.06901454, -10.403063, -1.8587312000000002, 38.311108, 2.19953028, 0.0, 6.18319568, -12.6224096, 3.18795506, 36.430234, 13.1213706, 0.0, 12.0979276, 1.4872713120000007, 4.77376582, 3.53373758, 15.0706646, 0.0, 12.597873, -7.94991542, 5.16602852, 17.945189499999998, 0.0
13.230229, -11.211803, -2.3766077, 37.288483, 2.9390163, 0.0, 6.5257206, -12.400428, 2.891445, 36.45865, 13.362759, 0.0, 11.410126, -0.16124511, 4.8519177, 3.8430266, 14.0664835, 0.0, 13.633179, -7.9652586, 5.35716, 20.070591, 0.0
14.0492128, -11.6988902, -2.5266694800000002, 36.7442764, 3.22588984, 0.0, 6.98740268, -12.1024262, 2.395335726, 36.802852, 12.9403856, 0.0, 10.36737254, -1.395722768, 5.31774616, 4.27986148, 13.659919200000001, 0.0, 14.1217906, -7.86579942, 5.0350694, 21.809085200000002, 0.0
14.8681966, -12.1859774, -2.67673126, 36.2000698, 3.51276338, 0.0, 7.44908476, -11.8044244, 1.8992264520000002, 37.147054, 12.518012200000001, 0.0, 9.32461908, -2.6302004259999996, 5.78357462, 4.71669636, 13.2533549, 0.0, 14.6104022, -7.76634024, 4.7129788, 23.5475794, 0.0
15.687180399999999, -12.6730646, -2.82679304, 35.6558632, 3.7996369199999998, 0.0, 7.910766839999999, -11.506422599999999, 1.403117178, 37.491256, 12.0956388, 0.0, 8.281865620000001, -3.8646780839999995, 6.24940308, 5.1535312399999995, 12.8467906, 0.0, 15.0990138, -7.666881060000001, 4.3908882, 25.2860736, 0.0
16.5061642, -13.160151800000001, -2.97685482, 35.1116566, 4.0865104599999995, 0.0, 8.37244892, -11.208420799999999, 0.9070079040000001, 37.835457999999996, 11.6732654, 0.0, 7.23911216, -5.099155742, 6.71523154, 5.59036612, 12.440226299999999, 0.0, 15.587625399999999, -7.56742188, 4.0687976, 27.0245678, 0.0
17.325148, -13.647239, -3.1269166, 34.56745, 4.373384, 0.0, 8.834131, -10.910419, 0.41089863, 38.17966, 11.250892, 0.0, 6.1963587, -6.3336334, 7.18106, 6.027201, 12.033662, 0.0, 16.076237, -7.4679627, 3.746707, 28.763062, 0.0
17.485857, -13.854902800000001, -3.12388836, 34.465733, 4.23400932, 0.0, 8.8364354, -10.396435799999999, -0.2702403960000001, 38.3190348, 10.399273, 0.0, 5.48487712, -6.86093452, 7.287479060000001, 6.33628192, 12.444372399999999, 0.0, 15.998487399999998, -7.27137956, 2.9337386899999998, 30.16805, 0.0
17.646566, -14.0625666, -3.12086012, 34.364016, 4.09463464, 0.0, 8.838739799999999, -9.882452599999999, -0.9513794220000003, 38.458409599999996, 9.547654, 0.0, 4.77339554, -7.3882356399999995, 7.39389812, 6.64536284, 12.8550828, 0.0, 15.9207378, -7.07479642, 2.1207703799999997, 31.573038, 0.0
17.807274999999997, -14.2702304, -3.1178318799999998, 34.262299, 3.95525996, 0.0, 8.8410442, -9.368469399999999, -1.6325184480000001, 38.5977844, 8.696035, 0.0, 4.06191396, -7.91553676, 7.500317180000001, 6.95444376, 13.2657932, 0.0, 15.842988199999999, -6.87821328, 1.3078020700000001, 32.978026, 0.0
17.967983999999998, -14.4778942, -3.11480364, 34.160582, 3.81588528, 0.0, 8.8433486, -8.8544862, -2.313657474, 38.7371592, 7.844416000000001, 0.0, 3.35043238, -8.442837879999999, 7.60673624, 7.26352468, 13.6765036, 0.0, 15.7652386, -6.68163014, 0.4948337600000001, 34.383014, 0.0
18.128693, -14.685558, -3.1117754, 34.058865, 3.6765106, 0.0, 8.845653, -8.340503, -2.9947965, 38.876534, 6.992797, 0.0, 2.6389508, -8.970139, 7.7131553, 7.5726056, 14.087214, 0.0, 15.687489, -6.485047, -0.31813455, 35.788002, 0.0
18.0872454, -14.4367248, -3.37187532, 33.7163166, 3.9185492799999997, 0.0, 8.26147428, -8.3156578, -3.54295854, 38.2978108, 6.57999228, 0.0, 2.30931757, -8.8453646, 7.37547564, 7.82791908, 15.316136199999999, 0.0, 15.2463454, -6.2977242, -1.52554504, 37.558731, 0.0
18.0457978, -14.1878916, -3.63197524, 33.3737682, 4.16058796, 0.0, 7.67729556, -8.2908126, -4.09112058, 37.7190876, 6.16718756, 0.0, 1.97968434, -8.7205902, 7.03779598, 8.08323256, 16.5450584, 0.0, 14.805201799999999, -6.1104014, -2.73295553, 39.32946, 0.0
18.0043502, -13.9390584, -3.89207516, 33.031219799999995, 4.402626639999999, 0.0, 7.09311684, -8.2659674, -4.63928262, 37.140364399999996, 5.75438284, 0.0, 1.6500511100000002, -8.595815799999999, 6.70011632, 8.33854604, 17.7739806, 0.0, 14.364058199999999, -5.9230786, -3.94036602, 41.100189, 0.0
17.9629026, -13.6902252, -4.15217508, 32.6886714, 4.64466532, 0.0, 6.50893812, -8.2411222, -5.187444660000001, 36.5616412, 5.341578119999999, 0.0, 1.3204178800000002, -8.471041399999999, 6.36243666, 8.59385952, 19.0029028, 0.0, 13.9229146, -5.7357558, -5.14777651, 42.870917999999996, 0.0
17.921455, -13.441392, -4.412275, 32.346123, 4.886704, 0.0, 5.9247594, -8.216277, -5.7356067, 35.982918, 4.9287734, 0.0, 0.99078465, -8.346267, 6.024757, 8.849173, 20.231825, 0.0, 13.481771, -5.548433, -6.355187, 44.641647, 0.0
18.288642000000003, -13.034119, -4.4398832, 31.6632744, 5.5080881999999995, 0.0, 5.08020824, -8.7510248, -5.67819156, 34.6436448, 5.28221632, 0.0, 0.817334504, -7.9023897199999995, 5.8955654, 9.2372964, 22.2815374, 0.0, 12.547929, -5.48626666, -7.7726142, 46.5509564, 0.0
18.655829, -12.626846, -4.4674914, 30.9804258, 6.1294724, 0.0, 4.23565708, -9.2857726, -5.62077642, 33.304371599999996, 5.63565924, 0.0, 0.643884358, -7.45851244, 5.7663738, 9.6254198, 24.331249800000002, 0.0, 11.614087, -5.42410032, -9.1900414, 48.4602658, 0.0
19.023016000000002, -12.219573, -4.4950996, 30.2975772, 6.7508566, 0.0, 3.39110592, -9.8205204, -5.56336128, 31.9650984, 5.98910216, 0.0, 0.4704342119999999, -7.014635159999999, 5.6371822, 10.0135432, 26.3809622, 0.0, 10.680245, -5.36193398, -10.6074686, 50.3695752, 0.0
19.390203, -11.8123, -4.5227078, 29.6147286, 7.3722408, 0.0, 2.5465547600000003, -10.3552682, -5.50594614, 30.6258252, 6.34254508, 0.0, 0.29698406599999994, -6.5707578799999995, 5.5079906, 10.4016666, 28.4306746, 0.0, 9.746403, -5.29976764, -12.0248958, 52.278884600000005, 0.0
19.75739, -11.405027, -4.550316, 28.93188, 7.993625, 0.0, 1.7020036, -10.890016, -5.448531, 29.286552, 6.695988, 0.0, 0.12353392, -6.1268806, 5.378799, 10.78979, 30.480387, 0.0, 8.812561, -5.2376013, -13.442323, 54.188194, 0.0
20.1169784, -11.441933200000001, -4.2608456, 28.2063176, 8.4979894, 0.0, 0.7867918600000001, -11.310224, -4.86807406, 27.6308948, 7.6488642, 0.0, 0.31965063600000004, -5.79965702, 5.65274452, 11.467051, 33.1127696, 0.0, 7.4642329400000005, -5.345786299999999, -14.6916254, 55.7982292, 0.0
20.4765668, -11.4788394, -3.9713751999999998, 27.4807552, 9.0023538, 0.0, -0.12841987999999982, -11.730432, -4.28761712, 25.9752376, 8.6017404, 0.0, 0.515767352, -5.47243344, 5.9266900399999995, 12.144312, 35.7451522, 0.0, 6.11590488, -5.4539713, -15.9409278, 57.4082644, 0.0
20.8361552, -11.5157456, -3.6819048, 26.7551928, 9.5067182, 0.0, -1.0436316199999995, -12.15064, -3.70716018, 24.3195804, 9.5546166, 0.0, 0.711884068, -5.14520986, 6.20063556, 12.821573, 38.3775348, 0.0, 4.76757682, -5.5621563, -17.190230200000002, 59.018299600000006, 0.0
21.1957436, -11.5526518, -3.3924344, 26.029630400000002, 10.0110826, 0.0, -1.9588433599999997, -12.570848, -3.12670324, 22.6639232, 10.5074928, 0.0, 0.9080007840000001, -4.81798628, 6.47458108, 13.498834, 41.0099174, 0.0, 3.4192487600000003, -5.6703413000000005, -18.4395326, 60.628334800000005, 0.0
21.555332, -11.589558, -3.102964, 25.304068, 10.515447, 0.0, -2.8740551, -12.991056, -2.5462463, 21.008266, 11.460369, 0.0, 1.1041175, -4.4907627, 6.7485266, 14.176095, 43.6423, 0.0, 2.0709207, -5.7785263, -19.688835, 62.23837, 0.0
21.6209078, -11.9358492, -2.63271416, 24.772841200000002, 11.0209568, 0.0, -3.8010614, -12.953205, -2.001906074, 19.7755094, 12.5131908, 0.0, 1.576557, -4.197229480000001, 7.03029708, 14.8164504, 46.1294132, 0.0, 1.0042257599999997, -5.93016634, -20.755699, 63.525194, 0.0
21.6864836, -12.2821404, -2.16246432, 24.2416144, 11.526466600000001, 0.0, -4.7280677, -12.915354, -1.457565848, 18.5427528, 13.5660126, 0.0, 2.0489965, -3.9036962600000003, 7.31206756, 15.4568058, 48.6165264, 0.0, -0.062469180000000346, -6.081806380000001, -21.822563, 64.812018, 0.0
21.7520594, -12.628431599999999, -1.69221448, 23.7103876, 12.031976400000001, 0.0, -5.655074000000001, -12.877502999999999, -0.9132256220000001, 17.3099962, 14.6188344, 0.0, 2.521436, -3.61016304, 7.5938380400000005, 16.0971612, 51.1036396, 0.0, -1.1291641200000004, -6.23344642, -22.889426999999998, 66.098842, 0.0
21.817635199999998, -12.9747228, -1.2219646400000002, 23.1791608, 12.5374862, 0.0, -6.5820803, -12.839652, -0.36888539600000003, 16.0772396, 15.671656200000001, 0.0, 2.9938754999999997, -3.31662982, 7.87560852, 16.7375166, 53.590752800000004, 0.0, -2.1958590600000005, -6.38508646, -23.956291, 67.385666, 0.0
21.883211, -13.321014, -0.7517148, 22.647934, 13.042996, 0.0, -7.5090866, -12.801801, 0.17545483, 14.844483, 16.724478, 0.0, 3.466315, -3.0230966, 8.157379, 17.377872, 56.077866, 0.0, -3.262554, -6.5367265, -25.023155, 68.67249, 0.0
21.995544, -13.6875484, -0.07730338000000003, 22.0986828, 13.5593058, 0.0, -8.192489479999999, -12.5327558, 0.5342178639999999, 14.0480294, 17.533782000000002, 0.0, 3.564968, -2.6291857800000002, 8.1938072, 17.730067, 58.0441688, 0.0, -3.7614564, -6.5031836, -25.9305372, 69.6492012, 0.0
22.107877, -14.0540828, 0.59710804, 21.5494316, 14.0756156, 0.0, -8.87589236, -12.2637106, 0.892980898, 13.251575800000001, 18.343086, 0.0, 3.663621, -2.23527496, 8.2302354, 18.082262, 60.0104716, 0.0, -4.260358800000001, -6.4696407, -26.8379194, 70.62591239999999, 0.0
22.22021, -14.4206172, 1.2715194599999997, 21.0001804, 14.591925400000001, 0.0, -9.559295239999999, -11.9946654, 1.2517439320000001, 12.455122200000002, 19.15239, 0.0, 3.7622739999999997, -1.84136414, 8.266663600000001, 18.434457, 61.9767744, 0.0, -4.7592612, -6.4360978, -27.745301599999998, 71.6026236, 0.0
22.332543, -14.7871516, 1.94593088, 20.4509292, 15.1082352, 0.0, -10.24269812, -11.7256202, 1.610506966, 11.6586686, 19.961693999999998, 0.0, 3.8609269999999998, -1.4474533200000002, 8.3030918, 18.786652, 63.9430772, 0.0, -5.2581636, -6.4025549, -28.6526838, 72.5793348, 0.0
22.444876, -15.153686, 2.6203423, 19.901678, 15.624545, 0.0, -10.926101, -11.456575, 1.96927, 10.862215, 20.770998, 0.0, 3.95958, -1.0535425, 8.33952, 19.138847, 65.90938, 0.0, -5.757066, -6.369012, -29.560066, 73.556046, 0.0
22.7079568, -15.3432408, 3.16803284, 18.9809829, 15.967760799999999, 0.0, -11.485336199999999, -11.1834114, 2.05136142, 10.1458586, 21.255207799999997, 0.0, 3.63509326, -0.9505958600000001, 8.2766958, 19.136998799999997, 67.2928268, 0.0, -5.937116, -6.35473452, -30.129466, 74.18650679999999, 0.0
22.971037600000002, -15.5327956, 3.71572338, 18.0602878, 16.3109766, 0.0, -12.044571399999999, -10.9102478, 2.1334528400000004, 9.4295022, 21.7394176, 0.0, 3.31060652, -0.8476492200000001, 8.213871600000001, 19.1351506, 68.6762736, 0.0, -6.117166, -6.3404570399999995, -30.698866, 74.8169676, 0.0
23.2341184, -15.7223504, 4.26341392, 17.1395927, 16.6541924, 0.0, -12.603806599999999, -10.6370842, 2.21554426, 8.7131458, 22.223627399999998, 0.0, 2.98611978, -0.74470258, 8.1510474, 19.133302399999998, 70.0597204, 0.0, -6.297216, -6.32617956, -31.268266, 75.44742839999999, 0.0
23.4971992, -15.9119052, 4.811104459999999, 16.218897600000002, 16.9974082, 0.0, -13.1630418, -10.3639206, 2.29763568, 7.996789400000001, 22.7078372, 0.0, 2.66163304, -0.64175594, 8.0882232, 19.1314542, 71.4431672, 0.0, -6.477266, -6.311902079999999, -31.837666, 76.0778892, 0.0
23.76028, -16.10146, 5.358795, 15.2982025, 17.340624, 0.0, -13.722277, -10.090757, 2.3797271, 7.280433, 23.192047, 0.0, 2.3371463, -0.5388093, 8.025399, 19.129606, 72.826614, 0.0, -6.657316, -6.2976246, -32.407066, 76.70835, 0.0
23.8232882, -15.7549307, 5.3916602, 14.180521800000001, 17.9245454, 0.0, -14.1318354, -9.7949224, 2.30264724, 6.5263676, 23.416954, 0.0, 2.17006676, -0.73600252, 8.0100694, 18.920602199999998, 73.69068920000001, 0.0, -6.7492094, -6.31886436, -32.5961928, 77.13151599999999, 0.0
23.8862964, -15.408401399999999, 5.424525399999999, 13.0628411, 18.5084668, 0.0, -14.5413938, -9.4990878, 2.22556738, 5.7723022, 23.641861, 0.0, 2.00298722, -0.93319574, 7.9947398, 18.7115984, 74.55476440000001, 0.0, -6.8411028, -6.34010412, -32.7853196, 77.554682, 0.0
23.9493046, -15.061872099999999, 5.4573906, 11.9451604, 19.0923882, 0.0, -14.9509522, -9.2032532, 2.14848752, 5.0182368, 23.866768, 0.0, 1.83590768, -1.13038896, 7.9794102, 18.5025946, 75.4188396, 0.0, -6.9329962, -6.36134388, -32.9744464, 77.977848, 0.0
24.0123128, -14.7153428, 5.4902558, 10.827479700000001, 19.6763096, 0.0, -15.3605106, -8.9074186, 2.07140766, 4.2641714, 24.091675, 0.0, 1.66882814, -1.32758218, 7.9640806, 18.2935908, 76.2829148, 0.0, -7.0248896, -6.38258364, -33.1635732, 78.401014, 0.0
24.075321, -14.3688135, 5.523121, 9.709799, 20.260231, 0.0, -15.770069, -8.611584, 1.9943278, 3.510106, 24.316582, 0.0, 1.5017486, -1.5247754, 7.948751, 18.084587, 77.14699, 0.0, -7.116783, -6.4038234, -33.3527, 78.82418, 0.0
24.145035399999998, -13.5964222, 5.29483432, 8.7196076, 20.661243000000002, 0.0, -16.2829772, -8.18803592, 1.69239709, 2.7666210700000002, 24.2408942, 0.0, 1.296558672, -1.84058596, 8.043604199999999, 17.8142432, 77.636756, 0.0, -7.0514064, -6.512414000000001, -33.299777999999996, 79.18503199999999, 0.0
24.2147498, -12.8240309, 5.06654764, 7.7294162, 21.062255, 0.0, -16.7958854, -7.76448784, 1.39046638, 2.02313614, 24.1652064, 0.0, 1.091368744, -2.15639652, 8.1384574, 17.5438994, 78.12652200000001, 0.0, -6.9860298, -6.6210046, -33.246856, 79.545884, 0.0
24.2844642, -12.0516396, 4.8382609599999995, 6.7392248, 21.463267000000002, 0.0, -17.3087936, -7.34093976, 1.08853567, 1.2796512100000004, 24.0895186, 0.0, 0.8861788160000001, -2.47220708, 8.2333106, 17.273555599999998, 78.616288, 0.0, -6.9206532, -6.7295952, -33.193934, 79.906736, 0.0
24.3541786, -11.279248299999999, 4.60997428, 5.7490334, 21.864279, 0.0, -17.8217018, -6.91739168, 0.78660496, 0.5361662800000002, 24.0138308, 0.0, 0.6809888880000001, -2.78801764, 8.3281638, 17.0032118, 79.106054, 0.0, -6.8552766, -6.8381858, -33.141012, 80.267588, 0.0
24.423893, -10.506857, 4.3816876, 4.758842, 22.265291, 0.0, -18.33461, -6.4938436, 0.48467425, -0.20731865, 23.938143, 0.0, 0.47579896, -3.1038282, 8.423017, 16.732868, 79.59582, 0.0, -6.7899, -6.9467764, -33.08809, 80.62844, 0.0
24.4635872, -9.8365882, 4.26561296, 3.9064191879999997, 22.396148800000002, 0.0, -18.776456, -5.99015878, 0.18025618, -0.72606192, 23.7682264, 0.0, 0.23841654799999998, -3.4118125, 8.749134399999999, 16.5139106, 79.864042, 0.0, -6.6916148600000005, -7.04221492, -32.88257, 80.93862, 0.0
24.5032814, -9.1663194, 4.1495383200000004, 3.0539963759999997, 22.5270066, 0.0, -19.218302, -5.48647396, -0.12416189, -1.2448051900000001, 23.5983098, 0.0, 0.0010341359999999633, -3.7197968, 9.0752518, 16.2949532, 80.132264, 0.0, -6.59332972, -7.13765344, -32.67705, 81.2488, 0.0
24.542975600000002, -8.4960506, 4.03346368, 2.2015735639999994, 22.6578644, 0.0, -19.660148, -4.98278914, -0.42857996, -1.7635484600000002, 23.428393200000002, 0.0, -0.23634827600000008, -4.0277811, 9.4013692, 16.0759958, 80.400486, 0.0, -6.49504458, -7.233091959999999, -32.47153, 81.55897999999999, 0.0
24.5826698, -7.8257818, 3.9173890399999998, 1.3491507519999995, 22.7887222, 0.0, -20.101994, -4.47910432, -0.73299803, -2.2822917300000003, 23.2584766, 0.0, -0.47373068800000007, -4.3357654, 9.7274866, 15.8570384, 80.66870800000001, 0.0, -6.396759439999999, -7.3285304799999995, -32.26601, 81.86916, 0.0
24.622364, -7.155513, 3.8013144, 0.49672794, 22.91958, 0.0, -20.54384, -3.9754195, -1.0374161, -2.801035, 23.08856, 0.0, -0.7111131, -4.6437497, 10.053604, 15.638081, 80.93693, 0.0, -6.2984743, -7.423969, -32.06049, 82.17934, 0.0
24.625328, -6.7305078, 3.6934966399999998, -0.03022232800000002, 22.9073024, 0.0, -20.7979348, -3.7033514800000003, -1.27139144, -3.0807732000000003, 22.9528624, 0.0, -0.87545508, -4.88942288, 10.3158032, 15.5068658, 81.05132400000001, 0.0, -6.29790678, -7.6372805999999995, -31.859542400000002, 82.354924, 0.0
24.628292000000002, -6.3055026, 3.5856788799999997, -0.557172596, 22.895024799999998, 0.0, -21.0520296, -3.43128346, -1.50536678, -3.3605114, 22.8171648, 0.0, -1.0397970600000002, -5.1350960599999995, 10.578002399999999, 15.3756506, 81.165718, 0.0, -6.29733926, -7.8505921999999995, -31.6585948, 82.530508, 0.0
24.631256, -5.880497399999999, 3.47786112, -1.084122864, 22.8827472, 0.0, -21.306124399999998, -3.15921544, -1.7393421199999999, -3.6402496, 22.6814672, 0.0, -1.20413904, -5.380769239999999, 10.8402016, 15.244435399999999, 81.280112, 0.0, -6.29677174, -8.0639038, -31.4576472, 82.706092, 0.0
24.634220000000003, -5.4554922, 3.37004336, -1.611073132, 22.8704696, 0.0, -21.5602192, -2.88714742, -1.9733174599999999, -3.9199878000000004, 22.5457696, 0.0, -1.36848102, -5.62644242, 11.1024008, 15.113220199999999, 81.39450599999999, 0.0, -6.29620422, -8.2772154, -31.256699599999997, 82.881676, 0.0
24.637184, -5.030487, 3.2622256, -2.1380234, 22.858192, 0.0, -21.814314, -2.6150794, -2.2072928, -4.199726, 22.410072, 0.0, -1.532823, -5.8721156, 11.3646, 14.982005, 81.5089, 0.0, -6.2956367, -8.490527, -31.055752, 83.05726, 0.0
