/h1_2/pelvis/left_hip_yaw_joint, /h1_2/left_hip_yaw_link/left_hip_pitch_joint, /h1_2/left_hip_pitch_link/left_hip_roll_joint, /h1_2/left_hip_roll_link/left_knee_joint, /h1_2/left_knee_link/left_ankle_pitch_joint, /h1_2/left_ankle_pitch_link/left_ankle_roll_joint, /h1_2/pelvis/right_hip_yaw_joint, /h1_2/right_hip_yaw_link/right_hip_pitch_joint, /h1_2/right_hip_pitch_link/right_hip_roll_joint, /h1_2/right_hip_roll_link/right_knee_joint, /h1_2/right_knee_link/right_ankle_pitch_joint, /h1_2/right_ankle_pitch_link/right_ankle_roll_joint, /h1_2/pelvis/torso_joint, /h1_2/torso_link/left_shoulder_pitch_joint, /h1_2/left_shoulder_pitch_link/left_shoulder_roll_joint, /h1_2/left_shoulder_roll_link/left_shoulder_yaw_joint, /h1_2/left_shoulder_yaw_link/left_elbow_joint, /h1_2/left_elbow_link/left_wrist_roll_joint, /h1_2/torso_link/right_shoulder_pitch_joint, /h1_2/right_shoulder_pitch_link/right_shoulder_roll_joint, /h1_2/right_shoulder_roll_link/right_shoulder_yaw_joint, /h1_2/right_shoulder_yaw_link/right_elbow_joint, /h1_2/right_elbow_link/right_wrist_roll_joint
22.272778, -13.536632, -4.6722775, 6.615264, 18.026964, 0.0, 0.6708532, -22.324028, 6.501943, 17.068415, 23.788504, 0.0, 8.304451, -10.481148, 7.770255, -5.9557743, 59.20955, 0.0, 4.7258735, -2.4701576, 2.295271, 28.091194, 0.0
21.8866384, -13.8018628, -4.74127248, 7.0572836, 17.9262068, 0.0, 0.79451528, -22.787512399999997, 6.359011199999999, 17.776320000000002, 24.1697204, 0.0, 8.3782332, -10.150770399999999, 7.79620288, -6.08509804, 58.769423, 0.0, 4.939133, -2.98887168, 2.32554256, 27.2283164, 0.0
21.5004988, -14.0670936, -4.81026746, 7.4993032, 17.8254496, 0.0, 0.91817736, -23.2509968, 6.2160794, 18.484225000000002, 24.5509368, 0.0, 8.4520154, -9.820392799999999, 7.8221507599999995, -6.21442178, 58.329296, 0.0, 5.1523924999999995, -3.50758576, 2.3558141200000002, 26.3654388, 0.0
21.1143592, -14.332324400000001, -4.87926244, 7.9413228, 17.724692400000002, 0.0, 1.04183944, -23.714481199999998, 6.0731475999999995, 19.19213, 24.932153200000002, 0.0, 8.525797599999999, -9.4900152, 7.84809864, -6.34374552, 57.889169, 0.0, 5.365652, -4.02629984, 2.38608568, 25.502561200000002, 0.0
20.7282196, -14.5975552, -4.94825742, 8.3833424, 17.623935200000002, 0.0, 1.1655015199999998, -24.1779656, 5.9302158, 19.900035, 25.3133696, 0.0, 8.599579799999999, -9.1596376, 7.874046519999999, -6.47306926, 57.449042, 0.0, 5.578911499999999, -4.545013920000001, 2.41635724, 24.6396836, 0.0
20.34208, -14.862786, -5.0172524, 8.825362, 17.523178, 0.0, 1.2891636, -24.64145, 5.787284, 20.60794, 25.694586, 0.0, 8.673362, -8.82926, 7.8999944, -6.602393, 57.008915, 0.0, 5.792171, -5.063728, 2.4466288, 23.776806, 0.0
20.0232818, -15.1854334, -4.87023952, 9.485355, 17.173083600000002, 0.0, 1.170276626, -25.4531934, 5.3992416, 21.665293, 26.2210054, 0.0, 8.3296044, -8.1201784, 8.53012172, -6.78230626, 56.0866364, 0.0, 6.3980999, -6.3591356, 1.816102474, 22.1311376, 0.0
19.7044836, -15.5080808, -4.72322664, 10.145348, 16.822989200000002, 0.0, 1.051389652, -26.2649368, 5.0111992, 22.722645999999997, 26.7474248, 0.0, 7.985846799999999, -7.4110968, 9.16024904, -6.9622195200000005, 55.164357800000005, 0.0, 7.0040287999999995, -7.6545432, 1.185576148, 20.4854692, 0.0
19.3856854, -15.830728200000001, -4.57621376, 10.805341, 16.4728948, 0.0, 0.932502678, -27.0766802, 4.6231568, 23.779998999999997, 27.2738442, 0.0, 7.642089199999999, -6.7020152, 9.79037636, -7.142132780000001, 54.2420792, 0.0, 7.6099577, -8.9499508, 0.555049822, 18.8398008, 0.0
19.0668872, -16.1533756, -4.42920088, 11.465334, 16.1228004, 0.0, 0.813615704, -27.8884236, 4.2351144, 24.837352, 27.8002636, 0.0, 7.2983316, -5.992933600000001, 10.42050368, -7.32204604, 53.3198006, 0.0, 8.2158866, -10.2453584, -0.07547650400000006, 17.1941324, 0.0
18.748089, -16.476023, -4.282188, 12.125327, 15.772706, 0.0, 0.69472873, -28.700167, 3.847072, 25.894705, 28.326683, 0.0, 6.954574, -5.283852, 11.050631, -7.5019593, 52.397522, 0.0, 8.8218155, -11.540766, -0.70600283, 15.548464, 0.0
18.9182718, -16.676454800000002, -3.5104768879999995, 12.7968106, 15.1751804, 0.0, -0.009859416000000065, -29.119205, 2.9267284, 26.9098382, 28.568665199999998, 0.0, 6.4531332, -4.7432447600000005, 12.6006764, -7.06768874, 50.812059000000005, 0.0, 9.8655854, -13.389048599999999, -2.208963264, 13.49311786, 0.0
19.0884546, -16.876886600000002, -2.7387657759999997, 13.4682942, 14.5776548, 0.0, -0.7144475620000001, -29.538243, 2.0063847999999997, 27.9249714, 28.8106474, 0.0, 5.951692400000001, -4.20263752, 14.1507218, -6.6334181800000005, 49.226596, 0.0, 10.9093553, -15.2373312, -3.711923698, 11.43777172, 0.0
19.2586374, -17.0773184, -1.967054664, 14.139777800000001, 13.9801292, 0.0, -1.4190357080000005, -29.957281, 1.0860411999999995, 28.940104599999998, 29.0526296, 0.0, 5.4502516000000005, -3.6620302799999997, 15.700767200000001, -6.19914762, 47.641133, 0.0, 11.9531252, -17.085613799999997, -5.214884132, 9.38242558, 0.0
19.4288202, -17.2777502, -1.1953435519999998, 14.8112614, 13.3826036, 0.0, -2.1236238540000003, -30.376319, 0.16569759999999967, 29.9552378, 29.294611800000002, 0.0, 4.9488108, -3.12142304, 17.250812600000003, -5.76487706, 46.05567, 0.0, 12.9968951, -18.9338964, -6.717844566, 7.32707944, 0.0
19.599003, -17.478182, -0.42363244, 15.482745, 12.785078, 0.0, -2.828212, -30.795357, -0.754646, 30.970371, 29.536594, 0.0, 4.44737, -2.5808158, 18.800858, -5.3306065, 44.470207, 0.0, 14.040665, -20.782179, -8.220805, 5.2717333, 0.0
19.8948228, -17.7281678, 0.8549519080000001, 16.4750938, 12.5179401, 0.0, -3.8961368, -30.5983588, -1.9760045600000002, 31.8441762, 29.609444800000002, 0.0, 4.508900000000001, -2.76371484, 21.0662004, -4.01709676, 42.136836800000005, 0.0, 14.7061656, -22.253037799999998, -10.2359004, 3.70678278, 0.0
20.1906426, -17.9781536, 2.133536256, 17.4674426, 12.2508022, 0.0, -4.964061599999999, -30.4013606, -3.1973631200000003, 32.7179814, 29.6822956, 0.0, 4.57043, -2.94661388, 23.3315428, -2.70358702, 39.8034666, 0.0, 15.3716662, -23.7238966, -12.250995800000002, 2.14183226, 0.0
20.4864624, -18.2281394, 3.4121206040000005, 18.4597914, 11.9836643, 0.0, -6.031986399999999, -30.204362399999997, -4.41872168, 33.5917866, 29.7551464, 0.0, 4.63196, -3.12951292, 25.5968852, -1.3900772799999999, 37.4700964, 0.0, 16.0371668, -25.1947554, -14.266091200000002, 0.5768817400000001, 0.0
20.7822822, -18.478125199999997, 4.690704952000001, 19.452140200000002, 11.7165264, 0.0, -7.099911199999999, -30.007364199999998, -5.6400802400000005, 34.4655918, 29.8279972, 0.0, 4.69349, -3.31241196, 27.862227599999997, -0.0765675400000001, 35.1367262, 0.0, 16.7026674, -26.6656142, -16.2811866, -0.9880687799999999, 0.0
21.078102, -18.728111, 5.9692893, 20.444489, 11.4493885, 0.0, -8.167836, -29.810366, -6.8614388, 35.339397, 29.900848, 0.0, 4.75502, -3.495311, 30.12757, 1.2369422, 32.803356, 0.0, 17.368168, -28.136473, -18.296282, -2.5530193, 0.0
20.9685272, -19.057923199999998, 7.10892524, 21.5808976, 11.7712492, 0.0, -8.9635126, -29.1328234, -7.67336724, 36.0616872, 29.918197, 0.0, 5.2711414, -4.5054902000000006, 32.329575999999996, 3.3365417600000002, 30.0636188, 0.0, 17.214935, -28.8229036, -19.8616536, -3.31439524, 0.0
20.8589524, -19.3877354, 8.24856118, 22.7173062, 12.0931099, 0.0, -9.7591892, -28.4552808, -8.48529568, 36.7839774, 29.935546, 0.0, 5.7872628, -5.5156694, 34.531582, 5.436141320000001, 27.3238816, 0.0, 17.061702, -29.509334199999998, -21.4270252, -4.07577118, 0.0
20.749377600000003, -19.7175476, 9.388197120000001, 23.8537148, 12.4149706, 0.0, -10.5548658, -27.7777382, -9.29722412, 37.5062676, 29.952895, 0.0, 6.3033842, -6.5258486, 36.733588, 7.5357408800000005, 24.5841444, 0.0, 16.908469, -30.1957648, -22.9923968, -4.83714712, 0.0
20.639802800000002, -20.047359800000002, 10.52783306, 24.9901234, 12.7368313, 0.0, -11.3505424, -27.1001956, -10.109152559999998, 38.2285578, 29.970244, 0.0, 6.819505599999999, -7.5360278, 38.935593999999995, 9.63534044, 21.8444072, 0.0, 16.755236, -30.882195399999997, -24.5577684, -5.59852306, 0.0
20.530228, -20.377172, 11.667469, 26.126532, 13.058692, 0.0, -12.146219, -26.422653, -10.921081, 38.950848, 29.987593, 0.0, 7.335627, -8.546207, 41.1376, 11.73494, 19.10467, 0.0, 16.602003, -31.568626, -26.12314, -6.359899, 0.0
20.1549804, -20.6470024, 12.4221846, 26.9101696, 13.5899804, 0.0, -12.3058996, -25.9198492, -11.069924599999998, 39.6776332, 29.9672758, 0.0, 7.46693786, -9.9943512, 42.7392204, 14.1368842, 16.8891672, 0.0, 16.0015854, -31.4370774, -26.8878698, -6.3568506000000005, 0.0
19.7797328, -20.9168328, 13.1769002, 27.693807200000002, 14.121268800000001, 0.0, -12.4655802, -25.4170454, -11.2187682, 40.404418400000004, 29.9469586, 0.0, 7.59824872, -11.4424954, 44.3408408, 16.5388284, 14.6736644, 0.0, 15.4011678, -31.305528799999998, -27.6525996, -6.3538022000000005, 0.0
19.4044852, -21.1866632, 13.9316158, 28.4774448, 14.6525572, 0.0, -12.625260800000001, -24.9142416, -11.367611799999999, 41.1312036, 29.9266414, 0.0, 7.72955958, -12.8906396, 45.9424612, 18.9407726, 12.458161599999999, 0.0, 14.8007502, -31.1739802, -28.4173294, -6.3507538, 0.0
19.029237600000002, -21.4564936, 14.6863314, 29.261082400000003, 15.183845600000001, 0.0, -12.784941400000001, -24.411437799999998, -11.5164554, 41.8579888, 29.9063242, 0.0, 7.86087044, -14.3387838, 47.5440816, 21.342716799999998, 10.2426588, 0.0, 14.2003326, -31.042431599999997, -29.182059199999998, -6.3477054, 0.0
18.65399, -21.726324, 15.441047, 30.04472, 15.715134, 0.0, -12.944622, -23.908634, -11.665299, 42.584774, 29.886007, 0.0, 7.9921813, -15.786928, 49.145702, 23.744661, 8.027156, 0.0, 13.599915, -30.910883, -29.946789, -6.344657, 0.0
18.2545774, -21.953154400000003, 15.776787599999999, 30.280037200000002, 15.793407, 0.0, -12.544982000000001, -23.9678622, -11.4428796, 43.2593346, 29.7885442, 0.0, 7.6359584400000005, -16.714857, 49.9526128, 25.638240800000002, 6.6660135799999995, 0.0, 13.4683484, -30.191761399999997, -29.919638199999998, -5.5422264, 0.0
17.8551648, -22.1799848, 16.1125282, 30.5153544, 15.87168, 0.0, -12.145342000000001, -24.0270904, -11.2204602, 43.9338952, 29.6910814, 0.0, 7.2797355800000005, -17.642786, 50.7595236, 27.531820600000003, 5.304871159999999, 0.0, 13.336781799999999, -29.4726398, -29.8924874, -4.7397958, 0.0
17.4557522, -22.4068152, 16.4482688, 30.7506716, 15.949953, 0.0, -11.745702000000001, -24.086318600000002, -10.9980408, 44.6084558, 29.5936186, 0.0, 6.92351272, -18.570715, 51.5664344, 29.4254004, 3.94372874, 0.0, 13.2052152, -28.7535182, -29.8653366, -3.9373652000000003, 0.0
17.0563396, -22.633645599999998, 16.7840094, 30.985988799999998, 16.028226, 0.0, -11.346062, -24.1455468, -10.7756214, 45.2830164, 29.4961558, 0.0, 6.56728986, -19.498644000000002, 52.3733452, 31.318980200000002, 2.58258632, 0.0, 13.073648599999999, -28.0343966, -29.8381858, -3.1349346000000002, 0.0
16.656927, -22.860476, 17.11975, 31.221306, 16.106499, 0.0, -10.946422, -24.204775, -10.553202, 45.957577, 29.398693, 0.0, 6.211067, -20.426573, 53.180256, 33.21256, 1.2214439, 0.0, 12.942082, -27.315275, -29.811035, -2.332504, 0.0
16.246589, -23.279511199999998, 17.106439599999998, 31.0792508, 15.742657399999999, 0.0, -10.3820356, -24.603483, -10.4261736, 46.770527, 29.170307400000002, 0.0, 5.8785198, -20.4907796, 53.1559988, 34.341257000000006, 0.6750450399999999, 0.0, 13.4228992, -26.7533904, -29.3524042, -0.9796322600000003, 0.0
15.836251, -23.698546399999998, 17.0931292, 30.9371956, 15.3788158, 0.0, -9.8176492, -25.002191, -10.2991452, 47.583477, 28.941921800000003, 0.0, 5.5459726, -20.554986200000002, 53.1317416, 35.469954, 0.12864617999999983, 0.0, 13.9037164, -26.1915058, -28.8937734, 0.3732394799999996, 0.0
15.425913000000001, -24.1175816, 17.079818799999998, 30.7951404, 15.0149742, 0.0, -9.2532628, -25.400899000000003, -10.172116800000001, 48.396426999999996, 28.7135362, 0.0, 5.2134254, -20.6191928, 53.107484400000004, 36.598651000000004, -0.4177526800000002, 0.0, 14.384533600000001, -25.6296212, -28.4351426, 1.72611122, 0.0
15.015575, -24.5366168, 17.0665084, 30.6530852, 14.6511326, 0.0, -8.6888764, -25.799607, -10.045088400000001, 49.209376999999996, 28.4851506, 0.0, 4.8808782, -20.683399400000003, 53.0832272, 37.727348, -0.9641515400000003, 0.0, 14.8653508, -25.0677366, -27.9765118, 3.0789829599999994, 0.0
14.605237, -24.955652, 17.053198, 30.51103, 14.287291, 0.0, -8.12449, -26.198315, -9.91806, 50.022327, 28.256765, 0.0, 4.548331, -20.747606, 53.05897, 38.856045, -1.5105504, 0.0, 15.346168, -24.505852, -27.517881, 4.4318547, 0.0
14.4978502, -25.519513200000002, 17.0773534, 30.3215526, 13.8567416, 0.0, -7.57175492, -26.6530074, -9.7951314, 50.8253948, 27.8848996, 0.0, 4.09621084, -19.941388800000002, 52.212028000000004, 39.2276704, -1.238038198, 0.0, 15.8601664, -24.612964, -27.555321199999998, 5.51532336, 0.0
14.3904634, -26.0833744, 17.101508799999998, 30.1320752, 13.4261922, 0.0, -7.01901984, -27.1076998, -9.6722028, 51.6284626, 27.5130342, 0.0, 3.64409068, -19.1351716, 51.365086000000005, 39.5992958, -0.965525996, 0.0, 16.374164800000003, -24.720076000000002, -27.5927614, 6.598792019999999, 0.0
14.283076600000001, -26.647235600000002, 17.1256642, 29.9425978, 12.995642799999999, 0.0, -6.46628476, -27.5623922, -9.5492742, 52.4315304, 27.141168800000003, 0.0, 3.19197052, -18.3289544, 50.518144, 39.9709212, -0.693013794, 0.0, 16.8881632, -24.827188, -27.6302016, 7.682260679999999, 0.0
14.1756898, -27.2110968, 17.149819599999997, 29.7531204, 12.5650934, 0.0, -5.91354968, -28.0170846, -9.4263456, 53.2345982, 26.769303400000002, 0.0, 2.73985036, -17.522737199999998, 49.671202, 40.3425466, -0.4205015919999999, 0.0, 17.4021616, -24.9343, -27.667641800000002, 8.76572934, 0.0
14.068303, -27.774958, 17.173975, 29.563643, 12.134544, 0.0, -5.3608146, -28.471777, -9.303417, 54.037666, 26.397438, 0.0, 2.2877302, -16.71652, 48.82426, 40.714172, -0.14798939, 0.0, 17.91616, -25.041412, -27.705082, 9.849198, 0.0
14.2442771, -28.398207000000003, 17.400513, 29.4053964, 11.9466938, 0.0, -4.818139, -28.890719999999998, -8.9078955, 54.528352, 25.922572000000002, 0.0, 1.691668652, -15.1806272, 47.4737154, 40.353565599999996, 0.978660488, 0.0, 18.0273712, -25.8496332, -28.5807596, 10.2529602, 0.0
14.4202512, -29.021456, 17.627050999999998, 29.2471498, 11.7588436, 0.0, -4.2754634, -29.309663, -8.512374, 55.019038, 25.447706, 0.0, 1.095607104, -13.644734399999999, 46.123170800000004, 39.9929592, 2.1053103660000003, 0.0, 18.1385824, -26.6578544, -29.4564372, 10.6567224, 0.0
14.5962253, -29.644705000000002, 17.853589, 29.0889032, 11.570993399999999, 0.0, -3.7327877999999997, -29.728606, -8.1168525, 55.509724, 24.97284, 0.0, 0.49954555599999995, -12.1088416, 44.772626200000005, 39.6323528, 3.2319602439999997, 0.0, 18.2497936, -27.4660756, -30.3321148, 11.0604846, 0.0
14.7721994, -30.267954, 18.080126999999997, 28.9306566, 11.3831432, 0.0, -3.1901121999999997, -30.147549, -7.721331, 56.00041, 24.497974, 0.0, -0.09651599200000005, -10.572948799999999, 43.4220816, 39.271746400000005, 4.358610122, 0.0, 18.3610048, -28.274296800000002, -31.2077924, 11.4642468, 0.0
14.9481735, -30.891203, 18.306665, 28.77241, 11.195293, 0.0, -2.6474366, -30.566492, -7.3258095, 56.491096, 24.023108, 0.0, -0.69257754, -9.037056, 42.071537, 38.91114, 5.48526, 0.0, 18.472216, -29.082518, -32.08347, 11.868009, 0.0
15.2021528, -31.4709138, 18.766462399999998, 28.787669, 11.6336092, 0.0, -2.3553286599999996, -30.7996882, -6.7359915, 56.5869008, 23.3969394, 0.0, -1.268107512, -7.366132392, 41.111435, 38.200116, 7.1501624, 0.0, 17.9316364, -30.2671832, -33.483868799999996, 11.5306358, 0.0
15.4561321, -32.0506246, 19.226259799999998, 28.802928, 12.0719254, 0.0, -2.06322072, -31.0328844, -6.1461735, 56.6827056, 22.7707708, 0.0, -1.843637484, -5.695208784, 40.151333, 37.489092, 8.8150648, 0.0, 17.3910568, -31.451848400000003, -34.8842676, 11.1932626, 0.0
15.7101114, -32.6303354, 19.6860572, 28.818186999999998, 12.5102416, 0.0, -1.77111278, -31.2660806, -5.5563555000000004, 56.7785104, 22.144602199999998, 0.0, -2.4191674560000003, -4.024285175999999, 39.191230999999995, 36.778068000000005, 10.4799672, 0.0, 16.8504772, -32.6365136, -36.2846664, 10.8558894, 0.0
15.9640907, -33.2100462, 20.1458546, 28.833446, 12.9485578, 0.0, -1.47900484, -31.4992768, -4.9665375, 56.8743152, 21.518433599999998, 0.0, -2.9946974280000003, -2.3533615679999995, 38.231128999999996, 36.067044, 12.1448696, 0.0, 16.3098976, -33.821178800000006, -37.685065200000004, 10.5185162, 0.0
16.21807, -33.789757, 20.605652, 28.848705, 13.386874, 0.0, -1.1868969, -31.732473, -4.3767195, 56.97012, 20.892265, 0.0, -3.5702274, -0.68243796, 37.271027, 35.35602, 13.809772, 0.0, 15.769318, -35.005844, -39.085464, 10.181143, 0.0
16.358154, -34.1529886, 21.1793862, 29.1832486, 14.5079916, 0.0, -1.42188914, -31.5804632, -3.8538638, 56.739196400000004, 20.057844, 0.0, -3.6188122799999998, 0.41243633199999985, 37.1214276, 35.161334000000004, 15.0874216, 0.0, 14.79627, -35.689945800000004, -40.075897600000005, 9.42335134, 0.0
16.498238, -34.5162202, 21.7531204, 29.5177922, 15.6291092, 0.0, -1.6568813800000002, -31.4284534, -3.3310081, 56.5082728, 19.223423, 0.0, -3.6673971599999997, 1.5073106239999996, 36.9718282, 34.966648, 16.3650712, 0.0, 13.823222, -36.374047600000004, -41.0663312, 8.66555968, 0.0
16.638322, -34.879451800000005, 22.326854599999997, 29.8523358, 16.7502268, 0.0, -1.8918736200000001, -31.2764436, -2.8081524, 56.2773492, 18.389001999999998, 0.0, -3.71598204, 2.6021849159999992, 36.8222288, 34.771962, 17.6427208, 0.0, 12.850173999999999, -37.0581494, -42.0567648, 7.90776802, 0.0
16.778406, -35.242683400000004, 22.900588799999998, 30.1868794, 17.871344399999998, 0.0, -2.12686586, -31.1244338, -2.2852967, 56.0464256, 17.554581, 0.0, -3.76456692, 3.6970592079999993, 36.6726294, 34.577276, 18.9203704, 0.0, 11.877126, -37.7422512, -43.0471984, 7.14997636, 0.0
16.91849, -35.605915, 23.474323, 30.521423, 18.992462, 0.0, -2.3618581, -30.972424, -1.762441, 55.815502, 16.72016, 0.0, -3.8131518, 4.7919335, 36.52303, 34.38259, 20.19802, 0.0, 10.904078, -38.426353, -44.037632, 6.3921847, 0.0
16.9217434, -35.689957400000004, 23.91257, 30.8741904, 20.2667174, 0.0, -2.9082794, -30.4765328, -1.280760388, 55.2370736, 15.7473758, 0.0, -3.41589284, 5.09831654, 37.2173872, 34.9965184, 20.7218448, 0.0, 10.3167688, -38.2880604, -44.268361, 6.02198396, 0.0
16.9249968, -35.773999800000006, 24.350817, 31.2269578, 21.5409728, 0.0, -3.4547007, -29.980641600000002, -0.7990797759999999, 54.6586452, 14.7745916, 0.0, -3.01863388, 5.40469958, 37.911744399999996, 35.6104468, 21.2456696, 0.0, 9.7294596, -38.1497678, -44.49909, 5.6517832199999996, 0.0
16.9282502, -35.8580422, 24.789064, 31.5797252, 22.8152282, 0.0, -4.001122, -29.4847504, -0.3173991639999998, 54.0802168, 13.801807400000001, 0.0, -2.62137492, 5.71108262, 38.6061016, 36.224375200000004, 21.7694944, 0.0, 9.1421504, -38.0114752, -44.729819, 5.28158248, 0.0
16.9315036, -35.9420846, 25.227311, 31.9324926, 24.0894836, 0.0, -4.547543299999999, -28.9888592, 0.1642814480000001, 53.5017884, 12.8290232, 0.0, -2.22411596, 6.01746566, 39.3004588, 36.8383036, 22.2933192, 0.0, 8.5548412, -37.8731826, -44.960548, 4.9113817399999995, 0.0
16.934757, -36.026127, 25.665558, 32.28526, 25.363739, 0.0, -5.0939646, -28.492968, 0.64596206, 52.92336, 11.856239, 0.0, -1.826857, 6.3238487, 39.994816, 37.452232, 22.817144, 0.0, 7.967532, -37.73489, -45.191277, 4.541181, 0.0
16.6968556, -35.894162, 25.7648008, 32.251795, 26.1017154, 0.0, -5.441683879999999, -27.8510444, 1.115346388, 52.2118166, 11.00671848, 0.0, -1.5049797599999999, 5.83347262, 41.1920908, 38.5862476, 22.5457902, 0.0, 8.0604872, -36.96798, -44.6504368, 4.9400134, 0.0
16.4589542, -35.762197, 25.8640436, 32.21833, 26.8396918, 0.0, -5.78940316, -27.2091208, 1.5847307160000002, 51.5002732, 10.15719796, 0.0, -1.18310252, 5.34309654, 42.3893656, 39.7202632, 22.2744364, 0.0, 8.153442400000001, -36.20107, -44.1095966, 5.3388458, 0.0
16.221052800000002, -35.630232, 25.9632864, 32.184865, 27.577668199999998, 0.0, -6.13712244, -26.5671972, 2.054115044, 50.7887298, 9.307677439999999, 0.0, -0.8612252800000001, 4.8527204600000005, 43.5866404, 40.8542788, 22.0030826, 0.0, 8.2463976, -35.43416, -43.5687564, 5.7376781999999995, 0.0
15.9831514, -35.498267, 26.0625292, 32.1514, 28.3156446, 0.0, -6.48484172, -25.9252736, 2.523499372, 50.0771864, 8.45815692, 0.0, -0.5393480400000001, 4.36234438, 44.783915199999996, 41.9882944, 21.7317288, 0.0, 8.3393528, -34.66725, -43.0279162, 6.1365106, 0.0
15.74525, -35.366302, 26.161772, 32.117935, 29.053621, 0.0, -6.832561, -25.28335, 2.9928837, 49.365643, 7.6086364, 0.0, -0.2174708, 3.8719683, 45.98119, 43.12231, 21.460375, 0.0, 8.432308, -33.90034, -42.487076, 6.535343, 0.0
15.2743348, -34.9063096, 25.815909599999998, 32.028384200000005, 29.2321352, 0.0, -6.7051862, -24.9985382, 3.1692402, 49.0459404, 6.95677502, 0.0, -0.18823147599999998, 2.9375233599999997, 46.8112268, 43.9644046, 20.5351404, 0.0, 8.928626000000001, -33.19728, -41.5019616, 7.5218268, 0.0
14.8034196, -34.446317199999996, 25.4700472, 31.9388334, 29.4106494, 0.0, -6.5778114, -24.7137264, 3.3455967, 48.7262378, 6.30491364, 0.0, -0.158992152, 2.0030784199999996, 47.6412636, 44.8064992, 19.6099058, 0.0, 9.424944, -32.49422, -40.5168472, 8.5083106, 0.0
14.332504400000001, -33.9863248, 25.1241848, 31.849282600000002, 29.5891636, 0.0, -6.450436600000001, -24.4289146, 3.5219532, 48.4065352, 5.65305226, 0.0, -0.129752828, 1.06863348, 48.4713004, 45.6485938, 18.6846712, 0.0, 9.921262, -31.791159999999998, -39.5317328, 9.4947944, 0.0
13.861589200000001, -33.526332399999994, 24.7783224, 31.7597318, 29.7676778, 0.0, -6.3230618000000005, -24.1441028, 3.6983097000000003, 48.0868326, 5.001190879999999, 0.0, -0.10051350399999999, 0.1341885399999998, 49.3013372, 46.490688399999996, 17.7594366, 0.0, 10.41758, -31.0881, -38.5466184, 10.4812782, 0.0
13.390674, -33.06634, 24.43246, 31.670181, 29.946192, 0.0, -6.195687, -23.859291, 3.8746662, 47.76713, 4.3493295, 0.0, -0.07127418, -0.8002564, 50.131374, 47.332783, 16.834202, 0.0, 10.913898, -30.38504, -37.561504, 11.467762, 0.0
13.0906052, -32.5642338, 23.950075599999998, 31.6204148, 29.956944, 0.0, -5.73566924, -23.981206399999998, 3.605303, 47.928846, 4.01154672, 0.0, -0.19645431400000002, -1.14914968, 50.1802182, 47.509028799999996, 15.935881400000001, 0.0, 11.1829306, -30.358719400000002, -37.0555058, 12.3229956, 0.0
12.7905364, -32.0621276, 23.467691199999997, 31.5706486, 29.967696, 0.0, -5.2756514800000005, -24.1031218, 3.3359398000000002, 48.090562, 3.6737639399999997, 0.0, -0.321634448, -1.4980429600000003, 50.2290624, 47.6852746, 15.037560800000001, 0.0, 11.4519632, -30.3323988, -36.5495076, 13.1782292, 0.0
12.4904676, -31.5600214, 22.9853068, 31.5208824, 29.978448, 0.0, -4.81563372, -24.2250372, 3.0665766, 48.252278000000004, 3.33598116, 0.0, -0.446814582, -1.8469362400000002, 50.2779066, 47.861520399999996, 14.1392402, 0.0, 11.7209958, -30.3060782, -36.0435094, 14.0334628, 0.0
12.1903988, -31.0579152, 22.5029224, 31.4711162, 29.9892, 0.0, -4.35561596, -24.3469526, 2.7972134, 48.413994, 2.99819838, 0.0, -0.571994716, -2.19582952, 50.3267508, 48.0377662, 13.2409196, 0.0, 11.9900284, -30.2797576, -35.5375112, 14.8886964, 0.0
11.89033, -30.555809, 22.020538, 31.42135, 29.999952, 0.0, -3.8955982, -24.468868, 2.5278502, 48.57571, 2.6604156, 0.0, -0.69717485, -2.5447228, 50.375595, 48.214012, 12.342599, 0.0, 12.259061, -30.253437, -35.031513, 15.74393, 0.0
11.7127332, -30.3361542, 21.6343294, 31.385336, 29.999952, 0.0, -3.2252645699999998, -24.8682082, 1.945451692, 48.885948, 2.5646762, 0.0, -0.81197432, -1.95453318, 49.595520799999996, 47.6594456, 12.1495074, 0.0, 11.9497038, -31.0428956, -35.3463034, 15.997392000000001, 0.0
11.5351364, -30.1164994, 21.2481208, 31.349322, 29.999952, 0.0, -2.55493094, -25.2675484, 1.363053184, 49.196186, 2.4689368, 0.0, -0.92677379, -1.36434356, 48.815446599999994, 47.1048792, 11.9564158, 0.0, 11.6403466, -31.8323542, -35.661093799999996, 16.250854, 0.0
11.357539599999999, -29.8968446, 20.8619122, 31.313308, 29.999952, 0.0, -1.8845973100000002, -25.6668886, 0.7806546759999999, 49.506424, 2.3731974, 0.0, -1.04157326, -0.7741539399999999, 48.0353724, 46.5503128, 11.7633242, 0.0, 11.3309894, -32.6218128, -35.9758842, 16.504316, 0.0
11.1799428, -29.6771898, 20.4757036, 31.277294, 29.999952, 0.0, -1.2142636800000002, -26.066228799999998, 0.1982561679999999, 49.816662, 2.2774579999999998, 0.0, -1.1563727300000002, -0.18396431999999985, 47.2552982, 45.9957464, 11.5702326, 0.0, 11.0216322, -33.411271400000004, -36.2906746, 16.757778000000002, 0.0
11.002346, -29.457535, 20.089495, 31.24128, 29.999952, 0.0, -0.54393005, -26.465569, -0.38414234, 50.1269, 2.1817186, 0.0, -1.2711722, 0.4062253, 46.475224, 45.44118, 11.377141, 0.0, 10.712275, -34.20073, -36.605465, 17.01124, 0.0
10.8099402, -29.4987634, 19.7906852, 31.3679034, 29.999952, 0.0, 0.22176456, -26.927794199999997, -0.963345432, 50.2833468, 2.19715268, 0.0, -1.48362068, 1.60627944, 45.21459, 44.360022, 12.0759782, 0.0, 9.710281, -35.4492772, -37.4692268, 16.5239082, 0.0
10.6175344, -29.5399918, 19.491875399999998, 31.4945268, 29.999952, 0.0, 0.98745917, -27.3900194, -1.5425485239999999, 50.4397936, 2.2125867599999998, 0.0, -1.69606916, 2.80633358, 43.953956, 43.278864, 12.7748154, 0.0, 8.708287, -36.6978244, -38.3329886, 16.0365764, 0.0
10.425128599999999, -29.5812202, 19.1930656, 31.6211502, 29.999952, 0.0, 1.7531537799999999, -27.8522446, -2.121751616, 50.5962404, 2.22802084, 0.0, -1.90851764, 4.00638772, 42.693322, 42.197706000000004, 13.473652600000001, 0.0, 7.706293, -37.9463716, -39.1967504, 15.549244600000002, 0.0
10.2327228, -29.6224486, 18.8942558, 31.7477736, 29.999952, 0.0, 2.51884839, -28.3144698, -2.700954708, 50.752687200000004, 2.24345492, 0.0, -2.12096612, 5.20644186, 41.432688, 41.116548, 14.172489800000001, 0.0, 6.704299, -39.1949188, -40.0605122, 15.0619128, 0.0
10.040317, -29.663677, 18.595446, 31.874397, 29.999952, 0.0, 3.284543, -28.776695, -3.2801578, 50.909134, 2.258889, 0.0, -2.3334146, 6.406496, 40.172054, 40.03539, 14.871327, 0.0, 5.702305, -40.443466, -40.924274, 14.574581, 0.0
9.7118438, -29.865297599999998, 18.406554, 32.2445188, 29.999952, 0.0, 3.9791974000000003, -29.0510076, -3.62398814, 50.9279236, 2.2868315, 0.0, -2.43071198, 7.5113802, 39.3925872, 39.1540346, 16.1511392, 0.0, 4.2957511, -41.2540502, -41.5406392, 13.5271, 0.0
9.383370600000001, -30.0669182, 18.217662, 32.6146406, 29.999952, 0.0, 4.6738518, -29.3253202, -3.96781848, 50.9467132, 2.314774, 0.0, -2.52800936, 8.6162644, 38.6131204, 38.2726792, 17.4309514, 0.0, 2.8891972, -42.0646344, -42.1570044, 12.479619, 0.0
9.0548974, -30.268538799999998, 18.028769999999998, 32.9847624, 29.999952, 0.0, 5.3685062, -29.5996328, -4.31164882, 50.9655028, 2.3427165, 0.0, -2.62530674, 9.721148600000001, 37.833653600000005, 37.3913238, 18.7107636, 0.0, 1.4826433000000003, -42.8752186, -42.7733696, 11.432138, 0.0
8.7264242, -30.4701594, 17.839878, 33.3548842, 29.999952, 0.0, 6.0631606, -29.8739454, -4.65547916, 50.9842924, 2.370659, 0.0, -2.7226041199999997, 10.8260328, 37.054186800000004, 36.5099684, 19.990575800000002, 0.0, 0.07608939999999986, -43.6858028, -43.3897348, 10.384657, 0.0
8.397951, -30.67178, 17.650986, 33.725006, 29.999952, 0.0, 6.757815, -30.148258, -4.9993095, 51.003082, 2.3986015, 0.0, -2.8199015, 11.930917, 36.27472, 35.628613, 21.270388, 0.0, -1.3304645, -44.496387, -44.0061, 9.337176, 0.0
8.120225900000001, -30.654253999999998, 17.5718908, 34.3864142, 29.9968876, 0.0, 7.0984146, -30.2226444, -5.32565772, 51.0179916, 2.37913668, 0.0, -2.69279106, 13.099029600000001, 36.338546, 35.4554676, 22.283671000000002, 0.0, -2.2670087, -44.501437599999996, -44.016712000000005, 8.4862036, 0.0
7.842500800000001, -30.636727999999998, 17.4927956, 35.0478224, 29.9938232, 0.0, 7.4390142, -30.297030799999998, -5.65200594, 51.0329012, 2.3596718599999997, 0.0, -2.5656806199999997, 14.2671422, 36.402372, 35.2823222, 23.296954, 0.0, -3.2035529, -44.5064882, -44.027324, 7.6352312, 0.0
7.5647757, -30.619202, 17.4137004, 35.7092306, 29.9907588, 0.0, 7.7796138, -30.3714172, -5.97835416, 51.0478108, 2.34020704, 0.0, -2.43857018, 15.435254800000001, 36.466198000000006, 35.1091768, 24.310237, 0.0, -4.140097099999999, -44.5115388, -44.037936, 6.7842588, 0.0
7.287050600000001, -30.601676, 17.334605200000002, 36.3706388, 29.9876944, 0.0, 8.1202134, -30.445803599999998, -6.30470238, 51.062720399999996, 2.32074222, 0.0, -2.31145974, 16.6033674, 36.530024000000004, 34.936031400000005, 25.323520000000002, 0.0, -5.0766412999999995, -44.5165894, -44.048548, 5.9332864, 0.0
7.0093255, -30.58415, 17.25551, 37.032047, 29.98463, 0.0, 8.460813, -30.52019, -6.6310506, 51.07763, 2.3012774, 0.0, -2.1843493, 17.77148, 36.59385, 34.762886, 26.336803, 0.0, -6.0131855, -44.52164, -44.05916, 5.082314, 0.0
6.90787726, -30.1753424, 17.1347868, 37.6379462, 29.925213199999998, 0.0, 8.2698216, -30.476649, -7.07036408, 50.8730888, 2.31542972, 0.0, -1.8490292080000001, 19.2169052, 37.4479048, 35.3986374, 26.6815986, 0.0, -6.1497535999999995, -43.697984, -43.415659999999995, 4.9489432, 0.0
6.80642902, -29.766534800000002, 17.0140636, 38.2438454, 29.8657964, 0.0, 8.0788302, -30.433108, -7.50967756, 50.6685476, 2.32958204, 0.0, -1.513709116, 20.6623304, 38.3019596, 36.0343888, 27.0263942, 0.0, -6.286321699999999, -42.874328, -42.77216, 4.815572400000001, 0.0
6.70498078, -29.3577272, 16.8933404, 38.8497446, 29.8063796, 0.0, 7.8878388, -30.389567, -7.948991039999999, 50.4640064, 2.34373436, 0.0, -1.178389024, 22.107755599999997, 39.1560144, 36.6701402, 27.3711898, 0.0, -6.4228898, -42.050672, -42.128659999999996, 4.6822016, 0.0
6.60353254, -28.9489196, 16.7726172, 39.4556438, 29.746962800000002, 0.0, 7.696847399999999, -30.346026000000002, -8.38830452, 50.2594652, 2.35788668, 0.0, -0.843068932, 23.5531808, 40.0100692, 37.3058916, 27.715985399999997, 0.0, -6.5594579, -41.227016, -41.48516, 4.5488308, 0.0
6.5020843, -28.540112, 16.651894, 40.061543, 29.687546, 0.0, 7.505856, -30.302485, -8.827618, 50.054924, 2.372039, 0.0, -0.50774884, 24.998606, 40.864124, 37.941643, 28.060781, 0.0, -6.696026, -40.40336, -40.84166, 4.41546, 0.0
6.59899184, -27.774917600000002, 16.2451892, 40.2090748, 29.3370932, 0.0, 6.8973106, -30.208709, -9.3342318, 49.46072, 2.5993788, 0.0, -0.15257749199999998, 26.0894072, 42.037766, 39.044301, 27.700201, 0.0, -6.12764022, -39.0542706, -39.7541194, 5.143213, 0.0
6.69589938, -27.0097232, 15.838484399999999, 40.3566066, 28.986640400000002, 0.0, 6.2887652, -30.114933, -9.8408456, 48.866516, 2.8267186, 0.0, 0.20259385600000002, 27.180208399999998, 43.211408, 40.146958999999995, 27.339621, 0.0, -5.55925444, -37.7051812, -38.666578799999996, 5.870966000000001, 0.0
6.792806919999999, -26.2445288, 15.431779599999999, 40.5041384, 28.6361876, 0.0, 5.6802198, -30.021157, -10.3474594, 48.272312, 3.0540584, 0.0, 0.557765204, 28.2710096, 44.38505, 41.249617, 26.979041, 0.0, -4.99086866, -36.3560918, -37.5790382, 6.598719000000001, 0.0
6.8897144599999995, -25.4793344, 15.0250748, 40.6516702, 28.2857348, 0.0, 5.0716744, -29.927381, -10.8540732, 47.678107999999995, 3.2813982, 0.0, 0.912936552, 29.3618108, 45.558692, 42.352275, 26.618461, 0.0, -4.4224828800000004, -35.0070024, -36.491497599999995, 7.326472000000001, 0.0
6.986622, -24.71414, 14.61837, 40.799202, 27.935282, 0.0, 4.463129, -29.833605, -11.360687, 47.083904, 3.508738, 0.0, 1.2681079, 30.452612, 46.732334, 43.454933, 26.257881, 0.0, -3.8540971, -33.657913, -35.403957, 8.054225, 0.0
7.520360999999999, -23.8605554, 13.9847318, 40.4160782, 27.0081804, 0.0, 3.8888995800000004, -29.717378, -11.7600778, 46.2525652, 4.092466, 0.0, 1.209456594, 30.8106506, 47.360588, 44.0990012, 25.450804, 0.0, -3.107500654, -32.6634424, -34.604154, 9.326579, 0.0
8.0541, -23.0069708, 13.3510936, 40.0329544, 26.0810788, 0.0, 3.3146701600000004, -29.601150999999998, -12.1594686, 45.4212264, 4.676194000000001, 0.0, 1.150805288, 31.1686892, 47.988842, 44.743069399999996, 24.643727000000002, 0.0, -2.360904208, -31.6689718, -33.804351, 10.598933, 0.0
8.587838999999999, -22.1533862, 12.7174554, 39.6498306, 25.1539772, 0.0, 2.74044074, -29.484924, -12.5588594, 44.5898876, 5.259922, 0.0, 1.092153982, 31.526727799999996, 48.617096000000004, 45.3871376, 23.83665, 0.0, -1.6143077619999997, -30.6745012, -33.004548, 11.871287, 0.0
9.121578, -21.299801600000002, 12.0838172, 39.2667068, 24.2268756, 0.0, 2.16621132, -29.368696999999997, -12.9582502, 43.7585488, 5.84365, 0.0, 1.033502676, 31.884766399999997, 49.24535, 46.0312058, 23.029573, 0.0, -0.8677113159999998, -29.6800306, -32.204744999999996, 13.143641, 0.0
9.655317, -20.446217, 11.450179, 38.883583, 23.299774, 0.0, 1.5919819, -29.25247, -13.357641, 42.92721, 6.427378, 0.0, 0.97485137, 32.242805, 49.873604, 46.675274, 22.222496, 0.0, -0.12111487, -28.68556, -31.404942, 14.415995, 0.0
10.6715341, -19.7293236, 10.8725848, 38.2492316, 21.986805999999998, 0.0, 0.90500284, -29.1314946, -13.8115498, 42.07718, 7.324812, 0.0, 0.5982285359999999, 31.822103399999996, 49.665346, 46.5143292, 21.4301328, 0.0, 0.045762644000000005, -28.4609788, -31.325051, 15.2909988, 0.0
11.687751200000001, -19.0124302, 10.2949906, 37.6148802, 20.673838, 0.0, 0.21802378, -29.0105192, -14.2654586, 41.22715, 8.222246, 0.0, 0.22160570199999996, 31.4014018, 49.457088, 46.3533844, 20.6377696, 0.0, 0.21264015800000002, -28.2363976, -31.24516, 16.1660026, 0.0
12.7039683, -18.2955368, 9.7173964, 36.9805288, 19.36087, 0.0, -0.46895527999999986, -28.8895438, -14.7193674, 40.37712, 9.119679999999999, 0.0, -0.1550171320000001, 30.980700199999998, 49.24883, 46.1924396, 19.8454064, 0.0, 0.379517672, -28.011816399999997, -31.165269, 17.0410064, 0.0
13.7201854, -17.5786434, 9.1398022, 36.3461774, 18.047902, 0.0, -1.15593434, -28.7685684, -15.1732762, 39.52709, 10.017114, 0.0, -0.5316399660000001, 30.5599986, 49.040572, 46.031494800000004, 19.0530432, 0.0, 0.546395186, -27.787235199999998, -31.085378, 17.916010200000002, 0.0
14.7364025, -16.86175, 8.562208, 35.711826, 16.734934, 0.0, -1.8429134, -28.647593, -15.627185, 38.67706, 10.914548, 0.0, -0.9082628, 30.139297, 48.832314, 45.87055, 18.26068, 0.0, 0.7132727, -27.562654, -31.005487, 18.791014, 0.0
15.8556434, -16.2815458, 7.8961694, 35.211629200000004, 15.538679, 0.0, -2.6617390800000003, -28.6318124, -16.155714, 37.720954, 11.9941664, 0.0, -1.03006424, 29.089209399999998, 47.7859104, 44.891204, 18.05196, 0.0, 0.07046789999999992, -28.1120406, -31.6907802, 18.8885382, 0.0
16.9748843, -15.701341600000001, 7.2301307999999995, 34.7114324, 14.342424, 0.0, -3.48056476, -28.616031800000002, -16.684243, 36.764848, 13.073784799999999, 0.0, -1.15186568, 28.0391218, 46.7395068, 43.911858, 17.84324, 0.0, -0.5723369000000001, -28.6614272, -32.376073399999996, 18.9860624, 0.0
18.0941252, -15.1211374, 6.5640922, 34.2112356, 13.146169, 0.0, -4.29939044, -28.6002512, -17.212772, 35.808741999999995, 14.1534032, 0.0, -1.2736671199999998, 26.9890342, 45.693103199999996, 42.932512, 17.63452, 0.0, -1.2151417000000002, -29.2108138, -33.0613666, 19.0835866, 0.0
19.213366100000002, -14.540933200000001, 5.8980536, 33.7110388, 11.949914, 0.0, -5.1182161200000005, -28.5844706, -17.741301, 34.852636, 15.233021599999999, 0.0, -1.3954685599999999, 25.9389466, 44.6466996, 41.953166, 17.4258, 0.0, -1.8579465000000002, -29.7602004, -33.7466598, 19.181110800000003, 0.0
20.332607, -13.960729, 5.232015, 33.210842, 10.753659, 0.0, -5.9370418, -28.56869, -18.26983, 33.89653, 16.31264, 0.0, -1.51727, 24.888859, 43.600296, 40.97382, 17.21708, 0.0, -2.5007513, -30.309587, -34.431953, 19.278635, 0.0
21.009329, -13.532630600000001, 4.44344904, 32.8309656, 10.0058758, 0.0, -6.62701644, -28.6773104, -18.541128399999998, 32.8797312, 17.5779692, 0.0, -1.152985156, 23.7333876, 41.8591488, 39.1900812, 17.8186092, 0.0, -3.7604614400000003, -31.2354016, -35.5261868, 18.6830468, 0.0
21.686051, -13.104532200000001, 3.65488308, 32.4510892, 9.258092600000001, 0.0, -7.31699108, -28.7859308, -18.812426799999997, 31.8629324, 18.8432984, 0.0, -0.7887003119999999, 22.5779162, 40.1180016, 37.4063424, 18.4201384, 0.0, -5.02017158, -32.1612162, -36.6204206, 18.0874586, 0.0
22.362773, -12.676433800000002, 2.8663171199999997, 32.0712128, 8.5103094, 0.0, -8.00696572, -28.894551200000002, -19.0837252, 30.8461336, 20.1086276, 0.0, -0.42441546799999985, 21.4224448, 38.3768544, 35.622603600000005, 19.0216676, 0.0, -6.2798817200000006, -33.0870308, -37.7146544, 17.4918704, 0.0
23.039495, -12.2483354, 2.07775116, 31.6913364, 7.7625262, 0.0, -8.69694036, -29.0031716, -19.3550236, 29.8293348, 21.3739568, 0.0, -0.06013062399999991, 20.2669734, 36.6357072, 33.8388648, 19.6231968, 0.0, -7.539591860000001, -34.012845399999996, -38.808888200000005, 16.8962822, 0.0
23.716217, -11.820237, 1.2891852, 31.31146, 7.014743, 0.0, -9.386915, -29.111792, -19.626322, 28.812536, 22.639286, 0.0, 0.30415422, 19.111502, 34.89456, 32.055126, 20.224726, 0.0, -8.799302, -34.93866, -39.903122, 16.300694, 0.0
23.8501106, -11.7647732, 0.7343644799999999, 30.980989, 6.77816546, 0.0, -9.5729454, -29.274567400000002, -19.339540999999997, 28.1197968, 23.5522766, 0.0, 0.633469396, 18.3399076, 33.038315, 29.7365564, 21.6613088, 0.0, -9.9940412, -35.347524, -40.5804696, 15.5557838, 0.0
23.9840042, -11.7093094, 0.17954375999999983, 30.650518, 6.5415879200000004, 0.0, -9.7589758, -29.4373428, -19.05276, 27.4270576, 24.4652672, 0.0, 0.9627845719999999, 17.568313200000002, 31.18207, 27.4179868, 23.0978916, 0.0, -11.1887804, -35.756388, -41.2578172, 14.8108736, 0.0
24.117897799999998, -11.6538456, -0.3752769600000003, 30.320047, 6.305010380000001, 0.0, -9.9450062, -29.6001182, -18.765978999999998, 26.7343184, 25.3782578, 0.0, 1.292099748, 16.7967188, 29.325825, 25.0994172, 24.5344744, 0.0, -12.3835196, -36.165251999999995, -41.9351648, 14.065963400000001, 0.0
24.2517914, -11.5983818, -0.9300976800000003, 29.989576, 6.06843284, 0.0, -10.1310366, -29.762893599999998, -18.479198, 26.0415792, 26.2912484, 0.0, 1.621414924, 16.0251244, 27.46958, 22.7808476, 25.9710572, 0.0, -13.5782588, -36.574116, -42.6125124, 13.3210532, 0.0
24.385685, -11.542918, -1.4849184, 29.659105, 5.8318553, 0.0, -10.317067, -29.925669, -18.192417, 25.34884, 27.204239, 0.0, 1.9507301, 15.25353, 25.613335, 20.462278, 27.40764, 0.0, -14.772998, -36.98298, -43.28986, 12.576143, 0.0
24.176034599999998, -11.9453658, -1.63642096, 29.2797792, 6.07151544, 0.0, -9.7427436, -29.81655, -17.2122782, 25.279318, 27.5845312, 0.0, 1.7195588099999999, 14.8373698, 24.341655199999998, 18.372652600000002, 29.5403126, 0.0, -15.292679399999999, -36.5552194, -43.32338, 12.5496536, 0.0
23.9663842, -12.3478136, -1.78792352, 28.9004534, 6.31117558, 0.0, -9.1684202, -29.707431, -16.232139399999998, 25.209796, 27.9648234, 0.0, 1.4883875199999999, 14.4212096, 23.0699754, 16.2830272, 31.6729852, 0.0, -15.812360799999999, -36.1274588, -43.356899999999996, 12.5231642, 0.0
23.7567338, -12.7502614, -1.93942608, 28.5211276, 6.55083572, 0.0, -8.594096799999999, -29.598312, -15.252000599999999, 25.140273999999998, 28.3451156, 0.0, 1.25721623, 14.0050494, 21.7982956, 14.1934018, 33.8056578, 0.0, -16.3320422, -35.6996982, -43.39042, 12.4966748, 0.0
23.5470834, -13.1527092, -2.09092864, 28.1418018, 6.79049586, 0.0, -8.0197734, -29.489193, -14.2718618, 25.070752, 28.7254078, 0.0, 1.02604494, 13.5888892, 20.526615800000002, 12.103776400000001, 35.9383304, 0.0, -16.8517236, -35.2719376, -43.423939999999995, 12.4701854, 0.0
23.337433, -13.555157, -2.2424312, 27.762476, 7.030156, 0.0, -7.44545, -29.380074, -13.291723, 25.00123, 29.1057, 0.0, 0.79487365, 13.172729, 19.254936, 10.014151, 38.071003, 0.0, -17.371405, -34.844177, -43.45746, 12.443696, 0.0
22.8878908, -14.1025908, -2.26169522, 27.0988198, 7.6309615, 0.0, -6.3482417, -29.0561962, -11.7779016, 25.2904672, 29.208775, 0.0, 0.11989183999999997, 12.6661524, 18.821829400000002, 8.66388866, 40.3321944, 0.0, -17.0694784, -33.5662852, -42.852078, 13.3963646, 0.0
22.4383486, -14.6500246, -2.28095924, 26.4351636, 8.231767, 0.0, -5.251033400000001, -28.7323184, -10.264080199999999, 25.5797044, 29.31185, 0.0, -0.55508997, 12.1595758, 18.3887228, 7.31362632, 42.5933858, 0.0, -16.7675518, -32.288393400000004, -42.246696, 14.349033200000001, 0.0
21.988806399999998, -15.197458399999999, -2.30022326, 25.7715074, 8.8325725, 0.0, -4.153825100000001, -28.4084406, -8.7502588, 25.8689416, 29.414925, 0.0, -1.2300717799999998, 11.6529992, 17.9556162, 5.9633639800000005, 44.854577199999994, 0.0, -16.465625199999998, -31.0105016, -41.641313999999994, 15.3017018, 0.0
21.539264199999998, -15.744892199999999, -2.31948728, 25.1078512, 9.433378, 0.0, -3.0566168000000005, -28.0845628, -7.2364374, 26.1581788, 29.518, 0.0, -1.90505359, 11.146422600000001, 17.5225096, 4.61310164, 47.115768599999996, 0.0, -16.1636986, -29.7326098, -41.035931999999995, 16.254370400000003, 0.0
21.089722, -16.292326, -2.3387513, 24.444195, 10.0341835, 0.0, -1.9594085, -27.760685, -5.722616, 26.447416, 29.621075, 0.0, -2.5800354, 10.639846, 17.089403, 3.2628393, 49.37696, 0.0, -15.861772, -28.454718, -40.43055, 17.207039, 0.0
20.7993326, -16.528643, -2.3558916400000003, 23.4823374, 10.689275199999999, 0.0, -1.1616387600000002, -27.517574, -4.25157086, 26.3551388, 29.449145400000003, 0.0, -3.05127872, 9.5827878, 17.2331088, 2.75139433, 51.1082154, 0.0, -14.899033600000001, -26.567358, -39.224654599999994, 19.0770558, 0.0
20.5089432, -16.76496, -2.3730319800000004, 22.5204798, 11.344366899999999, 0.0, -0.3638690200000001, -27.274463, -2.7805257200000004, 26.2628616, 29.2772158, 0.0, -3.5225220399999997, 8.5257296, 17.3768146, 2.23994936, 52.8394708, 0.0, -13.9362952, -24.679998, -38.0187592, 20.947072600000002, 0.0
20.2185538, -17.001277, -2.39017232, 21.5586222, 11.9994586, 0.0, 0.4339007199999998, -27.031352, -1.3094805800000007, 26.1705844, 29.105286200000002, 0.0, -3.99376536, 7.468671400000001, 17.520520400000002, 1.72850439, 54.570726199999996, 0.0, -12.9735568, -22.792638, -36.812863799999995, 22.8170894, 0.0
19.9281644, -17.237594, -2.40731266, 20.5967646, 12.6545503, 0.0, 1.23167046, -26.788241, 0.16156455999999952, 26.0783072, 28.9333566, 0.0, -4.4650086799999995, 6.411613200000001, 17.6642262, 1.21705942, 56.3019816, 0.0, -12.010818400000002, -20.905278000000003, -35.6069684, 24.687106200000002, 0.0
19.637775, -17.473911, -2.424453, 19.634907, 13.309642, 0.0, 2.0294402, -26.54513, 1.6326097, 25.98603, 28.761427, 0.0, -4.936252, 5.354555, 17.807932, 0.70561445, 58.033237, 0.0, -11.04808, -19.017918, -34.401073, 26.557123, 0.0
19.6805244, -17.3308164, -2.46427486, 18.616318999999997, 13.7947502, 0.0, 2.07976576, -26.0433256, 2.51002692, 25.3870174, 28.304292, 0.0, -4.873619, 4.03187688, 17.6853546, 0.81656086, 59.0946876, 0.0, -9.953287340000001, -17.3021262, -32.9393448, 29.0261778, 0.0
19.7232738, -17.187721800000002, -2.50409672, 17.597731, 14.2798584, 0.0, 2.13009132, -25.5415212, 3.3874441400000004, 24.7880048, 27.847157, 0.0, -4.810986, 2.70919876, 17.5627772, 0.92750727, 60.1561382, 0.0, -8.85849468, -15.586334400000002, -31.477616599999998, 31.4952326, 0.0
19.7660232, -17.0446272, -2.54391858, 16.579143, 14.7649666, 0.0, 2.1804168799999997, -25.0397168, 4.26486136, 24.1889922, 27.390022000000002, 0.0, -4.748353, 1.3865206399999996, 17.440199800000002, 1.03845368, 61.2175888, 0.0, -7.76370202, -13.8705426, -30.015888399999998, 33.9642874, 0.0
19.8087726, -16.901532600000003, -2.58374044, 15.560554999999999, 15.2500748, 0.0, 2.2307424399999998, -24.5379124, 5.14227858, 23.5899796, 26.932887, 0.0, -4.68572, 0.06384251999999968, 17.3176224, 1.14940009, 62.2790394, 0.0, -6.668909360000001, -12.1547508, -28.5541602, 36.4333422, 0.0
19.851522, -16.758438, -2.6235623, 14.541967, 15.735183, 0.0, 2.281068, -24.036108, 6.0196958, 22.990967, 26.475752, 0.0, -4.623087, -1.2588356, 17.195045, 1.2603465, 63.34049, 0.0, -5.5741167, -10.438959, -27.092432, 38.902397, 0.0
20.220270199999998, -16.356510800000002, -2.6268203, 13.7457793, 15.921112399999998, 0.0, 1.6287314999999998, -23.196545399999998, 6.30654472, 22.069955200000003, 26.0018236, 0.0, -4.2320876, -2.1735237400000003, 16.5461232, 1.3895245600000001, 63.907513200000004, 0.0, -4.8767949, -9.338925080000001, -25.897142799999997, 41.1789664, 0.0
20.5890184, -15.954583600000001, -2.6300783, 12.9495916, 16.107041799999998, 0.0, 0.9763949999999999, -22.356982799999997, 6.5933936399999995, 21.1489434, 25.5278952, 0.0, -3.8410881999999997, -3.0882118800000002, 15.8972014, 1.51870262, 64.4745364, 0.0, -4.1794731, -8.238891160000001, -24.7018536, 43.4555358, 0.0
20.9577666, -15.5526564, -2.6333363, 12.1534039, 16.2929712, 0.0, 0.3240585, -21.517420199999997, 6.880242559999999, 20.2279316, 25.0539668, 0.0, -3.4500888, -4.00290002, 15.2482796, 1.64788068, 65.0415596, 0.0, -3.4821513000000004, -7.13885724, -23.5065644, 45.7321052, 0.0
21.3265148, -15.1507292, -2.6365943, 11.3572162, 16.4789006, 0.0, -0.32827800000000007, -20.6778576, 7.16709148, 19.3069198, 24.5800384, 0.0, -3.0590894, -4.91758816, 14.5993578, 1.7770587400000002, 65.60858280000001, 0.0, -2.7848295000000003, -6.0388233200000005, -22.311275199999997, 48.0086746, 0.0
21.695263, -14.748802, -2.6398523, 10.5610285, 16.66483, 0.0, -0.9806145, -19.838295, 7.4539404, 18.385908, 24.10611, 0.0, -2.66809, -5.8322763, 13.950436, 1.9062368, 66.175606, 0.0, -2.0875077, -4.9387894, -21.115986, 50.285244, 0.0
22.069912000000002, -14.352938199999999, -2.62832476, 10.01310188, 16.67709, 0.0, -1.8511342, -19.098692399999997, 7.5406128, 17.4580032, 23.7816134, 0.0, -2.1568426752, -6.1791712400000005, 13.1721986, 1.7229981920000002, 66.5673348, 0.0, -1.9954056000000002, -4.33558988, -20.1514314, 51.917498, 0.0
22.444561, -13.9570744, -2.61679722, 9.46517526, 16.68935, 0.0, -2.7216538999999997, -18.3590898, 7.6272852, 16.5300984, 23.4571168, 0.0, -1.6455953503999998, -6.52606618, 12.3939612, 1.539759584, 66.9590636, 0.0, -1.9033035, -3.73239036, -19.1868768, 53.549752, 0.0
22.81921, -13.561210599999999, -2.6052696799999997, 8.91724864, 16.70161, 0.0, -3.5921735999999997, -17.6194872, 7.7139576, 15.6021936, 23.132620199999998, 0.0, -1.1343480255999998, -6.87296112, 11.6157238, 1.356520976, 67.3507924, 0.0, -1.8112014, -3.1291908399999997, -18.2223222, 55.182006, 0.0
23.193859, -13.1653468, -2.59374214, 8.36932202, 16.71387, 0.0, -4.4626933, -16.8798846, 7.80063, 14.674288800000001, 22.8081236, 0.0, -0.6231007007999998, -7.21985606, 10.8374864, 1.1732823680000002, 67.7425212, 0.0, -1.7190992999999999, -2.5259913199999997, -17.2577676, 56.81426, 0.0
23.568508, -12.769483, -2.5822146, 7.8213954, 16.72613, 0.0, -5.333213, -16.140282, 7.8873024, 13.746384, 22.483627, 0.0, -0.111853376, -7.566751, 10.059249, 0.99004376, 68.13425, 0.0, -1.6269972, -1.9227918, -16.293213, 58.446514, 0.0
23.7437052, -12.4677326, -2.5625885999999998, 7.5018527200000005, 16.7918412, 0.0, -5.9846362, -15.726269799999999, 7.901473800000001, 13.160158800000001, 22.3811002, 0.0, 0.1603732792, -7.47422514, 9.5681838, 0.6827927680000001, 68.543588, 0.0, -1.97196028, -1.79552204, -15.503570000000002, 59.3859366, 0.0
23.9189024, -12.1659822, -2.5429626, 7.18231004, 16.8575524, 0.0, -6.636059400000001, -15.312257599999999, 7.9156452, 12.5739336, 22.2785734, 0.0, 0.4325999344, -7.38169928, 9.0771186, 0.37554177600000005, 68.952926, 0.0, -2.31692336, -1.66825228, -14.713927000000002, 60.3253592, 0.0
24.0940996, -11.864231799999999, -2.5233366, 6.86276736, 16.923263600000002, 0.0, -7.287482600000001, -14.8982454, 7.9298166000000005, 11.9877084, 22.1760466, 0.0, 0.7048265896, -7.28917342, 8.5860534, 0.068290784, 69.362264, 0.0, -2.66188644, -1.54098252, -13.924284, 61.2647818, 0.0
24.2692968, -11.5624814, -2.5037106000000002, 6.54322468, 16.9889748, 0.0, -7.938905800000001, -14.4842332, 7.943988, 11.401483200000001, 22.0735198, 0.0, 0.9770532448, -7.196647560000001, 8.0949882, -0.23896020799999995, 69.771602, 0.0, -3.0068495200000003, -1.4137127600000001, -13.134641, 62.2042044, 0.0
24.444494, -11.260731, -2.4840846, 6.223682, 17.054686, 0.0, -8.590329, -14.070221, 7.9581594, 10.815258, 21.970993, 0.0, 1.2492799, -7.1041217, 7.603923, -0.5462112, 70.18094, 0.0, -3.3518126, -1.286443, -12.344998, 63.143627, 0.0
24.4809546, -11.0811298, -2.4797875400000002, 6.0870962, 17.1040688, 0.0, -8.9329756, -13.9039206, 7.9419742200000005, 10.54446, 21.9640042, 0.0, 1.26368476, -6.89934006, 7.3868294, -0.8097343400000001, 70.49199200000001, 0.0, -3.74807196, -1.38628992, -11.875, 63.520550400000005, 0.0
24.5174152, -10.901528599999999, -2.47549048, 5.9505104, 17.1534516, 0.0, -9.2756222, -13.7376202, 7.925789040000001, 10.273662, 21.9570154, 0.0, 1.27808962, -6.69455842, 7.1697358, -1.07325748, 70.803044, 0.0, -4.14433132, -1.4861368400000001, -11.405002, 63.8974738, 0.0
24.5538758, -10.7219274, -2.47119342, 5.8139246, 17.2028344, 0.0, -9.6182688, -13.5713198, 7.90960386, 10.002864, 21.9500266, 0.0, 1.29249448, -6.48977678, 6.9526422, -1.3367806200000003, 71.114096, 0.0, -4.540590679999999, -1.58598376, -10.935004, 64.2743972, 0.0
24.590336399999998, -10.5423262, -2.46689636, 5.677338799999999, 17.2522172, 0.0, -9.9609154, -13.4050194, 7.89341868, 9.732066, 21.9430378, 0.0, 1.30689934, -6.28499514, 6.7355486, -1.60030376, 71.425148, 0.0, -4.9368500399999995, -1.68583068, -10.465006, 64.6513206, 0.0
24.626797, -10.362725, -2.4625993, 5.540753, 17.3016, 0.0, -10.303562, -13.238719, 7.8772335, 9.461268, 21.936049, 0.0, 1.3213042, -6.0802135, 6.518455, -1.8638269, 71.7362, 0.0, -5.3331094, -1.7856776, -9.995008, 65.028244, 0.0
