/h1_2/pelvis/left_hip_yaw_joint, /h1_2/left_hip_yaw_link/left_hip_pitch_joint, /h1_2/left_hip_pitch_link/left_hip_roll_joint, /h1_2/left_hip_roll_link/left_knee_joint, /h1_2/left_knee_link/left_ankle_pitch_joint, /h1_2/left_ankle_pitch_link/left_ankle_roll_joint, /h1_2/pelvis/right_hip_yaw_joint, /h1_2/right_hip_yaw_link/right_hip_pitch_joint, /h1_2/right_hip_pitch_link/right_hip_roll_joint, /h1_2/right_hip_roll_link/right_knee_joint, /h1_2/right_knee_link/right_ankle_pitch_joint, /h1_2/right_ankle_pitch_link/right_ankle_roll_joint, /h1_2/pelvis/torso_joint, /h1_2/torso_link/left_shoulder_pitch_joint, /h1_2/left_shoulder_pitch_link/left_shoulder_roll_joint, /h1_2/left_shoulder_roll_link/left_shoulder_yaw_joint, /h1_2/left_shoulder_yaw_link/left_elbow_joint, /h1_2/left_elbow_link/left_wrist_roll_joint, /h1_2/torso_link/right_shoulder_pitch_joint, /h1_2/right_shoulder_pitch_link/right_shoulder_roll_joint, /h1_2/right_shoulder_roll_link/right_shoulder_yaw_joint, /h1_2/right_shoulder_yaw_link/right_elbow_joint, /h1_2/right_elbow_link/right_wrist_roll_joint
24.637184, 1.2511982, 2.1278987, -4.840019, 19.166952, 0.0, -16.550755, 3.308994, -1.2654845, -6.1463513, 19.640312, 0.0, 0.80439377, 2.887182, 11.570617, 11.032612, 73.60615, 0.0, 0.6050813, -11.777817, -22.723404, 65.9487, 0.0
24.637184, 1.25806686, 2.1304612599999997, -4.8296057999999995, 19.175473999999998, 0.0, -16.5575428, 3.29994006, -1.28263976, -6.16069372, 19.6105036, 0.0, 0.789046716, 2.883921, 11.570486, 11.0310852, 73.603936, 0.0, 0.61908036, -11.7776102, -22.7348772, 65.954592, 0.0
24.637184, 1.2649355199999999, 2.13302382, -4.8191926, 19.183995999999997, 0.0, -16.564330599999998, 3.29088612, -1.29979502, -6.1750361400000005, 19.5806952, 0.0, 0.773699662, 2.88066, 11.570355000000001, 11.0295584, 73.601722, 0.0, 0.6330794200000001, -11.7774034, -22.7463504, 65.96048400000001, 0.0
24.637184, 1.27180418, 2.13558638, -4.8087794, 19.192518, 0.0, -16.5711184, 3.28183218, -1.31695028, -6.18937856, 19.5508868, 0.0, 0.758352608, 2.877399, 11.570224, 11.0280316, 73.599508, 0.0, 0.64707848, -11.7771966, -22.7578236, 65.966376, 0.0
24.637184, 1.2786728399999998, 2.13814894, -4.7983662, 19.20104, 0.0, -16.577906199999997, 3.27277824, -1.33410554, -6.20372098, 19.5210784, 0.0, 0.743005554, 2.8741380000000003, 11.570093, 11.026504800000001, 73.59729399999999, 0.0, 0.6610775400000001, -11.7769898, -22.7692968, 65.972268, 0.0
24.637184, 1.2855415, 2.1407115, -4.787953, 19.209562, 0.0, -16.584694, 3.2637243, -1.3512608, -6.2180634, 19.49127, 0.0, 0.7276585, 2.870877, 11.569962, 11.024978, 73.59508, 0.0, 0.6750766, -11.776783, -22.78077, 65.97816, 0.0
24.637184, 1.2870202199999998, 2.13598458, -4.77769688, 19.2062216, 0.0, -16.603797999999998, 3.27534644, -1.36799914, -6.20787832, 19.453257400000002, 0.0, 0.71882855, 2.8733348000000003, 11.5618432, 11.0180512, 73.593897, 0.0, 0.687966714, -11.7712074, -22.7884374, 65.98519, 0.0
24.637184, 1.28849894, 2.13125766, -4.7674407599999995, 19.2028812, 0.0, -16.622902, 3.28696858, -1.38473748, -6.1976932399999995, 19.4152448, 0.0, 0.7099986, 2.8757926, 11.5537244, 11.0111244, 73.592714, 0.0, 0.700856828, -11.7656318, -22.7961048, 65.99222, 0.0
24.637184, 1.28997766, 2.1265307399999998, -4.75718464, 19.199540799999998, 0.0, -16.642006, 3.29859072, -1.40147582, -6.18750816, 19.3772322, 0.0, 0.70116865, 2.8782504, 11.5456056, 11.004197600000001, 73.59153099999999, 0.0, 0.713746942, -11.760056200000001, -22.8037722, 65.99925, 0.0
24.637184, 1.29145638, 2.12180382, -4.74692852, 19.1962004, 0.0, -16.66111, 3.31021286, -1.41821416, -6.17732308, 19.3392196, 0.0, 0.6923387, 2.8807082, 11.5374868, 10.9972708, 73.59034799999999, 0.0, 0.7266370560000001, -11.7544806, -22.8114396, 66.00628, 0.0
24.637184, 1.2929351, 2.1170769, -4.7366724, 19.19286, 0.0, -16.680214, 3.321835, -1.4349525, -6.167138, 19.301207, 0.0, 0.68350875, 2.883166, 11.529368, 10.990344, 73.589165, 0.0, 0.73952717, -11.748905, -22.819107, 66.01331, 0.0
24.637184, 1.28525174, 2.10217012, -4.730178459999999, 19.176676399999998, 0.0, -16.693718399999998, 3.34136, -1.4387163600000001, -6.1423651999999995, 19.2631386, 0.0, 0.68855584, 2.8889720800000003, 11.5181982, 10.9777964, 73.587762, 0.0, 0.740948526, -11.7433916, -22.8216262, 66.01603, 0.0
24.637184, 1.27756838, 2.08726334, -4.72368452, 19.1604928, 0.0, -16.7072228, 3.360885, -1.44248022, -6.1175923999999995, 19.2250702, 0.0, 0.6936029300000001, 2.89477816, 11.5070284, 10.965248800000001, 73.586359, 0.0, 0.742369882, -11.7378782, -22.8241454, 66.01875, 0.0
24.637184, 1.26988502, 2.0723565600000002, -4.71719058, 19.1443092, 0.0, -16.7207272, 3.38041, -1.44624408, -6.0928196, 19.1870018, 0.0, 0.69865002, 2.90058424, 11.4958586, 10.9527012, 73.58495599999999, 0.0, 0.743791238, -11.7323648, -22.8266646, 66.02147000000001, 0.0
24.637184, 1.26220166, 2.0574497800000002, -4.71069664, 19.1281256, 0.0, -16.7342316, 3.399935, -1.4500079399999999, -6.0680468, 19.1489334, 0.0, 0.70369711, 2.90639032, 11.484688799999999, 10.9401536, 73.583553, 0.0, 0.745212594, -11.7268514, -22.8291838, 66.02419, 0.0
24.637184, 1.2545183, 2.042543, -4.7042027, 19.111942, 0.0, -16.747736, 3.41946, -1.4537718, -6.043274, 19.110865, 0.0, 0.7087442, 2.9121964, 11.473519, 10.927606, 73.58215, 0.0, 0.74663395, -11.721338, -22.831703, 66.02691, 0.0
24.637184, 1.24362668, 2.03073804, -4.70124182, 19.0946088, 0.0, -16.7315928, 3.3974078, -1.4533658, -6.0573442, 19.074615, 0.0, 0.7006622800000001, 2.91528712, 11.4703702, 10.9102688, 73.578746, 0.0, 0.75427252, -11.723027199999999, -22.8409552, 66.02947400000001, 0.0
24.637184, 1.23273506, 2.01893308, -4.69828094, 19.0772756, 0.0, -16.7154496, 3.3753556, -1.4529598, -6.0714144, 19.038365, 0.0, 0.69258036, 2.91837784, 11.4672214, 10.8929316, 73.57534199999999, 0.0, 0.76191109, -11.7247164, -22.8502074, 66.032038, 0.0
24.637184, 1.22184344, 2.00712812, -4.695320059999999, 19.0599424, 0.0, -16.6993064, 3.3533034, -1.4525538, -6.0854846, 19.002115, 0.0, 0.68449844, 2.92146856, 11.4640726, 10.8755944, 73.571938, 0.0, 0.76954966, -11.7264056, -22.8594596, 66.034602, 0.0
24.637184, 1.21095182, 1.99532316, -4.6923591799999995, 19.0426092, 0.0, -16.6831632, 3.3312512, -1.4521477999999999, -6.0995548, 18.965864999999997, 0.0, 0.67641652, 2.92455928, 11.4609238, 10.8582572, 73.568534, 0.0, 0.77718823, -11.728094800000001, -22.8687118, 66.037166, 0.0
24.637184, 1.2000602, 1.9835182, -4.6893983, 19.025276, 0.0, -16.66702, 3.309199, -1.4517418, -6.113625, 18.929615, 0.0, 0.6683346, 2.92765, 11.457775, 10.84092, 73.56513, 0.0, 0.7848268, -11.729784, -22.877964, 66.03973, 0.0
24.637184, 1.19393932, 1.984766, -4.68118354, 19.0129996, 0.0, -16.643747400000002, 3.28822868, -1.44086328, -6.12839208, 18.899497999999998, 0.0, 0.67227718, 2.93617474, 11.4597698, 10.8150744, 73.5618788, 0.0, 0.7865216500000001, -11.7285958, -22.8812248, 66.03987120000001, 0.0
24.637184, 1.18781844, 1.9860138, -4.67296878, 19.0007232, 0.0, -16.6204748, 3.26725836, -1.42998476, -6.14315916, 18.869380999999997, 0.0, 0.6762197600000001, 2.9446994799999997, 11.4617646, 10.7892288, 73.5586276, 0.0, 0.7882165, -11.727407600000001, -22.884485599999998, 66.04001240000001, 0.0
24.637184, 1.18169756, 1.9872615999999999, -4.66475402, 18.988446800000002, 0.0, -16.5972022, 3.24628804, -1.41910624, -6.15792624, 18.839264, 0.0, 0.68016234, 2.95322422, 11.463759399999999, 10.7633832, 73.5553764, 0.0, 0.78991135, -11.7262194, -22.8877464, 66.0401536, 0.0
24.637184, 1.17557668, 1.9885093999999999, -4.65653926, 18.9761704, 0.0, -16.5739296, 3.22531772, -1.40822772, -6.17269332, 18.809147, 0.0, 0.68410492, 2.96174896, 11.4657542, 10.7375376, 73.55212519999999, 0.0, 0.7916061999999999, -11.7250312, -22.8910072, 66.0402948, 0.0
24.637184, 1.1694558, 1.9897572, -4.6483245, 18.963894, 0.0, -16.550657, 3.2043474, -1.3973492, -6.1874604, 18.77903, 0.0, 0.6880475, 2.9702737, 11.467749, 10.711692, 73.548874, 0.0, 0.79330105, -11.723843, -22.894268, 66.040436, 0.0
24.637184, 1.1654554799999999, 1.99858762, -4.64051066, 18.9513192, 0.0, -16.5332628, 3.19547312, -1.3837306600000001, -6.19060072, 18.7768254, 0.0, 0.69349078, 2.97895124, 11.4669998, 10.6652074, 73.5418212, 0.0, 0.7916127719999999, -11.7198502, -22.8864536, 66.0373728, 0.0
24.637184, 1.16145516, 2.00741804, -4.6326968200000005, 18.9387444, 0.0, -16.5158686, 3.18659884, -1.3701121200000002, -6.19374104, 18.7746208, 0.0, 0.69893406, 2.98762878, 11.4662506, 10.6187228, 73.5347684, 0.0, 0.789924494, -11.7158574, -22.8786392, 66.0343096, 0.0
24.637184, 1.15745484, 2.01624846, -4.62488298, 18.926169599999998, 0.0, -16.4984744, 3.17772456, -1.35649358, -6.19688136, 18.7724162, 0.0, 0.70437734, 2.99630632, 11.465501399999999, 10.5722382, 73.5277156, 0.0, 0.7882362159999999, -11.7118646, -22.8708248, 66.0312464, 0.0
24.637184, 1.1534545200000001, 2.0250788799999997, -4.61706914, 18.9135948, 0.0, -16.4810802, 3.16885028, -1.34287504, -6.20002168, 18.7702116, 0.0, 0.70982062, 3.0049838600000003, 11.4647522, 10.5257536, 73.5206628, 0.0, 0.786547938, -11.707871800000001, -22.8630104, 66.0281832, 0.0
24.637184, 1.1494542, 2.0339093, -4.6092553, 18.90102, 0.0, -16.463686, 3.159976, -1.3292565, -6.203162, 18.768007, 0.0, 0.7152639, 3.0136614, 11.464003, 10.479269, 73.51361, 0.0, 0.78485966, -11.703879, -22.855196, 66.02512, 0.0
24.637184, 1.1539598400000002, 2.04133094, -4.60335216, 18.88321, 0.0, -16.4546456, 3.15497364, -1.32880014, -6.20369572, 18.7851046, 0.0, 0.7035355299999999, 3.0200080600000003, 11.4550222, 10.3993839, 73.4974648, 0.0, 0.7939426279999999, -11.7024566, -22.8377568, 66.01886, 0.0
24.637184, 1.15846548, 2.04875258, -4.59744902, 18.865399999999998, 0.0, -16.4456052, 3.14997128, -1.32834378, -6.20422944, 18.8022022, 0.0, 0.69180716, 3.02635472, 11.4460414, 10.3194988, 73.4813196, 0.0, 0.803025596, -11.7010342, -22.8203176, 66.0126, 0.0
24.637184, 1.1629711200000001, 2.05617422, -4.59154588, 18.84759, 0.0, -16.4365648, 3.14496892, -1.3278874200000002, -6.20476316, 18.8192998, 0.0, 0.6800787899999999, 3.0327013800000002, 11.437060599999999, 10.239613700000001, 73.4651744, 0.0, 0.812108564, -11.6996118, -22.8028784, 66.00634, 0.0
24.637184, 1.16747676, 2.06359586, -4.58564274, 18.82978, 0.0, -16.4275244, 3.13996656, -1.32743106, -6.20529688, 18.8363974, 0.0, 0.66835042, 3.03904804, 11.428079799999999, 10.159728600000001, 73.4490292, 0.0, 0.8211915320000001, -11.6981894, -22.7854392, 66.00008, 0.0
24.637184, 1.1719824, 2.0710175, -4.5797396, 18.81197, 0.0, -16.418484, 3.1349642, -1.3269747, -6.2058306, 18.853495, 0.0, 0.65662205, 3.0453947, 11.419099, 10.0798435, 73.432884, 0.0, 0.8302745, -11.696767, -22.768, 65.99382, 0.0
24.637184, 1.17961018, 2.07499752, -4.58215788, 18.7884466, 0.0, -16.4070474, 3.1305265600000003, -1.32873968, -6.2112754, 18.870492799999997, 0.0, 0.64363246, 3.06344904, 11.409930999999998, 9.958438600000001, 73.4036272, 0.0, 0.8498032400000001, -11.695625999999999, -22.7254824, 65.976564, 0.0
24.637184, 1.18723796, 2.07897754, -4.58457616, 18.7649232, 0.0, -16.3956108, 3.1260889200000004, -1.3305046600000001, -6.2167202, 18.8874906, 0.0, 0.63064287, 3.08150338, 11.400763, 9.837033700000001, 73.3743704, 0.0, 0.86933198, -11.694485, -22.6829648, 65.959308, 0.0
24.637184, 1.19486574, 2.08295756, -4.58699444, 18.7413998, 0.0, -16.3841742, 3.12165128, -1.33226964, -6.2221649999999995, 18.904488399999998, 0.0, 0.61765328, 3.09955772, 11.391594999999999, 9.7156288, 73.3451136, 0.0, 0.88886072, -11.693344, -22.6404472, 65.942052, 0.0
24.637184, 1.20249352, 2.08693758, -4.58941272, 18.717876399999998, 0.0, -16.3727376, 3.11721364, -1.3340346200000002, -6.2276098, 18.9214862, 0.0, 0.60466369, 3.11761206, 11.382427, 9.5942239, 73.3158568, 0.0, 0.90838946, -11.692203000000001, -22.5979296, 65.924796, 0.0
24.637184, 1.2101213, 2.0909176, -4.591831, 18.694353, 0.0, -16.361301, 3.112776, -1.3357996, -6.2330546, 18.938484, 0.0, 0.5916741, 3.1356664, 11.373259, 9.472819, 73.2866, 0.0, 0.9279182, -11.691062, -22.555412, 65.90754, 0.0
24.637184, 1.21874774, 2.08624932, -4.59682868, 18.6723514, 0.0, -16.3566556, 3.1257053000000004, -1.34739384, -6.23066028, 18.9608164, 0.0, 0.5824219079999999, 3.1638154199999997, 11.3695962, 9.2866106, 73.223792, 0.0, 0.9516857000000001, -11.6853782, -22.460874, 65.85714399999999, 0.0
24.637184, 1.22737418, 2.08158104, -4.60182636, 18.6503498, 0.0, -16.3520102, 3.1386346, -1.35898808, -6.22826596, 18.9831488, 0.0, 0.573169716, 3.19196444, 11.3659334, 9.1004022, 73.160984, 0.0, 0.9754532, -11.6796944, -22.366336, 65.806748, 0.0
24.637184, 1.23600062, 2.07691276, -4.60682404, 18.628348199999998, 0.0, -16.3473648, 3.1515639, -1.37058232, -6.22587164, 19.005481200000002, 0.0, 0.563917524, 3.22011346, 11.3622706, 8.9141938, 73.09817600000001, 0.0, 0.9992207000000001, -11.674010599999999, -22.271798, 65.75635199999999, 0.0
24.637184, 1.24462706, 2.07224448, -4.61182172, 18.6063466, 0.0, -16.3427194, 3.1644932, -1.38217656, -6.22347732, 19.0278136, 0.0, 0.554665332, 3.24826248, 11.3586078, 8.7279854, 73.035368, 0.0, 1.0229882000000001, -11.668326799999999, -22.17726, 65.705956, 0.0
24.637184, 1.2532535, 2.0675762, -4.6168194, 18.584345, 0.0, -16.338074, 3.1774225, -1.3937708, -6.221083, 19.050146, 0.0, 0.54541314, 3.2764115, 11.354945, 8.541777, 72.97256, 0.0, 1.0467557, -11.662643, -22.082722, 65.65556, 0.0
24.637184, 1.2667197000000001, 2.0550756199999998, -4.61028192, 18.562996, 0.0, -16.3391932, 3.2139114, -1.41764504, -6.20211074, 19.073539200000003, 0.0, 0.5414700659999999, 3.3022668, 11.3614914, 8.2518846, 72.823745, 0.0, 1.0664817800000002, -11.6513602, -21.893939800000002, 65.52039599999999, 0.0
24.637184, 1.2801859, 2.04257504, -4.60374444, 18.541646999999998, 0.0, -16.3403124, 3.2504003, -1.44151928, -6.18313848, 19.0969324, 0.0, 0.537526992, 3.3281221, 11.3680378, 7.9619922, 72.67493, 0.0, 1.08620786, -11.6400774, -21.7051576, 65.385232, 0.0
24.637184, 1.2936521, 2.03007446, -4.59720696, 18.520298, 0.0, -16.3414316, 3.2868892, -1.46539352, -6.16416622, 19.1203256, 0.0, 0.5335839179999999, 3.3539774, 11.374584200000001, 7.6720998, 72.526115, 0.0, 1.1059339400000001, -11.6287946, -21.5163754, 65.250068, 0.0
24.637184, 1.3071183, 2.01757388, -4.59066948, 18.498949, 0.0, -16.342550799999998, 3.3233781, -1.48926776, -6.14519396, 19.1437188, 0.0, 0.529640844, 3.3798327, 11.3811306, 7.3822074, 72.3773, 0.0, 1.12566002, -11.6175118, -21.3275932, 65.11490400000001, 0.0
24.637184, 1.3205845, 2.0050733, -4.584132, 18.4776, 0.0, -16.34367, 3.359867, -1.513142, -6.1262217, 19.167112, 0.0, 0.52569777, 3.405688, 11.387677, 7.092315, 72.228485, 0.0, 1.1453861, -11.606229, -21.138811, 64.97974, 0.0
24.637184, 1.34144222, 1.98269178, -4.5569702, 18.450748, 0.0, -16.3265904, 3.40240294, -1.53243578, -6.10488828, 19.1657918, 0.0, 0.528337624, 3.46199914, 11.4239968, 6.66676448, 71.90660600000001, 0.0, 1.18407864, -11.607494, -20.815404, 64.6596648, 0.0
24.637184, 1.36229994, 1.96031026, -4.5298084, 18.423896, 0.0, -16.3095108, 3.44493888, -1.55172956, -6.0835548600000005, 19.1644716, 0.0, 0.530977478, 3.51831028, 11.4603166, 6.2412139600000005, 71.584727, 0.0, 1.22277118, -11.608759000000001, -20.491997, 64.33958960000001, 0.0
24.637184, 1.38315766, 1.9379287399999998, -4.5026466, 18.397044, 0.0, -16.2924312, 3.48747482, -1.57102334, -6.06222144, 19.1631514, 0.0, 0.533617332, 3.5746214199999997, 11.4966364, 5.81566344, 71.262848, 0.0, 1.26146372, -11.610024, -20.16859, 64.0195144, 0.0
24.637184, 1.40401538, 1.9155472199999999, -4.4754848, 18.370192, 0.0, -16.2753516, 3.53001076, -1.5903171200000001, -6.040888020000001, 19.161831199999998, 0.0, 0.536257186, 3.6309325599999998, 11.532956200000001, 5.39011292, 70.940969, 0.0, 1.30015626, -11.611289, -19.845183, 63.6994392, 0.0
24.637184, 1.4248731, 1.8931657, -4.448323, 18.34334, 0.0, -16.258272, 3.5725467, -1.6096109, -6.0195546, 19.160511, 0.0, 0.53889704, 3.6872437, 11.569276, 4.9645624, 70.61909, 0.0, 1.3388488, -11.612554, -19.521776, 63.379364, 0.0
24.637184, 1.44347078, 1.8605199, -4.4107008, 18.3267198, 0.0, -16.224897600000002, 3.6123534, -1.63512868, -6.0058998, 19.1443112, 0.0, 0.5429618620000001, 3.8205186799999997, 11.6517304, 4.3700996000000005, 69.997454, 0.0, 1.4087616, -11.6159352, -19.019122199999998, 62.7238932, 0.0
24.637184, 1.46206846, 1.8278741, -4.3730786, 18.3100996, 0.0, -16.191523200000002, 3.6521601, -1.66064646, -5.992245, 19.1281114, 0.0, 0.547026684, 3.9537936599999997, 11.7341848, 3.7756368, 69.375818, 0.0, 1.4786744, -11.619316399999999, -18.5164684, 62.0684224, 0.0
24.637184, 1.4806661399999999, 1.7952283, -4.3354564, 18.2934794, 0.0, -16.1581488, 3.6919668, -1.68616424, -5.9785902, 19.1119116, 0.0, 0.551091506, 4.08706864, 11.816639200000001, 3.1811740000000004, 68.754182, 0.0, 1.5485872, -11.6226976, -18.0138146, 61.4129516, 0.0
24.637184, 1.49926382, 1.7625825000000002, -4.2978342000000005, 18.2768592, 0.0, -16.1247744, 3.7317735, -1.71168202, -5.9649354, 19.0957118, 0.0, 0.5551563279999999, 4.2203436199999995, 11.8990936, 2.5867112000000003, 68.13254599999999, 0.0, 1.6185, -11.6260788, -17.511160800000003, 60.7574808, 0.0
24.637184, 1.5178615, 1.7299367, -4.260212, 18.260239, 0.0, -16.0914, 3.7715802, -1.7371998, -5.9512806, 19.079512, 0.0, 0.55922115, 4.3536186, 11.981548, 1.9922484, 67.51091, 0.0, 1.6884128, -11.62946, -17.008507, 60.10201, 0.0
24.637184, 1.53724452, 1.68513588, -4.22754254, 18.2722896, 0.0, -16.021318700000002, 3.7633217599999997, -1.78567814, -5.99442454, 19.053205000000002, 0.0, 0.53682371, 4.49261702, 12.170258800000001, 1.25812998, 66.430504, 0.0, 1.72598146, -11.6955464, -16.292147200000002, 58.9489732, 0.0
24.637184, 1.55662754, 1.64033506, -4.19487308, 18.2843402, 0.0, -15.9512374, 3.7550633199999996, -1.8341564799999999, -6.03756848, 19.026898000000003, 0.0, 0.51442627, 4.63161544, 12.3589696, 0.5240115599999999, 65.350098, 0.0, 1.76355012, -11.7616328, -15.575787400000001, 57.7959364, 0.0
24.637184, 1.5760105599999998, 1.59553424, -4.1622036200000005, 18.2963908, 0.0, -15.8811561, 3.74680488, -1.8826348199999998, -6.080712419999999, 19.000591, 0.0, 0.49202883, 4.77061386, 12.5476804, -0.21010686, 64.26969199999999, 0.0, 1.80111878, -11.8277192, -14.8594276, 56.6428996, 0.0
24.637184, 1.5953935799999999, 1.55073342, -4.12953416, 18.3084414, 0.0, -15.8110748, 3.73854644, -1.93111316, -6.1238563599999996, 18.974284, 0.0, 0.46963139, 4.90961228, 12.7363912, -0.9442252800000002, 63.189285999999996, 0.0, 1.83868744, -11.8938056, -14.1430678, 55.489862800000004, 0.0
24.637184, 1.6147766, 1.5059326, -4.0968647, 18.320492, 0.0, -15.7409935, 3.730288, -1.9795915, -6.1670003, 18.947977, 0.0, 0.44723395, 5.0486107, 12.925102, -1.6783437, 62.10888, 0.0, 1.8762561, -11.959892, -13.426708, 54.336826, 0.0
24.637184, 1.6443912399999998, 1.46090474, -4.084313760000001, 18.3611352, 0.0, -15.6553576, 3.7189620199999998, -2.04325506, -6.22671964, 18.9841082, 0.0, 0.41668151999999997, 4.95604106, 13.382598600000001, -2.3306422600000003, 60.4381584, 0.0, 1.699243408, -12.2119504, -12.4482964, 52.578076, 0.0
24.637184, 1.67400588, 1.41587688, -4.07176282, 18.4017784, 0.0, -15.5697217, 3.7076360399999997, -2.10691862, -6.28643898, 19.0202394, 0.0, 0.38612909, 4.863471420000001, 13.8400952, -2.98294082, 58.7674368, 0.0, 1.522230716, -12.4640088, -11.469884799999999, 50.819326000000004, 0.0
24.637184, 1.7036205199999999, 1.37084902, -4.05921188, 18.4424216, 0.0, -15.484085799999999, 3.69631006, -2.1705821800000002, -6.34615832, 19.0563706, 0.0, 0.35557666, 4.77090178, 14.297591800000001, -3.63523938, 57.0967152, 0.0, 1.345218024, -12.7160672, -10.4914732, 49.060576, 0.0
24.637184, 1.73323516, 1.32582116, -4.04666094, 18.4830648, 0.0, -15.3984499, 3.68498408, -2.23424574, -6.40587766, 19.0925018, 0.0, 0.32502423, 4.67833214, 14.7550884, -4.28753794, 55.4259936, 0.0, 1.1682053319999999, -12.9681256, -9.5130616, 47.301826, 0.0
24.637184, 1.7628498, 1.2807933, -4.03411, 18.523708, 0.0, -15.312814, 3.6736581, -2.2979093, -6.465597, 19.128633, 0.0, 0.2944718, 4.5857625, 15.212585, -4.9398365, 53.755272, 0.0, 0.99119264, -13.220184, -8.53465, 45.543076, 0.0
24.637184, 1.81758364, 1.26189224, -4.04099592, 18.5736508, 0.0, -15.2220186, 3.68618294, -2.3724893000000002, -6.5359522, 19.198360400000002, 0.0, 0.2871536, 4.042727060000001, 16.000266, -5.2800672, 51.4178926, 0.0, 0.36868749199999995, -13.685346599999999, -7.443298559999999, 43.122191199999996, 0.0
24.637184, 1.87231748, 1.24299118, -4.0478818400000005, 18.6235936, 0.0, -15.131223199999999, 3.69870778, -2.4470693000000003, -6.6063073999999995, 19.2680878, 0.0, 0.2798354, 3.49969162, 16.787947, -5.620297900000001, 49.0805132, 0.0, -0.25381765600000006, -14.1505092, -6.351947119999999, 40.7013064, 0.0
24.637184, 1.9270513200000001, 1.22409012, -4.05476776, 18.6735364, 0.0, -15.0404278, 3.71123262, -2.5216493, -6.6766626, 19.3378152, 0.0, 0.2725172, 2.9566561800000004, 17.575628000000002, -5.9605286, 46.7431338, 0.0, -0.876322804, -14.6156718, -5.26059568, 38.2804216, 0.0
24.637184, 1.98178516, 1.20518906, -4.06165368, 18.7234792, 0.0, -14.949632399999999, 3.72375746, -2.5962293, -6.7470178, 19.4075426, 0.0, 0.265199, 2.4136207400000003, 18.363309, -6.3007593, 44.405754400000006, 0.0, -1.498827952, -15.0808344, -4.169244239999999, 35.8595368, 0.0
24.637184, 2.036519, 1.186288, -4.0685396, 18.773422, 0.0, -14.858837, 3.7362823, -2.6708093, -6.817373, 19.47727, 0.0, 0.2578808, 1.8705853, 19.15099, -6.64099, 42.068375, 0.0, -2.1213331, -15.545997, -3.0778928, 33.438652, 0.0
24.637184, 2.15095788, 1.1625395, -4.07679098, 18.8120066, 0.0, -14.7818921, 3.8123945800000003, -2.7593334400000002, -6.8935024, 19.458344, 0.0, 0.269868588, 0.7021520399999999, 20.1309902, -6.72848032, 39.0356432, 0.0, -3.40460928, -16.2522478, -2.1213849799999998, 30.3738076, 0.0
24.637184, 2.2653967600000002, 1.138791, -4.08504236, 18.8505912, 0.0, -14.7049472, 3.88850686, -2.8478575800000003, -6.9696318, 19.439418, 0.0, 0.281856376, -0.46628122000000016, 21.1109904, -6.81597064, 36.0029114, 0.0, -4.68788546, -16.9584986, -1.1648771599999999, 27.308963199999997, 0.0
24.637184, 2.37983564, 1.1150425, -4.09329374, 18.8891758, 0.0, -14.6280023, 3.9646191400000004, -2.93638172, -7.045761199999999, 19.420492, 0.0, 0.293844164, -1.6347144800000002, 22.090990599999998, -6.90346096, 32.9701796, 0.0, -5.97116164, -17.664749399999998, -0.20836933999999996, 24.2441188, 0.0
24.637184, 2.4942745200000003, 1.091294, -4.10154512, 18.9277604, 0.0, -14.5510574, 4.04073142, -3.02490586, -7.1218905999999995, 19.401566, 0.0, 0.305831952, -2.80314774, 23.0709908, -6.99095128, 29.9374478, 0.0, -7.25443782, -18.3710002, 0.7481384800000002, 21.179274399999997, 0.0
24.637184, 2.6087134, 1.0675455, -4.1097965, 18.966345, 0.0, -14.4741125, 4.1168437, -3.11343, -7.19802, 19.38264, 0.0, 0.31781974, -3.971581, 24.050991, -7.0784416, 26.904716, 0.0, -8.537714, -19.077251, 1.7046463, 18.11443, 0.0
24.637184, 2.8307882, 1.09333448, -4.08111632, 19.0300122, 0.0, -14.4758276, 4.31750436, -3.2446728, -7.22617132, 19.3030308, 0.0, 0.342303886, -5.7126052000000005, 25.1458374, -7.0969590799999995, 23.5020192, 0.0, -10.3593868, -20.0303364, 2.40293584, 14.799781719999999, 0.0
24.637184, 3.052863, 1.11912346, -4.05243614, 19.0936794, 0.0, -14.4775427, 4.5181650200000005, -3.3759156, -7.25432264, 19.223421599999998, 0.0, 0.366788032, -7.4536294000000005, 26.2406838, -7.115476559999999, 20.099322400000002, 0.0, -12.1810596, -20.9834218, 3.10122538, 11.485133439999998, 0.0
24.637184, 3.2749378, 1.1449124400000001, -4.02375596, 19.1573466, 0.0, -14.4792578, 4.71882568, -3.5071584, -7.28247396, 19.1438124, 0.0, 0.391272178, -9.1946536, 27.3355302, -7.13399404, 16.6966256, 0.0, -14.0027324, -21.9365072, 3.79951492, 8.170485159999998, 0.0
24.637184, 3.4970125999999997, 1.17070142, -3.9950757799999996, 19.221013799999998, 0.0, -14.4809729, 4.919486340000001, -3.6384012, -7.31062528, 19.0642032, 0.0, 0.415756324, -10.9356778, 28.430376600000002, -7.15251152, 13.293928800000002, 0.0, -15.8244052, -22.8895926, 4.49780446, 4.855836879999998, 0.0
24.637184, 3.7190874, 1.1964904, -3.9663956, 19.284681, 0.0, -14.482688, 5.120147, -3.769644, -7.3387766, 18.984594, 0.0, 0.44024047, -12.676702, 29.525223, -7.171029, 9.891232, 0.0, -17.646078, -23.842678, 5.196094, 1.5411886, 0.0
24.637184, 3.9339101999999997, 1.2426107800000001, -3.9549349599999997, 19.315834799999998, 0.0, -14.4779664, 5.335522, -3.86286954, -7.37485268, 18.929012, 0.0, 0.457619096, -14.6788016, 30.5855616, -7.32183372, 7.01278028, 0.0, -19.6918178, -24.8256096, 5.738947400000001, -1.22239172, 0.0
24.637184, 4.148733, 1.28873116, -3.94347432, 19.3469886, 0.0, -14.4732448, 5.550897, -3.95609508, -7.41092876, 18.87343, 0.0, 0.474997722, -16.6809012, 31.6459002, -7.47263844, 4.13432856, 0.0, -21.737557600000002, -25.8085412, 6.2818008, -3.98597204, 0.0
24.637184, 4.3635558, 1.33485154, -3.93201368, 19.378142399999998, 0.0, -14.4685232, 5.766272, -4.04932062, -7.44700484, 18.817848, 0.0, 0.49237634799999996, -18.683000800000002, 32.7062388, -7.62344316, 1.2558768400000009, 0.0, -23.783297400000002, -26.7914728, 6.8246542, -6.749552360000001, 0.0
24.637184, 4.5783786, 1.38097192, -3.92055304, 19.4092962, 0.0, -14.4638016, 5.981647, -4.14254616, -7.48308092, 18.762266, 0.0, 0.509754974, -20.685100400000003, 33.766577399999996, -7.77424788, -1.6225748800000002, 0.0, -25.829037200000002, -27.774404399999998, 7.3675076, -9.51313268, 0.0
24.637184, 4.7932014, 1.4270923, -3.9090924, 19.44045, 0.0, -14.45908, 6.197022, -4.2357717, -7.519157, 18.706684, 0.0, 0.5271336, -22.6872, 34.826916, -7.9250526, -4.5010266, 0.0, -27.874777, -28.757336, 7.910361, -12.276713, 0.0
24.637184, 4.97007632, 1.49943186, -3.9080736, 19.4720636, 0.0, -14.451314, 6.3991878799999995, -4.28610262, -7.5448205999999995, 18.7624252, 0.0, 0.544820954, -24.4408912, 35.626286799999995, -8.25853428, -6.55719678, 0.0, -29.6274362, -29.474808799999998, 8.4522026, -14.2188286, 0.0
24.637184, 5.14695124, 1.57177142, -3.9070548, 19.5036772, 0.0, -14.443548, 6.601353759999999, -4.33643354, -7.5704842, 18.8181664, 0.0, 0.562508308, -26.1945824, 36.4256576, -8.59201596, -8.61336696, 0.0, -31.380095400000002, -30.1922816, 8.9940442, -16.1609442, 0.0
24.637184, 5.32382616, 1.64411098, -3.906036, 19.5352908, 0.0, -14.435782, 6.803519639999999, -4.38676446, -7.5961478, 18.8739076, 0.0, 0.5801956620000001, -27.9482736, 37.2250284, -8.92549764, -10.66953714, 0.0, -33.1327546, -30.9097544, 9.535885799999999, -18.1030598, 0.0
24.637184, 5.50070108, 1.7164505399999999, -3.9050172, 19.5669044, 0.0, -14.428016, 7.00568552, -4.43709538, -7.6218114, 18.9296488, 0.0, 0.597883016, -29.7019648, 38.024399200000005, -9.25897932, -12.725707320000001, 0.0, -34.8854138, -31.627227200000004, 10.0777274, -20.045175399999998, 0.0
24.637184, 5.677576, 1.7887901, -3.9039984, 19.598518, 0.0, -14.42025, 7.2078514, -4.4874263, -7.647475, 18.98539, 0.0, 0.61557037, -31.455656, 38.82377, -9.592461, -14.7818775, 0.0, -36.638073, -32.3447, 10.619569, -21.987291, 0.0
24.637184, 5.80421986, 1.8557943799999999, -3.91495984, 19.6369038, 0.0, -14.3930762, 7.35372012, -4.52544364, -7.68490372, 19.094317399999998, 0.0, 0.616508696, -32.6632934, 39.2312092, -9.7854024, -16.024036, 0.0, -37.8117638, -32.758382000000005, 10.9824234, -23.0991678, 0.0
24.637184, 5.93086372, 1.92279866, -3.92592128, 19.6752896, 0.0, -14.3659024, 7.49958884, -4.56346098, -7.72233244, 19.2032448, 0.0, 0.617447022, -33.8709308, 39.6386484, -9.978343800000001, -17.2661945, 0.0, -38.9854546, -33.172064000000006, 11.3452778, -24.2110446, 0.0
24.637184, 6.05750758, 1.98980294, -3.93688272, 19.7136754, 0.0, -14.3387286, 7.64545756, -4.60147832, -7.75976116, 19.3121722, 0.0, 0.618385348, -35.0785682, 40.0460876, -10.1712852, -18.508353, 0.0, -40.1591454, -33.585746, 11.7081322, -25.3229214, 0.0
24.637184, 6.18415144, 2.05680722, -3.94784416, 19.7520612, 0.0, -14.3115548, 7.79132628, -4.639495660000001, -7.7971898799999995, 19.4210996, 0.0, 0.619323674, -36.2862056, 40.4535268, -10.3642266, -19.7505115, 0.0, -41.332836199999996, -33.999428, 12.0709866, -26.4347982, 0.0
24.637184, 6.3107953, 2.1238115, -3.9588056, 19.790447, 0.0, -14.284381, 7.937195, -4.677513, -7.8346186, 19.530027, 0.0, 0.620262, -37.493843, 40.860966, -10.557168, -20.99267, 0.0, -42.506527, -34.41311, 12.433841, -27.546675, 0.0
24.637184, 6.33800884, 2.10005494, -4.01236174, 19.7963598, 0.0, -14.1699198, 7.9625836, -4.6753332, -7.94908188, 19.578973, 0.0, 0.597974028, -38.1575744, 41.056319599999995, -10.1463532, -21.432737, 0.0, -43.1712044, -34.837532, 12.0848626, -27.881686000000002, 0.0
24.637184, 6.36522238, 2.07629838, -4.06591788, 19.802272600000002, 0.0, -14.0554586, 7.9879722, -4.6731534, -8.06354516, 19.627919000000002, 0.0, 0.575686056, -38.8213058, 41.2516732, -9.735538400000001, -21.872804, 0.0, -43.8358818, -35.261954, 11.7358842, -28.216697, 0.0
24.637184, 6.39243592, 2.05254182, -4.11947402, 19.8081854, 0.0, -13.9409974, 8.0133608, -4.6709736, -8.178008440000001, 19.676865, 0.0, 0.553398084, -39.4850372, 41.447026799999996, -9.3247236, -22.312871, 0.0, -44.5005592, -35.686376, 11.3869058, -28.551708, 0.0
24.637184, 6.41964946, 2.02878526, -4.17303016, 19.8140982, 0.0, -13.8265362, 8.0387494, -4.6687938, -8.29247172, 19.725811, 0.0, 0.531110112, -40.1487686, 41.6423804, -8.913908800000002, -22.752938, 0.0, -45.1652366, -36.110798, 11.0379274, -28.886719, 0.0
24.637184, 6.446863, 2.0050287, -4.2265863, 19.820011, 0.0, -13.712075, 8.064138, -4.666614, -8.406935, 19.774757, 0.0, 0.50882214, -40.8125, 41.837734, -8.503094, -23.193005, 0.0, -45.829914, -36.53522, 10.688949, -29.22173, 0.0
24.637184, 6.4783329599999995, 2.0155369, -4.25905684, 19.8515322, 0.0, -13.6585502, 8.112896, -4.66433254, -8.472461800000001, 19.840973, 0.0, 0.4945564, -41.077986, 42.1636762, -7.291749080000001, -22.8720074, 0.0, -46.219204600000005, -37.189042, 9.477459, -28.9494856, 0.0
24.637184, 6.509802919999999, 2.0260451, -4.29152738, 19.8830534, 0.0, -13.6050254, 8.161654, -4.66205108, -8.5379886, 19.907189000000002, 0.0, 0.48029066000000004, -41.343472, 42.4896184, -6.0804041600000005, -22.5510098, 0.0, -46.6084952, -37.842864, 8.265968999999998, -28.6772412, 0.0
24.637184, 6.54127288, 2.0365533, -4.32399792, 19.914574599999998, 0.0, -13.5515006, 8.210412, -4.65976962, -8.603515400000001, 19.973405, 0.0, 0.46602492, -41.608958, 42.8155606, -4.86905924, -22.2300122, 0.0, -46.9977858, -38.496686000000004, 7.054478999999999, -28.4049968, 0.0
24.637184, 6.57274284, 2.0470615000000003, -4.356468459999999, 19.9460958, 0.0, -13.4979758, 8.259170000000001, -4.65748816, -8.6690422, 20.039621, 0.0, 0.45175918000000004, -41.874444, 43.1415028, -3.65771432, -21.9090146, 0.0, -47.3870764, -39.150508, 5.842988999999999, -28.1327524, 0.0
24.637184, 6.6042128, 2.0575697, -4.388939, 19.977617, 0.0, -13.444451, 8.307928, -4.6552067, -8.734569, 20.105837, 0.0, 0.43749344, -42.13993, 43.467445, -2.4463694, -21.588017, 0.0, -47.776367, -39.80433, 4.631499, -27.860508, 0.0
24.637184, 6.65320204, 2.13189828, -4.39516572, 20.033482199999998, 0.0, -13.487264000000001, 8.414903, -4.65989756, -8.7277996, 20.176513, 0.0, 0.452799012, -41.947604, 43.9529004, -0.3927585200000001, -20.5152272, 0.0, -47.8075384, -40.5158968, 2.5622705, -27.0286358, 0.0
24.637184, 6.70219128, 2.20622686, -4.4013924399999995, 20.089347399999998, 0.0, -13.530077, 8.521878000000001, -4.66458842, -8.721030200000001, 20.247189, 0.0, 0.468104584, -41.755278, 44.4383558, 1.6608523599999998, -19.4424374, 0.0, -47.8387098, -41.2274636, 0.493042, -26.1967636, 0.0
24.637184, 6.75118052, 2.28055544, -4.40761916, 20.1452126, 0.0, -13.572890000000001, 8.628853, -4.66927928, -8.7142608, 20.317865, 0.0, 0.48341015600000004, -41.562952, 44.9238112, 3.7144632399999997, -18.3696476, 0.0, -47.8698812, -41.9390304, -1.5761865000000004, -25.364891399999998, 0.0
24.637184, 6.80016976, 2.35488402, -4.41384588, 20.2010778, 0.0, -13.615703, 8.735828, -4.67397014, -8.7074914, 20.388541, 0.0, 0.498715728, -41.370626, 45.4092666, 5.76807412, -17.296857799999998, 0.0, -47.9010526, -42.6505972, -3.645415, -24.5330192, 0.0
24.637184, 6.849159, 2.4292126, -4.4200726, 20.256943, 0.0, -13.658516, 8.842803, -4.678661, -8.700722, 20.459217, 0.0, 0.5140213, -41.1783, 45.894722, 7.821685, -16.224068, 0.0, -47.932224, -43.362164, -5.7146435, -23.701147, 0.0
24.637184, 6.80840854, 2.45193568, -4.46352528, 20.270119, 0.0, -13.635127200000001, 8.8556996, -4.636643, -8.746375200000001, 20.5025108, 0.0, 0.522437232, -40.394686, 46.2913726, 10.398869000000001, -14.49936586, 0.0, -47.3632078, -43.725246, -8.3138368, -22.271991, 0.0
24.637184, 6.76765808, 2.47465876, -4.50697796, 20.283295, 0.0, -13.6117384, 8.868596199999999, -4.594625, -8.792028400000001, 20.5458046, 0.0, 0.530853164, -39.611072, 46.6880232, 12.976053, -12.77466372, 0.0, -46.7941916, -44.088328, -10.9130301, -20.842835, 0.0
24.637184, 6.7269076199999995, 2.49738184, -4.55043064, 20.296471, 0.0, -13.5883496, 8.8814928, -4.552607, -8.8376816, 20.589098399999997, 0.0, 0.539269096, -38.827458, 47.0846738, 15.553237, -11.04996158, 0.0, -46.2251754, -44.45141, -13.5122234, -19.413679000000002, 0.0
24.637184, 6.68615716, 2.52010492, -4.593883320000001, 20.309647, 0.0, -13.5649608, 8.8943894, -4.5105889999999995, -8.8833348, 20.632392199999998, 0.0, 0.547685028, -38.043844, 47.4813244, 18.130421, -9.32525944, 0.0, -45.6561592, -44.814492, -16.1114167, -17.984523, 0.0
24.637184, 6.6454067, 2.542828, -4.637336, 20.322823, 0.0, -13.541572, 8.907286, -4.468571, -8.928988, 20.675686, 0.0, 0.55610096, -37.26023, 47.877975, 20.707605, -7.6005573, 0.0, -45.087143, -45.177574, -18.71061, -16.555367, 0.0
24.637184, 6.56671496, 2.5873880000000002, -4.6917486, 20.3082336, 0.0, -13.49991, 8.8854562, -4.3849149999999995, -8.958956, 20.765533599999998, 0.0, 0.529677728, -36.032888, 47.889596, 22.8175686, -5.7547453200000005, 0.0, -44.030870799999995, -45.0418304, -20.8414196, -14.990021, 0.0
24.637184, 6.48802322, 2.631948, -4.7461612, 20.2936442, 0.0, -13.458248, 8.8636264, -4.301259, -8.988924, 20.8553812, 0.0, 0.5032544959999999, -34.805546, 47.901216999999995, 24.9275322, -3.9089333400000004, 0.0, -42.9745986, -44.906086800000004, -22.9722292, -13.424675, 0.0
24.637184, 6.40933148, 2.676508, -4.8005738, 20.2790548, 0.0, -13.416586, 8.8417966, -4.2176029999999995, -9.018892, 20.9452288, 0.0, 0.476831264, -33.578204, 47.912838, 27.0374958, -2.0631213600000002, 0.0, -41.9183264, -44.7703432, -25.1030388, -11.859329, 0.0
24.637184, 6.33063974, 2.721068, -4.8549864, 20.2644654, 0.0, -13.374924, 8.8199668, -4.133947, -9.04886, 21.0350764, 0.0, 0.450408032, -32.350862, 47.924459, 29.1474594, -0.21730938000000055, 0.0, -40.8620542, -44.6345996, -27.2338484, -10.293983, 0.0
24.637184, 6.251948, 2.765628, -4.909399, 20.249876, 0.0, -13.333262, 8.798137, -4.050291, -9.078828, 21.124924, 0.0, 0.4239848, -31.12352, 47.93608, 31.257423, 1.6285026, 0.0, -39.805782, -44.498856, -29.364658, -8.728637, 0.0
24.637184, 6.1987998, 2.82467142, -4.94693468, 20.2312122, 0.0, -13.292574, 8.7679344, -3.9660704599999996, -9.1014422, 21.1598638, 0.0, 0.366134674, -30.0095796, 47.721529399999994, 32.533991, 2.91555488, 0.0, -38.8013326, -44.1393124, -30.658157, -7.675470200000001, 0.0
24.637184, 6.1456516, 2.88371484, -4.9844703599999995, 20.2125484, 0.0, -13.251886, 8.7377318, -3.8818499199999996, -9.124056399999999, 21.1948036, 0.0, 0.308284548, -28.895639199999998, 47.5069788, 33.810559, 4.20260716, 0.0, -37.7968832, -43.7797688, -31.951656, -6.622303400000001, 0.0
24.637184, 6.0925034, 2.9427582599999997, -5.02200604, 20.1938846, 0.0, -13.211198, 8.7075292, -3.79762938, -9.1466706, 21.2297434, 0.0, 0.250434422, -27.7816988, 47.292428199999996, 35.087126999999995, 5.4896594400000005, 0.0, -36.7924338, -43.420225200000004, -33.245155, -5.5691366, 0.0
24.637184, 6.0393552, 3.00180168, -5.0595417199999995, 20.175220799999998, 0.0, -13.17051, 8.6773266, -3.71340884, -9.1692848, 21.2646832, 0.0, 0.192584296, -26.6677584, 47.0778776, 36.363695, 6.776711720000001, 0.0, -35.7879844, -43.0606816, -34.538654, -4.515969800000001, 0.0
24.637184, 5.986207, 3.0608451, -5.0970774, 20.156557, 0.0, -13.129822, 8.647124, -3.6291883, -9.191899, 21.299623, 0.0, 0.13473417, -25.553818, 46.863327, 37.640263, 8.063764, 0.0, -34.783535, -42.701138, -35.832153, -3.462803, 0.0
24.637184, 5.96565646, 3.09595428, -5.11042032, 20.147631399999998, 0.0, -13.1205964, 8.6376146, -3.58314062, -9.1952046, 21.292181, 0.0, 0.092711462, -25.0092448, 46.747997999999995, 38.084485199999996, 8.560286600000001, 0.0, -34.332334, -42.5316684, -36.2866514, -3.1637397800000002, 0.0
24.637184, 5.9451059200000005, 3.13106346, -5.12376324, 20.1387058, 0.0, -13.1113708, 8.6281052, -3.53709294, -9.1985102, 21.284739, 0.0, 0.05068875399999999, -24.4646716, 46.632669, 38.528707399999995, 9.0568092, 0.0, -33.881133, -42.3621988, -36.741149799999995, -2.86467656, 0.0
24.637184, 5.92455538, 3.1661726399999996, -5.13710616, 20.1297802, 0.0, -13.1021452, 8.6185958, -3.49104526, -9.2018158, 21.277297, 0.0, 0.008666045999999983, -23.9200984, 46.51734, 38.9729296, 9.5533318, 0.0, -33.429932, -42.192729199999995, -37.1956482, -2.56561334, 0.0
24.637184, 5.904004840000001, 3.2012818199999997, -5.15044908, 20.1208546, 0.0, -13.0929196, 8.6090864, -3.44499758, -9.2051214, 21.269855, 0.0, -0.03335666200000001, -23.3755252, 46.402011, 39.4171518, 10.0498544, 0.0, -32.978730999999996, -42.023259599999996, -37.6501466, -2.26655012, 0.0
24.637184, 5.8834543, 3.236391, -5.163792, 20.111929, 0.0, -13.083694, 8.599577, -3.3989499, -9.208427, 21.262413, 0.0, -0.07537937, -22.830952, 46.286682, 39.861374, 10.546377, 0.0, -32.52753, -41.85379, -38.104645, -1.9674869, 0.0
24.637184, 5.893514440000001, 3.24251494, -5.15306434, 20.1207952, 0.0, -13.1096764, 8.6156806, -3.4022837399999997, -9.1876446, 21.2383104, 0.0, -0.068000796, -22.9845836, 46.5038664, 39.4779328, 10.2357354, 0.0, -32.76205, -42.084013999999996, -37.7221674, -2.44635692, 0.0
24.637184, 5.90357458, 3.24863888, -5.14233668, 20.1296614, 0.0, -13.1356588, 8.6317842, -3.40561758, -9.1668622, 21.2142078, 0.0, -0.060622222, -23.1382152, 46.7210508, 39.0944916, 9.925093799999999, 0.0, -32.99657, -42.314237999999996, -37.339689799999995, -2.92522694, 0.0
24.637184, 5.91363472, 3.25476282, -5.13160902, 20.1385276, 0.0, -13.1616412, 8.6478878, -3.4089514199999997, -9.146079799999999, 21.190105199999998, 0.0, -0.053243648, -23.2918468, 46.9382352, 38.7110504, 9.6144522, 0.0, -33.23109, -42.544462, -36.9572122, -3.4040969600000004, 0.0
24.637184, 5.9236948599999995, 3.26088676, -5.120881359999999, 20.1473938, 0.0, -13.1876236, 8.6639914, -3.41228526, -9.1252974, 21.1660026, 0.0, -0.045865074, -23.4454784, 47.1554196, 38.3276092, 9.3038106, 0.0, -33.46561, -42.774686, -36.5747346, -3.8829669800000004, 0.0
24.637184, 5.933755, 3.2670107, -5.1101537, 20.15626, 0.0, -13.213606, 8.680095, -3.4156191, -9.104515, 21.1419, 0.0, -0.0384865, -23.59911, 47.372604, 37.944168, 8.993169, 0.0, -33.70013, -43.00491, -36.192257, -4.361837, 0.0
24.637184, 5.9624543999999995, 3.24610544, -5.08914092, 20.162524, 0.0, -13.239458, 8.691239, -3.4529789199999996, -9.073233, 21.0911236, 0.0, -0.018082093999999996, -24.2890448, 47.8734312, 36.7292132, 7.88601994, 0.0, -34.3944096, -43.48126, -34.9700428, -5.5881566000000005, 0.0
24.637184, 5.991153799999999, 3.22520018, -5.06812814, 20.168788, 0.0, -13.265310000000001, 8.702383, -3.49033874, -9.041951, 21.0403472, 0.0, 0.002322312000000007, -24.9789796, 48.3742584, 35.514258399999996, 6.7788708799999995, 0.0, -35.088689200000005, -43.95761, -33.7478286, -6.8144762, 0.0
24.637184, 6.0198532, 3.20429492, -5.04711536, 20.175052, 0.0, -13.291162, 8.713527000000001, -3.5276985599999997, -9.010669, 20.9895708, 0.0, 0.022726718000000014, -25.6689144, 48.8750856, 34.2993036, 5.67172182, 0.0, -35.7829688, -44.43396, -32.525614399999995, -8.0407958, 0.0
24.637184, 6.0485526, 3.18338966, -5.02610258, 20.181316, 0.0, -13.317014, 8.724671, -3.56505838, -8.979387, 20.9387944, 0.0, 0.043131124000000014, -26.3588492, 49.3759128, 33.0843488, 4.56457276, 0.0, -36.4772484, -44.91031, -31.3034002, -9.2671154, 0.0
24.637184, 6.077252, 3.1624844, -5.0050898, 20.18758, 0.0, -13.342866, 8.735815, -3.6024182, -8.948105, 20.888018, 0.0, 0.06353553, -27.048784, 49.87674, 31.869394, 3.4574237, 0.0, -37.171528, -45.38666, -30.081186, -10.493435, 0.0
24.637184, 6.1225824, 3.14411444, -4.965070760000001, 20.198282, 0.0, -13.380265000000001, 8.7423486, -3.6540659599999996, -8.8944926, 20.8613032, 0.0, 0.04489309200000001, -27.829375600000002, 50.341546, 29.8243372, 1.66163922, 0.0, -37.8069956, -45.7295504, -28.0231308, -12.1950494, 0.0
24.637184, 6.1679128, 3.12574448, -4.92505172, 20.208984, 0.0, -13.417664, 8.7488822, -3.70571372, -8.840880199999999, 20.834588399999998, 0.0, 0.026250654000000005, -28.6099672, 50.806352, 27.7792804, -0.13414525999999993, 0.0, -38.4424632, -46.0724408, -25.9650756, -13.896663799999999, 0.0
24.637184, 6.2132432, 3.10737452, -4.88503268, 20.219686, 0.0, -13.455063, 8.7554158, -3.7573614799999997, -8.7872678, 20.8078736, 0.0, 0.007608216000000001, -29.3905588, 51.271158, 25.7342236, -1.92992974, 0.0, -39.077930800000004, -46.4153312, -23.9070204, -15.5982782, 0.0
24.637184, 6.2585736, 3.08900456, -4.8450136399999995, 20.230388, 0.0, -13.492462, 8.7619494, -3.80900924, -8.7336554, 20.7811588, 0.0, -0.011034221999999996, -30.1711504, 51.735963999999996, 23.689166800000002, -3.72571422, 0.0, -39.7133984, -46.7582216, -21.848965200000002, -17.2998926, 0.0
24.637184, 6.303904, 3.0706346, -4.8049946, 20.24109, 0.0, -13.529861, 8.768483, -3.860657, -8.680043, 20.754444, 0.0, -0.02967666, -30.951742, 52.20077, 21.64411, -5.5214987, 0.0, -40.348866, -47.101112, -19.79091, -19.001507, 0.0
24.637184, 6.31141372, 3.03438788, -4.75236888, 20.2597936, 0.0, -13.5553261, 8.7372076, -3.90409032, -8.6190792, 20.7974662, 0.0, -0.08090140200000001, -31.4557784, 52.3056828, 19.130731400000002, -7.52920616, 0.0, -40.6801654, -47.056815, -17.25678004, -20.4779452, 0.0
24.637184, 6.31892344, 2.99814116, -4.69974316, 20.2784972, 0.0, -13.5807912, 8.7059322, -3.94752364, -8.5581154, 20.840488399999998, 0.0, -0.132126144, -31.9598148, 52.4105956, 16.6173528, -9.53691362, 0.0, -41.0114648, -47.012518, -14.722650080000001, -21.9543834, 0.0
24.637184, 6.3264331600000006, 2.96189444, -4.64711744, 20.2972008, 0.0, -13.6062563, 8.674656800000001, -3.99095696, -8.497151599999999, 20.8835106, 0.0, -0.18335088600000002, -32.4638512, 52.515508399999995, 14.1039742, -11.544621079999999, 0.0, -41.342764200000005, -46.968221, -12.18852012, -23.4308216, 0.0
24.637184, 6.33394288, 2.9256477199999997, -4.59449172, 20.3159044, 0.0, -13.6317214, 8.6433814, -4.03439028, -8.436187799999999, 20.9265328, 0.0, -0.234575628, -32.9678876, 52.620421199999996, 11.5905956, -13.55232854, 0.0, -41.674063600000004, -46.923924, -9.65439016, -24.9072598, 0.0
24.637184, 6.3414526, 2.889401, -4.541866, 20.334608, 0.0, -13.6571865, 8.612106, -4.0778236, -8.375224, 20.969555, 0.0, -0.28580037, -33.471924, 52.725334, 9.077217, -15.560036, 0.0, -42.005363, -46.879627, -7.1202602, -26.383698, 0.0
24.637184, 6.2396302200000004, 2.7742203599999997, -4.516314739999999, 20.341731199999998, 0.0, -13.5963914, 8.46887772, -4.105212760000001, -8.393007599999999, 20.9687008, 0.0, -0.339170684, -33.6450204, 52.555769999999995, 7.071688099999999, -17.0481372, 0.0, -42.1541744, -46.6398924, -5.08606436, -27.2088532, 0.0
24.637184, 6.13780784, 2.65903972, -4.49076348, 20.3488544, 0.0, -13.5355963, 8.325649440000001, -4.13260192, -8.4107912, 20.9678466, 0.0, -0.392540998, -33.8181168, 52.386205999999994, 5.0661591999999995, -18.5362384, 0.0, -42.3029858, -46.4001578, -3.05186852, -28.0340084, 0.0
24.637184, 6.03598546, 2.54385908, -4.46521222, 20.3559776, 0.0, -13.4748012, 8.18242116, -4.15999108, -8.4285748, 20.9669924, 0.0, -0.445911312, -33.991213200000004, 52.216642, 3.0606302999999997, -20.024339599999998, 0.0, -42.4517972, -46.1604232, -1.0176726800000004, -28.859163600000002, 0.0
24.637184, 5.934163079999999, 2.42867844, -4.43966096, 20.3631008, 0.0, -13.4140061, 8.03919288, -4.1873802399999995, -8.446358400000001, 20.9661382, 0.0, -0.499281626, -34.1643096, 52.047078, 1.0551013999999999, -21.5124408, 0.0, -42.6006086, -45.9206886, 1.0165231599999993, -29.6843188, 0.0
24.637184, 5.8323407, 2.3134978, -4.4141097, 20.370224, 0.0, -13.353211, 7.8959646, -4.2147694, -8.464142, 20.965284, 0.0, -0.55265194, -34.337406, 51.877514, -0.9504275, -23.000542, 0.0, -42.74942, -45.680954, 3.050719, -30.509474, 0.0
24.637184, 5.693125159999999, 2.20428204, -4.41091736, 20.3676362, 0.0, -13.2952852, 7.75222996, -4.20355692, -8.4978166, 20.9425748, 0.0, -0.5605254319999999, -34.2482954, 51.7156106, -2.1131130000000002, -23.7838118, 0.0, -42.680467, -45.4773658, 4.2412323999999995, -30.749781600000002, 0.0
24.637184, 5.55390962, 2.09506628, -4.40772502, 20.3650484, 0.0, -13.2373594, 7.60849532, -4.192344439999999, -8.5314912, 20.9198656, 0.0, -0.5683989239999999, -34.1591848, 51.5537072, -3.2757985, -24.567081599999998, 0.0, -42.611514, -45.2737776, 5.4317458, -30.9900892, 0.0
24.637184, 5.414694079999999, 1.98585052, -4.40453268, 20.362460600000002, 0.0, -13.1794336, 7.4647606799999995, -4.18113196, -8.5651658, 20.8971564, 0.0, -0.576272416, -34.0700742, 51.3918038, -4.438484, -25.3503514, 0.0, -42.542561, -45.0701894, 6.6222592, -31.2303968, 0.0
24.637184, 5.27547854, 1.87663476, -4.40134034, 20.3598728, 0.0, -13.1215078, 7.32102604, -4.16991948, -8.5988404, 20.874447200000002, 0.0, -0.584145908, -33.980963599999995, 51.2299004, -5.6011695, -26.1336212, 0.0, -42.473608, -44.8666012, 7.8127726, -31.4707044, 0.0
24.637184, 5.136263, 1.767419, -4.398148, 20.357285, 0.0, -13.063582, 7.1772914, -4.158707, -8.632515, 20.851738, 0.0, -0.5920194, -33.891853, 51.067997, -6.763855, -26.916891, 0.0, -42.404655, -44.663013, 9.003286, -31.711012, 0.0
24.637184, 5.0962429, 1.75727024, -4.3819482, 20.368887400000002, 0.0, -13.11156, 7.16188472, -4.146196059999999, -8.597259, 20.8398674, 0.0, -0.569541656, -33.4323052, 51.0474356, -7.183001600000001, -27.2052328, 0.0, -41.9659276, -44.6239544, 9.3369272, -31.728811, 0.0
24.637184, 5.0562228, 1.7471214800000001, -4.3657484, 20.3804898, 0.0, -13.159538, 7.14647804, -4.13368512, -8.562002999999999, 20.8279968, 0.0, -0.5470639119999999, -32.9727574, 51.0268742, -7.6021482, -27.4935746, 0.0, -41.5272002, -44.5848958, 9.6705684, -31.74661, 0.0
24.637184, 5.0162027, 1.73697272, -4.349548599999999, 20.3920922, 0.0, -13.207516, 7.13107136, -4.12117418, -8.526747, 20.8161262, 0.0, -0.5245861679999999, -32.513209599999996, 51.006312799999996, -8.0212948, -27.7819164, 0.0, -41.0884728, -44.5458372, 10.0042096, -31.764409, 0.0
24.637184, 4.9761826, 1.7268239600000002, -4.3333488, 20.403694599999998, 0.0, -13.255493999999999, 7.11566468, -4.10866324, -8.491491, 20.8042556, 0.0, -0.502108424, -32.0536618, 50.9857514, -8.440441400000001, -28.070258199999998, 0.0, -40.6497454, -44.5067786, 10.3378508, -31.782208, 0.0
24.637184, 4.9361625, 1.7166752, -4.317149, 20.415297, 0.0, -13.303472, 7.100258, -4.0961523, -8.456235, 20.792385, 0.0, -0.47963068, -31.594114, 50.96519, -8.859588, -28.3586, 0.0, -40.211018, -44.46772, 10.671492, -31.800007, 0.0
24.637184, 4.9875808, 1.7667085, -4.2971667, 20.4170616, 0.0, -13.3996056, 7.15071136, -4.09884892, -8.3934964, 20.7550548, 0.0, -0.45891418, -30.5931326, 50.795316, -8.878164, -28.6081728, 0.0, -39.2595024, -44.3916466, 10.3469788, -32.017782600000004, 0.0
24.637184, 5.0389991, 1.8167418, -4.2771844, 20.418826199999998, 0.0, -13.4957392, 7.20116472, -4.10154554, -8.3307578, 20.7177246, 0.0, -0.43819768, -29.5921512, 50.625442, -8.89674, -28.857745599999998, 0.0, -38.3079868, -44.3155732, 10.0224656, -32.2355582, 0.0
24.637184, 5.0904174, 1.8667751, -4.2572021, 20.4205908, 0.0, -13.5918728, 7.25161808, -4.10424216, -8.2680192, 20.6803944, 0.0, -0.41748118, -28.5911698, 50.455568, -8.915316, -29.1073184, 0.0, -37.3564712, -44.2394998, 9.6979524, -32.4533338, 0.0
24.637184, 5.1418357, 1.9168084, -4.2372198, 20.422355399999997, 0.0, -13.6880064, 7.302071440000001, -4.10693878, -8.2052806, 20.6430642, 0.0, -0.39676468, -27.5901884, 50.285694, -8.933892, -29.3568912, 0.0, -36.4049556, -44.1634264, 9.3734392, -32.6711094, 0.0
24.637184, 5.193254, 1.9668417, -4.2172375, 20.42412, 0.0, -13.78414, 7.3525248, -4.1096354, -8.142542, 20.605734, 0.0, -0.37604818, -26.589207, 50.11582, -8.952468, -29.606464, 0.0, -35.45344, -44.087353, 9.048926, -32.888885, 0.0
24.637184, 5.2477152, 1.99757286, -4.209254400000001, 20.400796, 0.0, -13.8512878, 7.36938956, -4.13106302, -8.10192632, 20.5105672, 0.0, -0.35954694400000003, -25.203564999999998, 49.645974, -8.936201, -29.9789894, 0.0, -34.0524794, -43.6955408, 8.74006434, -33.3856648, 0.0
24.637184, 5.3021764, 2.02830402, -4.2012713, 20.377472, 0.0, -13.9184356, 7.38625432, -4.15249064, -8.06131064, 20.4154004, 0.0, -0.343045708, -23.817922999999997, 49.176128, -8.919934, -30.3515148, 0.0, -32.6515188, -43.3037286, 8.43120268, -33.8824446, 0.0
24.637184, 5.3566376, 2.05903518, -4.1932882000000005, 20.354148, 0.0, -13.9855834, 7.403119080000001, -4.173918260000001, -8.02069496, 20.3202336, 0.0, -0.32654447200000003, -22.432280999999996, 48.706282, -8.903667, -30.724040199999997, 0.0, -31.2505582, -42.9119164, 8.12234102, -34.379224400000005, 0.0
24.637184, 5.4110987999999995, 2.0897663399999997, -4.1853051, 20.330824, 0.0, -14.0527312, 7.41998384, -4.1953458800000005, -7.98007928, 20.2250668, 0.0, -0.31004323600000006, -21.046639, 48.236436, -8.8874, -31.096565599999998, 0.0, -29.849597600000003, -42.5201042, 7.81347936, -34.876004200000004, 0.0
24.637184, 5.46556, 2.1204975, -4.177322, 20.3075, 0.0, -14.119879, 7.4368486, -4.2167735, -7.9394636, 20.1299, 0.0, -0.293542, -19.660997, 47.76659, -8.871133, -31.469091, 0.0, -28.448637, -42.128292, 7.5046177, -35.372784, 0.0
24.637184, 5.45191072, 2.10269774, -4.1849591, 20.2569734, 0.0, -14.134255399999999, 7.38682748, -4.2155152000000005, -7.92043122, 20.0014348, 0.0, -0.31076230600000004, -18.182124199999997, 47.0101532, -9.052370400000001, -31.5881148, 0.0, -26.847154200000002, -41.4073896, 7.5414733, -35.8736698, 0.0
24.637184, 5.43826144, 2.08489798, -4.1925962000000006, 20.206446800000002, 0.0, -14.148631799999999, 7.33680636, -4.2142569000000005, -7.90139884, 19.872969599999998, 0.0, -0.327982612, -16.7032514, 46.2537164, -9.2336078, -31.7071386, 0.0, -25.245671400000003, -40.6864872, 7.5783289, -36.3745556, 0.0
24.637184, 5.424612160000001, 2.06709822, -4.2002333, 20.1559202, 0.0, -14.1630082, 7.28678524, -4.2129986, -7.88236646, 19.7445044, 0.0, -0.345202918, -15.2243786, 45.4972796, -9.4148452, -31.8261624, 0.0, -23.6441886, -39.9655848, 7.6151845, -36.8754414, 0.0
24.637184, 5.4109628800000005, 2.04929846, -4.2078704, 20.105393600000003, 0.0, -14.1773846, 7.23676412, -4.2117403, -7.86333408, 19.6160392, 0.0, -0.36242322400000004, -13.7455058, 44.7408428, -9.596082599999999, -31.945186200000002, 0.0, -22.0427058, -39.2446824, 7.6520401, -37.3763272, 0.0
24.637184, 5.3973136, 2.0314987, -4.2155075, 20.054867, 0.0, -14.191761, 7.186743, -4.210482, -7.8443017, 19.487574, 0.0, -0.37964353, -12.266633, 43.984406, -9.77732, -32.06421, 0.0, -20.441223, -38.52378, 7.6888957, -37.877213, 0.0
24.637184, 5.31723796, 2.00120832, -4.2178828, 20.0145158, 0.0, -14.189090199999999, 7.08924226, -4.1840488, -7.82764156, 19.3936808, 0.0, -0.392994224, -10.81263768, 42.9450024, -10.2131018, -31.5958554, 0.0, -18.7848686, -37.569125400000004, 8.107011159999999, -37.863782799999996, 0.0
24.637184, 5.23716232, 1.97091794, -4.2202581, 19.9741646, 0.0, -14.1864194, 6.99174152, -4.1576156, -7.81098142, 19.2997876, 0.0, -0.406344918, -9.358642360000001, 41.9055988, -10.6488836, -31.1275008, 0.0, -17.1285142, -36.6144708, 8.52512662, -37.8503526, 0.0
24.637184, 5.15708668, 1.94062756, -4.2226334, 19.9338134, 0.0, -14.1837486, 6.8942407800000005, -4.1311824, -7.79432128, 19.205894400000002, 0.0, -0.419695612, -7.90464704, 40.8661952, -11.0846654, -30.659146200000002, 0.0, -15.4721598, -35.6598162, 8.94324208, -37.8369224, 0.0
24.637184, 5.07701104, 1.91033718, -4.2250087, 19.8934622, 0.0, -14.1810778, 6.79674004, -4.1047492, -7.77766114, 19.1120012, 0.0, -0.433046306, -6.45065172, 39.8267916, -11.5204472, -30.1907916, 0.0, -13.8158054, -34.7051616, 9.36135754, -37.823492200000004, 0.0
24.637184, 4.9969354, 1.8800468, -4.227384, 19.853111, 0.0, -14.178407, 6.6992393, -4.078316, -7.761001, 19.018108, 0.0, -0.446397, -4.9966564, 38.787388, -11.956229, -29.722437, 0.0, -12.159451, -33.750507, 9.779473, -37.810062, 0.0
24.637184, 4.89794852, 1.86347322, -4.21393988, 19.8395296, 0.0, -14.1869562, 6.58290532, -4.0512476, -7.74082414, 18.9497664, 0.0, -0.448514236, -3.79017302, 37.5672396, -12.3192766, -28.5474492, 0.0, -10.6871006, -32.664141199999996, 10.3020506, -37.069309600000004, 0.0
24.637184, 4.79896164, 1.84689964, -4.20049576, 19.8259482, 0.0, -14.1955054, 6.46657134, -4.0241792, -7.72064728, 18.8814248, 0.0, -0.450631472, -2.58368964, 36.3470912, -12.6823242, -27.3724614, 0.0, -9.214750200000001, -31.5777754, 10.8246282, -36.3285572, 0.0
24.637184, 4.69997476, 1.83032606, -4.18705164, 19.8123668, 0.0, -14.2040546, 6.35023736, -3.9971108, -7.70047042, 18.8130832, 0.0, -0.452748708, -1.3772062599999995, 35.1269428, -13.0453718, -26.197473600000002, 0.0, -7.742399799999999, -30.491409599999997, 11.3472058, -35.5878048, 0.0
24.637184, 4.60098788, 1.81375248, -4.17360752, 19.7987854, 0.0, -14.2126038, 6.23390338, -3.9700424, -7.68029356, 18.7447416, 0.0, -0.45486594399999997, -0.17072287999999958, 33.9067944, -13.4084194, -25.022485800000002, 0.0, -6.2700493999999996, -29.405043799999998, 11.8697834, -34.847052399999995, 0.0
24.637184, 4.502001, 1.7971789, -4.1601634, 19.785204, 0.0, -14.221153, 6.1175694, -3.942974, -7.6601167, 18.6764, 0.0, -0.45698318, 1.0357605, 32.686646, -13.771467, -23.847498, 0.0, -4.797699, -28.318678, 12.392361, -34.1063, 0.0
24.637184, 4.4172012, 1.79814002, -4.13833322, 19.7868378, 0.0, -14.2664966, 6.0347653999999995, -3.91682054, -7.6023479599999995, 18.619164, 0.0, -0.436789012, 1.7517086800000001, 31.597541000000003, -13.9870056, -21.948633800000003, 0.0, -3.8351791486, -27.336102399999998, 12.796571, -32.6201326, 0.0
24.637184, 4.3324014, 1.79910114, -4.11650304, 19.7884716, 0.0, -14.311840199999999, 5.9519614, -3.89066708, -7.54457922, 18.561928, 0.0, -0.41659484399999996, 2.46765686, 30.508436000000003, -14.2025442, -20.0497696, 0.0, -2.8726592972, -26.353526799999997, 13.200781, -31.1339652, 0.0
24.637184, 4.247601599999999, 1.80006226, -4.09467286, 19.790105399999998, 0.0, -14.3571838, 5.8691574, -3.86451362, -7.48681048, 18.504692, 0.0, -0.39640067599999995, 3.1836050400000007, 29.419331, -14.418082799999999, -18.1509054, 0.0, -1.9101394457999996, -25.3709512, 13.604991, -29.6477978, 0.0
24.637184, 4.1628017999999996, 1.8010233800000002, -4.07284268, 19.7917392, 0.0, -14.402527399999999, 5.7863534, -3.83836016, -7.429041740000001, 18.447456, 0.0, -0.376206508, 3.8995532200000005, 28.330226, -14.6336214, -16.2520412, 0.0, -0.9476195943999999, -24.3883756, 14.009201, -28.1616304, 0.0
24.637184, 4.078002, 1.8019845, -4.0510125, 19.793373, 0.0, -14.447871, 5.7035494, -3.8122067, -7.371273, 18.39022, 0.0, -0.35601234, 4.6155014, 27.241121, -14.84916, -14.353177, 0.0, 0.014900257, -23.4058, 14.413411, -26.675463, 0.0
24.637184, 3.99243232, 1.8090381, -4.05072374, 19.780458, 0.0, -14.4633814, 5.59834512, -3.7447893199999998, -7.3390041, 18.343464, 0.0, -0.341395762, 4.72839572, 26.5158476, -14.848465, -11.79439034, 0.0, 0.38975238560000003, -22.713128, 14.700091, -24.4774392, 0.0
24.637184, 3.90686264, 1.8160917, -4.0504349799999995, 19.767543, 0.0, -14.4788918, 5.49314084, -3.67737194, -7.3067352, 18.296708, 0.0, -0.326779184, 4.8412900400000005, 25.790574200000002, -14.847769999999999, -9.23560368, 0.0, 0.7646045142, -22.020456, 14.986771000000001, -22.2794154, 0.0
24.637184, 3.82129296, 1.8231453, -4.05014622, 19.754628, 0.0, -14.4944022, 5.38793656, -3.60995456, -7.2744663, 18.249952, 0.0, -0.312162606, 4.95418436, 25.065300800000003, -14.847075, -6.6768170200000005, 0.0, 1.1394566428000001, -21.327784, 15.273451, -20.0813916, 0.0
24.637184, 3.7357232799999998, 1.8301989, -4.04985746, 19.741713, 0.0, -14.5099126, 5.282732279999999, -3.54253718, -7.2421974, 18.203196, 0.0, -0.297546028, 5.067078680000001, 24.3400274, -14.84638, -4.118030360000001, 0.0, 1.5143087714, -20.635112, 15.560131, -17.883367800000002, 0.0
24.637184, 3.6501536, 1.8372525, -4.0495687, 19.728798, 0.0, -14.525423, 5.177528, -3.4751198, -7.2099285, 18.15644, 0.0, -0.28292945, 5.179973, 23.614754, -14.845685, -1.5592437, 0.0, 1.8891609, -19.94244, 15.846811, -15.685344, 0.0
24.637184, 3.5767028, 1.84989268, -4.0650431, 19.7186494, 0.0, -14.5581792, 5.09482354, -3.39622044, -7.165652000000001, 18.1555064, 0.0, -0.28576812, 4.92398542, 23.115832400000002, -14.6895474, 1.4178230400000003, 0.0, 1.8695261, -19.5306968, 15.871211, -12.9907008, 0.0
24.637184, 3.503252, 1.86253286, -4.0805175, 19.7085008, 0.0, -14.5909354, 5.01211908, -3.31732108, -7.1213755, 18.1545728, 0.0, -0.28860679, 4.66799784, 22.6169108, -14.5334098, 4.394889780000001, 0.0, 1.8498913000000001, -19.1189536, 15.895611, -10.296057600000001, 0.0
24.637184, 3.4298012, 1.87517304, -4.0959919, 19.698352200000002, 0.0, -14.6236916, 4.92941462, -3.23842172, -7.0770990000000005, 18.1536392, 0.0, -0.29144546000000005, 4.412010260000001, 22.1179892, -14.3772722, 7.371956520000001, 0.0, 1.8302565, -18.7072104, 15.920011, -7.6014143999999995, 0.0
24.637184, 3.3563503999999997, 1.88781322, -4.1114663, 19.6882036, 0.0, -14.6564478, 4.84671016, -3.15952236, -7.0328225, 18.1527056, 0.0, -0.29428413000000003, 4.15602268, 21.619067599999997, -14.2211346, 10.349023260000001, 0.0, 1.8106217, -18.2954672, 15.944411, -4.9067712, 0.0
24.637184, 3.2828996, 1.9004534, -4.1269407, 19.678055, 0.0, -14.689204, 4.7640057, -3.080623, -6.988546, 18.151772, 0.0, -0.2971228, 3.9000351, 21.120146, -14.064997, 13.32609, 0.0, 1.7909869, -17.883724, 15.968811, -2.212128, 0.0
24.637184, 3.23977508, 1.91262576, -4.139592159999999, 19.6776918, 0.0, -14.766866, 4.72774376, -3.0244042, -6.91583652, 18.204677200000003, 0.0, -0.312389494, 3.59843136, 20.773331199999998, -13.6493428, 16.246885, 0.0, 1.6950253, -17.6659712, 15.616972200000001, 0.5633422000000001, 0.0
24.637184, 3.1966505599999997, 1.92479812, -4.152243619999999, 19.6773286, 0.0, -14.844528, 4.69148182, -2.9681854000000003, -6.84312704, 18.2575824, 0.0, -0.327656188, 3.29682762, 20.426516399999997, -13.2336886, 19.16768, 0.0, 1.5990637, -17.448218400000002, 15.2651334, 3.3388124, 0.0
24.637184, 3.15352604, 1.93697048, -4.16489508, 19.6769654, 0.0, -14.92219, 4.655219880000001, -2.9119666, -6.77041756, 18.310487600000002, 0.0, -0.342922882, 2.99522388, 20.0797016, -12.8180344, 22.088475, 0.0, 1.5031021, -17.2304656, 14.9132946, 6.114282599999999, 0.0
24.637184, 3.11040152, 1.94914284, -4.17754654, 19.676602199999998, 0.0, -14.999852, 4.6189579400000005, -2.8557478, -6.69770808, 18.3633928, 0.0, -0.358189576, 2.69362014, 19.7328868, -12.402380200000001, 25.00927, 0.0, 1.4071405000000001, -17.0127128, 14.5614558, 8.8897528, 0.0
24.637184, 3.067277, 1.9613152, -4.190198, 19.676239, 0.0, -15.077514, 4.582696, -2.799529, -6.6249986, 18.416298, 0.0, -0.37345627, 2.3920164, 19.386072, -11.986726, 27.930065, 0.0, 1.3111789, -16.79496, 14.209617, 11.665223, 0.0
24.637184, 3.03640116, 1.95008334, -4.2068053999999995, 19.663637599999998, 0.0, -15.138512200000001, 4.5159162, -2.7632604, -6.60214568, 18.4576724, 0.0, -0.38772135999999996, 2.21689458, 19.1322692, -11.275060400000001, 30.473078, 0.0, 1.2616979400000001, -16.66235, 13.5119452, 14.2399448, 0.0
24.637184, 3.00552532, 1.93885148, -4.223412799999999, 19.6510362, 0.0, -15.199510400000001, 4.4491364, -2.7269918, -6.5792927599999995, 18.4990468, 0.0, -0.40198645, 2.04177276, 18.8784664, -10.563394800000001, 33.016091, 0.0, 1.21221698, -16.52974, 12.8142734, 16.8146666, 0.0
24.637184, 2.97464948, 1.92761962, -4.2400202, 19.6384348, 0.0, -15.2605086, 4.3823566, -2.6907232000000003, -6.55643984, 18.5404212, 0.0, -0.41625154, 1.86665094, 18.624663599999998, -9.851729200000001, 35.559104000000005, 0.0, 1.16273602, -16.39713, 12.1166016, 19.389388399999998, 0.0
24.637184, 2.94377364, 1.91638776, -4.2566276, 19.6258334, 0.0, -15.3215068, 4.3155768, -2.6544546, -6.53358692, 18.5817956, 0.0, -0.43051663, 1.69152912, 18.3708608, -9.1400636, 38.102117, 0.0, 1.11325506, -16.26452, 11.4189298, 21.9641102, 0.0
24.637184, 2.9128978, 1.9051559, -4.273235, 19.613232, 0.0, -15.382505, 4.248797, -2.618186, -6.510734, 18.62317, 0.0, -0.44478172, 1.5164073, 18.117058, -8.428398, 40.64513, 0.0, 1.0637741, -16.13191, 10.721258, 24.538832, 0.0
24.637184, 2.88178524, 1.88292206, -4.2870457, 19.5979044, 0.0, -15.4407042, 4.17858344, -2.59690352, -6.50354026, 18.6533372, 0.0, -0.458605596, 1.4676512, 17.8252866, -7.602475259999999, 42.6714148, 0.0, 1.06199004, -15.955583, 9.75962988, 26.771433599999998, 0.0
24.637184, 2.85067268, 1.8606882200000001, -4.3008564, 19.582576800000002, 0.0, -15.4989034, 4.10836988, -2.57562104, -6.49634652, 18.6835044, 0.0, -0.472429472, 1.4188951, 17.5335152, -6.77655252, 44.6976996, 0.0, 1.06020598, -15.779256, 8.79800176, 29.004035199999997, 0.0
24.637184, 2.81956012, 1.83845438, -4.3146671, 19.5672492, 0.0, -15.5571026, 4.03815632, -2.55433856, -6.4891527799999995, 18.713671599999998, 0.0, -0.486253348, 1.370139, 17.2417438, -5.95062978, 46.7239844, 0.0, 1.05842192, -15.602929000000001, 7.836373640000001, 31.2366368, 0.0
24.637184, 2.78844756, 1.81622054, -4.3284778, 19.5519216, 0.0, -15.6153018, 3.96794276, -2.53305608, -6.48195904, 18.7438388, 0.0, -0.500077224, 1.3213829000000001, 16.9499724, -5.1247070400000005, 48.7502692, 0.0, 1.0566378600000002, -15.426602, 6.87474552, 33.469238399999995, 0.0
24.637184, 2.757335, 1.7939867, -4.3422885, 19.536594, 0.0, -15.673501, 3.8977292, -2.5117736, -6.4747653, 18.774006, 0.0, -0.5139011, 1.2726268, 16.658201, -4.2987843, 50.776554, 0.0, 1.0548538, -15.250275, 5.9131174, 35.70184, 0.0
24.637184, 2.7204761, 1.7699615, -4.35172692, 19.5266056, 0.0, -15.7479164, 3.84922536, -2.5131949600000003, -6.456071039999999, 18.771877, 0.0, -0.52521356, 1.28989976, 16.339544399999998, -3.5101399120000005, 52.2971012, 0.0, 1.10049486, -15.035389, 4.70936676, 37.564935, 0.0
24.637184, 2.6836172, 1.7459363, -4.36116534, 19.5166172, 0.0, -15.822331799999999, 3.80072152, -2.51461632, -6.437376779999999, 18.769748, 0.0, -0.5365260199999999, 1.30717272, 16.0208878, -2.7214955240000003, 53.817648399999996, 0.0, 1.14613592, -14.820503, 3.50561612, 39.42803, 0.0
24.637184, 2.6467582999999997, 1.7219111, -4.37060376, 19.5066288, 0.0, -15.8967472, 3.7522176799999998, -2.51603768, -6.41868252, 18.767619, 0.0, -0.54783848, 1.32444568, 15.7022312, -1.932851136, 55.3381956, 0.0, 1.19177698, -14.605617, 2.30186548, 41.291125, 0.0
24.637184, 2.6098993999999998, 1.6978859000000002, -4.38004218, 19.4966404, 0.0, -15.9711626, 3.70371384, -2.51745904, -6.39998826, 18.76549, 0.0, -0.55915094, 1.34171864, 15.3835746, -1.1442067480000002, 56.858742799999995, 0.0, 1.23741804, -14.390731, 1.09811484, 43.15422, 0.0
24.637184, 2.5730405, 1.6738607, -4.3894806, 19.486652, 0.0, -16.045578, 3.65521, -2.5188804, -6.381294, 18.763361, 0.0, -0.5704634, 1.3589916, 15.064918, -0.35556236, 58.37929, 0.0, 1.2830591, -14.175845, -0.1056358, 45.017315, 0.0
24.637184, 2.5336146399999997, 1.65398756, -4.384583, 19.4832024, 0.0, -16.115356, 3.6222144, -2.51832488, -6.353877059999999, 18.7294162, 0.0, -0.564582988, 1.4095681, 14.7614652, 0.27313335200000005, 59.4579448, 0.0, 1.36696964, -13.978579, -1.33928856, 46.487012, 0.0
24.637184, 2.49418878, 1.63411442, -4.3796854, 19.4797528, 0.0, -16.185133999999998, 3.5892188, -2.51776936, -6.326460119999999, 18.6954714, 0.0, -0.558702576, 1.4601446, 14.4580124, 0.9018290640000002, 60.5365996, 0.0, 1.45088018, -13.781313, -2.57294132, 47.956709000000004, 0.0
24.637184, 2.45476292, 1.6142412800000001, -4.3747878, 19.4763032, 0.0, -16.254912, 3.5562232, -2.51721384, -6.29904318, 18.661526600000002, 0.0, -0.552822164, 1.5107211, 14.1545596, 1.5305247760000003, 61.6152544, 0.0, 1.53479072, -13.584047, -3.80659408, 49.426406, 0.0
24.637184, 2.41533706, 1.59436814, -4.3698901999999995, 19.4728536, 0.0, -16.32469, 3.5232276, -2.51665832, -6.27162624, 18.6275818, 0.0, -0.546941752, 1.5612976, 13.8511068, 2.1592204880000003, 62.6939092, 0.0, 1.61870126, -13.386781000000001, -5.04024684, 50.896103000000004, 0.0
24.637184, 2.3759112, 1.574495, -4.3649926, 19.469404, 0.0, -16.394468, 3.490232, -2.5161028, -6.2442093, 18.593637, 0.0, -0.54106134, 1.6118741, 13.547654, 2.7879162, 63.772564, 0.0, 1.7026118, -13.189515, -6.2738996, 52.3658, 0.0
24.637184, 2.31958116, 1.5361383, -4.346179, 19.4616, 0.0, -16.4311994, 3.4368761599999997, -2.51205784, -6.23213324, 18.5464336, 0.0, -0.5261101119999999, 1.74405374, 13.277097, 3.18538706, 64.4999572, 0.0, 1.78327804, -13.0528602, -7.25150268, 53.389838, 0.0
24.637184, 2.26325112, 1.4977816, -4.3273654, 19.453796, 0.0, -16.4679308, 3.3835203199999997, -2.50801288, -6.2200571799999995, 18.4992302, 0.0, -0.511158884, 1.8762333800000002, 13.00654, 3.5828579200000004, 65.2273504, 0.0, 1.86394428, -12.916205399999999, -8.22910576, 54.413876, 0.0
24.637184, 2.20692108, 1.4594249000000001, -4.3085518, 19.445992, 0.0, -16.5046622, 3.33016448, -2.50396792, -6.20798112, 18.452026800000002, 0.0, -0.49620765599999994, 2.00841302, 12.735983000000001, 3.9803287800000002, 65.9547436, 0.0, 1.94461052, -12.7795506, -9.206708840000001, 55.437914, 0.0
24.637184, 2.15059104, 1.4210682000000001, -4.2897381999999995, 19.438188, 0.0, -16.5413936, 3.27680864, -2.4999229599999997, -6.19590506, 18.4048234, 0.0, -0.48125642799999996, 2.1405926600000003, 12.465426, 4.37779964, 66.68213680000001, 0.0, 2.0252767599999997, -12.6428958, -10.18431192, 56.461952000000004, 0.0
24.637184, 2.094261, 1.3827115, -4.2709246, 19.430384, 0.0, -16.578125, 3.2234528, -2.495878, -6.183829, 18.35762, 0.0, -0.4663052, 2.2727723, 12.194869, 4.7752705, 67.40953, 0.0, 2.105943, -12.506241, -11.161915, 57.48599, 0.0
24.637184, 2.02395152, 1.33896802, -4.2541721599999995, 19.3969966, 0.0, -16.5801376, 3.15108136, -2.47951714, -6.1832056, 18.3358842, 0.0, -0.47954011999999996, 2.3746899000000004, 12.0332308, 5.0588194, 67.848724, 0.0, 2.12622546, -12.3960064, -11.7831296, 58.076332, 0.0
24.637184, 1.95364204, 1.29522454, -4.23741972, 19.3636092, 0.0, -16.5821502, 3.07870992, -2.4631562799999998, -6.1825822, 18.3141484, 0.0, -0.49277503999999994, 2.4766075, 11.8715926, 5.3423683, 68.287918, 0.0, 2.14650792, -12.2857718, -12.4043442, 58.666674, 0.0
24.637184, 1.88333256, 1.2514810600000001, -4.22066728, 19.3302218, 0.0, -16.584162799999998, 3.0063384799999997, -2.44679542, -6.1819588, 18.2924126, 0.0, -0.50600996, 2.5785251000000002, 11.7099544, 5.6259172, 68.727112, 0.0, 2.16679038, -12.1755372, -13.0255588, 59.257016, 0.0
24.637184, 1.81302308, 1.20773758, -4.20391484, 19.296834399999998, 0.0, -16.5861754, 2.9339670399999997, -2.4304345599999997, -6.1813354, 18.2706768, 0.0, -0.5192448799999999, 2.6804427, 11.5483162, 5.9094660999999995, 69.166306, 0.0, 2.18707284, -12.0653026, -13.6467734, 59.847358, 0.0
24.637184, 1.7427136, 1.1639941, -4.1871624, 19.263447, 0.0, -16.588188, 2.8615956, -2.4140737, -6.180712, 18.248941, 0.0, -0.5324798, 2.7823603, 11.386678, 6.193015, 69.6055, 0.0, 2.2073553, -11.955068, -14.267988, 60.4377, 0.0
24.637184, 1.6819503, 1.1692449, -4.16831742, 19.2482126, 0.0, -16.5839084, 2.80630004, -2.3729895599999997, -6.164986, 18.2860528, 0.0, -0.5557071, 2.82055164, 11.3050096, 6.4429356, 69.831038, 0.0, 2.18779734, -11.8490114, -14.6025832, 60.701589, 0.0
24.637184, 1.621187, 1.1744957, -4.14947244, 19.232978199999998, 0.0, -16.5796288, 2.7510044799999998, -2.33190542, -6.14926, 18.3231646, 0.0, -0.5789344, 2.85874298, 11.2233412, 6.6928562000000005, 70.056576, 0.0, 2.16823938, -11.7429548, -14.9371784, 60.965478, 0.0
24.637184, 1.5604236999999999, 1.1797465, -4.1306274599999995, 19.2177438, 0.0, -16.5753492, 2.69570892, -2.29082128, -6.133534, 18.3602764, 0.0, -0.6021617, 2.89693432, 11.1416728, 6.942776800000001, 70.28211399999999, 0.0, 2.14868142, -11.636898200000001, -15.2717736, 61.229367, 0.0
24.637184, 1.4996604, 1.1849973, -4.11178248, 19.2025094, 0.0, -16.5710696, 2.6404133599999997, -2.24973714, -6.117808, 18.397388199999998, 0.0, -0.625389, 2.93512566, 11.0600044, 7.1926974, 70.507652, 0.0, 2.12912346, -11.5308416, -15.6063688, 61.493256, 0.0
24.637184, 1.4388971, 1.1902481, -4.0929375, 19.187275, 0.0, -16.56679, 2.5851178, -2.208653, -6.102082, 18.4345, 0.0, -0.6486163, 2.973317, 10.978336, 7.442618, 70.73319, 0.0, 2.1095655, -11.424785, -15.940964, 61.757145, 0.0
24.637184, 1.3857305199999999, 1.19805782, -4.07991688, 19.190716, 0.0, -16.5651724, 2.53516916, -2.1627219, -6.0930318, 18.4767934, 0.0, -0.636407174, 2.9538054000000002, 10.927126000000001, 7.621725400000001, 70.830024, 0.0, 2.04124108, -11.3359644, -16.081832, 61.838836, 0.0
24.637184, 1.33256394, 1.20586754, -4.06689626, 19.194157, 0.0, -16.563554800000002, 2.48522052, -2.1167908, -6.0839816, 18.5190868, 0.0, -0.624198048, 2.9342938000000003, 10.875916, 7.8008328, 70.926858, 0.0, 1.97291666, -11.2471438, -16.2227, 61.920527, 0.0
24.637184, 1.27939736, 1.2136772599999999, -4.053875639999999, 19.197598, 0.0, -16.5619372, 2.43527188, -2.0708596999999997, -6.0749314, 18.5613802, 0.0, -0.611988922, 2.9147822, 10.824706, 7.979940200000001, 71.023692, 0.0, 1.90459224, -11.1583232, -16.363568, 62.002218, 0.0
24.637184, 1.22623078, 1.2214869799999999, -4.0408550199999995, 19.201039, 0.0, -16.5603196, 2.38532324, -2.0249286, -6.0658812, 18.6036736, 0.0, -0.599779796, 2.8952706, 10.773496, 8.159047600000001, 71.120526, 0.0, 1.83626782, -11.0695026, -16.504436, 62.083909, 0.0
24.637184, 1.1730642, 1.2292967, -4.0278344, 19.20448, 0.0, -16.558702, 2.3353746, -1.9789975, -6.056831, 18.645967, 0.0, -0.58757067, 2.875759, 10.722286, 8.338155, 71.21736, 0.0, 1.7679434, -10.980682, -16.645304, 62.1656, 0.0
24.637184, 1.129638252, 1.22178448, -4.02399958, 19.1765224, 0.0, -16.5787696, 2.3174544800000003, -1.9459378999999999, -6.0290759, 18.676878, 0.0, -0.539966162, 2.82774166, 10.7008328, 8.443436, 71.250854, 0.0, 1.6770497, -10.9469983, -16.7023828, 62.177208, 0.0
24.637184, 1.086212304, 1.21427226, -4.02016476, 19.1485648, 0.0, -16.598837200000002, 2.29953436, -1.9128783, -6.0013208, 18.707789, 0.0, -0.492361654, 2.77972432, 10.6793796, 8.548717, 71.284348, 0.0, 1.586156, -10.9133146, -16.759461599999998, 62.188816, 0.0
24.637184, 1.0427863560000001, 1.2067600399999998, -4.016329939999999, 19.120607200000002, 0.0, -16.6189048, 2.28161424, -1.8798187, -5.9735657, 18.7387, 0.0, -0.444757146, 2.73170698, 10.6579264, 8.653998000000001, 71.317842, 0.0, 1.4952622999999998, -10.8796309, -16.8165404, 62.200424, 0.0
24.637184, 0.999360408, 1.1992478199999999, -4.01249512, 19.0926496, 0.0, -16.6389724, 2.26369412, -1.8467591, -5.945810600000001, 18.769611, 0.0, -0.397152638, 2.68368964, 10.6364732, 8.759279000000001, 71.35133599999999, 0.0, 1.4043686, -10.8459472, -16.8736192, 62.212032, 0.0
24.637184, 0.95593446, 1.1917356, -4.0086603, 19.064692, 0.0, -16.65904, 2.245774, -1.8136995, -5.9180555, 18.800522, 0.0, -0.34954813, 2.6356723, 10.61502, 8.86456, 71.38483, 0.0, 1.3134749, -10.8122635, -16.930698, 62.22364, 0.0
24.637184, 0.9345391000000001, 1.19250964, -4.00187638, 19.0333136, 0.0, -16.7041344, 2.28030388, -1.79428912, -5.851003400000001, 18.819898000000002, 0.0, -0.2892152448, 2.59764264, 10.619368, 8.9288366, 71.397364, 0.0, 1.2442561799999998, -10.8160274, -16.9683716, 62.225416, 0.0
24.637184, 0.91314374, 1.19328368, -3.99509246, 19.001935200000002, 0.0, -16.7492288, 2.31483376, -1.77487874, -5.7839513, 18.839274, 0.0, -0.22888235960000003, 2.55961298, 10.623716, 8.9931132, 71.409898, 0.0, 1.17503746, -10.8197913, -17.0060452, 62.227192, 0.0
24.637184, 0.89174838, 1.19405772, -3.98830854, 18.9705568, 0.0, -16.7943232, 2.34936364, -1.75546836, -5.7168992, 18.85865, 0.0, -0.1685494744, 2.52158332, 10.628064, 9.057389800000001, 71.422432, 0.0, 1.10581874, -10.8235552, -17.0437188, 62.228968, 0.0
24.637184, 0.8703530199999999, 1.19483176, -3.98152462, 18.939178400000003, 0.0, -16.8394176, 2.38389352, -1.73605798, -5.6498471, 18.878026, 0.0, -0.10821658920000002, 2.4835536599999997, 10.632412, 9.1216664, 71.434966, 0.0, 1.0366000199999998, -10.8273191, -17.0813924, 62.230744, 0.0
24.637184, 0.84895766, 1.1956058, -3.9747407, 18.9078, 0.0, -16.884512, 2.4184234, -1.7166476, -5.582795, 18.897402, 0.0, -0.047883704, 2.445524, 10.63676, 9.185943, 71.4475, 0.0, 0.9673813, -10.831083, -17.119066, 62.23252, 0.0
24.637184, 0.8383033179999999, 1.1868026, -3.96945792, 18.929532400000003, 0.0, -16.9036332, 2.41676972, -1.71133256, -5.5667672999999995, 18.886527, 0.0, -0.015499191199999998, 2.4287311199999997, 10.646306800000001, 9.2221244, 71.457226, 0.0, 0.93907826, -10.859886399999999, -17.1657694, 62.242899200000004, 0.0
24.637184, 0.827648976, 1.1779994, -3.96417514, 18.9512648, 0.0, -16.922754400000002, 2.41511604, -1.70601752, -5.5507396, 18.875652, 0.0, 0.016885321600000003, 2.41193824, 10.6558536, 9.2583058, 71.466952, 0.0, 0.91077522, -10.8886898, -17.2124728, 62.2532784, 0.0
24.637184, 0.8169946339999999, 1.1691962, -3.9588923599999997, 18.972997200000002, 0.0, -16.9418756, 2.41346236, -1.70070248, -5.5347119, 18.864777, 0.0, 0.049269834400000004, 2.39514536, 10.665400400000001, 9.294487199999999, 71.47667799999999, 0.0, 0.88247218, -10.9174932, -17.2591762, 62.2636576, 0.0
24.637184, 0.806340292, 1.160393, -3.9536095799999997, 18.9947296, 0.0, -16.9609968, 2.41180868, -1.69538744, -5.5186842, 18.853901999999998, 0.0, 0.0816543472, 2.37835248, 10.6749472, 9.3306686, 71.486404, 0.0, 0.85416914, -10.9462966, -17.3058796, 62.2740368, 0.0
24.637184, 0.79568595, 1.1515898, -3.9483268, 19.016462, 0.0, -16.980118, 2.410155, -1.6900724, -5.5026565, 18.843027, 0.0, 0.11403886, 2.3615596, 10.684494, 9.36685, 71.49613, 0.0, 0.8258661, -10.9751, -17.352583, 62.284416, 0.0
24.637184, 0.79302726, 1.14573082, -3.96130616, 19.018675, 0.0, -16.9798098, 2.38169088, -1.69388472, -5.525446, 18.8314788, 0.0, 0.11534631000000001, 2.36438048, 10.682629400000001, 9.3793752, 71.507814, 0.0, 0.833070072, -10.992992, -17.413628, 62.3081534, 0.0
24.637184, 0.79036857, 1.13987184, -3.97428552, 19.020888, 0.0, -16.979501600000003, 2.35322676, -1.69769704, -5.5482355, 18.8199306, 0.0, 0.11665376000000001, 2.36720136, 10.6807648, 9.391900399999999, 71.519498, 0.0, 0.840274044, -11.010883999999999, -17.474673, 62.331890800000004, 0.0
24.637184, 0.78770988, 1.13401286, -3.9872648799999997, 19.023101, 0.0, -16.9791934, 2.32476264, -1.70150936, -5.571025, 18.8083824, 0.0, 0.11796121, 2.37002224, 10.678900200000001, 9.4044256, 71.531182, 0.0, 0.847478016, -11.028776, -17.535718, 62.3556282, 0.0
24.637184, 0.78505119, 1.12815388, -4.00024424, 19.025313999999998, 0.0, -16.9788852, 2.29629852, -1.70532168, -5.5938145, 18.7968342, 0.0, 0.11926866, 2.37284312, 10.6770356, 9.416950799999999, 71.542866, 0.0, 0.854681988, -11.046668, -17.596763, 62.3793656, 0.0
24.637184, 0.7823925, 1.1222949, -4.0132236, 19.027527, 0.0, -16.978577, 2.2678344, -1.709134, -5.616604, 18.785286, 0.0, 0.12057611, 2.375664, 10.675171, 9.429476, 71.55455, 0.0, 0.86188596, -11.06456, -17.657808, 62.403103, 0.0
24.637184, 0.7972861800000001, 1.13691132, -4.02967008, 19.002871, 0.0, -16.9811956, 2.2482982, -1.7187739, -5.64012788, 18.7790502, 0.0, 0.1034214156, 2.38570534, 10.6575472, 9.426345999999999, 71.56245600000001, 0.0, 0.893590488, -11.0420184, -17.705395199999998, 62.436812, 0.0
24.637184, 0.8121798600000001, 1.15152774, -4.04611656, 18.978215, 0.0, -16.9838142, 2.2287619999999997, -1.7284138, -5.66365176, 18.7728144, 0.0, 0.08626672120000001, 2.39574668, 10.6399234, 9.423216, 71.570362, 0.0, 0.925295016, -11.0194768, -17.7529824, 62.470521000000005, 0.0
24.637184, 0.82707354, 1.16614416, -4.062563040000001, 18.953559000000002, 0.0, -16.9864328, 2.2092258, -1.7380537, -5.68717564, 18.7665786, 0.0, 0.0691120268, 2.40578802, 10.6222996, 9.420086, 71.57826800000001, 0.0, 0.9569995440000001, -10.996935200000001, -17.8005696, 62.50423, 0.0
24.637184, 0.84196722, 1.1807605799999998, -4.0790095200000005, 18.928903000000002, 0.0, -16.9890514, 2.1896896, -1.7476936, -5.71069952, 18.7603428, 0.0, 0.0519573324, 2.41582936, 10.6046758, 9.416956, 71.586174, 0.0, 0.9887040720000001, -10.9743936, -17.8481568, 62.537939, 0.0
24.637184, 0.8568609, 1.195377, -4.095456, 18.904247, 0.0, -16.99167, 2.1701534, -1.7573335, -5.7342234, 18.754107, 0.0, 0.034802638, 2.4258707, 10.587052, 9.413826, 71.59408, 0.0, 1.0204086, -10.951852, -17.895744, 62.571648, 0.0
24.637184, 0.87990276, 1.2212623, -4.102239320000001, 18.8785768, 0.0, -17.004088799999998, 2.1783365199999998, -1.7651619200000002, -5.73500352, 18.7587596, 0.0, 0.015734793999999996, 2.44010448, 10.5728682, 9.411748, 71.5979172, 0.0, 1.0560555600000001, -10.909225600000001, -17.9084, 62.601677200000005, 0.0
24.637184, 0.90294462, 1.2471476, -4.10902264, 18.8529066, 0.0, -17.0165076, 2.1865196399999998, -1.77299034, -5.73578364, 18.7634122, 0.0, -0.003333050000000004, 2.45433826, 10.5586844, 9.40967, 71.6017544, 0.0, 1.0917025200000001, -10.866599200000001, -17.921056, 62.631706400000006, 0.0
24.637184, 0.92598648, 1.2730329, -4.11580596, 18.8272364, 0.0, -17.0289264, 2.19470276, -1.78081876, -5.73656376, 18.7680648, 0.0, -0.022400894000000005, 2.4685720399999997, 10.5445006, 9.407592, 71.6055916, 0.0, 1.12734948, -10.8239728, -17.933712, 62.6617356, 0.0
24.637184, 0.94902834, 1.2989182, -4.12258928, 18.8015662, 0.0, -17.041345200000002, 2.20288588, -1.78864718, -5.73734388, 18.7727174, 0.0, -0.041468738000000005, 2.48280582, 10.5303168, 9.405514, 71.6094288, 0.0, 1.16299644, -10.7813464, -17.946368, 62.6917648, 0.0
24.637184, 0.9720702, 1.3248035, -4.1293726, 18.775896, 0.0, -17.053764, 2.211069, -1.7964756, -5.738124, 18.77737, 0.0, -0.060536582, 2.4970396, 10.516133, 9.403436, 71.613266, 0.0, 1.1986434, -10.73872, -17.959024, 62.721794, 0.0
24.637184, 0.98629128, 1.34089148, -4.12894898, 18.7664634, 0.0, -17.064562000000002, 2.2302225200000003, -1.7965316599999999, -5.7269586, 18.7835556, 0.0, -0.0661149996, 2.50574916, 10.5204108, 9.4079602, 71.61302479999999, 0.0, 1.2137012999999999, -10.717085, -17.954137199999998, 62.7364242, 0.0
24.637184, 1.00051236, 1.35697946, -4.12852536, 18.7570308, 0.0, -17.07536, 2.24937604, -1.79658772, -5.7157932, 18.7897412, 0.0, -0.0716934172, 2.51445872, 10.5246886, 9.4124844, 71.6127836, 0.0, 1.2287591999999998, -10.695450000000001, -17.9492504, 62.7510544, 0.0
24.637184, 1.01473344, 1.37306744, -4.12810174, 18.7475982, 0.0, -17.086158, 2.26852956, -1.79664378, -5.7046278, 18.7959268, 0.0, -0.0772718348, 2.52316828, 10.5289664, 9.417008599999999, 71.6125424, 0.0, 1.2438171, -10.673815, -17.9443636, 62.7656846, 0.0
24.637184, 1.02895452, 1.38915542, -4.127678120000001, 18.7381656, 0.0, -17.096956, 2.28768308, -1.79669984, -5.6934624000000005, 18.802112400000002, 0.0, -0.0828502524, 2.53187784, 10.533244199999999, 9.4215328, 71.6123012, 0.0, 1.258875, -10.65218, -17.9394768, 62.7803148, 0.0
24.637184, 1.0431756, 1.4052434, -4.1272545, 18.728733, 0.0, -17.107754, 2.3068366, -1.7967559, -5.682297, 18.808298, 0.0, -0.08842867, 2.5405874, 10.537522, 9.426057, 71.61206, 0.0, 1.2739329, -10.630545, -17.93459, 62.794945, 0.0
