l_joint1,l_joint2,l_joint3,l_joint4,l_joint5,l_joint6,l_joint7,r_joint1,r_joint2,r_joint3,r_joint4,r_joint5,r_joint6,r_joint7
0.11337152,-2.17000008,-1.14154613,-0.55253232,0.06069144,0.00000000,0.00000000,0.02626415,2.17000008,0.81810868,0.36024758,-0.03139691,0.00000000,0.00000000
0.11517932,-2.17000008,-1.13989055,-0.55398059,0.07122637,0.00000000,0.00000000,0.02420943,2.17000008,0.81912702,0.35917416,0.00297323,0.00000000,0.00000000
0.11742353,-2.17000008,-1.13780069,-0.55620044,0.08037828,0.00000000,0.00000000,0.02238786,2.17000008,0.82090449,0.35897854,0.03081848,0.00000000,0.00000000
0.11932982,-2.17000008,-1.13652301,-0.55828786,0.08611290,0.00000000,0.00000000,0.02119226,2.17000008,0.82366246,0.35916349,0.03871989,0.00000000,0.00000000
0.12077696,-2.17000008,-1.13656688,-0.55980837,0.08613402,0.00000000,0.00000000,0.01949716,2.17000008,0.82725847,0.35938519,0.03017917,0.00000000,0.00000000
0.12181145,-2.17000008,-1.13755870,-0.56106901,0.08732951,0.00000000,0.00000000,0.01765017,2.17000008,0.83148736,0.36042801,0.04046239,0.00000000,0.00000000
0.12247245,-2.17000008,-1.13924241,-0.56221235,0.07296062,0.00000000,0.00000000,0.01700130,2.17000008,0.83675742,0.36223105,0.05985243,0.00000000,0.00000000
0.12293976,-2.17000008,-1.14159119,-0.56324720,0.06339446,0.00000000,0.00000000,0.01631591,2.17000008,0.84306294,0.36444995,0.08740696,0.00000000,0.00000000
0.12340692,-2.17000008,-1.14423430,-0.56465685,0.04481713,0.00000000,0.00000000,0.01559934,2.17000008,0.85045487,0.36753386,0.09117763,0.00000000,0.00000000
0.12391751,-2.17000008,-1.14712632,-0.56658340,0.02854464,0.00000000,0.00000000,0.01461138,2.17000008,0.85910523,0.37140048,0.06561085,0.00000000,0.00000000
0.12472770,-2.17000008,-1.15015006,-0.56917000,0.01271193,0.00000000,0.00000000,0.01316023,2.17000008,0.86908269,0.37644392,0.05540607,0.00000000,0.00000000
0.12617408,-2.17000008,-1.15328979,-0.57260364,-0.01099368,0.00000000,0.00000000,0.01079297,2.17000008,0.88060367,0.38275602,0.05821199,0.00000000,0.00000000
0.12833664,-2.17000008,-1.15717411,-0.57661092,-0.04148183,0.00000000,0.00000000,0.00817361,2.17000008,0.89452201,0.38996083,0.09686857,0.00000000,0.00000000
0.13255419,-2.17000008,-1.16185856,-0.58085763,-0.06542327,0.00000000,0.00000000,0.00474537,2.17000008,0.91126430,0.39803109,0.12705910,0.00000000,0.00000000
0.13990369,-2.16994667,-1.16777980,-0.58491272,-0.08860605,0.00000000,0.00000000,0.00041510,2.17000008,0.93116474,0.40773845,0.15266362,0.00000000,0.00000000
0.14092514,-2.16923475,-1.17778432,-0.59360313,-0.10446591,0.00000000,0.00000000,-0.00596652,2.17000008,0.95431757,0.42008731,0.16800404,0.00000000,0.00000000
0.12714173,-2.16813850,-1.19243419,-0.61294657,-0.10483631,0.00000000,0.00000000,-0.01469911,2.17000008,0.98156875,0.43553311,0.19699320,0.00000000,0.00000000
0.13556106,-2.16923475,-1.20673978,-0.62359720,-0.09053596,0.00000000,0.00000000,-0.02670157,2.17000008,1.01446879,0.45320493,0.23111017,0.00000000,0.00000000
0.16763949,-2.16994715,-1.22584927,-0.62476164,-0.07048358,0.00000000,0.00000000,-0.04157632,2.17000008,1.05447841,0.47440606,0.25913167,0.00000000,0.00000000
0.18750757,-2.17000008,-1.25758755,-0.63788337,-0.03582122,0.00000000,0.00000000,-0.05978316,2.17000008,1.10354984,0.49944437,0.29819897,0.00000000,0.00000000
0.20715535,-2.17000008,-1.30368209,-0.65596277,0.00549800,0.00000000,0.00000000,-0.08305149,2.17000008,1.16365564,0.52821946,0.33808652,0.00000000,0.00000000
0.23748635,-2.17000008,-1.36691523,-0.67327160,0.03705871,0.00000000,0.00000000,-0.11344633,2.17000008,1.23650992,0.56162500,0.37103391,0.00000000,0.00000000
0.27818269,-2.17000008,-1.45114946,-0.69157380,0.06537102,0.00000000,0.00000000,-0.15223737,2.17000008,1.32409811,0.60174906,0.41665486,0.00000000,0.00000000
0.32652402,-2.17000008,-1.55800354,-0.71509242,0.07484223,0.00000000,0.00000000,-0.19947590,2.17000008,1.42942190,0.65159547,0.44665980,0.00000000,0.00000000
0.37607646,-2.16958094,-1.68797231,-0.74978101,0.08435300,0.00000000,0.00000000,-0.25769037,2.17000008,1.55574119,0.71247590,0.45460477,0.00000000,0.00000000
0.41951653,-2.16278267,-1.83687496,-0.79916298,0.08481649,0.00000000,0.00000000,-0.33123574,2.17000008,1.70282602,0.78310913,0.45931461,0.00000000,0.00000000
0.45273608,-2.13593507,-1.99145305,-0.86157244,0.08598574,0.00000000,0.00000000,-0.41709942,2.17000008,1.86631036,0.86029929,0.46306813,0.00000000,0.00000000
0.47381586,-2.08526516,-2.13610125,-0.93321133,0.09305773,0.00000000,0.00000000,-0.49295241,2.16986895,2.03794193,0.94761562,0.46279258,0.00000000,0.00000000
0.48269457,-2.01189494,-2.26171565,-1.01077032,0.10382608,0.00000000,0.00000000,-0.55437428,2.16749668,2.20498776,1.04218280,0.42498150,0.00000000,0.00000000
0.48205021,-1.91811872,-2.36103892,-1.08928537,0.11223345,0.00000000,0.00000000,-0.60884130,2.15512776,2.35580420,1.13448727,0.38978553,0.00000000,0.00000000
0.47306713,-1.80361319,-2.42774844,-1.16540658,0.11969506,0.00000000,0.00000000,-0.66460508,2.12378621,2.48223257,1.21351457,0.36612931,0.00000000,0.00000000
0.45101720,-1.67449272,-2.45877624,-1.23467052,0.15328605,0.00000000,0.00000000,-0.71848845,2.06956124,2.57616520,1.27503824,0.33932230,0.00000000,0.00000000
0.39891988,-1.55041945,-2.45465088,-1.29374695,0.19754739,0.00000000,0.00000000,-0.75193059,1.98982596,2.63086820,1.31952405,0.32642069,0.00000000,0.00000000
0.31844616,-1.44497585,-2.41461563,-1.34646499,0.23993653,0.00000000,0.00000000,-0.74400479,1.89774418,2.64368820,1.34622824,0.29608449,0.00000000,0.00000000
0.22268888,-1.36791050,-2.33906078,-1.39326882,0.27943546,0.00000000,0.00000000,-0.68823570,1.81389213,2.61386585,1.35943103,0.25958472,0.00000000,0.00000000
0.12206730,-1.32643819,-2.23066401,-1.43275809,0.30136558,0.00000000,0.00000000,-0.59377968,1.75129008,2.54236102,1.36321521,0.23275217,0.00000000,0.00000000
0.02232476,-1.32426775,-2.09579825,-1.46177220,0.31205988,0.00000000,0.00000000,-0.47701767,1.71980596,2.43293786,1.35548210,0.21411000,0.00000000,0.00000000
-0.07244898,-1.36206853,-1.94423103,-1.47320616,0.34251449,0.00000000,0.00000000,-0.35400039,1.72403860,2.29613304,1.33060563,0.17932859,0.00000000,0.00000000
-0.15894592,-1.43367064,-1.79163098,-1.45890069,0.36706710,0.00000000,0.00000000,-0.23568596,1.75513315,2.15227413,1.29108357,0.12564738,0.00000000,0.00000000
-0.23162825,-1.52671409,-1.65394747,-1.41866302,0.36130133,0.00000000,0.00000000,-0.13441902,1.80416107,2.01921725,1.24224758,0.08661074,0.00000000,0.00000000
-0.27949229,-1.63036478,-1.53637218,-1.35490465,0.34384099,0.00000000,0.00000000,-0.06151579,1.86461997,1.90329719,1.18514311,0.03695169,0.00000000,0.00000000
-0.29970762,-1.73512173,-1.43847501,-1.27347910,0.32948950,0.00000000,0.00000000,-0.01771126,1.92889559,1.80232728,1.12265146,0.00185149,0.00000000,0.00000000
-0.29542384,-1.83505785,-1.35799980,-1.18157995,0.30792713,0.00000000,0.00000000,0.00276904,1.99100912,1.71242595,1.05617070,-0.01948352,0.00000000,0.00000000
-0.27240059,-1.92586017,-1.29377437,-1.08452904,0.29597086,0.00000000,0.00000000,0.00567395,2.04798865,1.63014424,0.98754197,-0.05104695,0.00000000,0.00000000
-0.23573996,-2.00500631,-1.24430013,-0.98797721,0.30939001,0.00000000,0.00000000,-0.00648939,2.09579372,1.55404937,0.91962773,-0.06916317,0.00000000,0.00000000
-0.18774760,-2.07121062,-1.20619106,-0.89440215,0.32194445,0.00000000,0.00000000,-0.03154200,2.13336468,1.48071241,0.85638124,-0.06374255,0.00000000,0.00000000
-0.12889844,-2.12153006,-1.17489851,-0.80387282,0.33901200,0.00000000,0.00000000,-0.06603884,2.15729046,1.40788209,0.80011445,-0.04217030,0.00000000,0.00000000
-0.05978711,-2.15320253,-1.14474535,-0.71767187,0.37394077,0.00000000,0.00000000,-0.10711892,2.16764164,1.33281314,0.75290346,0.00033858,0.00000000,0.00000000
0.01394100,-2.16690731,-1.11347294,-0.64028388,0.39371559,0.00000000,0.00000000,-0.15047823,2.16987038,1.25680387,0.71547341,0.02706694,0.00000000,0.00000000
0.08624696,-2.16983080,-1.08399820,-0.57600212,0.40841120,0.00000000,0.00000000,-0.19147509,2.17000008,1.18869019,0.68343294,0.03369561,0.00000000,0.00000000
0.15820932,-2.17000008,-1.06109357,-0.52282572,0.42144793,0.00000000,0.00000000,-0.22457106,2.17000008,1.13930392,0.64821815,0.02863675,0.00000000,0.00000000
0.23024203,-2.17000008,-1.04840767,-0.47752547,0.42547786,0.00000000,0.00000000,-0.24286617,2.17000008,1.11304045,0.60423440,0.03130826,0.00000000,0.00000000
0.29490173,-2.17000008,-1.04787385,-0.44170880,0.42904362,0.00000000,0.00000000,-0.24092737,2.17000008,1.10536766,0.55350852,0.06104030,0.00000000,0.00000000
0.33863837,-2.17000008,-1.05834043,-0.42082894,0.41524389,0.00000000,0.00000000,-0.22129285,2.17000008,1.10662901,0.50103128,0.05876490,0.00000000,0.00000000
0.36396369,-2.17000008,-1.07615817,-0.40988317,0.39023742,0.00000000,0.00000000,-0.19179453,2.17000008,1.10877252,0.45136508,0.04147841,0.00000000,0.00000000
0.37920079,-2.17000008,-1.09751034,-0.40367916,0.36246255,0.00000000,0.00000000,-0.15783584,2.17000008,1.10893428,0.40795287,0.00061538,0.00000000,0.00000000
0.38868240,-2.17000008,-1.11897516,-0.40149969,0.34225315,0.00000000,0.00000000,-0.12234038,2.16998029,1.10787225,0.37152222,-0.02582574,0.00000000,0.00000000
0.39507112,-2.17000008,-1.13824069,-0.40249124,0.32124567,0.00000000,0.00000000,-0.08637930,2.16965294,1.10723734,0.34185535,-0.03046895,0.00000000,0.00000000
0.39877722,-2.17000008,-1.15482414,-0.40532950,0.30177674,0.00000000,0.00000000,-0.05166692,2.16821241,1.10799885,0.31900993,-0.04283121,0.00000000,0.00000000
0.39122358,-2.17000008,-1.17076027,-0.41233626,0.29443020,0.00000000,0.00000000,-0.02132894,2.16468501,1.11027229,0.30276412,-0.04976969,0.00000000,0.00000000
0.36644647,-2.17000008,-1.18762445,-0.42647278,0.26808277,0.00000000,0.00000000,0.00099882,2.15903521,1.11366224,0.29224539,-0.07425606,0.00000000,0.00000000
0.32948542,-2.17000008,-1.20542479,-0.44769126,0.23510893,0.00000000,0.00000000,0.01202720,2.15474582,1.11670077,0.28743005,-0.06766524,0.00000000,0.00000000
0.29083958,-2.16999769,-1.22355998,-0.47346163,0.21822917,0.00000000,0.00000000,0.01561734,2.15330672,1.11811233,0.29094070,-0.04414701,0.00000000,0.00000000
0.25502002,-2.16992569,-1.23947680,-0.50527900,0.19475679,0.00000000,0.00000000,0.01646440,2.15302849,1.11657310,0.30354902,-0.00604126,0.00000000,0.00000000
0.22074218,-2.16926980,-1.24955237,-0.54392540,0.19708650,0.00000000,0.00000000,0.01406207,2.15450144,1.11000228,0.32342076,0.04717301,0.00000000,0.00000000
0.18532674,-2.16788340,-1.25118220,-0.58615655,0.20655453,0.00000000,0.00000000,0.00565509,2.15924311,1.09641159,0.34817713,0.09048678,0.00000000,0.00000000
0.14825723,-2.16793203,-1.24209714,-0.62653869,0.23253909,0.00000000,0.00000000,-0.00620289,2.16575384,1.07540905,0.37842149,0.13588375,0.00000000,0.00000000
0.11219040,-2.16935968,-1.22086048,-0.65812886,0.25520504,0.00000000,0.00000000,-0.01628492,2.16924191,1.04914796,0.41318366,0.17639011,0.00000000,0.00000000
0.07836514,-2.16995859,-1.18909538,-0.67507362,0.28923270,0.00000000,0.00000000,-0.01897323,2.16996002,1.02200425,0.44903430,0.20866498,0.00000000,0.00000000
0.04311163,-2.16987014,-1.15034270,-0.67514330,0.33777216,0.00000000,0.00000000,-0.01381007,2.17000008,0.99718302,0.48143452,0.23309565,0.00000000,0.00000000
0.00452236,-2.16789341,-1.10528195,-0.65878928,0.40553766,0.00000000,0.00000000,-0.00217440,2.17000008,0.97692704,0.50687081,0.23534474,0.00000000,0.00000000
-0.03628773,-2.16167784,-1.05321443,-0.62908483,0.47621074,0.00000000,0.00000000,0.01391580,2.16971707,0.96232569,0.52516353,0.22852035,0.00000000,0.00000000
-0.08184080,-2.15470123,-0.99599737,-0.59535527,0.51923513,0.00000000,0.00000000,0.02702590,2.16490841,0.95169389,0.53956646,0.20866378,0.00000000,0.00000000
-0.13242649,-2.14994407,-0.93902159,-0.56547666,0.57614899,0.00000000,0.00000000,0.02533561,2.14331532,0.94383729,0.55244619,0.19408622,0.00000000,0.00000000
-0.18551534,-2.14873552,-0.88803577,-0.54307634,0.60623282,0.00000000,0.00000000,0.00627064,2.09619141,0.94081545,0.56936759,0.19662069,0.00000000,0.00000000
-0.24104449,-2.14923191,-0.84748387,-0.53071135,0.63241321,0.00000000,0.00000000,-0.02088144,2.02404857,0.94813883,0.59759223,0.17538448,0.00000000,0.00000000
-0.30097991,-2.15099931,-0.81889123,-0.53319257,0.66598624,0.00000000,0.00000000,-0.04882141,1.92993212,0.96912491,0.64344341,0.14450669,0.00000000,0.00000000
-0.36143121,-2.15637016,-0.79910928,-0.55696881,0.67358088,0.00000000,0.00000000,-0.08009466,1.81889760,1.00176358,0.71186244,0.10189567,0.00000000,0.00000000
-0.41513905,-2.16346836,-0.78363943,-0.60652411,0.66146904,0.00000000,0.00000000,-0.12442669,1.69217074,1.04107046,0.80364865,0.07125807,0.00000000,0.00000000
-0.45577151,-2.16849995,-0.76991659,-0.68103069,0.64509028,0.00000000,0.00000000,-0.19660151,1.54203057,1.08173430,0.91129661,0.04475217,0.00000000,0.00000000
-0.48322257,-2.16991091,-0.75947100,-0.77616918,0.62915832,0.00000000,0.00000000,-0.31163299,1.35577857,1.11910880,1.01903689,0.03102516,0.00000000,0.00000000
-0.50051016,-2.17000008,-0.75556690,-0.88556951,0.58393645,0.00000000,0.00000000,-0.47692630,1.12452722,1.14830804,1.10786235,0.04122471,0.00000000,0.00000000
-0.50842154,-2.17000008,-0.75967598,-1.00106895,0.56508309,0.00000000,0.00000000,-0.68786782,0.85075551,1.16165900,1.16328335,0.03494093,0.00000000,0.00000000
-0.50607830,-2.17000008,-0.77057564,-1.11534750,0.56944454,0.00000000,0.00000000,-0.93007874,0.54904509,1.14757824,1.18013895,0.06335203,0.00000000,0.00000000
-0.49488708,-2.17000008,-0.78584814,-1.22457659,0.56673014,0.00000000,0.00000000,-1.18428457,0.24113452,1.09282780,1.16242528,0.10083756,0.00000000,0.00000000
-0.47744459,-2.17000008,-0.80343676,-1.32459080,0.58112061,0.00000000,0.00000000,-1.43170214,-0.04804953,0.98610455,1.12274909,0.16440091,0.00000000,0.00000000
-0.45534793,-2.17000008,-0.82232559,-1.41109562,0.59014606,0.00000000,0.00000000,-1.65921092,-0.29414055,0.82334042,1.08039868,0.21573237,0.00000000,0.00000000
-0.43113333,-2.17000008,-0.84169328,-1.48453057,0.59781450,0.00000000,0.00000000,-1.86377144,-0.48101342,0.61487812,1.05424857,0.26145995,0.00000000,0.00000000
-0.40623704,-2.17000008,-0.85759711,-1.54673159,0.60709077,0.00000000,0.00000000,-2.05010319,-0.61035502,0.38596338,1.05227780,0.31826329,0.00000000,0.00000000
-0.38139188,-2.17000008,-0.86756408,-1.59687448,0.65187186,0.00000000,0.00000000,-2.22203922,-0.69447327,0.16027597,1.07104528,0.36282438,0.00000000,0.00000000
-0.35809878,-2.17000008,-0.87211025,-1.63515198,0.69816816,0.00000000,0.00000000,-2.37963104,-0.74481732,-0.04859944,1.10294127,0.40483779,0.00000000,0.00000000
-0.33869722,-2.17000008,-0.87451476,-1.66269171,0.73250490,0.00000000,0.00000000,-2.52115774,-0.76969719,-0.23412150,1.14086604,0.43261081,0.00000000,0.00000000
-0.32455349,-2.16996741,-0.87763274,-1.68056476,0.76447248,0.00000000,0.00000000,-2.64430547,-0.77602518,-0.39361799,1.17895448,0.47691238,0.00000000,0.00000000
-0.31491548,-2.16943955,-0.88318259,-1.68933237,0.78897154,0.00000000,0.00000000,-2.74711728,-0.76989269,-0.52671421,1.21275532,0.50967979,0.00000000,0.00000000
-0.30720600,-2.16734290,-0.89136112,-1.69012785,0.81202543,0.00000000,0.00000000,-2.83016849,-0.75788218,-0.63393158,1.23797023,0.54697067,0.00000000,0.00000000
-0.29911977,-2.16344070,-0.90134531,-1.68656588,0.86072290,0.00000000,0.00000000,-2.89552283,-0.74593085,-0.71719986,1.25128305,0.59749597,0.00000000,0.00000000
-0.28873938,-2.15781689,-0.91218913,-1.68271863,0.89466846,0.00000000,0.00000000,-2.94436479,-0.73761612,-0.78023267,1.25430381,0.63288945,0.00000000,0.00000000
-0.27541769,-2.15061116,-0.92497802,-1.68119967,0.89866227,0.00000000,0.00000000,-2.97762179,-0.73598057,-0.82821769,1.25432754,0.65013796,0.00000000,0.00000000
-0.25858095,-2.14384007,-0.93887925,-1.68389952,0.88992417,0.00000000,0.00000000,-2.99873424,-0.74546099,-0.86554414,1.25352693,0.68241858,0.00000000,0.00000000
-0.23855294,-2.13925791,-0.95291758,-1.69105625,0.87693757,0.00000000,0.00000000,-3.00797677,-0.76318365,-0.89307022,1.25115061,0.69441050,0.00000000,0.00000000
-0.21806782,-2.13598299,-0.96967113,-1.70059335,0.85439152,0.00000000,0.00000000,-3.00989079,-0.78230888,-0.90936238,1.24478889,0.67571104,0.00000000,0.00000000
-0.19706187,-2.13514113,-0.98536718,-1.71009147,0.82575881,0.00000000,0.00000000,-3.00999999,-0.80010092,-0.91766113,1.23466754,0.63842839,0.00000000,0.00000000
-0.17744517,-2.13734126,-0.99867803,-1.71964204,0.80847329,0.00000000,0.00000000,-3.00999999,-0.81373978,-0.92097729,1.22478580,0.61172110,0.00000000,0.00000000
-0.15947729,-2.14165306,-1.00949144,-1.72826946,0.77195698,0.00000000,0.00000000,-3.00999999,-0.82245749,-0.92250121,1.21799672,0.57418579,0.00000000,0.00000000
-0.14310901,-2.14752913,-1.01767600,-1.73558116,0.77370650,0.00000000,0.00000000,-3.00999999,-0.82679778,-0.92420971,1.21464717,0.51457971,0.00000000,0.00000000
-0.12966917,-2.15466881,-1.02291787,-1.74279213,0.77779949,0.00000000,0.00000000,-3.00999999,-0.82741505,-0.92620409,1.21389782,0.46166626,0.00000000,0.00000000
-0.11958423,-2.16170835,-1.02499008,-1.74952042,0.77622610,0.00000000,0.00000000,-3.00999999,-0.82516062,-0.92826366,1.21433163,0.41594934,0.00000000,0.00000000
-0.11237369,-2.16642427,-1.02486181,-1.75366950,0.78298289,0.00000000,0.00000000,-3.00999999,-0.82089663,-0.93069988,1.21511042,0.39498189,0.00000000,0.00000000
-0.10823395,-2.16854286,-1.02304971,-1.75489390,0.80224818,0.00000000,0.00000000,-3.00999999,-0.81579649,-0.93387312,1.21555293,0.38730791,0.00000000,0.00000000
-0.10700600,-2.16813016,-1.01976728,-1.75281119,0.84360397,0.00000000,0.00000000,-3.00999999,-0.81054747,-0.93767494,1.21530604,0.37235117,0.00000000,0.00000000
-0.10720134,-2.16704512,-1.01398158,-1.74843633,0.88813001,0.00000000,0.00000000,-3.00999999,-0.80525708,-0.94074064,1.21354282,0.33287743,0.00000000,0.00000000
-0.10719049,-2.16631126,-1.00748420,-1.74391818,0.93140703,0.00000000,0.00000000,-3.00999999,-0.80088228,-0.94186896,1.20839775,0.30324566,0.00000000,0.00000000
-0.10421209,-2.16605759,-1.00348365,-1.74111772,0.96503103,0.00000000,0.00000000,-3.00999999,-0.79877985,-0.94015038,1.19767654,0.30563879,0.00000000,0.00000000
-0.09566114,-2.16541886,-1.00523520,-1.73891008,1.00769031,0.00000000,0.00000000,-3.00999999,-0.79976732,-0.93536544,1.18081868,0.30060977,0.00000000,0.00000000
-0.08191576,-2.16335154,-1.01295245,-1.73728430,1.05599546,0.00000000,0.00000000,-3.00999999,-0.80400372,-0.92818034,1.15912688,0.28233752,0.00000000,0.00000000
-0.06547790,-2.15939689,-1.02402282,-1.73601294,1.09131360,0.00000000,0.00000000,-3.00999999,-0.81081527,-0.91971201,1.13495791,0.24493887,0.00000000,0.00000000
-0.04987329,-2.15464377,-1.03557158,-1.73502672,1.11321437,0.00000000,0.00000000,-3.00999999,-0.81920147,-0.91129148,1.11081672,0.20220397,0.00000000,0.00000000
-0.03776090,-2.15059471,-1.04581344,-1.73454273,1.14320076,0.00000000,0.00000000,-3.00999999,-0.82771730,-0.90440446,1.08986855,0.18409370,0.00000000,0.00000000
-0.03081689,-2.14896870,-1.05402172,-1.73749006,1.16249561,0.00000000,0.00000000,-3.00999999,-0.83506376,-0.90008545,1.07490754,0.19268675,0.00000000,0.00000000
-0.02958053,-2.15062332,-1.05969310,-1.74941301,1.17962456,0.00000000,0.00000000,-3.00976729,-0.84009093,-0.89752316,1.06604302,0.19417873,0.00000000,0.00000000
-0.03072916,-2.15324044,-1.06447339,-1.77047968,1.18576646,0.00000000,0.00000000,-3.00599432,-0.83999074,-0.89091861,1.05915821,0.17026684,0.00000000,0.00000000
-0.02709753,-2.15098739,-1.07168841,-1.79370344,1.18416655,0.00000000,0.00000000,-2.99126816,-0.83040363,-0.86951202,1.04592264,0.15261777,0.00000000,0.00000000
-0.01475190,-2.14237642,-1.07860804,-1.81770635,1.16792011,0.00000000,0.00000000,-2.96549249,-0.80936307,-0.82536370,1.01711917,0.11437918,0.00000000,0.00000000
0.00095723,-2.12842441,-1.08316195,-1.84717679,1.15352714,0.00000000,0.00000000,-2.93358660,-0.77607745,-0.75596797,0.96581215,0.08574267,0.00000000,0.00000000
0.01673692,-2.10248327,-1.08907616,-1.87538099,1.16448748,0.00000000,0.00000000,-2.89816499,-0.72880620,-0.66214186,0.88814491,0.04394794,0.00000000,0.00000000
0.02662792,-2.06101179,-1.09516430,-1.90131021,1.16711175,0.00000000,0.00000000,-2.85970116,-0.66760862,-0.54666197,0.78217924,-0.00104750,0.00000000,0.00000000
0.02453041,-2.00115776,-1.10063493,-1.92359042,1.16734958,0.00000000,0.00000000,-2.81766582,-0.59419662,-0.41310668,0.64805621,-0.04032950,0.00000000,0.00000000
0.00795126,-1.92018032,-1.10258877,-1.94042158,1.17560947,0.00000000,0.00000000,-2.77119899,-0.51202011,-0.26549312,0.48785341,-0.09161650,0.00000000,0.00000000
-0.02042854,-1.82024038,-1.09762084,-1.94947100,1.18203187,0.00000000,0.00000000,-2.72065997,-0.42616260,-0.10766407,0.30570680,-0.13434100,0.00000000,0.00000000
-0.05181425,-1.72454178,-1.08519733,-1.94728673,1.18270040,0.00000000,0.00000000,-2.66897154,-0.34389260,0.05664685,0.10763272,-0.16881260,0.00000000,0.00000000
-0.08461580,-1.66429675,-1.06834340,-1.93006134,1.19796276,0.00000000,0.00000000,-2.62155128,-0.27547076,0.22282511,-0.09912071,-0.18143997,0.00000000,0.00000000
-0.11557384,-1.64927661,-1.04997683,-1.89574528,1.20956957,0.00000000,0.00000000,-2.58591127,-0.22916694,0.38493016,-0.30448359,-0.20062876,0.00000000,0.00000000
-0.13992877,-1.67448449,-1.03254712,-1.84300780,1.21877813,0.00000000,0.00000000,-2.56961632,-0.20984235,0.53637767,-0.49634960,-0.20711648,0.00000000,0.00000000
-0.15679990,-1.73096228,-1.02057946,-1.77723372,1.22801292,0.00000000,0.00000000,-2.57787609,-0.21888314,0.67165065,-0.66339964,-0.21635456,0.00000000,0.00000000
-0.16982666,-1.80654836,-1.02376568,-1.72268212,1.24682307,0.00000000,0.00000000,-2.61588025,-0.24722037,0.78753930,-0.79756886,-0.23195550,0.00000000,0.00000000
-0.16167012,-1.87821484,-1.04512095,-1.69423211,1.25209916,0.00000000,0.00000000,-2.68591428,-0.27419427,0.88360554,-0.89820021,-0.22918789,0.00000000,0.00000000
-0.11677244,-1.93261337,-1.07600498,-1.69046533,1.27585566,0.00000000,0.00000000,-2.77635956,-0.28522134,0.96264786,-0.96877712,-0.21289763,0.00000000,0.00000000
-0.04213727,-1.96365070,-1.10929418,-1.70365989,1.33639336,0.00000000,0.00000000,-2.86926126,-0.27381167,1.02904308,-1.01521432,-0.20437753,0.00000000,0.00000000
0.03899387,-1.96529222,-1.14900720,-1.72128856,1.41824234,0.00000000,0.00000000,-2.94624639,-0.23831543,1.08755648,-1.04569232,-0.19621904,0.00000000,0.00000000
0.10413173,-1.93179011,-1.20461345,-1.72897434,1.49198020,0.00000000,0.00000000,-2.99339128,-0.17844242,1.14219296,-1.06719208,-0.18021025,0.00000000,0.00000000
0.13648546,-1.86572552,-1.27339041,-1.72934723,1.55284882,0.00000000,0.00000000,-3.00741839,-0.09550936,1.19586861,-1.08646739,-0.15178965,0.00000000,0.00000000
0.12408173,-1.77414095,-1.34507263,-1.73068261,1.60884917,0.00000000,0.00000000,-2.99710059,0.00443703,1.24783897,-1.10975301,-0.12882727,0.00000000,0.00000000
0.06072842,-1.66802561,-1.40949392,-1.73683870,1.65961432,0.00000000,0.00000000,-2.94982171,0.11110472,1.29383099,-1.14055538,-0.12531169,0.00000000,0.00000000
-0.04992351,-1.56758463,-1.45673227,-1.74671924,1.71502793,0.00000000,0.00000000,-2.86463213,0.21110542,1.32803416,-1.17869186,-0.13568655,0.00000000,0.00000000
-0.19341773,-1.49851573,-1.47839606,-1.75641632,1.74521053,0.00000000,0.00000000,-2.75462222,0.28710940,1.34359312,-1.22055984,-0.17004409,0.00000000,0.00000000
-0.35004646,-1.48031557,-1.46872056,-1.76096976,1.74241972,0.00000000,0.00000000,-2.63669181,0.31969625,1.33396411,-1.25920510,-0.19937879,0.00000000,0.00000000
-0.50059623,-1.52169442,-1.42509615,-1.75461614,1.72426486,0.00000000,0.00000000,-2.52677512,0.29434800,1.29639006,-1.28483713,-0.21768856,0.00000000,0.00000000
-0.62619203,-1.61777318,-1.35137486,-1.72579956,1.71463394,0.00000000,0.00000000,-2.43658185,0.21134451,1.23561692,-1.28578162,-0.22465149,0.00000000,0.00000000
-0.71089226,-1.74782085,-1.26311171,-1.66966701,1.69282687,0.00000000,0.00000000,-2.37658477,0.09343185,1.16503930,-1.24684453,-0.24689840,0.00000000,0.00000000
-0.74938434,-1.88490152,-1.17939401,-1.61721325,1.66208541,0.00000000,0.00000000,-2.35135174,-0.02536361,1.10274827,-1.16494060,-0.25329977,0.00000000,0.00000000
-0.73872811,-2.00774407,-1.10588670,-1.58320856,1.61503828,0.00000000,0.00000000,-2.34992647,-0.13154182,1.05767298,-1.07407272,-0.25808442,0.00000000,0.00000000
-0.67664713,-2.10189199,-1.03833508,-1.56891608,1.56669140,0.00000000,0.00000000,-2.37870336,-0.22645499,1.01918137,-0.99820733,-0.25711855,0.00000000,0.00000000
-0.56361592,-2.15480494,-0.97322184,-1.57111681,1.53845119,0.00000000,0.00000000,-2.43574381,-0.30690137,0.97902256,-0.94390374,-0.23371954,0.00000000,0.00000000
-0.40509808,-2.16225815,-0.91686082,-1.58139491,1.49627841,0.00000000,0.00000000,-2.51786613,-0.36426571,0.93181205,-0.90514708,-0.19608060,0.00000000,0.00000000
-0.22373588,-2.13166809,-0.89049113,-1.58698702,1.44437099,0.00000000,0.00000000,-2.61768579,-0.37893134,0.88061398,-0.86124182,-0.16078714,0.00000000,0.00000000
-0.06183930,-2.05983305,-0.90845358,-1.58222258,1.39151740,0.00000000,0.00000000,-2.73029828,-0.35118231,0.82199126,-0.78687280,-0.13873446,0.00000000,0.00000000
0.05337450,-1.95796251,-0.96326584,-1.57696474,1.33747387,0.00000000,0.00000000,-2.84202600,-0.29205382,0.75462347,-0.68345135,-0.12520997,0.00000000,0.00000000
0.10954396,-1.84165871,-1.03609920,-1.57962322,1.28954113,0.00000000,0.00000000,-2.93520880,-0.21240574,0.68115407,-0.56473362,-0.13542934,0.00000000,0.00000000
0.10093019,-1.72002983,-1.11308241,-1.59241235,1.24992025,0.00000000,0.00000000,-2.99185705,-0.11864950,0.60635662,-0.44392705,-0.12361704,0.00000000,0.00000000
0.03099127,-1.60023618,-1.18526876,-1.61337316,1.22508550,0.00000000,0.00000000,-3.00730538,-0.01466711,0.53431320,-0.33154550,-0.11984720,0.00000000,0.00000000
-0.08871334,-1.49223411,-1.24471247,-1.63726544,1.20148754,0.00000000,0.00000000,-2.99366283,0.09391956,0.46608767,-0.23456945,-0.12670437,0.00000000,0.00000000
-0.24142678,-1.41218328,-1.28418124,-1.65715969,1.19688094,0.00000000,0.00000000,-2.93619418,0.19737521,0.40017402,-0.15697929,-0.14022636,0.00000000,0.00000000
-0.40628490,-1.38059902,-1.29864180,-1.66603303,1.19241965,0.00000000,0.00000000,-2.83562255,0.28066543,0.33397508,-0.10060403,-0.14208008,0.00000000,0.00000000
-0.55992019,-1.40764976,-1.28646982,-1.65550089,1.17369330,0.00000000,0.00000000,-2.70750499,0.32610571,0.26498348,-0.06440948,-0.15699013,0.00000000,0.00000000
-0.68252754,-1.48251319,-1.25252831,-1.61188638,1.16249335,0.00000000,0.00000000,-2.56992269,0.32071796,0.19136907,-0.04246899,-0.15848614,0.00000000,0.00000000
-0.76301062,-1.58495748,-1.20680726,-1.53674233,1.15642905,0.00000000,0.00000000,-2.44308019,0.26382062,0.11204584,-0.02301171,-0.15701246,0.00000000,0.00000000
-0.80462343,-1.70092499,-1.15779686,-1.47322142,1.15657103,0.00000000,0.00000000,-2.34669042,0.16750138,0.02680023,0.00721987,-0.17103200,0.00000000,0.00000000
-0.81029814,-1.81592548,-1.11144412,-1.43904710,1.12420940,0.00000000,0.00000000,-2.29464817,0.04794980,-0.06353074,0.05694874,-0.14849536,0.00000000,0.00000000
-0.78116578,-1.92111969,-1.06683338,-1.43804598,1.06869924,0.00000000,0.00000000,-2.29289961,-0.08023184,-0.15687180,0.13074695,-0.11021932,0.00000000,0.00000000
-0.71659410,-2.01217246,-1.01625443,-1.47257769,1.00732625,0.00000000,0.00000000,-2.33682132,-0.20692697,-0.24962696,0.22756863,-0.07344767,0.00000000,0.00000000
-0.62058628,-2.08287811,-0.95527095,-1.53878784,0.93863583,0.00000000,0.00000000,-2.41282678,-0.32542002,-0.33713391,0.33838671,-0.05075429,0.00000000,0.00000000
-0.51228964,-2.12467670,-0.89458793,-1.61933255,0.87760240,0.00000000,0.00000000,-2.50856853,-0.43294892,-0.41551739,0.45005774,0.00198781,0.00000000,0.00000000
-0.40468916,-2.12730169,-0.84914947,-1.67641687,0.81274706,0.00000000,0.00000000,-2.61400533,-0.52831495,-0.48307893,0.55167663,0.05959579,0.00000000,0.00000000
-0.31707776,-2.09931922,-0.82468480,-1.70937026,0.75347519,0.00000000,0.00000000,-2.72004771,-0.60443974,-0.53933090,0.63931298,0.12564190,0.00000000,0.00000000
-0.26416773,-2.05266190,-0.82198292,-1.73125052,0.70050669,0.00000000,0.00000000,-2.81877518,-0.65358198,-0.58352351,0.71379459,0.19431542,0.00000000,0.00000000
-0.25188875,-1.99695075,-0.83849078,-1.75218928,0.67195606,0.00000000,0.00000000,-2.90289330,-0.67245007,-0.61437774,0.77781314,0.21138114,0.00000000,0.00000000
-0.27741402,-1.94088793,-0.86763799,-1.77800012,0.66867900,0.00000000,0.00000000,-2.96537900,-0.66268915,-0.63156784,0.83403510,0.19479416,0.00000000,0.00000000
-0.33065072,-1.89158630,-0.90090364,-1.80905414,0.68118459,0.00000000,0.00000000,-3.00024986,-0.63071007,-0.63710463,0.88367110,0.16133618,0.00000000,0.00000000
-0.39916164,-1.85525858,-0.93062991,-1.84361649,0.70146894,0.00000000,0.00000000,-3.00938010,-0.58420706,-0.63579881,0.92898136,0.10982956,0.00000000,0.00000000
-0.47268015,-1.83677101,-0.95261610,-1.87994409,0.72267002,0.00000000,0.00000000,-3.00999594,-0.52934110,-0.63441247,0.97597939,0.05434756,0.00000000,0.00000000
-0.54233313,-1.83832669,-0.96602237,-1.91650999,0.75068361,0.00000000,0.00000000,-3.00999999,-0.47245675,-0.63878071,1.03397691,0.00839756,0.00000000,0.00000000
-0.60223716,-1.85826111,-0.97195250,-1.95175505,0.76150507,0.00000000,0.00000000,-3.00999999,-0.42465988,-0.65515798,1.10813427,-0.03199958,0.00000000,0.00000000
-0.64787412,-1.89265597,-0.97083122,-1.98199165,0.75950325,0.00000000,0.00000000,-3.00999999,-0.38934439,-0.68525463,1.19624341,-0.07749040,0.00000000,0.00000000
-0.67700791,-1.93611264,-0.96260339,-2.00429273,0.74251539,0.00000000,0.00000000,-3.00999999,-0.36388177,-0.72582662,1.28992093,-0.08753816,0.00000000,0.00000000
-0.68666118,-1.98312676,-0.94371623,-2.01759529,0.70982981,0.00000000,0.00000000,-3.00999999,-0.34962010,-0.77399206,1.37556314,-0.07513668,0.00000000,0.00000000
-0.67745829,-2.02729130,-0.91559261,-2.02306795,0.67327887,0.00000000,0.00000000,-3.00999999,-0.34706593,-0.82406926,1.44408727,-0.05592786,0.00000000,0.00000000
-0.65102756,-2.06298661,-0.88193673,-2.02090096,0.63575083,0.00000000,0.00000000,-3.00999999,-0.35368049,-0.86954838,1.49322283,-0.03744245,0.00000000,0.00000000
-0.61084044,-2.08767009,-0.84653836,-2.01248169,0.60893750,0.00000000,0.00000000,-3.00999999,-0.36671147,-0.90627861,1.52291751,-0.01938491,0.00000000,0.00000000
-0.56230426,-2.10128117,-0.81384116,-1.99899650,0.57789159,0.00000000,0.00000000,-3.00999999,-0.38383687,-0.93184727,1.53326380,-0.01641003,0.00000000,0.00000000
-0.51134253,-2.10427833,-0.78990984,-1.97902465,0.56681615,0.00000000,0.00000000,-3.00999999,-0.40138447,-0.94495022,1.52549314,-0.02677885,0.00000000,0.00000000
-0.46393061,-2.09816217,-0.77880883,-1.95506537,0.57093740,0.00000000,0.00000000,-3.00999999,-0.41495326,-0.94489658,1.50196481,-0.01899263,0.00000000,0.00000000
-0.42404082,-2.08592153,-0.77966249,-1.93130457,0.58010828,0.00000000,0.00000000,-3.00999999,-0.42208090,-0.93272972,1.46675897,-0.03422559,0.00000000,0.00000000
-0.39559513,-2.07041192,-0.79056543,-1.91172230,0.59053248,0.00000000,0.00000000,-3.00999999,-0.42206225,-0.91140527,1.42645228,-0.05293831,0.00000000,0.00000000
-0.38149053,-2.05388451,-0.80929369,-1.89850056,0.59375364,0.00000000,0.00000000,-3.00999999,-0.41453731,-0.88479966,1.38934577,-0.07040436,0.00000000,0.00000000
-0.38171414,-2.03914237,-0.83203369,-1.89265263,0.59485614,0.00000000,0.00000000,-3.00999999,-0.40015161,-0.85752422,1.36263049,-0.07226285,0.00000000,0.00000000
-0.39391938,-2.02895975,-0.85469550,-1.89455223,0.58261615,0.00000000,0.00000000,-3.00999999,-0.38078097,-0.83409131,1.34990740,-0.09221365,0.00000000,0.00000000
-0.41536355,-2.02482486,-0.87575293,-1.90349603,0.57179230,0.00000000,0.00000000,-3.00999999,-0.35816133,-0.81613225,1.35054135,-0.10759065,0.00000000,0.00000000
-0.44216955,-2.02745986,-0.89340466,-1.91795790,0.55578685,0.00000000,0.00000000,-3.00995564,-0.33489174,-0.80420572,1.35998571,-0.12901667,0.00000000,0.00000000
-0.46982008,-2.03679109,-0.90509182,-1.93592942,0.54152220,0.00000000,0.00000000,-3.00917220,-0.31408912,-0.79845935,1.37226045,-0.13770489,0.00000000,0.00000000
-0.49370652,-2.05175304,-0.90852511,-1.95463669,0.51661479,0.00000000,0.00000000,-3.00538588,-0.29860133,-0.79938149,1.38435948,-0.14375687,0.00000000,0.00000000
-0.51139414,-2.07033157,-0.90341550,-1.97183704,0.51772285,0.00000000,0.00000000,-2.99740124,-0.29025719,-0.80677485,1.39604640,-0.16246265,0.00000000,0.00000000
-0.52168810,-2.08953452,-0.89039123,-1.98514116,0.52420783,0.00000000,0.00000000,-2.98856950,-0.29009247,-0.81977630,1.40807533,-0.17270671,0.00000000,0.00000000
-0.52494776,-2.10592294,-0.87245911,-1.99216807,0.53504086,0.00000000,0.00000000,-2.98274016,-0.29836267,-0.83597279,1.41932738,-0.19316833,0.00000000,0.00000000
-0.52179658,-2.11725712,-0.85235131,-1.99155200,0.55690598,0.00000000,0.00000000,-2.98152661,-0.31362405,-0.85286403,1.42871475,-0.20258576,0.00000000,0.00000000
-0.51378268,-2.12278724,-0.83205372,-1.98396373,0.58737940,0.00000000,0.00000000,-2.98474908,-0.33285964,-0.86814064,1.43586957,-0.21844098,0.00000000,0.00000000
-0.50282204,-2.12267160,-0.81373543,-1.97080517,0.60763049,0.00000000,0.00000000,-2.99124932,-0.35277808,-0.87938529,1.44003665,-0.21457553,0.00000000,0.00000000
-0.49091014,-2.11787653,-0.79978299,-1.95395362,0.61258459,0.00000000,0.00000000,-2.99881244,-0.37101737,-0.88522869,1.44042861,-0.22691725,0.00000000,0.00000000
-0.48042506,-2.11134768,-0.79065728,-1.93782711,0.61733502,0.00000000,0.00000000,-3.00498819,-0.38597512,-0.88611603,1.43816197,-0.25100622,0.00000000,0.00000000
-0.47377697,-2.10561347,-0.78762859,-1.92618883,0.61511576,0.00000000,0.00000000,-3.00884700,-0.39705935,-0.88339341,1.43427527,-0.26671904,0.00000000,0.00000000
-0.47095147,-2.10309982,-0.78805369,-1.92115641,0.62620312,0.00000000,0.00000000,-3.00993109,-0.40412587,-0.87962586,1.43260312,-0.28107101,0.00000000,0.00000000
-0.47058120,-2.10426307,-0.78904378,-1.92186892,0.65341038,0.00000000,0.00000000,-3.00999999,-0.40751112,-0.87664986,1.43637228,-0.28203270,0.00000000,0.00000000
-0.47128803,-2.10771608,-0.78894693,-1.92581117,0.66480517,0.00000000,0.00000000,-3.00999999,-0.40794542,-0.87506974,1.44521415,-0.29269263,0.00000000,0.00000000
-0.47285551,-2.11179543,-0.78865945,-1.93097305,0.67425877,0.00000000,0.00000000,-3.00999999,-0.40700617,-0.87429827,1.45506716,-0.30675361,0.00000000,0.00000000
-0.47435516,-2.11535549,-0.78798550,-1.93554795,0.66543394,0.00000000,0.00000000,-3.00999570,-0.40636188,-0.87438989,1.46202135,-0.31619611,0.00000000,0.00000000
-0.47557783,-2.11786723,-0.78780854,-1.93875539,0.65827453,0.00000000,0.00000000,-3.00993633,-0.40542531,-0.87400240,1.46662796,-0.32218322,0.00000000,0.00000000
-0.47580868,-2.11958098,-0.78779602,-1.94038439,0.67887110,0.00000000,0.00000000,-3.00984526,-0.40402573,-0.87290984,1.46982491,-0.31245750,0.00000000,0.00000000
-0.47577614,-2.12071943,-0.78912055,-1.94121003,0.68476093,0.00000000,0.00000000,-3.00993633,-0.40255678,-0.87129706,1.47193110,-0.29850966,0.00000000,0.00000000
-0.47576019,-2.12164164,-0.79117078,-1.94204593,0.69406533,0.00000000,0.00000000,-3.00999546,-0.40132824,-0.86958134,1.47423601,-0.29683757,0.00000000,0.00000000
-0.47521588,-2.12271571,-0.79204422,-1.94309855,0.68714958,0.00000000,0.00000000,-3.00999999,-0.40063331,-0.86828554,1.47718620,-0.31011450,0.00000000,0.00000000
-0.47466812,-2.12347817,-0.79247737,-1.94418180,0.66792673,0.00000000,0.00000000,-3.00999999,-0.40026999,-0.86689186,1.48062634,-0.29814005,0.00000000,0.00000000
-0.47422680,-2.12400866,-0.79260856,-1.94534242,0.64917421,0.00000000,0.00000000,-3.00999999,-0.40054473,-0.86575693,1.48320007,-0.28502342,0.00000000,0.00000000
-0.47366086,-2.12423730,-0.79246050,-1.94624364,0.65711761,0.00000000,0.00000000,-3.00999999,-0.40149957,-0.86550921,1.48478758,-0.28183249,0.00000000,0.00000000
-0.47351468,-2.12408161,-0.79359561,-1.94692767,0.67839539,0.00000000,0.00000000,-3.00999999,-0.40227494,-0.86515367,1.48609388,-0.27214694,0.00000000,0.00000000
-0.47322890,-2.12374854,-0.79480088,-1.94725287,0.68876886,0.00000000,0.00000000,-3.00999999,-0.40271690,-0.86477149,1.48715234,-0.26038989,0.00000000,0.00000000
-0.47263688,-2.12361813,-0.79530323,-1.94757545,0.70805490,0.00000000,0.00000000,-3.00999999,-0.40283552,-0.86427414,1.48786271,-0.24738711,0.00000000,0.00000000
-0.47197446,-2.12370491,-0.79552865,-1.94802606,0.70442086,0.00000000,0.00000000,-3.00999999,-0.40280551,-0.86350572,1.48846960,-0.22291502,0.00000000,0.00000000
-0.47197133,-2.12369108,-0.79660076,-1.94876909,0.70821780,0.00000000,0.00000000,-3.00999999,-0.40273851,-0.86246240,1.48904288,-0.17721577,0.00000000,0.00000000
-0.47161734,-2.12349772,-0.79679841,-1.94912648,0.72856253,0.00000000,0.00000000,-3.00999999,-0.40240663,-0.86155587,1.48984349,-0.15069047,0.00000000,0.00000000
-0.47099942,-2.12345386,-0.79604149,-1.94949138,0.74518478,0.00000000,0.00000000,-3.00999999,-0.40213659,-0.86095345,1.49085379,-0.12552170,0.00000000,0.00000000
-0.47077608,-2.12333941,-0.79605556,-1.94991279,0.76367891,0.00000000,0.00000000,-3.00999999,-0.40201005,-0.86029577,1.49155855,-0.09655248,0.00000000,0.00000000
-0.47036678,-2.12300372,-0.79613674,-1.94985974,0.79249811,0.00000000,0.00000000,-3.00999999,-0.40212268,-0.85984898,1.49144292,-0.07832300,0.00000000,0.00000000
-0.46983168,-2.12268806,-0.79592669,-1.94969428,0.81720692,0.00000000,0.00000000,-3.00999999,-0.40225542,-0.85965258,1.49099958,-0.04124089,0.00000000,0.00000000
-0.46902028,-2.12235260,-0.79512638,-1.94933820,0.85214031,0.00000000,0.00000000,-3.00999999,-0.40215427,-0.85951155,1.49056113,0.02388480,0.00000000,0.00000000
-0.46863699,-2.12220669,-0.79461461,-1.94948971,0.89198679,0.00000000,0.00000000,-3.00999999,-0.40179074,-0.85910505,1.49011016,0.08435320,0.00000000,0.00000000
-0.46908146,-2.12240291,-0.79497755,-1.95051622,0.92304850,0.00000000,0.00000000,-3.00999999,-0.40130383,-0.85835201,1.48989236,0.12426915,0.00000000,0.00000000
-0.46970579,-2.12284899,-0.79516655,-1.95195198,0.95861083,0.00000000,0.00000000,-3.00999999,-0.40085006,-0.85761148,1.48975682,0.15878598,0.00000000,0.00000000
-0.46995860,-2.12316990,-0.79475617,-1.95300317,0.99708521,0.00000000,0.00000000,-3.00999999,-0.40041310,-0.85701209,1.48964787,0.19866535,0.00000000,0.00000000
-0.46992636,-2.12362313,-0.79373395,-1.95396221,1.02402031,0.00000000,0.00000000,-3.00999999,-0.39978069,-0.85643250,1.48994231,0.24277185,0.00000000,0.00000000
-0.46980414,-2.12407756,-0.79277980,-1.95478356,1.00819695,0.00000000,0.00000000,-3.00999999,-0.39921466,-0.85580575,1.48981965,0.27782780,0.00000000,0.00000000
-0.46994764,-2.12436342,-0.79278672,-1.95549583,1.01204133,0.00000000,0.00000000,-3.00999999,-0.39890662,-0.85540891,1.48953760,0.30642271,0.00000000,0.00000000
-0.46964404,-2.12481618,-0.79192251,-1.95616961,0.99894440,0.00000000,0.00000000,-3.00999999,-0.39903921,-0.85595489,1.48981524,0.29661083,0.00000000,0.00000000
-0.46853060,-2.12508011,-0.78996855,-1.95623147,0.97391820,0.00000000,0.00000000,-3.00999999,-0.39962894,-0.85723972,1.49014854,0.29542264,0.00000000,0.00000000
-0.46796101,-2.12519026,-0.78932208,-1.95648777,0.94571179,0.00000000,0.00000000,-3.00999999,-0.40010715,-0.85808778,1.49023545,0.29957262,0.00000000,0.00000000
-0.46816963,-2.12532878,-0.79021221,-1.95725155,0.93024355,0.00000000,0.00000000,-3.00999999,-0.40026814,-0.85820568,1.49022138,0.30202708,0.00000000,0.00000000
-0.46875137,-2.12551785,-0.79177636,-1.95833540,0.91968608,0.00000000,0.00000000,-3.00999999,-0.40016875,-0.85759383,1.49038994,0.29872620,0.00000000,0.00000000
-0.46877250,-2.12575340,-0.79231966,-1.95924366,0.92833358,0.00000000,0.00000000,-3.00999999,-0.39986658,-0.85679770,1.49097180,0.28721011,0.00000000,0.00000000
-0.46862751,-2.12548566,-0.79293239,-1.95962358,0.94262439,0.00000000,0.00000000,-3.00999999,-0.39935690,-0.85557973,1.49109519,0.26724476,0.00000000,0.00000000
-0.46884960,-2.12493491,-0.79473215,-1.95993304,0.94369668,0.00000000,0.00000000,-3.00999999,-0.39922705,-0.85398555,1.48996508,0.24266919,0.00000000,0.00000000
-0.46846780,-2.12474751,-0.79515481,-1.96035683,0.93420058,0.00000000,0.00000000,-3.00999999,-0.39921510,-0.85341674,1.49020696,0.22124678,0.00000000,0.00000000
-0.46747860,-2.12474179,-0.79425764,-1.96069455,0.93918794,0.00000000,0.00000000,-3.00999999,-0.39910996,-0.85384369,1.49226701,0.16190858,0.00000000,0.00000000
-0.46684644,-2.12479091,-0.79437542,-1.96123135,0.94189316,0.00000000,0.00000000,-3.00999999,-0.39894980,-0.85397297,1.49447572,0.10701833,0.00000000,0.00000000
-0.46645591,-2.12493134,-0.79524899,-1.96193349,0.94543439,0.00000000,0.00000000,-3.00999999,-0.39867365,-0.85404962,1.49728966,0.05635510,0.00000000,0.00000000
-0.46621788,-2.12528253,-0.79655576,-1.96282053,0.94683397,0.00000000,0.00000000,-3.00999999,-0.39857310,-0.85447448,1.50064158,0.01621902,0.00000000,0.00000000
-0.46607274,-2.12595129,-0.79806101,-1.96388721,0.91956228,0.00000000,0.00000000,-3.00999999,-0.39856917,-0.85486019,1.50370276,-0.02696404,0.00000000,0.00000000
-0.46559873,-2.12676024,-0.79889083,-1.96478856,0.89384997,0.00000000,0.00000000,-3.00999999,-0.39832842,-0.85501993,1.50582767,-0.04807631,0.00000000,0.00000000
-0.46533993,-2.12754035,-0.79985219,-1.96570623,0.87075561,0.00000000,0.00000000,-3.00999999,-0.39750302,-0.85443443,1.50720716,-0.06761491,0.00000000,0.00000000
-0.46510732,-2.12834549,-0.80021352,-1.96669185,0.83700287,0.00000000,0.00000000,-3.00999999,-0.39644694,-0.85365117,1.50793040,-0.09172714,0.00000000,0.00000000
-0.46464184,-2.12891865,-0.79979885,-1.96734726,0.80622298,0.00000000,0.00000000,-3.00999999,-0.39547336,-0.85311067,1.50817072,-0.07213148,0.00000000,0.00000000
-0.46456072,-2.12923551,-0.80003470,-1.96787250,0.69668132,0.00000000,0.00000000,-3.00999999,-0.39484382,-0.85253704,1.50784934,-0.05865469,0.00000000,0.00000000
-0.46431571,-2.12958527,-0.79961503,-1.96828544,0.58075637,0.00000000,0.00000000,-3.00999999,-0.39464772,-0.85238099,1.50762939,-0.04303167,0.00000000,0.00000000
-0.46383148,-2.13002682,-0.79843891,-1.96860528,0.45994174,0.00000000,0.00000000,-3.00999999,-0.39468470,-0.85261607,1.50776172,-0.03177463,0.00000000,0.00000000
