l_joint1,l_joint2,l_joint3,l_joint4,l_joint5,l_joint6,l_joint7,r_joint1,r_joint2,r_joint3,r_joint4,r_joint5,r_joint6,r_joint7
-2.70044184,-0.48205802,0.37689808,-0.43813598,-0.02888845,0.00000000,0.00000000,-3.00999999,0.62473381,-0.43236274,0.26043946,0.03982010,0.00000000,0.00000000
-2.70112181,-0.48241958,0.37809381,-0.43868449,-0.02892562,0.00000000,0.00000000,-3.00999999,0.62393719,-0.43279350,0.26064846,0.04464272,0.00000000,0.00000000
-2.70238543,-0.48264271,0.38042188,-0.43955410,-0.01813269,0.00000000,0.00000000,-3.00999999,0.62229067,-0.43359739,0.26101023,0.05729313,0.00000000,0.00000000
-2.70411110,-0.48251966,0.38376266,-0.44058511,-0.01701635,0.00000000,0.00000000,-3.00999999,0.61992383,-0.43470305,0.26146224,0.06976572,0.00000000,0.00000000
-2.70616245,-0.48218945,0.38781410,-0.44165799,-0.01039210,0.00000000,0.00000000,-3.00999999,0.61723775,-0.43599525,0.26197076,0.07991732,0.00000000,0.00000000
-2.70839572,-0.48180115,0.39220572,-0.44259816,-0.00741168,0.00000000,0.00000000,-3.00999999,0.61455917,-0.43734115,0.26245484,0.09704960,0.00000000,0.00000000
-2.71070004,-0.48148337,0.39663422,-0.44334346,-0.00207106,0.00000000,0.00000000,-3.00999999,0.61208767,-0.43863639,0.26290458,0.11453053,0.00000000,0.00000000
-2.71298623,-0.48138893,0.40083340,-0.44386759,-0.00026543,0.00000000,0.00000000,-3.00999999,0.60997933,-0.43982717,0.26337108,0.12755825,0.00000000,0.00000000
-2.71517539,-0.48155859,0.40464407,-0.44418287,0.00760337,0.00000000,0.00000000,-3.00999999,0.60817009,-0.44087678,0.26386333,0.14540985,0.00000000,0.00000000
-2.71720290,-0.48202321,0.40799403,-0.44433770,0.01785118,0.00000000,0.00000000,-3.00999999,0.60671914,-0.44173977,0.26439664,0.16155139,0.00000000,0.00000000
-2.71902204,-0.48270458,0.41090471,-0.44434363,0.03554628,0.00000000,0.00000000,-3.00999999,0.60563982,-0.44240934,0.26492435,0.18072966,0.00000000,0.00000000
-2.72063780,-0.48352790,0.41345018,-0.44422522,0.05389629,0.00000000,0.00000000,-3.00999999,0.60483903,-0.44292411,0.26541740,0.19264938,0.00000000,0.00000000
-2.72206736,-0.48440698,0.41569686,-0.44396412,0.08824673,0.00000000,0.00000000,-3.00999999,0.60421491,-0.44333926,0.26589075,0.20638466,0.00000000,0.00000000
-2.72332859,-0.48517904,0.41772565,-0.44352478,0.11596575,0.00000000,0.00000000,-3.00999999,0.60348290,-0.44372299,0.26640233,0.21324715,0.00000000,0.00000000
-2.72444391,-0.48569623,0.41962659,-0.44292530,0.15501170,0.00000000,0.00000000,-3.00999999,0.60233748,-0.44409364,0.26695704,0.22943456,0.00000000,0.00000000
-2.72541094,-0.48594555,0.42142740,-0.44220221,0.19750336,0.00000000,0.00000000,-3.00999999,0.60074359,-0.44441098,0.26742229,0.23395108,0.00000000,0.00000000
-2.72618771,-0.48606107,0.42302370,-0.44133332,0.23896416,0.00000000,0.00000000,-3.00999999,0.59894753,-0.44462913,0.26773074,0.23624194,0.00000000,0.00000000
-2.72675157,-0.48624483,0.42431298,-0.44033167,0.27739918,0.00000000,0.00000000,-3.00999999,0.59719795,-0.44473678,0.26791626,0.23647283,0.00000000,0.00000000
-2.72709727,-0.48654246,0.42527777,-0.43921259,0.32515576,0.00000000,0.00000000,-3.00999999,0.59554487,-0.44473296,0.26798493,0.23534811,0.00000000,0.00000000
-2.72722912,-0.48692358,0.42594877,-0.43799818,0.36529398,0.00000000,0.00000000,-3.00999999,0.59402984,-0.44462448,0.26795635,0.23595844,0.00000000,0.00000000
-2.72718978,-0.48737895,0.42638189,-0.43672884,0.40284225,0.00000000,0.00000000,-3.00999999,0.59270179,-0.44444212,0.26794794,0.22994758,0.00000000,0.00000000
-2.72704482,-0.48791298,0.42665938,-0.43546072,0.43114415,0.00000000,0.00000000,-3.00999999,0.59151602,-0.44421232,0.26805040,0.21508919,0.00000000,0.00000000
-2.72686005,-0.48849270,0.42687595,-0.43425786,0.46807796,0.00000000,0.00000000,-3.00999999,0.59035850,-0.44395787,0.26826730,0.21714586,0.00000000,0.00000000
-2.72670174,-0.48915255,0.42707968,-0.43319824,0.49892184,0.00000000,0.00000000,-3.00999999,0.58921921,-0.44369799,0.26856920,0.21346278,0.00000000,0.00000000
-2.72661161,-0.48988628,0.42728767,-0.43230456,0.52771896,0.00000000,0.00000000,-3.00999999,0.58805507,-0.44345641,0.26894060,0.20577309,0.00000000,0.00000000
-2.72660542,-0.49066439,0.42754820,-0.43158829,0.57064843,0.00000000,0.00000000,-3.00999999,0.58681422,-0.44324353,0.26932061,0.19197656,0.00000000,0.00000000
-2.72670794,-0.49148777,0.42790908,-0.43104771,0.60470480,0.00000000,0.00000000,-3.00999999,0.58548796,-0.44304538,0.26963672,0.17812850,0.00000000,0.00000000
-2.72694492,-0.49232256,0.42840788,-0.43065047,0.61929363,0.00000000,0.00000000,-3.00999999,0.58411568,-0.44284803,0.26985392,0.17067994,0.00000000,0.00000000
-2.72731519,-0.49312004,0.42902347,-0.43033198,0.62723017,0.00000000,0.00000000,-3.00999999,0.58274984,-0.44262946,0.26996109,0.16212022,0.00000000,0.00000000
-2.72780895,-0.49389300,0.42969230,-0.43004659,0.63208115,0.00000000,0.00000000,-3.00999999,0.58148599,-0.44237405,0.27003163,0.14102912,0.00000000,0.00000000
-2.72842741,-0.49463260,0.43036219,-0.42973673,0.63783866,0.00000000,0.00000000,-3.00999999,0.58043522,-0.44206631,0.27015978,0.12631191,0.00000000,0.00000000
-2.72919655,-0.49539226,0.43100852,-0.42941853,0.63274002,0.00000000,0.00000000,-3.00999999,0.57965261,-0.44170973,0.27041465,0.12123567,0.00000000,0.00000000
-2.73013592,-0.49611461,0.43163836,-0.42913145,0.61690509,0.00000000,0.00000000,-3.00999999,0.57902956,-0.44132784,0.27079928,0.09693084,0.00000000,0.00000000
-2.73125696,-0.49674457,0.43228063,-0.42894700,0.60293359,0.00000000,0.00000000,-3.00999999,0.57847673,-0.44092667,0.27126846,0.06955248,0.00000000,0.00000000
-2.73255205,-0.49724165,0.43296695,-0.42888999,0.59981608,0.00000000,0.00000000,-3.00999999,0.57793671,-0.44053161,0.27184233,0.04196960,0.00000000,0.00000000
-2.73397589,-0.49747157,0.43372291,-0.42889866,0.60526884,0.00000000,0.00000000,-3.00999999,0.57729632,-0.44016176,0.27254537,0.01362052,0.00000000,0.00000000
-2.73549342,-0.49734968,0.43454206,-0.42891389,0.61311376,0.00000000,0.00000000,-3.00999999,0.57644010,-0.43981233,0.27336136,0.00259601,0.00000000,0.00000000
-2.73708677,-0.49686313,0.43541020,-0.42891973,0.61764342,0.00000000,0.00000000,-3.00999999,0.57530600,-0.43944314,0.27420610,-0.02725613,0.00000000,0.00000000
-2.73876071,-0.49605012,0.43630072,-0.42893055,0.61734611,0.00000000,0.00000000,-3.00999999,0.57384050,-0.43899566,0.27494761,-0.05948285,0.00000000,0.00000000
-2.74049473,-0.49491557,0.43714899,-0.42892173,0.61658436,0.00000000,0.00000000,-3.00999999,0.57198036,-0.43843350,0.27549180,-0.09177393,0.00000000,0.00000000
-2.74221420,-0.49359053,0.43783614,-0.42882621,0.60462737,0.00000000,0.00000000,-3.00999999,0.56990308,-0.43773410,0.27585343,-0.10926231,0.00000000,0.00000000
-2.74380970,-0.49205086,0.43821713,-0.42844325,0.59753340,0.00000000,0.00000000,-3.00999999,0.56780761,-0.43690145,0.27609029,-0.12113633,0.00000000,0.00000000
-2.74527645,-0.49034658,0.43827504,-0.42777219,0.58605677,0.00000000,0.00000000,-3.00999999,0.56575769,-0.43596461,0.27624437,-0.13424581,0.00000000,0.00000000
-2.74665666,-0.48852128,0.43810180,-0.42693195,0.56854135,0.00000000,0.00000000,-3.00999999,0.56372076,-0.43498090,0.27634507,-0.15459022,0.00000000,0.00000000
-2.74796391,-0.48648843,0.43779007,-0.42599204,0.54150242,0.00000000,0.00000000,-3.00999999,0.56156814,-0.43403739,0.27645060,-0.15952694,0.00000000,0.00000000
-2.74918103,-0.48425707,0.43747929,-0.42519334,0.50967258,0.00000000,0.00000000,-3.00999999,0.55921209,-0.43323925,0.27656338,-0.16208622,0.00000000,0.00000000
-2.75027061,-0.48182708,0.43736446,-0.42490926,0.48507017,0.00000000,0.00000000,-3.00999999,0.55665582,-0.43270129,0.27668065,-0.16519995,0.00000000,0.00000000
-2.75115633,-0.47897506,0.43764052,-0.42540264,0.46724957,0.00000000,0.00000000,-3.00999999,0.55380493,-0.43253848,0.27673471,-0.15595600,0.00000000,0.00000000
-2.75177073,-0.47552285,0.43848550,-0.42688847,0.45337132,0.00000000,0.00000000,-3.00999999,0.55051225,-0.43290576,0.27670407,-0.13961585,0.00000000,0.00000000
-2.75207758,-0.47152078,0.44004479,-0.42965835,0.43167275,0.00000000,0.00000000,-3.00999999,0.54665452,-0.43404761,0.27676493,-0.12210765,0.00000000,0.00000000
-2.75196171,-0.46704745,0.44232813,-0.43386561,0.41189036,0.00000000,0.00000000,-3.00999999,0.54223359,-0.43614143,0.27703500,-0.09861591,0.00000000,0.00000000
-2.75118303,-0.46225855,0.44524765,-0.43956441,0.39780223,0.00000000,0.00000000,-3.00999999,0.53766739,-0.43921778,0.27761883,-0.07719509,0.00000000,0.00000000
-2.74941945,-0.45725170,0.44853523,-0.44662631,0.37631470,0.00000000,0.00000000,-3.00999999,0.53331786,-0.44326255,0.27853352,-0.05391463,0.00000000,0.00000000
-2.74649286,-0.45220426,0.45189402,-0.45496380,0.36122552,0.00000000,0.00000000,-3.00999999,0.52934009,-0.44827121,0.27968496,-0.02820588,0.00000000,0.00000000
-2.74227333,-0.44733319,0.45504498,-0.46445009,0.34617886,0.00000000,0.00000000,-3.00999999,0.52591175,-0.45422742,0.28097165,-0.00341136,0.00000000,0.00000000
-2.73657250,-0.44256893,0.45772114,-0.47480741,0.33274695,0.00000000,0.00000000,-3.00999904,0.52308679,-0.46115768,0.28229401,0.01372137,0.00000000,0.00000000
-2.72919416,-0.43781090,0.45964056,-0.48578835,0.31401879,0.00000000,0.00000000,-3.00998354,0.52112496,-0.46909896,0.28371122,0.04020036,0.00000000,0.00000000
-2.72004914,-0.43298534,0.46049836,-0.49724641,0.30368719,0.00000000,0.00000000,-3.00994325,0.52009106,-0.47811809,0.28537461,0.07428087,0.00000000,0.00000000
-2.70903563,-0.42787930,0.45997068,-0.50895619,0.30459636,0.00000000,0.00000000,-3.00992489,0.51997554,-0.48831490,0.28747293,0.11119232,0.00000000,0.00000000
-2.69608665,-0.42220962,0.45788965,-0.52077550,0.30590847,0.00000000,0.00000000,-3.00993466,0.52077180,-0.49978417,0.29030764,0.13602190,0.00000000,0.00000000
-2.68122149,-0.41545174,0.45428854,-0.53262115,0.30587357,0.00000000,0.00000000,-3.00995660,0.52203184,-0.51267475,0.29431579,0.16758130,0.00000000,0.00000000
-2.66463971,-0.40767664,0.44923005,-0.54489827,0.30359560,0.00000000,0.00000000,-3.00998735,0.52292299,-0.52718568,0.30004320,0.18886669,0.00000000,0.00000000
-2.64670348,-0.39955688,0.44273052,-0.55847013,0.29469803,0.00000000,0.00000000,-3.00999928,0.52290827,-0.54327577,0.30809698,0.22316423,0.00000000,0.00000000
-2.62776661,-0.39136523,0.43440232,-0.57371879,0.27519444,0.00000000,0.00000000,-3.00999999,0.52200317,-0.56046849,0.31914714,0.25772360,0.00000000,0.00000000
-2.60840082,-0.38366184,0.42349938,-0.59097910,0.25241640,0.00000000,0.00000000,-3.00999999,0.52023238,-0.57797956,0.33403304,0.29206696,0.00000000,0.00000000
-2.58952045,-0.37747890,0.40948805,-0.61096060,0.22085668,0.00000000,0.00000000,-3.00999999,0.51762235,-0.59478647,0.35358319,0.31294727,0.00000000,0.00000000
-2.57207584,-0.37327752,0.39210919,-0.63385898,0.18341383,0.00000000,0.00000000,-3.00999999,0.51452726,-0.60991663,0.37816590,0.33035824,0.00000000,0.00000000
-2.55700970,-0.37103772,0.37126237,-0.65923274,0.14523481,0.00000000,0.00000000,-3.00999999,0.51128572,-0.62265301,0.40734434,0.35878041,0.00000000,0.00000000
-2.54511690,-0.37028345,0.34679633,-0.68607396,0.10990407,0.00000000,0.00000000,-3.00999999,0.50816518,-0.63237888,0.44012600,0.39452010,0.00000000,0.00000000
-2.53713560,-0.37090385,0.31830931,-0.71335810,0.07457724,0.00000000,0.00000000,-3.00990438,0.50567883,-0.63844734,0.47524506,0.42029086,0.00000000,0.00000000
-2.53367090,-0.37283400,0.28564554,-0.74002331,0.04144951,0.00000000,0.00000000,-3.00831866,0.50399077,-0.64031529,0.51109701,0.44641083,0.00000000,0.00000000
-2.53488541,-0.37531531,0.24944621,-0.76466459,0.00889508,0.00000000,0.00000000,-3.00161862,0.50238556,-0.63765275,0.54541039,0.47434840,0.00000000,0.00000000
-2.54036617,-0.37706259,0.21097264,-0.78557765,-0.03356050,0.00000000,0.00000000,-2.98777747,0.50007904,-0.63025266,0.57572436,0.48849261,0.00000000,0.00000000
-2.54925919,-0.37748334,0.17181650,-0.80139452,-0.08159865,0.00000000,0.00000000,-2.96649885,0.49715492,-0.61818558,0.60036880,0.49913853,0.00000000,0.00000000
-2.56034136,-0.37688634,0.13382772,-0.81117022,-0.12531713,0.00000000,0.00000000,-2.93801904,0.49428296,-0.60200292,0.61810166,0.50243092,0.00000000,0.00000000
-2.57183456,-0.37534887,0.09972572,-0.81463915,-0.16272651,0.00000000,0.00000000,-2.90320134,0.49128351,-0.58304530,0.62740588,0.50839847,0.00000000,0.00000000
-2.58211660,-0.37315944,0.07127237,-0.81223863,-0.20206031,0.00000000,0.00000000,-2.86311889,0.48909968,-0.56260586,0.62737328,0.51324880,0.00000000,0.00000000
-2.58968830,-0.37044597,0.04977164,-0.80457830,-0.23624325,0.00000000,0.00000000,-2.81872845,0.48909467,-0.54167926,0.61777931,0.51025575,0.00000000,0.00000000
-2.59302187,-0.36687133,0.03662021,-0.79242444,-0.26257750,0.00000000,0.00000000,-2.77084517,0.49225950,-0.52103865,0.59883016,0.52259046,0.00000000,0.00000000
-2.59087658,-0.36197138,0.03305124,-0.77689892,-0.29278296,0.00000000,0.00000000,-2.72009468,0.49886331,-0.50123614,0.57089579,0.54194796,0.00000000,0.00000000
-2.58253241,-0.35578427,0.04005460,-0.75978744,-0.31369182,0.00000000,0.00000000,-2.66658902,0.50859112,-0.48234245,0.53442562,0.57097000,0.00000000,0.00000000
-2.56792283,-0.34900734,0.05804266,-0.74339211,-0.32481396,0.00000000,0.00000000,-2.60983872,0.52118719,-0.46379614,0.48994085,0.60349512,0.00000000,0.00000000
-2.54765010,-0.34254152,0.08658490,-0.73003447,-0.33460516,0.00000000,0.00000000,-2.54920793,0.53577447,-0.44463730,0.43772772,0.63440430,0.00000000,0.00000000
-2.52266979,-0.33752605,0.12418962,-0.72179776,-0.34818283,0.00000000,0.00000000,-2.48447061,0.55155486,-0.42384994,0.37757304,0.65135521,0.00000000,0.00000000
-2.49393535,-0.33489972,0.16805568,-0.71991014,-0.36687908,0.00000000,0.00000000,-2.41586542,0.56885511,-0.40032095,0.30921683,0.67475832,0.00000000,0.00000000
-2.46208668,-0.33372742,0.21475728,-0.72393101,-0.39376029,0.00000000,0.00000000,-2.34412527,0.58856750,-0.37309787,0.23280878,0.69434333,0.00000000,0.00000000
-2.42736101,-0.33162540,0.26177043,-0.73239458,-0.41102612,0.00000000,0.00000000,-2.27047420,0.61132610,-0.34210700,0.14884822,0.70731497,0.00000000,0.00000000
-2.39001489,-0.32919881,0.30733654,-0.74503392,-0.42146590,0.00000000,0.00000000,-2.19642258,0.63736945,-0.30828857,0.05810603,0.72568911,0.00000000,0.00000000
-2.35040593,-0.32762742,0.35039148,-0.76153100,-0.42234373,0.00000000,0.00000000,-2.12356639,0.66654247,-0.27320755,-0.03840010,0.75216389,0.00000000,0.00000000
-2.30893207,-0.32541427,0.39055064,-0.78023785,-0.42705262,0.00000000,0.00000000,-2.05344915,0.69880855,-0.23868245,-0.13925305,0.78415680,0.00000000,0.00000000
-2.26624632,-0.32088846,0.42737469,-0.79971093,-0.43523443,0.00000000,0.00000000,-1.98729253,0.73474360,-0.20641072,-0.24234891,0.80042630,0.00000000,0.00000000
-2.22389984,-0.31624109,0.46019641,-0.82143593,-0.43538973,0.00000000,0.00000000,-1.92565322,0.77261049,-0.17745009,-0.34617412,0.82389402,0.00000000,0.00000000
-2.18452144,-0.31584993,0.48766333,-0.84848177,-0.44361639,0.00000000,0.00000000,-1.86857271,0.80896735,-0.15205611,-0.44988537,0.84911329,0.00000000,0.00000000
-2.15076184,-0.32090667,0.50805235,-0.88117445,-0.46061754,0.00000000,0.00000000,-1.81592631,0.84255821,-0.12990540,-0.55184841,0.85238308,0.00000000,0.00000000
-2.12512112,-0.33136934,0.51939994,-0.91832644,-0.46858823,0.00000000,0.00000000,-1.76718199,0.87304991,-0.10991059,-0.65060776,0.85061133,0.00000000,0.00000000
-2.11002851,-0.34830177,0.51991540,-0.95946389,-0.47966269,0.00000000,0.00000000,-1.72149372,0.89889497,-0.09045003,-0.74615902,0.84605318,0.00000000,0.00000000
-2.10695219,-0.37052980,0.50819194,-1.00244570,-0.49840322,0.00000000,0.00000000,-1.67780185,0.92074347,-0.07003703,-0.83928573,0.83593899,0.00000000,0.00000000
-2.11598063,-0.39420170,0.48425484,-1.04372656,-0.51772404,0.00000000,0.00000000,-1.63347507,0.94166744,-0.04701334,-0.93060106,0.83030385,0.00000000,0.00000000
-2.13640809,-0.41736203,0.45105508,-1.08229756,-0.53358084,0.00000000,0.00000000,-1.58460152,0.95969450,-0.01942067,-1.01923442,0.82422549,0.00000000,0.00000000
-2.16743755,-0.43980211,0.41134092,-1.11822414,-0.54294628,0.00000000,0.00000000,-1.52914608,0.97391164,0.01338351,-1.10297036,0.80857611,0.00000000,0.00000000
-2.20830059,-0.46048898,0.36615953,-1.15025532,-0.54401290,0.00000000,0.00000000,-1.46694350,0.98618913,0.05098890,-1.17909038,0.79329926,0.00000000,0.00000000
-2.25810289,-0.47865060,0.31614792,-1.17738068,-0.55707359,0.00000000,0.00000000,-1.39847922,0.99880207,0.09286295,-1.24520743,0.77389157,0.00000000,0.00000000
-2.31543732,-0.49412796,0.26233420,-1.19936824,-0.56744188,0.00000000,0.00000000,-1.32464170,1.01337206,0.13861857,-1.29975474,0.75895315,0.00000000,0.00000000
-2.37753940,-0.50615042,0.20702839,-1.21579874,-0.57755738,0.00000000,0.00000000,-1.24723279,1.03073502,0.18753155,-1.34182274,0.73914653,0.00000000,0.00000000
-2.44100809,-0.51349115,0.15245776,-1.22559488,-0.58438820,0.00000000,0.00000000,-1.16930497,1.05172956,0.23847131,-1.37070978,0.73106110,0.00000000,0.00000000
-2.50262284,-0.51503336,0.10001101,-1.22686088,-0.58963156,0.00000000,0.00000000,-1.09489012,1.07733774,0.28967530,-1.38541210,0.73201567,0.00000000,0.00000000
-2.55908155,-0.51011753,0.05160195,-1.21741986,-0.59938526,0.00000000,0.00000000,-1.02781224,1.10779119,0.33872074,-1.38509595,0.73073667,0.00000000,0.00000000
-2.60803556,-0.49922481,0.00881768,-1.19618857,-0.60485917,0.00000000,0.00000000,-0.97111911,1.14330971,0.38285214,-1.36938977,0.71908021,0.00000000,0.00000000
-2.64815474,-0.48261929,-0.02722465,-1.16282296,-0.60374171,0.00000000,0.00000000,-0.92732710,1.18420911,0.41905972,-1.33833086,0.71527946,0.00000000,0.00000000
-2.67839122,-0.46025601,-0.05523425,-1.11750352,-0.59603715,0.00000000,0.00000000,-0.89854288,1.23021734,0.44418263,-1.29259264,0.70789510,0.00000000,0.00000000
-2.69731593,-0.43305886,-0.07279483,-1.06169116,-0.59934169,0.00000000,0.00000000,-0.88665348,1.27967024,0.45451713,-1.23397589,0.70102823,0.00000000,0.00000000
-2.70349383,-0.40245581,-0.07646762,-0.99787182,-0.59221286,0.00000000,0.00000000,-0.89288813,1.32983088,0.44593024,-1.16545177,0.69022143,0.00000000,0.00000000
-2.69635057,-0.36991808,-0.06278513,-0.92919976,-0.57082474,0.00000000,0.00000000,-0.91707307,1.37733865,0.41482472,-1.09108102,0.66396219,0.00000000,0.00000000
-2.67674685,-0.33625269,-0.02928809,-0.85923564,-0.55998403,0.00000000,0.00000000,-0.95744562,1.41817272,0.35925579,-1.01599622,0.64936048,0.00000000,0.00000000
-2.64703321,-0.30121043,0.02504243,-0.79279697,-0.54822493,0.00000000,0.00000000,-1.01121092,1.44753134,0.27941847,-0.94630450,0.64416671,0.00000000,0.00000000
-2.61055136,-0.26513705,0.09992012,-0.73734051,-0.53643453,0.00000000,0.00000000,-1.07522619,1.46050072,0.17759754,-0.88828778,0.64783919,0.00000000,0.00000000
-2.57090425,-0.23158357,0.19300920,-0.70114535,-0.52194583,0.00000000,0.00000000,-1.14674044,1.45206976,0.05799901,-0.84809774,0.65177941,0.00000000,0.00000000
-2.53108191,-0.20551372,0.30104375,-0.69059384,-0.51010364,0.00000000,0.00000000,-1.22407734,1.41665447,-0.07215358,-0.83148736,0.66445595,0.00000000,0.00000000
-2.49224043,-0.19016954,0.41982278,-0.70852494,-0.51162517,0.00000000,0.00000000,-1.30644786,1.35075116,-0.20100905,-0.84082454,0.68533212,0.00000000,0.00000000
-2.45190787,-0.18418160,0.54268646,-0.75230712,-0.52039319,0.00000000,0.00000000,-1.39240146,1.25980604,-0.31424740,-0.87018961,0.69196898,0.00000000,0.00000000
-2.40605903,-0.18135099,0.66301578,-0.81409729,-0.52937561,0.00000000,0.00000000,-1.47815871,1.15675139,-0.40167791,-0.90830386,0.69917613,0.00000000,0.00000000
-2.35853124,-0.19519681,0.77305573,-0.89438707,-0.52747297,0.00000000,0.00000000,-1.55744660,1.04959571,-0.46021822,-0.94835448,0.70141828,0.00000000,0.00000000
-2.31178045,-0.22904065,0.86509627,-0.98469764,-0.53555763,0.00000000,0.00000000,-1.62404072,0.94534326,-0.49037021,-0.98622108,0.70385253,0.00000000,0.00000000
-2.26510024,-0.27468154,0.93874502,-1.07374549,-0.54924452,0.00000000,0.00000000,-1.67454612,0.84742928,-0.49623251,-1.02249944,0.70112622,0.00000000,0.00000000
-2.21727872,-0.32434437,0.99911952,-1.15870571,-0.57466567,0.00000000,0.00000000,-1.71106517,0.75124013,-0.48653266,-1.06366014,0.70373565,0.00000000,0.00000000
-2.17023993,-0.37843347,1.04684341,-1.24075520,-0.59233838,0.00000000,0.00000000,-1.73913920,0.65644258,-0.47026959,-1.11146593,0.70024067,0.00000000,0.00000000
-2.12488699,-0.43582609,1.08263481,-1.32104802,-0.61934286,0.00000000,0.00000000,-1.76499999,0.57484627,-0.45549223,-1.16040015,0.69908834,0.00000000,0.00000000
-2.08257055,-0.49430349,1.10274482,-1.39963281,-0.66940594,0.00000000,0.00000000,-1.78568614,0.50890893,-0.44140074,-1.21206594,0.70677948,0.00000000,0.00000000
-2.04929185,-0.55504471,1.10150397,-1.48074520,-0.70421571,0.00000000,0.00000000,-1.79517817,0.46018645,-0.42437112,-1.26983380,0.70558804,0.00000000,0.00000000
-2.03048277,-0.61567718,1.07570231,-1.56195641,-0.74250507,0.00000000,0.00000000,-1.79040062,0.43060926,-0.40264255,-1.33501756,0.70065343,0.00000000,0.00000000
-2.02596116,-0.66864723,1.02834570,-1.63383973,-0.78437662,0.00000000,0.00000000,-1.77288032,0.42209688,-0.37750766,-1.40548396,0.69348627,0.00000000,0.00000000
-2.03225970,-0.70974439,0.96696812,-1.69065881,-0.82174999,0.00000000,0.00000000,-1.74734998,0.43230247,-0.35166833,-1.47735500,0.68326360,0.00000000,0.00000000
-2.05056643,-0.74139541,0.89333969,-1.73392904,-0.85587800,0.00000000,0.00000000,-1.71196580,0.45474401,-0.32124615,-1.54535282,0.66086012,0.00000000,0.00000000
-2.07736921,-0.76205081,0.81224966,-1.76585174,-0.88819551,0.00000000,0.00000000,-1.66442597,0.48832065,-0.28196910,-1.60520041,0.64320725,0.00000000,0.00000000
-2.10882831,-0.77097142,0.72798181,-1.78877735,-0.91823435,0.00000000,0.00000000,-1.60552168,0.53197008,-0.23275219,-1.65576696,0.63519740,0.00000000,0.00000000
-2.14334679,-0.77064711,0.64229041,-1.80612946,-0.93875456,0.00000000,0.00000000,-1.53830683,0.58248419,-0.17546919,-1.69840562,0.61505836,0.00000000,0.00000000
-2.18022943,-0.76314414,0.55598205,-1.81987512,-0.97934067,0.00000000,0.00000000,-1.46618867,0.63783145,-0.11325826,-1.73376441,0.60081285,0.00000000,0.00000000
-2.21960258,-0.74880564,0.46909216,-1.83005631,-1.00815094,0.00000000,0.00000000,-1.39283705,0.69798648,-0.05008244,-1.76108611,0.60305130,0.00000000,0.00000000
-2.26138520,-0.72763634,0.38197216,-1.83740246,-1.03269732,0.00000000,0.00000000,-1.32048082,0.76367718,0.01120786,-1.77930462,0.60264796,0.00000000,0.00000000
-2.30215621,-0.69884777,0.29848477,-1.84409726,-1.04448795,0.00000000,0.00000000,-1.25027919,0.83549470,0.06874102,-1.78798270,0.59077698,0.00000000,0.00000000
-2.33991838,-0.65987074,0.22105642,-1.84884000,-1.05017650,0.00000000,0.00000000,-1.18197966,0.91430789,0.12210455,-1.78739965,0.58075988,0.00000000,0.00000000
-2.37500429,-0.60780841,0.14970638,-1.84586465,-1.06077850,0.00000000,0.00000000,-1.11555624,0.99998879,0.17105231,-1.77799344,0.57170784,0.00000000,0.00000000
-2.40555549,-0.54516083,0.08696112,-1.83407557,-1.05285895,0.00000000,0.00000000,-1.05271935,1.08927989,0.21428162,-1.75913393,0.56247097,0.00000000,0.00000000
-2.42935157,-0.47516766,0.03593095,-1.81537831,-1.05611563,0.00000000,0.00000000,-0.99655163,1.17807817,0.24957682,-1.73016191,0.55737507,0.00000000,0.00000000
-2.44617105,-0.39938936,-0.00232516,-1.79072416,-1.05395055,0.00000000,0.00000000,-0.95008302,1.26305974,0.27482712,-1.69138014,0.56121188,0.00000000,0.00000000
-2.45719433,-0.31912741,-0.02844963,-1.76033151,-1.05390263,0.00000000,0.00000000,-0.91593832,1.34172308,0.28831649,-1.64371705,0.56788117,0.00000000,0.00000000
-2.46266174,-0.23546016,-0.04255941,-1.72407460,-1.04361224,0.00000000,0.00000000,-0.89667773,1.41229880,0.28824371,-1.58841777,0.57385713,0.00000000,0.00000000
-2.46222234,-0.15081578,-0.04498845,-1.68279135,-1.02407026,0.00000000,0.00000000,-0.89422697,1.47348785,0.27307034,-1.52715588,0.57088774,0.00000000,0.00000000
-2.45584512,-0.06800889,-0.03675755,-1.63723743,-0.99382645,0.00000000,0.00000000,-0.90957189,1.52428067,0.24140882,-1.46214306,0.55977678,0.00000000,0.00000000
-2.44440365,0.01025907,-0.01965596,-1.58806956,-0.95920247,0.00000000,0.00000000,-0.94276232,1.56310749,0.19214062,-1.39629304,0.54508376,0.00000000,0.00000000
-2.42965102,0.08007765,0.00376924,-1.53784001,-0.93244165,0.00000000,0.00000000,-0.99286735,1.58729064,0.12518038,-1.33306861,0.53821582,0.00000000,0.00000000
-2.41396594,0.13766871,0.03083929,-1.48989439,-0.90244365,0.00000000,0.00000000,-1.05808628,1.59341335,0.04263548,-1.27590919,0.52667952,0.00000000,0.00000000
-2.40014982,0.18195656,0.06020994,-1.44542480,-0.87376988,0.00000000,0.00000000,-1.13607728,1.57790160,-0.05068138,-1.22780895,0.49690756,0.00000000,0.00000000
-2.39066839,0.21509655,0.09284027,-1.40296686,-0.84690130,0.00000000,0.00000000,-1.22411358,1.53803086,-0.14783700,-1.19084513,0.47036272,0.00000000,0.00000000
-2.38702202,0.24040665,0.12907290,-1.36086142,-0.82900232,0.00000000,0.00000000,-1.31893158,1.47343957,-0.23973995,-1.16510153,0.45388272,0.00000000,0.00000000
-2.38985538,0.26077932,0.16787839,-1.31881571,-0.81586081,0.00000000,0.00000000,-1.41640449,1.38685775,-0.31605473,-1.14841461,0.43926591,0.00000000,0.00000000
-2.39933872,0.27835530,0.20824608,-1.27750015,-0.79205978,0.00000000,0.00000000,-1.51134038,1.28415871,-0.36813805,-1.13699079,0.42050168,0.00000000,0.00000000
-2.41539717,0.29324400,0.24937826,-1.23843753,-0.77465069,0.00000000,0.00000000,-1.59781349,1.17339885,-0.39144677,-1.12631631,0.39909029,0.00000000,0.00000000
-2.43754768,0.30703211,0.29193929,-1.20238030,-0.74793786,0.00000000,0.00000000,-1.67001402,1.06231976,-0.38594195,-1.11255503,0.37417537,0.00000000,0.00000000
-2.46338296,0.32665479,0.33735746,-1.16681504,-0.72187698,0.00000000,0.00000000,-1.72433138,0.95487618,-0.35642654,-1.09639657,0.33712414,0.00000000,0.00000000
-2.48991752,0.34852472,0.38284242,-1.13255537,-0.69921255,0.00000000,0.00000000,-1.76171017,0.85416764,-0.31175709,-1.08127975,0.29492903,0.00000000,0.00000000
-2.51631308,0.37030154,0.42988166,-1.09981632,-0.68306065,0.00000000,0.00000000,-1.78401375,0.76178962,-0.25876269,-1.06879914,0.25873336,0.00000000,0.00000000
-2.54178095,0.39228421,0.48045066,-1.06739700,-0.69010967,0.00000000,0.00000000,-1.79250860,0.67679560,-0.20146915,-1.05923259,0.24171939,0.00000000,0.00000000
-2.56590629,0.41282707,0.53474271,-1.03506887,-0.70673168,0.00000000,0.00000000,-1.78878343,0.59634131,-0.14301701,-1.05286539,0.22918372,0.00000000,0.00000000
-2.59032631,0.43282276,0.59499472,-1.00331700,-0.72007263,0.00000000,0.00000000,-1.77520502,0.51666301,-0.08647530,-1.04949152,0.21573463,0.00000000,0.00000000
-2.61771560,0.45387176,0.66353399,-0.97514445,-0.73399365,0.00000000,0.00000000,-1.75424755,0.43648231,-0.03459118,-1.04749715,0.20290467,0.00000000,0.00000000
-2.64802074,0.47509465,0.73875374,-0.95686388,-0.74555123,0.00000000,0.00000000,-1.72663713,0.35704318,0.01145656,-1.04503453,0.19685562,0.00000000,0.00000000
-2.67839003,0.49149752,0.81516594,-0.95276326,-0.76203978,0.00000000,0.00000000,-1.69207990,0.28004420,0.05139032,-1.04085135,0.18579943,0.00000000,0.00000000
-2.70833778,0.49789414,0.88889778,-0.96549821,-0.77697605,0.00000000,0.00000000,-1.65052152,0.20689268,0.08493319,-1.03413951,0.17717534,0.00000000,0.00000000
-2.73901629,0.49021548,0.95736837,-0.99613273,-0.78992045,0.00000000,0.00000000,-1.60366523,0.13755816,0.11082674,-1.02523255,0.17054868,0.00000000,0.00000000
-2.77228713,0.46329340,1.01697433,-1.04478240,-0.81311685,0.00000000,0.00000000,-1.55393386,0.07145721,0.12763889,-1.01598763,0.16683747,0.00000000,0.00000000
-2.80430388,0.41447213,1.06237054,-1.10616112,-0.83761114,0.00000000,0.00000000,-1.50513983,0.00790385,0.13357837,-1.01333714,0.16277003,0.00000000,0.00000000
-2.82623410,0.34651601,1.08953071,-1.17160416,-0.86284924,0.00000000,0.00000000,-1.45793414,-0.05323112,0.12929167,-1.02954865,0.15811972,0.00000000,0.00000000
-2.83323860,0.26046413,1.09475398,-1.23807061,-0.89410198,0.00000000,0.00000000,-1.40844810,-0.10673593,0.11858951,-1.06956315,0.16447626,0.00000000,0.00000000
-2.82415819,0.15761419,1.07585526,-1.30581820,-0.92505264,0.00000000,0.00000000,-1.35484862,-0.14438148,0.10393777,-1.13076293,0.17895897,0.00000000,0.00000000
-2.79883695,0.04216141,1.03360283,-1.37467170,-0.94763035,0.00000000,0.00000000,-1.29633439,-0.15932278,0.08626045,-1.20957983,0.19967100,0.00000000,0.00000000
-2.75737071,-0.07991163,0.97084004,-1.44317651,-0.97431785,0.00000000,0.00000000,-1.23172092,-0.14679813,0.06554416,-1.30311966,0.21091132,0.00000000,0.00000000
-2.70053172,-0.20223624,0.89137572,-1.50861418,-0.98429829,0.00000000,0.00000000,-1.16021490,-0.10422202,0.04043572,-1.40890396,0.21187437,0.00000000,0.00000000
-2.63046956,-0.31962007,0.79885751,-1.56794047,-0.98829514,0.00000000,0.00000000,-1.08199692,-0.03048050,0.00863792,-1.52409840,0.20312396,0.00000000,0.00000000
-2.54972219,-0.42906702,0.69757140,-1.61958957,-0.99514323,0.00000000,0.00000000,-0.99610430,0.07193915,-0.03063433,-1.64635015,0.20280100,0.00000000,0.00000000
-2.46044993,-0.53170544,0.59220153,-1.66355109,-0.99703729,0.00000000,0.00000000,-0.90794444,0.19565633,-0.08264459,-1.76987290,0.21064134,0.00000000,0.00000000
-2.36429620,-0.63062763,0.48647448,-1.69916320,-0.99624270,0.00000000,0.00000000,-0.82417172,0.33546698,-0.15263675,-1.88219643,0.20462593,0.00000000,0.00000000
-2.26324081,-0.72647887,0.38166389,-1.72421157,-0.98638070,0.00000000,0.00000000,-0.74427509,0.48476556,-0.23821831,-1.98218477,0.20885365,0.00000000,0.00000000
-2.15896893,-0.81920534,0.27833945,-1.73776090,-0.97881687,0.00000000,0.00000000,-0.66847312,0.64081573,-0.33716550,-2.06714129,0.21456462,0.00000000,0.00000000
-2.05263686,-0.91007566,0.17711723,-1.74137914,-0.97428674,0.00000000,0.00000000,-0.59669542,0.80126023,-0.44633064,-2.13235188,0.22298533,0.00000000,0.00000000
-1.94328284,-0.99851733,0.08030505,-1.73726213,-0.95747632,0.00000000,0.00000000,-0.52862465,0.96330947,-0.56178921,-2.17609286,0.23388352,0.00000000,0.00000000
-1.82994092,-1.08153200,-0.01003953,-1.72614813,-0.94702232,0.00000000,0.00000000,-0.46600044,1.12513065,-0.68128908,-2.19947910,0.25353760,0.00000000,0.00000000
-1.71334577,-1.15763462,-0.09366970,-1.70713389,-0.93398607,0.00000000,0.00000000,-0.41100758,1.28365290,-0.80341637,-2.20631409,0.27646801,0.00000000,0.00000000
-1.59442091,-1.22684193,-0.17070974,-1.67742467,-0.92571962,0.00000000,0.00000000,-0.36543548,1.43479502,-0.92665380,-2.20145345,0.29136536,0.00000000,0.00000000
-1.47410929,-1.28669262,-0.24138564,-1.63290620,-0.91971123,0.00000000,0.00000000,-0.32839528,1.57680678,-1.04473042,-2.18034339,0.30671212,0.00000000,0.00000000
-1.35700095,-1.33889782,-0.30873770,-1.57426023,-0.91051412,0.00000000,0.00000000,-0.29888737,1.70685899,-1.15306151,-2.13900423,0.31432348,0.00000000,0.00000000
-1.24619257,-1.38548100,-0.37437114,-1.50408494,-0.90588969,0.00000000,0.00000000,-0.27605578,1.82213938,-1.24931371,-2.07825089,0.32401043,0.00000000,0.00000000
-1.14251220,-1.42731476,-0.43796787,-1.42453408,-0.90006858,0.00000000,0.00000000,-0.25910178,1.92121077,-1.33232546,-2.00111461,0.33624268,0.00000000,0.00000000
-1.04549599,-1.46542656,-0.49809545,-1.33778536,-0.89586914,0.00000000,0.00000000,-0.24649093,2.00358009,-1.40099263,-1.91101217,0.35349277,0.00000000,0.00000000
-0.95529139,-1.50090587,-0.55377716,-1.24610603,-0.89032781,0.00000000,0.00000000,-0.23689654,2.06948972,-1.45449924,-1.81009173,0.36321482,0.00000000,0.00000000
-0.87252551,-1.53546727,-0.60441208,-1.15200078,-0.88057119,0.00000000,0.00000000,-0.22933044,2.11910343,-1.49280500,-1.69934571,0.36430183,0.00000000,0.00000000
-0.79668272,-1.57258320,-0.64858466,-1.05835843,-0.86877710,0.00000000,0.00000000,-0.22250347,2.15148306,-1.51651633,-1.57936990,0.37445909,0.00000000,0.00000000
-0.72799921,-1.61637700,-0.68556088,-0.96783125,-0.86353850,0.00000000,0.00000000,-0.21495789,2.16643810,-1.52622819,-1.45035577,0.38672227,0.00000000,0.00000000
-0.66719621,-1.66836309,-0.71593058,-0.88093269,-0.85605562,0.00000000,0.00000000,-0.20399560,2.16980147,-1.52073574,-1.31333351,0.39636162,0.00000000,0.00000000
-0.61171746,-1.72323287,-0.74093837,-0.79399019,-0.84049225,0.00000000,0.00000000,-0.18614535,2.17000008,-1.49654317,-1.17045796,0.40629688,0.00000000,0.00000000
-0.55489564,-1.77395320,-0.76083261,-0.70456690,-0.83315426,0.00000000,0.00000000,-0.15979993,2.17000008,-1.44966769,-1.02389598,0.41115105,0.00000000,0.00000000
-0.49366790,-1.82147658,-0.77522123,-0.61692971,-0.82662719,0.00000000,0.00000000,-0.12573570,2.17000008,-1.37838304,-0.87559968,0.41041747,0.00000000,0.00000000
-0.42806950,-1.86941516,-0.78402472,-0.53593022,-0.82553524,0.00000000,0.00000000,-0.08597834,2.17000008,-1.28384352,-0.72749782,0.39936346,0.00000000,0.00000000
-0.35927045,-1.91912746,-0.78786290,-0.46347281,-0.82368827,0.00000000,0.00000000,-0.04269874,2.17000008,-1.16917014,-0.58171690,0.38546029,0.00000000,0.00000000
-0.28851604,-1.96881223,-0.78791064,-0.39907870,-0.83493906,0.00000000,0.00000000,0.00193447,2.17000008,-1.03848386,-0.44081354,0.36940041,0.00000000,0.00000000
-0.21778826,-2.01546478,-0.78560841,-0.34221634,-0.85758853,0.00000000,0.00000000,0.04549472,2.17000008,-0.89631790,-0.30771938,0.35344183,0.00000000,0.00000000
-0.14918926,-2.05641270,-0.78224337,-0.29289496,-0.87566048,0.00000000,0.00000000,0.08533526,2.17000008,-0.74720627,-0.18565692,0.34637424,0.00000000,0.00000000
-0.08397942,-2.09039640,-0.77865052,-0.25158367,-0.89885181,0.00000000,0.00000000,0.11884775,2.17000008,-0.59533274,-0.07804366,0.33502799,0.00000000,0.00000000
-0.02259513,-2.11747551,-0.77527434,-0.21905547,-0.92212409,0.00000000,0.00000000,0.14365372,2.16967535,-0.44420829,0.01172450,0.32284686,0.00000000,0.00000000
0.03481041,-2.13807392,-0.77239668,-0.19606203,-0.93667012,0.00000000,0.00000000,0.15731724,2.16454148,-0.29646516,0.08062357,0.31698677,0.00000000,0.00000000
0.08672161,-2.15388823,-0.77022731,-0.18420427,-0.96296281,0.00000000,0.00000000,0.15724263,2.14594126,-0.15363239,0.13242070,0.31383881,0.00000000,0.00000000
0.12785289,-2.16576862,-0.76924545,-0.18608725,-0.99443209,0.00000000,0.00000000,0.14556408,2.11611509,-0.01588883,0.18210521,0.31729808,0.00000000,0.00000000
0.15856580,-2.16966152,-0.77019668,-0.19696261,-1.01680696,0.00000000,0.00000000,0.12650582,2.07882261,0.11709680,0.23683755,0.31767908,0.00000000,0.00000000
0.18303759,-2.16999388,-0.77372098,-0.20794442,-1.03604376,0.00000000,0.00000000,0.10073215,2.03653097,0.24544023,0.29935703,0.31785703,0.00000000,0.00000000
0.19459593,-2.17000008,-0.78051448,-0.21956624,-1.05673134,0.00000000,0.00000000,0.06628896,1.99131083,0.36890757,0.37211144,0.30634579,0.00000000,0.00000000
0.19358702,-2.17000008,-0.79026473,-0.23173007,-1.07386303,0.00000000,0.00000000,0.01991691,1.94303560,0.48699063,0.45598182,0.29715204,0.00000000,0.00000000
0.18229334,-2.17000008,-0.80203658,-0.24514668,-1.08498478,0.00000000,0.00000000,-0.04084707,1.89025402,0.59931815,0.55116177,0.29194570,0.00000000,0.00000000
0.16167764,-2.17000008,-0.81465650,-0.26147854,-1.09548986,0.00000000,0.00000000,-0.11798782,1.82979274,0.70585358,0.65705675,0.29923517,0.00000000,0.00000000
0.13440059,-2.17000008,-0.82692748,-0.28065124,-1.10478640,0.00000000,0.00000000,-0.21410884,1.75562584,0.80715126,0.77132684,0.31700605,0.00000000,0.00000000
0.10445499,-2.17000008,-0.83791894,-0.30079645,-1.09078610,0.00000000,0.00000000,-0.33279160,1.65772951,0.90504831,0.88843709,0.33214206,0.00000000,0.00000000
0.07514435,-2.17000008,-0.84707040,-0.31948680,-1.06519938,0.00000000,0.00000000,-0.47779253,1.52384305,1.00291359,0.99910527,0.35289931,0.00000000,0.00000000
0.04839399,-2.16997385,-0.85389972,-0.33490911,-1.04054952,0.00000000,0.00000000,-0.65096372,1.34618855,1.10389853,1.09288883,0.36668223,0.00000000,0.00000000
0.02466464,-2.16957092,-0.85785997,-0.34601441,-1.01333570,0.00000000,0.00000000,-0.84991407,1.12606752,1.20882058,1.16176140,0.37903616,0.00000000,0.00000000
0.00266742,-2.16822577,-0.85850257,-0.35280722,-0.98225164,0.00000000,0.00000000,-1.06736445,0.87229061,1.31581509,1.20089233,0.38803545,0.00000000,0.00000000
-0.02031445,-2.16652036,-0.85575485,-0.35609838,-0.96098864,0.00000000,0.00000000,-1.29221499,0.59808028,1.42091477,1.20800674,0.39355195,0.00000000,0.00000000
-0.04713770,-2.16506124,-0.84991693,-0.35655609,-0.93476719,0.00000000,0.00000000,-1.51144183,0.31874597,1.51888895,1.18305063,0.39210293,0.00000000,0.00000000
-0.07945473,-2.16408205,-0.84130061,-0.35430381,-0.89447558,0.00000000,0.00000000,-1.71240544,0.04980704,1.60421336,1.12804937,0.38231453,0.00000000,0.00000000
-0.11756347,-2.16420865,-0.83005565,-0.34921673,-0.86688215,0.00000000,0.00000000,-1.88486147,-0.19500490,1.67223859,1.04678667,0.38595563,0.00000000,0.00000000
-0.16017947,-2.16585803,-0.81625557,-0.34081987,-0.83142644,0.00000000,0.00000000,-2.02239299,-0.40526164,1.72004735,0.94429392,0.38572076,0.00000000,0.00000000
-0.20443188,-2.16794825,-0.80006444,-0.32797548,-0.79865569,0.00000000,0.00000000,-2.12319779,-0.57432032,1.74671412,0.82646179,0.39673430,0.00000000,0.00000000
-0.24552262,-2.16552830,-0.78195310,-0.30840105,-0.76952779,0.00000000,0.00000000,-2.19119549,-0.69999713,1.75355697,0.70092779,0.40547109,0.00000000,0.00000000
-0.28082016,-2.15479636,-0.76248741,-0.28309423,-0.74156439,0.00000000,0.00000000,-2.23881936,-0.78783762,1.74499834,0.57913435,0.41291288,0.00000000,0.00000000
-0.31434193,-2.14518738,-0.74146563,-0.26104876,-0.70669091,0.00000000,0.00000000,-2.28119755,-0.84977925,1.72733152,0.47166911,0.41210634,0.00000000,0.00000000
-0.34788555,-2.13954759,-0.71926874,-0.24508479,-0.65941656,0.00000000,0.00000000,-2.32190418,-0.89239836,1.70458102,0.38123178,0.40170661,0.00000000,0.00000000
-0.37901905,-2.13589382,-0.69629157,-0.23312634,-0.62067980,0.00000000,0.00000000,-2.35868216,-0.91789168,1.67900848,0.30664909,0.39289325,0.00000000,0.00000000
-0.40577224,-2.13419533,-0.67270780,-0.22396086,-0.59192169,0.00000000,0.00000000,-2.39126205,-0.92931139,1.65258920,0.24710184,0.37287220,0.00000000,0.00000000
-0.42735565,-2.13510418,-0.64868212,-0.21710269,-0.55335176,0.00000000,0.00000000,-2.42029285,-0.93000394,1.62689734,0.20180608,0.36962172,0.00000000,0.00000000
-0.44397363,-2.13875127,-0.62445164,-0.21228096,-0.51180166,0.00000000,0.00000000,-2.44605136,-0.92293847,1.60306311,0.16954310,0.36484936,0.00000000,0.00000000
-0.45618147,-2.14452791,-0.60027784,-0.20912074,-0.47332269,0.00000000,0.00000000,-2.46829271,-0.91034412,1.58184421,0.14863089,0.35374069,0.00000000,0.00000000
-0.46456367,-2.15138626,-0.57639897,-0.20707574,-0.43709612,0.00000000,0.00000000,-2.48654532,-0.89398301,1.56374145,0.13717158,0.35040402,0.00000000,0.00000000
-0.46970299,-2.15819812,-0.55301499,-0.20558915,-0.40694243,0.00000000,0.00000000,-2.50055099,-0.87535286,1.54908192,0.13340765,0.35305235,0.00000000,0.00000000
-0.47233549,-2.16400480,-0.53028917,-0.20426844,-0.38579407,0.00000000,0.00000000,-2.51002955,-0.85565823,1.53806055,0.13575973,0.34616899,0.00000000,0.00000000
-0.47365960,-2.16789293,-0.50839853,-0.20292109,-0.34580183,0.00000000,0.00000000,-2.51437664,-0.83567184,1.53076100,0.14279145,0.32060561,0.00000000,0.00000000
-0.47492331,-2.16961050,-0.48751208,-0.20159084,-0.31265956,0.00000000,0.00000000,-2.51327658,-0.81608886,1.52721608,0.15353592,0.29907793,0.00000000,0.00000000
-0.47754237,-2.16997886,-0.46782190,-0.20034987,-0.27744508,0.00000000,0.00000000,-2.50654864,-0.79742515,1.52740967,0.16741465,0.27266213,0.00000000,0.00000000
-0.48289275,-2.17000008,-0.44952381,-0.19919515,-0.23474020,0.00000000,0.00000000,-2.49398375,-0.77981025,1.53125715,0.18414699,0.24388002,0.00000000,0.00000000
-0.49199477,-2.17000008,-0.43277913,-0.19813302,-0.20287392,0.00000000,0.00000000,-2.47553825,-0.76294738,1.53860092,0.20383820,0.21180323,0.00000000,0.00000000
-0.50529039,-2.17000008,-0.41767538,-0.19732723,-0.17568009,0.00000000,0.00000000,-2.45148230,-0.74622071,1.54920995,0.22702655,0.19510505,0.00000000,0.00000000
-0.52257353,-2.16998649,-0.40420112,-0.19715364,-0.15624994,0.00000000,0.00000000,-2.42236900,-0.72881776,1.56277740,0.25462994,0.18413353,0.00000000,0.00000000
-0.54280192,-2.16976714,-0.39224020,-0.19789514,-0.13964391,0.00000000,0.00000000,-2.38899136,-0.70949399,1.57886708,0.28786534,0.17352626,0.00000000,0.00000000
-0.56420326,-2.16891623,-0.38159376,-0.19958751,-0.12255150,0.00000000,0.00000000,-2.35225201,-0.68647438,1.59684992,0.32816333,0.16582066,0.00000000,0.00000000
-0.58465773,-2.16753507,-0.37200493,-0.20210819,-0.11736074,0.00000000,0.00000000,-2.31247592,-0.65738750,1.61582541,0.37672359,0.14270343,0.00000000,0.00000000
-0.60242581,-2.16632152,-0.36322087,-0.20541453,-0.11831415,0.00000000,0.00000000,-2.26872563,-0.61917388,1.63454568,0.43396449,0.12902594,0.00000000,0.00000000
-0.61665553,-2.16602302,-0.35505882,-0.20971128,-0.11995396,0.00000000,0.00000000,-2.21878695,-0.56825030,1.65143704,0.49955139,0.12491748,0.00000000,0.00000000
-0.62673742,-2.16694736,-0.34736791,-0.21525386,-0.11223422,0.00000000,0.00000000,-2.15953112,-0.50084168,1.66471732,0.57278824,0.09952158,0.00000000,0.00000000
-0.63160700,-2.16853333,-0.33998364,-0.22204196,-0.11284702,0.00000000,0.00000000,-2.08737421,-0.41287479,1.67240202,0.65270585,0.06812845,0.00000000,0.00000000
-0.63011676,-2.16967106,-0.33277419,-0.22982870,-0.10472190,0.00000000,0.00000000,-1.99819541,-0.29948908,1.67208052,0.73734355,0.06524992,0.00000000,0.00000000
-0.62159938,-2.16998100,-0.32569209,-0.23821306,-0.11458870,0.00000000,0.00000000,-1.88754451,-0.15559764,1.66095686,0.82289577,0.06920224,0.00000000,0.00000000
-0.60540867,-2.17000008,-0.31873164,-0.24643919,-0.12604088,0.00000000,0.00000000,-1.75209081,0.02221874,1.63649666,0.90361398,0.06565251,0.00000000,0.00000000
-0.58078450,-2.17000008,-0.31192091,-0.25331762,-0.13565284,0.00000000,0.00000000,-1.59160638,0.23342755,1.59752405,0.97257024,0.06627814,0.00000000,0.00000000
-0.54789883,-2.17000008,-0.30542809,-0.25757986,-0.14406835,0.00000000,0.00000000,-1.41026998,0.47192815,1.54525506,1.02292466,0.07835858,0.00000000,0.00000000
-0.50832182,-2.17000008,-0.29959533,-0.25822610,-0.14201222,0.00000000,0.00000000,-1.21668768,0.72616309,1.48351812,1.04927886,0.09135605,0.00000000,0.00000000
-0.46442986,-2.17000008,-0.29484710,-0.25464758,-0.13668726,0.00000000,0.00000000,-1.02239943,0.98116726,1.41793454,1.04884696,0.09631931,0.00000000,0.00000000
-0.41834271,-2.17000008,-0.29152605,-0.24669628,-0.12198488,0.00000000,0.00000000,-0.83920360,1.22184157,1.35440004,1.02197373,0.09898012,0.00000000,0.00000000
-0.37139741,-2.17000008,-0.28980777,-0.23482245,-0.10768539,0.00000000,0.00000000,-0.67635548,1.43608081,1.29763591,0.97186232,0.09392034,0.00000000,0.00000000
-0.32457566,-2.17000008,-0.28976461,-0.22013544,-0.09514825,0.00000000,0.00000000,-0.53880411,1.61668515,1.25037003,0.90378237,0.09606591,0.00000000,0.00000000
-0.27875319,-2.17000008,-0.29142073,-0.20415482,-0.08989402,0.00000000,0.00000000,-0.42712182,1.76183796,1.21320891,0.82401031,0.09702069,0.00000000,0.00000000
-0.23467460,-2.17000008,-0.29478353,-0.18835257,-0.08806927,0.00000000,0.00000000,-0.33883584,1.87416732,1.18509007,0.73870569,0.09002064,0.00000000,0.00000000
-0.19305176,-2.17000008,-0.29988790,-0.17381518,-0.08251148,0.00000000,0.00000000,-0.27003318,1.95880520,1.16414261,0.65310097,0.08917720,0.00000000,0.00000000
-0.15451582,-2.17000008,-0.30679047,-0.16121152,-0.06968691,0.00000000,0.00000000,-0.21644437,2.02157593,1.14846539,0.57127076,0.09301639,0.00000000,0.00000000
-0.11949842,-2.17000008,-0.31554806,-0.15077230,-0.04346563,0.00000000,0.00000000,-0.17408910,2.06783128,1.13654637,0.49612188,0.10178518,0.00000000,0.00000000
-0.08829176,-2.16989970,-0.32621473,-0.14239065,-0.02643760,0.00000000,0.00000000,-0.13963033,2.10194540,1.12734902,0.42946932,0.08747830,0.00000000,0.00000000
-0.06115310,-2.16825366,-0.33884478,-0.13601817,0.00310615,0.00000000,0.00000000,-0.11052799,2.12715006,1.12024271,0.37229532,0.07563295,0.00000000,0.00000000
-0.03849621,-2.16152310,-0.35348621,-0.13190879,0.02739730,0.00000000,0.00000000,-0.08503228,2.14556789,1.11487913,0.32497531,0.07138156,0.00000000,0.00000000
-0.02145931,-2.14842677,-0.37020200,-0.13056207,0.03270899,0.00000000,0.00000000,-0.06175265,2.15836525,1.11110842,0.28753057,0.05454987,0.00000000,0.00000000
-0.01178432,-2.13029242,-0.38901299,-0.13273329,0.03218657,0.00000000,0.00000000,-0.03972553,2.16604185,1.10887027,0.25958407,0.03323142,0.00000000,0.00000000
-0.01177352,-2.11099148,-0.40981665,-0.14016177,0.02825806,0.00000000,0.00000000,-0.01845224,2.16919589,1.10811913,0.24033701,0.01464940,0.00000000,0.00000000
-0.02231902,-2.09241748,-0.43235829,-0.15266360,0.03394159,0.00000000,0.00000000,0.00249850,2.16890550,1.10878396,0.22885050,-0.01242521,0.00000000,0.00000000
-0.03963644,-2.06960034,-0.45617154,-0.16448218,0.03013608,0.00000000,0.00000000,0.02353313,2.16576385,1.11069191,0.22437060,-0.03567794,0.00000000,0.00000000
-0.06175708,-2.04449821,-0.48071232,-0.17440045,0.02819109,0.00000000,0.00000000,0.04479146,2.16111732,1.11361098,0.22617760,-0.05890156,0.00000000,0.00000000
-0.08756430,-2.01934409,-0.50557387,-0.18256278,0.03295771,0.00000000,0.00000000,0.06594092,2.15565896,1.11739802,0.23316222,-0.08086186,0.00000000,0.00000000
-0.11563810,-1.99480927,-0.53043282,-0.18911371,0.05293902,0.00000000,0.00000000,0.08662327,2.14966464,1.12194479,0.24423419,-0.10685001,0.00000000,0.00000000
-0.14444885,-1.97191286,-0.55496842,-0.19490580,0.07827576,0.00000000,0.00000000,0.10653538,2.14329815,1.12713957,0.25843900,-0.12880534,0.00000000,0.00000000
-0.17245965,-1.95174313,-0.57887512,-0.20089313,0.10758126,0.00000000,0.00000000,0.12502307,2.13613439,1.13291597,0.27467278,-0.15369493,0.00000000,0.00000000
-0.19856186,-1.93462491,-0.60193706,-0.20756173,0.12543349,0.00000000,0.00000000,0.14144544,2.12777805,1.13919830,0.29199976,-0.17376536,0.00000000,0.00000000
-0.22052498,-1.92161572,-0.62375832,-0.21492605,0.14455724,0.00000000,0.00000000,0.15471782,2.11828756,1.14580846,0.30955353,-0.18839350,0.00000000,0.00000000
-0.23579709,-1.91299057,-0.64393312,-0.22185849,0.17407382,0.00000000,0.00000000,0.16359755,2.10775280,1.15254235,0.32659715,-0.19593048,0.00000000,0.00000000
-0.24286436,-1.90885568,-0.66217685,-0.22711200,0.20308717,0.00000000,0.00000000,0.16791978,2.09779930,1.15899062,0.34348819,-0.20084274,0.00000000,0.00000000
-0.24186042,-1.90989816,-0.67837286,-0.23038386,0.23515207,0.00000000,0.00000000,0.16865624,2.09187722,1.16445947,0.36141133,-0.20266819,0.00000000,0.00000000
-0.23415069,-1.91540349,-0.69270581,-0.23160145,0.27806911,0.00000000,0.00000000,0.16684835,2.09162879,1.16858351,0.38057968,-0.20700487,0.00000000,0.00000000
-0.22206840,-1.92142618,-0.70579517,-0.23016635,0.31644660,0.00000000,0.00000000,0.16322263,2.09502888,1.17173088,0.40004486,-0.20816465,0.00000000,0.00000000
-0.20817685,-1.92574620,-0.71819097,-0.22667563,0.36203814,0.00000000,0.00000000,0.15854380,2.09978747,1.17435265,0.41876718,-0.19791804,0.00000000,0.00000000
-0.19354756,-1.92845607,-0.73010552,-0.22193411,0.40436235,0.00000000,0.00000000,0.15245771,2.10497689,1.17649412,0.43527243,-0.18857516,0.00000000,0.00000000
-0.17784598,-1.93007278,-0.74156916,-0.21619084,0.43642250,0.00000000,0.00000000,0.14400819,2.11070704,1.17788959,0.44807523,-0.17910796,0.00000000,0.00000000
-0.16102283,-1.93156946,-0.75260609,-0.21023922,0.46414903,0.00000000,0.00000000,0.13320352,2.11700392,1.17831528,0.45645085,-0.17198649,0.00000000,0.00000000
-0.14435709,-1.93335593,-0.76340580,-0.20524037,0.48931417,0.00000000,0.00000000,0.12088384,2.12356758,1.17763960,0.46024364,-0.17397290,0.00000000,0.00000000
-0.12947787,-1.93550718,-0.77418923,-0.20223695,0.50890511,0.00000000,0.00000000,0.10865445,2.13050580,1.17577827,0.46019989,-0.17121093,0.00000000,0.00000000
-0.11691233,-1.93728149,-0.78511208,-0.20133987,0.52258158,0.00000000,0.00000000,0.09782959,2.13770771,1.17279851,0.45733768,-0.16946094,0.00000000,0.00000000
-0.10636381,-1.93783283,-0.79623848,-0.20225313,0.53183794,0.00000000,0.00000000,0.08888487,2.14468193,1.16887200,0.45233145,-0.16720279,0.00000000,0.00000000
-0.09744361,-1.93695998,-0.80754185,-0.20493777,0.54098725,0.00000000,0.00000000,0.08212809,2.15057397,1.16431308,0.44556400,-0.16059726,0.00000000,0.00000000
-0.08973398,-1.93519366,-0.81889540,-0.20965075,0.54624021,0.00000000,0.00000000,0.07768174,2.15505409,1.15931785,0.43729028,-0.15941113,0.00000000,0.00000000
-0.08293666,-1.93342173,-0.83011508,-0.21684401,0.54439044,0.00000000,0.00000000,0.07471903,2.15808463,1.15385604,0.42697272,-0.15902090,0.00000000,0.00000000
-0.07757252,-1.93236423,-0.84107077,-0.22724898,0.54026401,0.00000000,0.00000000,0.07278887,2.15900970,1.14801764,0.41390613,-0.15854995,0.00000000,0.00000000
-0.07421401,-1.93321955,-0.85155380,-0.24170889,0.53428453,0.00000000,0.00000000,0.07174323,2.15794349,1.14171124,0.39787894,-0.15582763,0.00000000,0.00000000
-0.07206473,-1.93638277,-0.86125481,-0.25977346,0.53486252,0.00000000,0.00000000,0.07152382,2.15589333,1.13466132,0.37939423,-0.14271532,0.00000000,0.00000000
-0.06878106,-1.94077790,-0.86980093,-0.27903917,0.54192531,0.00000000,0.00000000,0.07216550,2.15401578,1.12661350,0.35959297,-0.13003236,0.00000000,0.00000000
-0.06176110,-1.94645429,-0.87659270,-0.29679444,0.53892303,0.00000000,0.00000000,0.07440215,2.15433359,1.11728537,0.34091207,-0.13655412,0.00000000,0.00000000
-0.05036169,-1.95686865,-0.88078409,-0.31268513,0.52480018,0.00000000,0.00000000,0.07819365,2.15795398,1.10657871,0.32559037,-0.13382004,0.00000000,0.00000000
-0.03585627,-1.97341311,-0.88198960,-0.32725614,0.51750183,0.00000000,0.00000000,0.08119126,2.16265845,1.09478986,0.31276014,-0.13272068,0.00000000,0.00000000
-0.01926878,-1.99387610,-0.88028497,-0.33995357,0.51645917,0.00000000,0.00000000,0.08234449,2.16665745,1.08218503,0.30130094,-0.11223066,0.00000000,0.00000000
-0.00239256,-2.01643777,-0.87581211,-0.35066587,0.51787359,0.00000000,0.00000000,0.08208292,2.16922951,1.06896210,0.29074839,-0.08343799,0.00000000,0.00000000
0.01237630,-2.03953218,-0.86878741,-0.35948020,0.52952892,0.00000000,0.00000000,0.08126301,2.16995430,1.05552220,0.28033751,-0.04884768,0.00000000,0.00000000
0.02275988,-2.06198239,-0.85941643,-0.36663237,0.55508339,0.00000000,0.00000000,0.08080111,2.17000008,1.04234338,0.26902083,-0.02055155,0.00000000,0.00000000
0.02723557,-2.08285403,-0.84782332,-0.37244430,0.58080626,0.00000000,0.00000000,0.08137272,2.16997743,1.02969539,0.25593215,0.00501291,0.00000000,0.00000000
0.02547344,-2.10047722,-0.83414495,-0.37665161,0.61011398,0.00000000,0.00000000,0.08344746,2.16957355,1.01744866,0.24093767,0.03460881,0.00000000,0.00000000
0.01798724,-2.11285186,-0.81855226,-0.37870771,0.64327282,0.00000000,0.00000000,0.08632851,2.16756415,1.00512612,0.22419575,0.05861218,0.00000000,0.00000000
0.00544429,-2.11899972,-0.80123490,-0.37878934,0.67871857,0.00000000,0.00000000,0.08907625,2.16300654,0.99216998,0.20651011,0.08176195,0.00000000,0.00000000
-0.01062143,-2.11931062,-0.78232616,-0.37758633,0.70745480,0.00000000,0.00000000,0.09103708,2.15665746,0.97832197,0.18859822,0.09744214,0.00000000,0.00000000
-0.02851359,-2.11483407,-0.76207495,-0.37572408,0.74104059,0.00000000,0.00000000,0.09234573,2.14906430,0.96362972,0.17103715,0.11566830,0.00000000,0.00000000
-0.04728945,-2.10657907,-0.74093276,-0.37329540,0.76287889,0.00000000,0.00000000,0.09344842,2.14092350,0.94819343,0.15448155,0.13308096,0.00000000,0.00000000
-0.06646416,-2.09581971,-0.71930182,-0.36994794,0.78534889,0.00000000,0.00000000,0.09489521,2.13305545,0.93213630,0.13956824,0.14751698,0.00000000,0.00000000
-0.08558403,-2.08372068,-0.69742489,-0.36508802,0.81764585,0.00000000,0.00000000,0.09714051,2.12481093,0.91568226,0.12624733,0.16404501,0.00000000,0.00000000
-0.10403468,-2.07153678,-0.67536950,-0.35821542,0.85330552,0.00000000,0.00000000,0.09990016,2.11536121,0.89901376,0.11390828,0.17443591,0.00000000,0.00000000
-0.12146477,-2.06033063,-0.65317810,-0.34924051,0.88950324,0.00000000,0.00000000,0.10313646,2.10508752,0.88224369,0.10243544,0.18390125,0.00000000,0.00000000
-0.13732369,-2.05057907,-0.63088161,-0.33832064,0.92341518,0.00000000,0.00000000,0.10730554,2.09471369,0.86548078,0.09212353,0.17957835,0.00000000,0.00000000
-0.15148561,-2.04218316,-0.60860908,-0.32586813,0.94930989,0.00000000,0.00000000,0.11260051,2.08469486,0.84882832,0.08310362,0.17370248,0.00000000,0.00000000
-0.16439004,-2.03547335,-0.58653438,-0.31268984,0.96486747,0.00000000,0.00000000,0.11867949,2.07620502,0.83232981,0.07556210,0.15714401,0.00000000,0.00000000
-0.17648001,-2.03022742,-0.56489897,-0.29923862,0.97199899,0.00000000,0.00000000,0.12560324,2.06969261,0.81605792,0.06967174,0.13829862,0.00000000,0.00000000
-0.18767948,-2.02539349,-0.54392248,-0.28557077,0.97820908,0.00000000,0.00000000,0.13279986,2.06499457,0.80007106,0.06516219,0.12598810,0.00000000,0.00000000
-0.19798429,-2.01969719,-0.52380741,-0.27212071,0.98424673,0.00000000,0.00000000,0.13896278,2.06184340,0.78439254,0.06142933,0.09560770,0.00000000,0.00000000
-0.20856108,-2.01430893,-0.50467503,-0.26126596,0.98614484,0.00000000,0.00000000,0.14345835,2.06030846,0.76904279,0.05832704,0.06476483,0.00000000,0.00000000
-0.22034496,-2.01078653,-0.48653048,-0.25508207,0.98542744,0.00000000,0.00000000,0.14598057,2.06060863,0.75403666,0.05594008,0.03390449,0.00000000,0.00000000
-0.23315296,-2.00984859,-0.46924779,-0.25435683,0.98636097,0.00000000,0.00000000,0.14597221,2.06303024,0.73937225,0.05427912,0.00485810,0.00000000,0.00000000
-0.24567279,-2.01226687,-0.45250407,-0.25924322,0.99060106,0.00000000,0.00000000,0.14332694,2.06771445,0.72505587,0.05343390,-0.03491661,0.00000000,0.00000000
-0.25552806,-2.01773715,-0.43585816,-0.26872915,1.00809777,0.00000000,0.00000000,0.13856247,2.07415819,0.71111709,0.05345754,-0.07481464,0.00000000,0.00000000
-0.26067498,-2.02366567,-0.41907811,-0.28021961,1.02406180,0.00000000,0.00000000,0.13275018,2.08122206,0.69760412,0.05422757,-0.12497664,0.00000000,0.00000000
-0.26054874,-2.02743745,-0.40225315,-0.29109967,1.03942752,0.00000000,0.00000000,0.12745641,2.08818293,0.68456095,0.05584553,-0.17042668,0.00000000,0.00000000
-0.25620708,-2.02800250,-0.38579431,-0.29985735,1.04909408,0.00000000,0.00000000,0.12399431,2.09499025,0.67200041,0.05852715,-0.21732895,0.00000000,0.00000000
-0.24988753,-2.02609944,-0.37034431,-0.30627695,1.05685627,0.00000000,0.00000000,0.12262985,2.10159612,0.65989703,0.06207493,-0.26953867,0.00000000,0.00000000
-0.24309200,-2.02305532,-0.35642141,-0.31099233,1.06097460,0.00000000,0.00000000,0.12285789,2.10774255,0.64820194,0.06586595,-0.32057554,0.00000000,0.00000000
-0.23628002,-2.01906729,-0.34436131,-0.31447566,1.07258511,0.00000000,0.00000000,0.12395632,2.11305022,0.63686037,0.06916514,-0.38047740,0.00000000,0.00000000
-0.22991134,-2.01393199,-0.33444518,-0.31728673,1.08637202,0.00000000,0.00000000,0.12514821,2.11717343,0.62581670,0.07130191,-0.43093202,0.00000000,0.00000000
-0.22484683,-2.00747132,-0.32696757,-0.31992322,1.09823501,0.00000000,0.00000000,0.12577869,2.11999464,0.61501724,0.07186486,-0.47298154,0.00000000,0.00000000
-0.22203587,-2.00023007,-0.32213551,-0.32279372,1.11097395,0.00000000,0.00000000,0.12550798,2.12177110,0.60441190,0.07087287,-0.51985049,0.00000000,0.00000000
-0.22195116,-1.99313700,-0.31989846,-0.32597980,1.11936688,0.00000000,0.00000000,0.12416450,2.12280989,0.59395885,0.06854093,-0.54883146,0.00000000,0.00000000
-0.22462018,-1.98711896,-0.31986275,-0.32936364,1.13333857,0.00000000,0.00000000,0.12197590,2.12320542,0.58364278,0.06515784,-0.57023537,0.00000000,0.00000000
-0.22983861,-1.98266971,-0.32134908,-0.33247390,1.14717567,0.00000000,0.00000000,0.11940693,2.12294269,0.57346427,0.06105274,-0.58776826,0.00000000,0.00000000
-0.23705091,-1.98017406,-0.32345983,-0.33464018,1.15375423,0.00000000,0.00000000,0.11685764,2.12227750,0.56341928,0.05662567,-0.60578507,0.00000000,0.00000000
-0.24525048,-1.98005307,-0.32520700,-0.33517063,1.14853859,0.00000000,0.00000000,0.11460049,2.12160373,0.55349833,0.05224920,-0.61889291,0.00000000,0.00000000
-0.25349033,-1.98241043,-0.32572651,-0.33339188,1.13849592,0.00000000,0.00000000,0.11316009,2.12121964,0.54369837,0.04827329,-0.62999833,0.00000000,0.00000000
-0.26124874,-1.98735952,-0.32446149,-0.32893017,1.12432551,0.00000000,0.00000000,0.11323971,2.12141681,0.53401649,0.04506909,-0.62704015,0.00000000,0.00000000
-0.26842797,-1.99468219,-0.32121500,-0.32158101,1.10440564,0.00000000,0.00000000,0.11514083,2.12278914,0.52442980,0.04303678,-0.62381327,0.00000000,0.00000000
-0.27477199,-2.00417137,-0.31596690,-0.31137642,1.09445024,0.00000000,0.00000000,0.11863846,2.12625527,0.51489234,0.04267568,-0.60596955,0.00000000,0.00000000
-0.27923450,-2.01650715,-0.30864209,-0.29872918,1.09434211,0.00000000,0.00000000,0.12356220,2.13268876,0.50534797,0.04464628,-0.59162045,0.00000000,0.00000000
-0.28159389,-2.03168511,-0.29939255,-0.28363663,1.08870375,0.00000000,0.00000000,0.13114521,2.14186954,0.49577132,0.04949116,-0.56923878,0.00000000,0.00000000
-0.28223690,-2.04770875,-0.28859583,-0.26510686,1.08831477,0.00000000,0.00000000,0.14302588,2.15235806,0.48614967,0.05724647,-0.54103965,0.00000000,0.00000000
-0.27968490,-2.06126022,-0.27640009,-0.24194965,1.09142196,0.00000000,0.00000000,0.15867116,2.16198254,0.47641608,0.06698942,-0.51336050,0.00000000,0.00000000
-0.27212739,-2.07275820,-0.26278487,-0.21621135,1.09763992,0.00000000,0.00000000,0.17470475,2.16818142,0.46643373,0.07675371,-0.48292220,0.00000000,0.00000000
-0.26237041,-2.08901572,-0.24816906,-0.19458629,1.10271323,0.00000000,0.00000000,0.18884012,2.16989136,0.45613596,0.08481364,-0.45553324,0.00000000,0.00000000
-0.25197366,-2.10895634,-0.23305409,-0.17784962,1.10512471,0.00000000,0.00000000,0.20085415,2.17000008,0.44554740,0.09087362,-0.43580025,0.00000000,0.00000000
-0.24126160,-2.12894273,-0.21782371,-0.16471295,1.10715246,0.00000000,0.00000000,0.21113606,2.17000008,0.43472907,0.09526894,-0.41036922,0.00000000,0.00000000
-0.23101676,-2.14662719,-0.20280781,-0.15460628,1.11580634,0.00000000,0.00000000,0.22004321,2.17000008,0.42373073,0.09832793,-0.38404742,0.00000000,0.00000000
-0.22166942,-2.16014957,-0.18821688,-0.14684242,1.12549937,0.00000000,0.00000000,0.22743596,2.17000008,0.41255614,0.10008813,-0.35191336,0.00000000,0.00000000
-0.21322638,-2.16786146,-0.17415637,-0.14041871,1.14385879,0.00000000,0.00000000,0.23290262,2.17000008,0.40117943,0.10037949,-0.32125476,0.00000000,0.00000000
-0.20546685,-2.16987514,-0.16067761,-0.13405870,1.16587210,0.00000000,0.00000000,0.23592612,2.17000008,0.38956371,0.09894212,-0.29372060,0.00000000,0.00000000
-0.19798531,-2.17000008,-0.14778827,-0.12672071,1.18760228,0.00000000,0.00000000,0.23604353,2.17000008,0.37766802,0.09564841,-0.25978893,0.00000000,0.00000000
-0.19038519,-2.17000008,-0.13546997,-0.11799359,1.21766472,0.00000000,0.00000000,0.23310122,2.17000008,0.36545995,0.09065644,-0.22685292,0.00000000,0.00000000
-0.18236929,-2.16996169,-0.12369831,-0.10805549,1.24709761,0.00000000,0.00000000,0.22730903,2.17000008,0.35292396,0.08432110,-0.19836831,0.00000000,0.00000000
-0.17352693,-2.16935134,-0.11244231,-0.09765637,1.25444639,0.00000000,0.00000000,0.21903703,2.16999841,0.34005445,0.07711123,-0.16545692,0.00000000,0.00000000
-0.16359307,-2.16706491,-0.10168949,-0.08767921,1.27493083,0.00000000,0.00000000,0.20878547,2.16997123,0.32685587,0.06952727,-0.13398132,0.00000000,0.00000000
-0.15261385,-2.16334414,-0.09145314,-0.07875899,1.29557514,0.00000000,0.00000000,0.19716951,2.16983104,0.31333897,0.06200193,-0.10896205,0.00000000,0.00000000
-0.14087901,-2.15924597,-0.08176015,-0.07127168,1.31807423,0.00000000,0.00000000,0.18483311,2.16958284,0.29951102,0.05489134,-0.09048589,0.00000000,0.00000000
-0.12871765,-2.15572262,-0.07263555,-0.06544790,1.33162522,0.00000000,0.00000000,0.17236938,2.16949487,0.28537157,0.04841386,-0.06765620,0.00000000,0.00000000
-0.11644309,-2.15310431,-0.06410519,-0.06123574,1.34707153,0.00000000,0.00000000,0.16017728,2.16963387,0.27091113,0.04255611,-0.03535427,0.00000000,0.00000000
-0.10440959,-2.15129018,-0.05619619,-0.05842135,1.36013627,0.00000000,0.00000000,0.14856745,2.16984892,0.25611359,0.03717450,0.00171922,0.00000000,0.00000000
-0.09300747,-2.15010428,-0.04893599,-0.05677887,1.37110424,0.00000000,0.00000000,0.13785048,2.16997099,0.24095936,0.03208416,0.04187591,0.00000000,0.00000000
-0.08254823,-2.14943671,-0.04234885,-0.05609113,1.36956596,0.00000000,0.00000000,0.12827633,2.16999578,0.22542575,0.02710660,0.07653727,0.00000000,0.00000000
-0.07331187,-2.14914298,-0.03645855,-0.05610294,1.37534511,0.00000000,0.00000000,0.11999680,2.16995525,0.20948738,0.02215076,0.11307182,0.00000000,0.00000000
-0.06552145,-2.14920855,-0.03128837,-0.05664384,1.37605929,0.00000000,0.00000000,0.11309855,2.16981435,0.19311912,0.01727541,0.14704566,0.00000000,0.00000000
-0.05934332,-2.14985251,-0.02686253,-0.05770839,1.36641514,0.00000000,0.00000000,0.10757518,2.16967726,0.17629713,0.01263664,0.17938168,0.00000000,0.00000000
-0.05488902,-2.15120745,-0.02320679,-0.05927904,1.36795771,0.00000000,0.00000000,0.10324273,2.16970277,0.15899846,0.00832474,0.19271709,0.00000000,0.00000000
-0.05223002,-2.15309930,-0.02034753,-0.06122130,1.35648692,0.00000000,0.00000000,0.09987596,2.16984248,0.14120294,0.00428598,0.20429091,0.00000000,0.00000000
-0.05132744,-2.15518832,-0.01830534,-0.06337434,1.33775079,0.00000000,0.00000000,0.09730874,2.16995668,0.12289375,0.00039723,0.20979850,0.00000000,0.00000000
-0.05205479,-2.15704107,-0.01709319,-0.06557155,1.32093394,0.00000000,0.00000000,0.09540268,2.16999531,0.10405648,-0.00348759,0.22615653,0.00000000,0.00000000
-0.05420048,-2.15821099,-0.01671474,-0.06765556,1.29876328,0.00000000,0.00000000,0.09397352,2.17000008,0.08467916,-0.00755415,0.23872140,0.00000000,0.00000000
-0.05740628,-2.15829372,-0.01716027,-0.06950457,1.26309311,0.00000000,0.00000000,0.09279903,2.17000008,0.06475306,-0.01207871,0.26133180,0.00000000,0.00000000
-0.06129157,-2.15685344,-0.01841408,-0.07099523,1.22154963,0.00000000,0.00000000,0.09164171,2.17000008,0.04427379,-0.01741822,0.28746012,0.00000000,0.00000000
-0.06558384,-2.15347815,-0.02046415,-0.07203995,1.18223369,0.00000000,0.00000000,0.09029850,2.17000008,0.02324171,-0.02398198,0.30219430,0.00000000,0.00000000
-0.07012179,-2.14783978,-0.02330363,-0.07267328,1.13558805,0.00000000,0.00000000,0.08864775,2.17000008,0.00166106,-0.03215993,0.30264106,0.00000000,0.00000000
-0.07486555,-2.13984513,-0.02693241,-0.07312751,1.09371841,0.00000000,0.00000000,0.08666135,2.16997290,-0.02046159,-0.04220821,0.29757541,0.00000000,0.00000000
-0.07993326,-2.12961602,-0.03135981,-0.07375820,1.04477870,0.00000000,0.00000000,0.08437610,2.16952682,-0.04311836,-0.05421536,0.29177636,0.00000000,0.00000000
-0.08560307,-2.11718321,-0.03660704,-0.07480434,0.99249959,0.00000000,0.00000000,0.08178401,2.16765738,-0.06629752,-0.06822727,0.28952551,0.00000000,0.00000000
-0.09214542,-2.10245609,-0.04270016,-0.07635889,0.94313753,0.00000000,0.00000000,0.07867418,2.16378188,-0.08997565,-0.08436961,0.28824568,0.00000000,0.00000000
-0.09983448,-2.08491516,-0.04967041,-0.07820147,0.89164811,0.00000000,0.00000000,0.07460233,2.15759397,-0.11410736,-0.10302870,0.28896084,0.00000000,0.00000000
-0.10892141,-2.06375551,-0.05754919,-0.07994835,0.84062773,0.00000000,0.00000000,0.06886622,2.14874887,-0.13860829,-0.12474860,0.29017133,0.00000000,0.00000000
-0.11952661,-2.03820753,-0.06635930,-0.08124934,0.78232789,0.00000000,0.00000000,0.06045056,2.13698769,-0.16332971,-0.15004948,0.30923897,0.00000000,0.00000000
-0.13148615,-2.00767279,-0.07610168,-0.08183582,0.73298776,0.00000000,0.00000000,0.04806162,2.12212062,-0.18803595,-0.17948674,0.32568765,0.00000000,0.00000000
-0.14474338,-1.97151732,-0.08677723,-0.08138967,0.68142384,0.00000000,0.00000000,0.03041207,2.10398149,-0.21240519,-0.21374930,0.34059250,0.00000000,0.00000000
-0.15947740,-1.92982614,-0.09838756,-0.08005505,0.63838118,0.00000000,0.00000000,0.00637757,2.08300924,-0.23601499,-0.25331461,0.33833417,0.00000000,0.00000000
-0.17591518,-1.88373792,-0.11091041,-0.07869022,0.59677899,0.00000000,0.00000000,-0.02504134,2.06046224,-0.25831020,-0.29828772,0.33062032,0.00000000,0.00000000
-0.19443198,-1.83751857,-0.12428200,-0.08035341,0.55794543,0.00000000,0.00000000,-0.06437028,2.03795838,-0.27862066,-0.34872049,0.32659489,0.00000000,0.00000000
-0.21294896,-1.79283977,-0.13827713,-0.08642252,0.51027817,0.00000000,0.00000000,-0.11179942,2.01691079,-0.29600692,-0.40466550,0.32777753,0.00000000,0.00000000
-0.22541042,-1.74371159,-0.15241733,-0.09278808,0.46703324,0.00000000,0.00000000,-0.16758572,2.00127649,-0.30941853,-0.46298742,0.33060125,0.00000000,0.00000000
-0.23276964,-1.69847322,-0.16642022,-0.10451053,0.42132670,0.00000000,0.00000000,-0.23018642,1.99632752,-0.31827086,-0.51613861,0.34568799,0.00000000,0.00000000
-0.23700345,-1.65708566,-0.18007191,-0.12183902,0.38292462,0.00000000,0.00000000,-0.29605523,1.99149227,-0.32100078,-0.56481361,0.36612922,0.00000000,0.00000000
-0.24100308,-1.61279035,-0.19329703,-0.14106071,0.35184902,0.00000000,0.00000000,-0.36237937,1.97941637,-0.31611216,-0.61022621,0.38046539,0.00000000,0.00000000
-0.24905810,-1.55997944,-0.20623904,-0.15890317,0.32112324,0.00000000,0.00000000,-0.42952520,1.95778453,-0.30165237,-0.65153635,0.39979878,0.00000000,0.00000000
-0.26651263,-1.49699724,-0.21931310,-0.17397751,0.28648654,0.00000000,0.00000000,-0.50082642,1.92689836,-0.27498451,-0.68663722,0.41138905,0.00000000,0.00000000
-0.29632369,-1.42436039,-0.23284452,-0.18576096,0.25737104,0.00000000,0.00000000,-0.57879591,1.88855100,-0.23434798,-0.71345872,0.42587674,0.00000000,0.00000000
-0.33821321,-1.34328866,-0.24686332,-0.19404656,0.22839727,0.00000000,0.00000000,-0.66391778,1.84552670,-0.17950743,-0.73057073,0.44495466,0.00000000,0.00000000
-0.39051810,-1.25610733,-0.26123121,-0.19940929,0.20508739,0.00000000,0.00000000,-0.75519079,1.80092275,-0.11168882,-0.73733604,0.46183687,0.00000000,0.00000000
-0.45144433,-1.16596079,-0.27580068,-0.20307615,0.18366458,0.00000000,0.00000000,-0.84991527,1.75626624,-0.03404766,-0.73476714,0.48535192,0.00000000,0.00000000
-0.51936764,-1.07647443,-0.29047740,-0.20665665,0.17072749,0.00000000,0.00000000,-0.94378924,1.71243596,0.04814100,-0.72532064,0.50734752,0.00000000,0.00000000
-0.59255034,-0.99072289,-0.30515832,-0.21155900,0.16848792,0.00000000,0.00000000,-1.03233790,1.67245340,0.12921184,-0.71150368,0.54151005,0.00000000,0.00000000
-0.66879582,-0.91029459,-0.31959665,-0.21825416,0.16782682,0.00000000,0.00000000,-1.11298275,1.63669693,0.20552735,-0.69680691,0.58589941,0.00000000,0.00000000
-0.74602866,-0.83618492,-0.33348241,-0.22681788,0.16325651,0.00000000,0.00000000,-1.18547511,1.60421360,0.27578729,-0.68359405,0.61925125,0.00000000,0.00000000
-0.82245618,-0.76923430,-0.34640086,-0.23710757,0.16471712,0.00000000,0.00000000,-1.24965000,1.57418776,0.33917391,-0.67279470,0.63587558,0.00000000,0.00000000
-0.89661956,-0.71052331,-0.35777807,-0.24880165,0.16428450,0.00000000,0.00000000,-1.30490124,1.54635644,0.39472148,-0.66465944,0.66292506,0.00000000,0.00000000
-0.96754074,-0.66167867,-0.36694509,-0.26171803,0.16755798,0.00000000,0.00000000,-1.35013819,1.52044582,0.44103268,-0.65887707,0.68733853,0.00000000,0.00000000
-1.03474092,-0.62436265,-0.37317073,-0.27578735,0.15995981,0.00000000,0.00000000,-1.38417637,1.49608898,0.47656357,-0.65423614,0.72199446,0.00000000,0.00000000
-1.09819067,-0.59904867,-0.37568364,-0.29044092,0.14773802,0.00000000,0.00000000,-1.40647793,1.47321320,0.50047117,-0.64877057,0.75329244,0.00000000,0.00000000
-1.15811002,-0.58519608,-0.37388119,-0.30493450,0.12915505,0.00000000,0.00000000,-1.41744387,1.45182204,0.51288950,-0.64056373,0.78661412,0.00000000,0.00000000
-1.21471953,-0.58098978,-0.36765477,-0.31844109,0.10774214,0.00000000,0.00000000,-1.41868031,1.43173945,0.51529998,-0.62845027,0.82002121,0.00000000,0.00000000
-1.26813781,-0.58318853,-0.35753056,-0.33013049,0.08998824,0.00000000,0.00000000,-1.41302824,1.41214359,0.51046705,-0.61297113,0.85556489,0.00000000,0.00000000
-1.31845391,-0.58790576,-0.34467056,-0.33946210,0.06580114,0.00000000,0.00000000,-1.40359437,1.39266646,0.50168937,-0.59593266,0.88629967,0.00000000,0.00000000
-1.36581194,-0.59196770,-0.33065280,-0.34650353,0.04350885,0.00000000,0.00000000,-1.39284503,1.37378526,0.49185601,-0.57913327,0.91058558,0.00000000,0.00000000
-1.41042268,-0.59333193,-0.31702682,-0.35180712,0.01651932,0.00000000,0.00000000,-1.38251865,1.35608041,0.48300987,-0.56398088,0.94199330,0.00000000,0.00000000
-1.45248544,-0.59152561,-0.30481261,-0.35614789,-0.01329380,0.00000000,0.00000000,-1.37345994,1.33964038,0.47615033,-0.55131322,0.97873724,0.00000000,0.00000000
-1.49215889,-0.58703524,-0.29440102,-0.36003026,-0.05087283,0.00000000,0.00000000,-1.36583793,1.32431924,0.47144043,-0.54139477,1.01639497,0.00000000,0.00000000
-1.52957439,-0.58054864,-0.28555050,-0.36346689,-0.08924904,0.00000000,0.00000000,-1.35929823,1.31024337,0.46843168,-0.53380525,1.05582452,0.00000000,0.00000000
-1.56486642,-0.57311827,-0.27749291,-0.36656240,-0.13046677,0.00000000,0.00000000,-1.35314655,1.29746437,0.46625796,-0.52774215,1.10253859,0.00000000,0.00000000
-1.59822512,-0.56572616,-0.26940858,-0.36940292,-0.17531003,0.00000000,0.00000000,-1.34673119,1.28593302,0.46412054,-0.52226311,1.16563344,0.00000000,0.00000000
-1.62988067,-0.55911154,-0.26060528,-0.37205851,-0.21857896,0.00000000,0.00000000,-1.33957946,1.27546799,0.46154541,-0.51663452,1.22492719,0.00000000,0.00000000
-1.66006482,-0.55382740,-0.25056916,-0.37460819,-0.26928329,0.00000000,0.00000000,-1.33147097,1.26560867,0.45828339,-0.51059520,1.28482413,0.00000000,0.00000000
-1.68901491,-0.54994065,-0.23905705,-0.37699595,-0.31592974,0.00000000,0.00000000,-1.32234931,1.25611317,0.45424253,-0.50403839,1.33554578,0.00000000,0.00000000
-1.71692979,-0.54716790,-0.22615221,-0.37908801,-0.35709184,0.00000000,0.00000000,-1.31237829,1.24685013,0.44941896,-0.49709722,1.38504839,0.00000000,0.00000000
-1.74395823,-0.54508090,-0.21209326,-0.38067752,-0.38660383,0.00000000,0.00000000,-1.30182147,1.23770607,0.44382560,-0.49011919,1.42799032,0.00000000,0.00000000
-1.77015245,-0.54339623,-0.19709398,-0.38173074,-0.41937292,0.00000000,0.00000000,-1.29093885,1.22860169,0.43751374,-0.48342818,1.46904230,0.00000000,0.00000000
-1.79549849,-0.54191554,-0.18138811,-0.38231733,-0.45744634,0.00000000,0.00000000,-1.27990937,1.21959221,0.43065810,-0.47715947,1.49165630,0.00000000,0.00000000
-1.81997263,-0.54049623,-0.16529974,-0.38252458,-0.48983532,0.00000000,0.00000000,-1.26888633,1.21075630,0.42348289,-0.47140363,1.51591539,0.00000000,0.00000000
-1.84353280,-0.53915250,-0.14915398,-0.38249594,-0.52728182,0.00000000,0.00000000,-1.25799584,1.20214462,0.41616905,-0.46620452,1.53646994,0.00000000,0.00000000
-1.86614156,-0.53804511,-0.13312744,-0.38239524,-0.56691295,0.00000000,0.00000000,-1.24721003,1.19378078,0.40874511,-0.46147388,1.54696572,0.00000000,0.00000000
-1.88777709,-0.53715819,-0.11732167,-0.38225856,-0.59933817,0.00000000,0.00000000,-1.23642790,1.18582356,0.40117070,-0.45709541,1.55527234,0.00000000,0.00000000
-1.90840340,-0.53641254,-0.10188240,-0.38207379,-0.63095802,0.00000000,0.00000000,-1.22562027,1.17845345,0.39344341,-0.45306221,1.55332386,0.00000000,0.00000000
-1.92793775,-0.53585589,-0.08702465,-0.38188732,-0.65954578,0.00000000,0.00000000,-1.21493292,1.17168915,0.38560775,-0.44954386,1.54329896,0.00000000,0.00000000
-1.94631588,-0.53573793,-0.07300895,-0.38180801,-0.68227202,0.00000000,0.00000000,-1.20443511,1.16554713,0.37778389,-0.44654408,1.52906835,0.00000000,0.00000000
-1.96350133,-0.53614527,-0.06006292,-0.38189539,-0.69563496,0.00000000,0.00000000,-1.19420099,1.16018152,0.37009862,-0.44399658,1.51175916,0.00000000,0.00000000
-1.97948825,-0.53708476,-0.04837529,-0.38216347,-0.71395123,0.00000000,0.00000000,-1.18437684,1.15569520,0.36263216,-0.44184816,1.48821139,0.00000000,0.00000000
-1.99427927,-0.53856742,-0.03803393,-0.38271618,-0.71652520,0.00000000,0.00000000,-1.17508960,1.15207946,0.35548347,-0.44010016,1.45179534,0.00000000,0.00000000
-2.00788498,-0.54038197,-0.02901421,-0.38356322,-0.72287428,0.00000000,0.00000000,-1.16637850,1.14945936,0.34879732,-0.43871602,1.40667021,0.00000000,0.00000000
-2.02037954,-0.54223436,-0.02129264,-0.38432312,-0.73575729,0.00000000,0.00000000,-1.15827417,1.14782965,0.34262383,-0.43772990,1.36671245,0.00000000,0.00000000
-2.03181410,-0.54391545,-0.01471581,-0.38472843,-0.74424952,0.00000000,0.00000000,-1.15079653,1.14707863,0.33694965,-0.43710637,1.32120216,0.00000000,0.00000000
-2.04225230,-0.54537040,-0.00907427,-0.38470161,-0.73860157,0.00000000,0.00000000,-1.14384711,1.14706385,0.33180964,-0.43661204,1.27832484,0.00000000,0.00000000
-2.05180216,-0.54657602,-0.00418737,-0.38426167,-0.72677016,0.00000000,0.00000000,-1.13729286,1.14763188,0.32720137,-0.43606165,1.24502373,0.00000000,0.00000000
-2.06057715,-0.54763490,0.00008689,-0.38353866,-0.71576041,0.00000000,0.00000000,-1.13107133,1.14848089,0.32306281,-0.43547964,1.21538985,0.00000000,0.00000000
-2.06867647,-0.54861146,0.00390856,-0.38260761,-0.70800346,0.00000000,0.00000000,-1.12509286,1.14936352,0.31931141,-0.43487784,1.18671834,0.00000000,0.00000000
-2.07617521,-0.54943591,0.00742755,-0.38147956,-0.69585162,0.00000000,0.00000000,-1.11928725,1.15017068,0.31583956,-0.43427849,1.14805412,0.00000000,0.00000000
-2.08313894,-0.55006015,0.01080878,-0.38022470,-0.69820189,0.00000000,0.00000000,-1.11356306,1.15084696,0.31251317,-0.43361858,1.10602105,0.00000000,0.00000000
-2.08960700,-0.55050683,0.01413988,-0.37894067,-0.68919575,0.00000000,0.00000000,-1.10791218,1.15128112,0.30923840,-0.43293080,1.07637739,0.00000000,0.00000000
-2.09559584,-0.55086696,0.01742494,-0.37766594,-0.68047559,0.00000000,0.00000000,-1.10237432,1.15135264,0.30598691,-0.43225655,1.04845679,0.00000000,0.00000000
-2.10108900,-0.55125469,0.02063491,-0.37642127,-0.66536200,0.00000000,0.00000000,-1.09700036,1.15100086,0.30279872,-0.43160585,1.01457894,0.00000000,0.00000000
-2.10607171,-0.55180836,0.02369859,-0.37524739,-0.65767241,0.00000000,0.00000000,-1.09183049,1.15023124,0.29975173,-0.43097898,0.97364122,0.00000000,0.00000000
-2.11053848,-0.55256855,0.02648261,-0.37416452,-0.63935852,0.00000000,0.00000000,-1.08693385,1.14922798,0.29692805,-0.43033844,0.93611324,0.00000000,0.00000000
-2.11447978,-0.55354816,0.02885133,-0.37324363,-0.59288669,0.00000000,0.00000000,-1.08242321,1.14813650,0.29441196,-0.42973724,0.86093557,0.00000000,0.00000000
-2.11786389,-0.55470002,0.03074740,-0.37252820,-0.54323816,0.00000000,0.00000000,-1.07843328,1.14702320,0.29225567,-0.42927217,0.79105240,0.00000000,0.00000000
-2.12066936,-0.55591148,0.03219051,-0.37193927,-0.49220967,0.00000000,0.00000000,-1.07504189,1.14595318,0.29047582,-0.42893037,0.71814948,0.00000000,0.00000000
-2.12289238,-0.55708426,0.03326646,-0.37145501,-0.44363695,0.00000000,0.00000000,-1.07226145,1.14499068,0.28905055,-0.42864081,0.65031779,0.00000000,0.00000000
-2.12454748,-0.55811077,0.03403369,-0.37111491,-0.40178138,0.00000000,0.00000000,-1.07009983,1.14422631,0.28798726,-0.42836383,0.58199275,0.00000000,0.00000000
-2.12564540,-0.55887121,0.03451317,-0.37092972,-0.36519703,0.00000000,0.00000000,-1.06860077,1.14374483,0.28729856,-0.42812064,0.51672179,0.00000000,0.00000000
-2.12620521,-0.55931216,0.03474399,-0.37087715,-0.32432365,0.00000000,0.00000000,-1.06779599,1.14352977,0.28696170,-0.42794940,0.44791827,0.00000000,0.00000000
