l_joint1,l_joint2,l_joint3,l_joint4,l_joint5,l_joint6,l_joint7,r_joint1,r_joint2,r_joint3,r_joint4,r_joint5,r_joint6,r_joint7
1.51235104,-1.61401856,0.13950820,0.41989917,-0.05424315,0.00000000,0.00000000,1.87157464,-0.20946398,-0.59018153,0.64849025,0.03424720,0.00000000,0.00000000
1.51202857,-1.61401927,0.13903123,0.41996169,-0.09888151,0.00000000,0.00000000,1.87167299,-0.21025953,-0.59004188,0.64927441,0.05949995,0.00000000,0.00000000
1.51153839,-1.61397231,0.13804436,0.42008728,-0.13289012,0.00000000,0.00000000,1.87132478,-0.21168530,-0.58940840,0.65073574,0.07892001,0.00000000,0.00000000
1.51097739,-1.61379278,0.13648754,0.42031148,-0.17583518,0.00000000,0.00000000,1.87032211,-0.21373788,-0.58819258,0.65320438,0.10933127,0.00000000,0.00000000
1.51038551,-1.61334395,0.13431780,0.42072287,-0.22211261,0.00000000,0.00000000,1.86870372,-0.21674745,-0.58650577,0.65704715,0.13750540,0.00000000,0.00000000
1.50998175,-1.61251557,0.13140184,0.42138335,-0.26300502,0.00000000,0.00000000,1.86610210,-0.22080809,-0.58410627,0.66265631,0.14838411,0.00000000,0.00000000
1.51009870,-1.61126268,0.12754188,0.42233664,-0.28438571,0.00000000,0.00000000,1.86220360,-0.22591056,-0.58076930,0.67054480,0.14682850,0.00000000,0.00000000
1.51114988,-1.60911870,0.12248120,0.42389038,-0.28414962,0.00000000,0.00000000,1.85679591,-0.23200861,-0.57635754,0.68116659,0.14979538,0.00000000,0.00000000
1.51349211,-1.60582805,0.11603932,0.42623964,-0.28796893,0.00000000,0.00000000,1.84994936,-0.23897302,-0.57079905,0.69518322,0.14475481,0.00000000,0.00000000
1.51721084,-1.60177708,0.10822343,0.42924017,-0.28454310,0.00000000,0.00000000,1.84161139,-0.24723703,-0.56416494,0.71269029,0.14261264,0.00000000,0.00000000
1.52172935,-1.59735703,0.09936691,0.43285295,-0.26267326,0.00000000,0.00000000,1.83219838,-0.25724170,-0.55676025,0.73380357,0.11624449,0.00000000,0.00000000
1.52651262,-1.59293199,0.08978172,0.43708664,-0.23870303,0.00000000,0.00000000,1.82223916,-0.26874489,-0.54864728,0.75863039,0.10053863,0.00000000,0.00000000
1.53169835,-1.58829188,0.07942148,0.44225490,-0.20315821,0.00000000,0.00000000,1.81166160,-0.28091574,-0.53941029,0.78649807,0.11272227,0.00000000,0.00000000
1.53785634,-1.58334982,0.06796250,0.44857439,-0.17633778,0.00000000,0.00000000,1.80048466,-0.29282683,-0.52872896,0.81704265,0.14797153,0.00000000,0.00000000
1.54571044,-1.57847178,0.05497826,0.45593137,-0.13866971,0.00000000,0.00000000,1.78888047,-0.30418357,-0.51674926,0.85027844,0.16929680,0.00000000,0.00000000
1.55552542,-1.57390916,0.04030507,0.46437269,-0.09178504,0.00000000,0.00000000,1.77707899,-0.31484148,-0.50382644,0.88604629,0.19803999,0.00000000,0.00000000
1.56702280,-1.56966960,0.02414208,0.47426036,-0.05988501,0.00000000,0.00000000,1.76545620,-0.32459307,-0.49052316,0.92422169,0.21629980,0.00000000,0.00000000
1.57974422,-1.56596553,0.00680357,0.48594955,-0.04858495,0.00000000,0.00000000,1.75452304,-0.33370620,-0.47766206,0.96508169,0.23944624,0.00000000,0.00000000
1.59328103,-1.56338918,-0.01147725,0.49961668,-0.02752166,0.00000000,0.00000000,1.74481285,-0.34300438,-0.46634290,1.00866151,0.25971892,0.00000000,0.00000000
1.60713887,-1.56266761,-0.03035835,0.51539111,-0.01108592,0.00000000,0.00000000,1.73630166,-0.35312510,-0.45713285,1.05463707,0.26103896,0.00000000,0.00000000
1.62104309,-1.56407034,-0.04961356,0.53370804,-0.00381111,0.00000000,0.00000000,1.72776127,-0.36335090,-0.44874001,1.10231197,0.26914197,0.00000000,0.00000000
1.63488483,-1.56724203,-0.06916996,0.55545622,0.01495104,0.00000000,0.00000000,1.71882761,-0.37267977,-0.44019619,1.15095973,0.27370745,0.00000000,0.00000000
1.64851844,-1.57147706,-0.08885925,0.58177966,0.01571574,0.00000000,0.00000000,1.71038771,-0.38055140,-0.43199632,1.19894588,0.27774084,0.00000000,0.00000000
1.66153133,-1.57773209,-0.10826351,0.61237979,0.02149123,0.00000000,0.00000000,1.70309579,-0.38781771,-0.42517272,1.24479473,0.30103564,0.00000000,0.00000000
1.67328477,-1.58850551,-0.12690218,0.64462143,0.03661282,0.00000000,0.00000000,1.69717169,-0.39517587,-0.42043290,1.28758943,0.31625995,0.00000000,0.00000000
1.68346071,-1.60404909,-0.14444020,0.67586195,0.05398017,0.00000000,0.00000000,1.69211960,-0.40298417,-0.41757333,1.32655561,0.34950471,0.00000000,0.00000000
1.69202662,-1.62166643,-0.16041183,0.70576781,0.04978124,0.00000000,0.00000000,1.68794405,-0.40997782,-0.41631734,1.36144972,0.37813795,0.00000000,0.00000000
1.69861281,-1.63961792,-0.17401110,0.73496121,0.05401791,0.00000000,0.00000000,1.68459070,-0.41670138,-0.41747534,1.39190555,0.38401374,0.00000000,0.00000000
1.70301807,-1.65757012,-0.18485761,0.76428908,0.03559317,0.00000000,0.00000000,1.68210447,-0.42301896,-0.42122838,1.41769767,0.41889289,0.00000000,0.00000000
1.70550001,-1.67551744,-0.19315746,0.79472893,0.04117859,0.00000000,0.00000000,1.68036103,-0.42824051,-0.42667672,1.43864429,0.44743145,0.00000000,0.00000000
1.70666695,-1.69328558,-0.19946934,0.82749432,0.04962335,0.00000000,0.00000000,1.67911601,-0.43125603,-0.43233544,1.45494974,0.47325701,0.00000000,0.00000000
1.70678699,-1.71056437,-0.20384793,0.86363697,0.04192474,0.00000000,0.00000000,1.67818308,-0.43216497,-0.43768647,1.46733546,0.51152724,0.00000000,0.00000000
1.70450461,-1.73505521,-0.20615931,0.89922500,0.02840166,0.00000000,0.00000000,1.67743289,-0.43270594,-0.44373056,1.47671723,0.51956058,0.00000000,0.00000000
1.69873512,-1.77438986,-0.20653868,0.93105012,0.01826646,0.00000000,0.00000000,1.67686784,-0.43316397,-0.45090485,1.48380494,0.52212453,0.00000000,0.00000000
1.69330931,-1.80117714,-0.20352696,0.97610807,-0.00383165,0.00000000,0.00000000,1.67649353,-0.43236080,-0.45842353,1.48934257,0.53205514,0.00000000,0.00000000
1.68758571,-1.82212675,-0.19735767,1.02749109,-0.04258950,0.00000000,0.00000000,1.67573738,-0.43199223,-0.46709338,1.49411094,0.53448308,0.00000000,0.00000000
1.68062508,-1.84465766,-0.18810067,1.08027196,-0.09135643,0.00000000,0.00000000,1.67449737,-0.43248799,-0.47773224,1.49928248,0.54200840,0.00000000,0.00000000
1.67292333,-1.86717463,-0.17601480,1.13719153,-0.14433010,0.00000000,0.00000000,1.67105591,-0.43695381,-0.49065071,1.50124621,0.55654842,0.00000000,0.00000000
1.66684747,-1.88062775,-0.16282120,1.20703733,-0.19064979,0.00000000,0.00000000,1.66492283,-0.44797474,-0.50766432,1.49719858,0.56176198,0.00000000,0.00000000
1.66248488,-1.87935555,-0.14736892,1.29466045,-0.24088003,0.00000000,0.00000000,1.66241968,-0.44903430,-0.52416986,1.50606942,0.58335292,0.00000000,0.00000000
1.65611422,-1.89396298,-0.13110757,1.37710941,-0.28216568,0.00000000,0.00000000,1.66073322,-0.44645229,-0.54228449,1.52333093,0.61133081,0.00000000,0.00000000
1.64781082,-1.91847360,-0.11200389,1.45639908,-0.32479733,0.00000000,0.00000000,1.65920055,-0.44234592,-0.56370980,1.54521918,0.62396473,0.00000000,0.00000000
1.63792300,-1.94043255,-0.08659479,1.53541458,-0.34924513,0.00000000,0.00000000,1.66083515,-0.42985061,-0.58703452,1.57373714,0.62041181,0.00000000,0.00000000
1.62679541,-1.95486629,-0.05375231,1.61169922,-0.35332352,0.00000000,0.00000000,1.66591370,-0.41008899,-0.61685562,1.59966660,0.61584717,0.00000000,0.00000000
1.61303210,-1.95754719,-0.00733870,1.68375826,-0.34708136,0.00000000,0.00000000,1.67408669,-0.38210797,-0.65407676,1.62178195,0.61462337,0.00000000,0.00000000
1.59501970,-1.94870901,0.05592891,1.74994183,-0.33287755,0.00000000,0.00000000,1.68671405,-0.34178054,-0.69809592,1.64335668,0.61786872,0.00000000,0.00000000
1.57135940,-1.93465400,0.13648176,1.80581403,-0.31911150,0.00000000,0.00000000,1.70023799,-0.29178455,-0.74930441,1.66240203,0.60611320,0.00000000,0.00000000
1.54071188,-1.92059529,0.23577209,1.84908104,-0.30599600,0.00000000,0.00000000,1.71055233,-0.23392710,-0.81067306,1.67771554,0.59064728,0.00000000,0.00000000
1.50185096,-1.90908194,0.35217318,1.88020086,-0.28154087,0.00000000,0.00000000,1.71560204,-0.16319750,-0.87918639,1.69113004,0.57717878,0.00000000,0.00000000
1.45369470,-1.90309966,0.48077479,1.90040994,-0.27531675,0.00000000,0.00000000,1.71205020,-0.07287678,-0.94421750,1.70797288,0.56667793,0.00000000,0.00000000
1.39668226,-1.90731406,0.61398208,1.91070533,-0.27627432,0.00000000,0.00000000,1.68979800,0.03676423,-0.99842918,1.72610378,0.54529762,0.00000000,0.00000000
1.33339894,-1.92392266,0.74184752,1.91330588,-0.29140079,0.00000000,0.00000000,1.64311445,0.16696291,-1.03301835,1.74447811,0.49824944,0.00000000,0.00000000
1.26725376,-1.95070505,0.85568607,1.90978765,-0.31396374,0.00000000,0.00000000,1.57341790,0.31810689,-1.03654921,1.76173031,0.46604156,0.00000000,0.00000000
1.20187807,-1.98292816,0.95049131,1.89903617,-0.34709743,0.00000000,0.00000000,1.48279428,0.48190135,-1.00484490,1.77215064,0.44352955,0.00000000,0.00000000
1.14028788,-2.01557970,1.02577889,1.88027740,-0.38850775,0.00000000,0.00000000,1.37548804,0.64643908,-0.94325298,1.76812899,0.42433038,0.00000000,0.00000000
1.08602989,-2.04607511,1.08365357,1.85277891,-0.43838045,0.00000000,0.00000000,1.25948966,0.80067074,-0.85870039,1.74582076,0.40241060,0.00000000,0.00000000
1.04111707,-2.07248068,1.12696004,1.81767774,-0.47615099,0.00000000,0.00000000,1.14125597,0.93498540,-0.75863117,1.70865262,0.39433870,0.00000000,0.00000000
1.00621784,-2.09438944,1.15811336,1.77467096,-0.51445591,0.00000000,0.00000000,1.02619195,1.04511070,-0.64749569,1.66310084,0.38982230,0.00000000,0.00000000
0.97705752,-2.11000347,1.18049884,1.72468591,-0.54767245,0.00000000,0.00000000,0.91816074,1.13322937,-0.52667898,1.61369538,0.39760411,0.00000000,0.00000000
0.95037395,-2.11829662,1.19765389,1.66945100,-0.57218021,0.00000000,0.00000000,0.81584126,1.20279241,-0.39941320,1.56399488,0.41400161,0.00000000,0.00000000
0.92531395,-2.11915541,1.21239531,1.61106277,-0.60314572,0.00000000,0.00000000,0.71457261,1.26090789,-0.27003035,1.51934922,0.43394488,0.00000000,0.00000000
0.90256953,-2.11229253,1.22634780,1.55082750,-0.61777830,0.00000000,0.00000000,0.61177921,1.31039166,-0.14147393,1.47895503,0.47054768,0.00000000,0.00000000
0.88307542,-2.09791017,1.23956728,1.48931539,-0.63264245,0.00000000,0.00000000,0.50846148,1.35022819,-0.01410640,1.43996119,0.50031239,0.00000000,0.00000000
0.86610824,-2.07828236,1.25207531,1.42727816,-0.62164968,0.00000000,0.00000000,0.40748489,1.38088071,0.11342070,1.40157676,0.53192276,0.00000000,0.00000000
0.84921443,-2.05760670,1.26582253,1.36478794,-0.60849142,0.00000000,0.00000000,0.30987284,1.40656388,0.24099238,1.36246097,0.57849753,0.00000000,0.00000000
0.82952589,-2.03883600,1.28108823,1.30056238,-0.59393066,0.00000000,0.00000000,0.21362641,1.43175018,0.36607957,1.32169497,0.61873811,0.00000000,0.00000000
0.80450553,-2.02385187,1.29649007,1.23283672,-0.58453113,0.00000000,0.00000000,0.11744313,1.45757604,0.48708364,1.27872527,0.63158453,0.00000000,0.00000000
0.77204263,-2.01458478,1.30993450,1.15938008,-0.56591356,0.00000000,0.00000000,0.02413912,1.48337960,0.60577625,1.23463058,0.62824094,0.00000000,0.00000000
0.73116356,-2.01153135,1.31845129,1.07759690,-0.53980750,0.00000000,0.00000000,-0.06432562,1.50954533,0.72279012,1.19326758,0.59990090,0.00000000,0.00000000
0.68037546,-2.01497102,1.31991851,0.98594880,-0.50651479,0.00000000,0.00000000,-0.14902951,1.54020822,0.83553207,1.16150272,0.58103305,0.00000000,0.00000000
0.62032682,-2.02429390,1.31008303,0.87987578,-0.49199539,0.00000000,0.00000000,-0.23156607,1.57404363,0.94303036,1.13964891,0.56380802,0.00000000,0.00000000
0.55262911,-2.03546739,1.28336763,0.75502044,-0.47607884,0.00000000,0.00000000,-0.31404537,1.60788894,1.04483640,1.12541378,0.52939039,0.00000000,0.00000000
0.47892022,-2.04372787,1.23706460,0.60944325,-0.47127792,0.00000000,0.00000000,-0.39676550,1.64104092,1.14075112,1.11915350,0.49580267,0.00000000,0.00000000
0.40422884,-2.04355025,1.17147648,0.44284073,-0.45450515,0.00000000,0.00000000,-0.48066461,1.67274272,1.23068535,1.12063074,0.48103434,0.00000000,0.00000000
0.33421779,-2.02953649,1.09013784,0.25794974,-0.43313688,0.00000000,0.00000000,-0.56599927,1.70298553,1.31430244,1.13051510,0.44981140,0.00000000,0.00000000
0.27294114,-1.99826384,0.99957520,0.06040150,-0.42692479,0.00000000,0.00000000,-0.65270114,1.73249626,1.39061046,1.14948618,0.43700767,0.00000000,0.00000000
0.22281861,-1.94903255,0.90806979,-0.14247294,-0.42158020,0.00000000,0.00000000,-0.73950684,1.76096821,1.45987988,1.17721367,0.42922872,0.00000000,0.00000000
0.18407135,-1.88340354,0.82394606,-0.34273115,-0.40385294,0.00000000,0.00000000,-0.82678831,1.78942084,1.52210379,1.21280169,0.39830899,0.00000000,0.00000000
0.15275387,-1.80503643,0.75376594,-0.53229737,-0.41217050,0.00000000,0.00000000,-0.91655785,1.81875777,1.57864034,1.25190663,0.37476912,0.00000000,0.00000000
0.12301407,-1.71752799,0.70144451,-0.70416492,-0.40357986,0.00000000,0.00000000,-1.01374400,1.85198176,1.62955844,1.28588629,0.34319288,0.00000000,0.00000000
0.09044409,-1.62489033,0.66849971,-0.85373485,-0.40605026,0.00000000,0.00000000,-1.11550355,1.89283156,1.67239320,1.31002235,0.30809799,0.00000000,0.00000000
0.05364815,-1.53239024,0.65501297,-0.97943300,-0.41305363,0.00000000,0.00000000,-1.21348059,1.94126189,1.70341098,1.32447577,0.30524203,0.00000000,0.00000000
0.01217389,-1.44579303,0.65965688,-1.08166111,-0.42644981,0.00000000,0.00000000,-1.30239356,1.99541605,1.71761894,1.32911956,0.29919922,0.00000000,0.00000000
-0.03658674,-1.37149644,0.67870164,-1.16135418,-0.43671617,0.00000000,0.00000000,-1.37811947,2.05153823,1.71158016,1.32328856,0.31043825,0.00000000,0.00000000
-0.09586972,-1.31548584,0.70738649,-1.22010779,-0.46451017,0.00000000,0.00000000,-1.43773544,2.10310078,1.68402958,1.30596507,0.32028133,0.00000000,0.00000000
-0.16634035,-1.28051281,0.74301398,-1.26002181,-0.46889395,0.00000000,0.00000000,-1.48052251,2.14247131,1.63511586,1.27818418,0.34427145,0.00000000,0.00000000
-0.24316107,-1.26305938,0.78803480,-1.28359008,-0.48598465,0.00000000,0.00000000,-1.50759804,2.16414642,1.56745195,1.24509025,0.38570753,0.00000000,0.00000000
-0.32190320,-1.25946939,0.84476453,-1.29632092,-0.48839474,0.00000000,0.00000000,-1.51640403,2.16966033,1.48841012,1.20989096,0.40364709,0.00000000,0.00000000
-0.39853358,-1.26305926,0.91567862,-1.30600512,-0.49044794,0.00000000,0.00000000,-1.50580978,2.17000008,1.40806150,1.17407024,0.42066929,0.00000000,0.00000000
-0.47573930,-1.26861048,0.99791962,-1.31726348,-0.47836745,0.00000000,0.00000000,-1.47867095,2.17000008,1.33392215,1.13531911,0.43815789,0.00000000,0.00000000
-0.55751777,-1.26809621,1.08768690,-1.33311152,-0.45883375,0.00000000,0.00000000,-1.44002926,2.17000008,1.26798320,1.09283233,0.44912359,0.00000000,0.00000000
-0.64616215,-1.25674582,1.18103397,-1.35802555,-0.42549041,0.00000000,0.00000000,-1.39445114,2.17000008,1.20194876,1.04936779,0.45900148,0.00000000,0.00000000
-0.74431288,-1.22838008,1.27528584,-1.39250016,-0.40648490,0.00000000,0.00000000,-1.34682155,2.17000008,1.12854135,1.00576675,0.44868049,0.00000000,0.00000000
-0.85500264,-1.17269123,1.37132347,-1.42999923,-0.40155074,0.00000000,0.00000000,-1.29673970,2.17000008,1.04908955,0.96365088,0.43930855,0.00000000,0.00000000
-0.98254567,-1.07950437,1.47244656,-1.46380949,-0.39635944,0.00000000,0.00000000,-1.24658906,2.17000008,0.97388893,0.91931772,0.44396386,0.00000000,0.00000000
-1.13411415,-0.95050305,1.57553267,-1.48353326,-0.37412536,0.00000000,0.00000000,-1.20289576,2.17000008,0.91195387,0.86599314,0.44592533,0.00000000,0.00000000
-1.30293202,-0.79395825,1.67935956,-1.47820282,-0.37605539,0.00000000,0.00000000,-1.16438591,2.17000008,0.86514002,0.80317205,0.43205619,0.00000000,0.00000000
-1.47452259,-0.62242109,1.78160095,-1.44205987,-0.36482331,0.00000000,0.00000000,-1.12741411,2.17000008,0.83235079,0.73282796,0.41592926,0.00000000,0.00000000
-1.63689113,-0.45252374,1.87518024,-1.37621379,-0.35294849,0.00000000,0.00000000,-1.08811677,2.17000008,0.81283009,0.65774792,0.41375199,0.00000000,0.00000000
-1.78258467,-0.29920837,1.95248079,-1.28885126,-0.33780131,0.00000000,0.00000000,-1.04577017,2.17000008,0.80491781,0.57968909,0.40979117,0.00000000,0.00000000
-1.90610456,-0.16694985,2.01240349,-1.19194126,-0.29672971,0.00000000,0.00000000,-1.00240993,2.17000008,0.80598050,0.49989858,0.40299711,0.00000000,0.00000000
-2.00337696,-0.05120652,2.05923080,-1.09085035,-0.27458397,0.00000000,0.00000000,-0.95939285,2.17000008,0.81272566,0.42214814,0.40972516,0.00000000,0.00000000
-2.07757163,0.04972161,2.09309578,-0.97897518,-0.25944558,0.00000000,0.00000000,-0.91764712,2.17000008,0.82266074,0.34978998,0.42376584,0.00000000,0.00000000
-2.13843799,0.14052680,2.11354160,-0.85888231,-0.23242652,0.00000000,0.00000000,-0.87843823,2.17000008,0.83475554,0.28378183,0.44536769,0.00000000,0.00000000
-2.19408941,0.22406474,2.12078047,-0.73652494,-0.22354028,0.00000000,0.00000000,-0.84234875,2.17000008,0.84892005,0.22351290,0.46359918,0.00000000,0.00000000
-2.24848080,0.30094936,2.11631536,-0.61721259,-0.23144120,0.00000000,0.00000000,-0.80883718,2.17000008,0.86544216,0.16800693,0.47524428,0.00000000,0.00000000
-2.30035734,0.37107611,2.10348177,-0.50495470,-0.23030087,0.00000000,0.00000000,-0.77672476,2.17000008,0.88456929,0.11654050,0.50002044,0.00000000,0.00000000
-2.34978771,0.43471944,2.08559728,-0.40505141,-0.25262293,0.00000000,0.00000000,-0.74451602,2.17000008,0.90616179,0.06792422,0.53361100,0.00000000,0.00000000
-2.40003848,0.48757598,2.06410909,-0.32313800,-0.27410072,0.00000000,0.00000000,-0.71115404,2.17000008,0.92973453,0.02069602,0.55860519,0.00000000,0.00000000
-2.45591187,0.52439094,2.03961301,-0.26444629,-0.29232523,0.00000000,0.00000000,-0.67632544,2.17000008,0.95433617,-0.02740194,0.57968086,0.00000000,0.00000000
-2.51807618,0.53844744,2.01230121,-0.23002346,-0.31393296,0.00000000,0.00000000,-0.64039451,2.17000008,0.97847426,-0.07824977,0.60011196,0.00000000,0.00000000
-2.58300209,0.52764070,1.98258960,-0.21942842,-0.34880009,0.00000000,0.00000000,-0.60366231,2.17000008,1.00025976,-0.13279513,0.61596215,0.00000000,0.00000000
-2.64555073,0.49974912,1.95156538,-0.23318192,-0.38127327,0.00000000,0.00000000,-0.56517249,2.17000008,1.01780093,-0.18989615,0.62023228,0.00000000,0.00000000
-2.70202446,0.45616940,1.91914272,-0.26969874,-0.43160239,0.00000000,0.00000000,-0.52387887,2.17000008,1.02968466,-0.24692680,0.62498415,0.00000000,0.00000000
-2.74567318,0.39318839,1.88473654,-0.32484853,-0.49052271,0.00000000,0.00000000,-0.47949079,2.16949821,1.03563452,-0.30041438,0.62724316,0.00000000,0.00000000
-2.76714301,0.31154466,1.84879947,-0.39555246,-0.52899450,0.00000000,0.00000000,-0.43113327,2.16140842,1.03717256,-0.34556454,0.62506437,0.00000000,0.00000000
-2.75658703,0.21629901,1.81299841,-0.48020318,-0.57667154,0.00000000,0.00000000,-0.37686038,2.13027668,1.03751719,-0.37662709,0.59758300,0.00000000,0.00000000
-2.70595241,0.10986672,1.77865446,-0.57755816,-0.60301912,0.00000000,0.00000000,-0.31828681,2.07624888,1.03988814,-0.38920015,0.57863450,0.00000000,0.00000000
-2.60903549,-0.01298400,1.74485075,-0.68412179,-0.62115216,0.00000000,0.00000000,-0.26307747,2.01186490,1.04566097,-0.37880820,0.57743412,0.00000000,0.00000000
-2.46187377,-0.16468421,1.70718002,-0.79149640,-0.63382852,0.00000000,0.00000000,-0.22141477,1.95312846,1.05489278,-0.34148464,0.60025460,0.00000000,0.00000000
-2.26654005,-0.35451707,1.66010463,-0.88713592,-0.62245119,0.00000000,0.00000000,-0.20311949,1.90301692,1.06777084,-0.28212851,0.60621017,0.00000000,0.00000000
-2.03298187,-0.58282757,1.59990394,-0.95282775,-0.59917134,0.00000000,0.00000000,-0.21643338,1.85342717,1.08355284,-0.21017951,0.60707504,0.00000000,0.00000000
-1.78011549,-0.83330244,1.52973115,-0.97204137,-0.58529121,0.00000000,0.00000000,-0.26173300,1.79804564,1.10093832,-0.13068713,0.62417203,0.00000000,0.00000000
-1.53246057,-1.07683778,1.45884013,-0.93691093,-0.56790417,0.00000000,0.00000000,-0.33259839,1.73916245,1.11913645,-0.04238079,0.67560339,0.00000000,0.00000000
-1.31296015,-1.28456116,1.39631832,-0.85138994,-0.53108013,0.00000000,0.00000000,-0.42659539,1.67372978,1.13755190,0.05445309,0.73216671,0.00000000,0.00000000
-1.13315308,-1.44088173,1.34545159,-0.73418635,-0.49063241,0.00000000,0.00000000,-0.54250604,1.59632170,1.15617144,0.16152616,0.77006781,0.00000000,0.00000000
-0.98935872,-1.55101573,1.30188191,-0.61283165,-0.47137910,0.00000000,0.00000000,-0.67910826,1.50523090,1.17552769,0.28305262,0.78103578,0.00000000,0.00000000
-0.87156808,-1.62996030,1.25940084,-0.50668329,-0.47665632,0.00000000,0.00000000,-0.83803642,1.39430535,1.19700813,0.41933101,0.77879423,0.00000000,0.00000000
-0.77129179,-1.68935704,1.21469891,-0.42308483,-0.47775516,0.00000000,0.00000000,-1.02354538,1.25229192,1.22319520,0.56270653,0.76805711,0.00000000,0.00000000
-0.68593538,-1.73083186,1.16784286,-0.35948780,-0.48917842,0.00000000,0.00000000,-1.23989475,1.06848121,1.25656402,0.69452798,0.75007540,0.00000000,0.00000000
-0.61750191,-1.75236797,1.11969686,-0.30965769,-0.48151225,0.00000000,0.00000000,-1.48336089,0.84446973,1.29577863,0.79200161,0.73251021,0.00000000,0.00000000
-0.56763172,-1.75809860,1.07010186,-0.27053973,-0.51512957,0.00000000,0.00000000,-1.73734713,0.60031927,1.33370078,0.84174705,0.72724229,0.00000000,0.00000000
-0.53923923,-1.75359988,1.01861596,-0.23934218,-0.52275395,0.00000000,0.00000000,-1.97848070,0.36561975,1.36041892,0.84218872,0.73942822,0.00000000,0.00000000
-0.53375834,-1.74363458,0.96515119,-0.21406238,-0.52591515,0.00000000,0.00000000,-2.18645716,0.16694891,1.36841071,0.80183280,0.76040256,0.00000000,0.00000000
-0.54909015,-1.73396385,0.90989190,-0.19482148,-0.50773966,0.00000000,0.00000000,-2.35029769,0.01658481,1.35728920,0.73607296,0.80125421,0.00000000,0.00000000
-0.58005279,-1.72991574,0.85336637,-0.18285348,-0.48106128,0.00000000,0.00000000,-2.46925306,-0.08912864,1.33273363,0.65977824,0.86737359,0.00000000,0.00000000
-0.61944056,-1.73473108,0.79639477,-0.17934819,-0.46140808,0.00000000,0.00000000,-2.54972339,-0.16243359,1.30194581,0.58313197,0.91903627,0.00000000,0.00000000
-0.66068882,-1.74697435,0.73999065,-0.18357639,-0.46467382,0.00000000,0.00000000,-2.60112095,-0.21417171,1.26943660,0.51163065,0.96041310,0.00000000,0.00000000
-0.69781721,-1.76554334,0.68508720,-0.19501902,-0.46455199,0.00000000,0.00000000,-2.63232160,-0.25355813,1.23790383,0.44758007,0.98187637,0.00000000,0.00000000
-0.72657579,-1.78785861,0.63260525,-0.21192628,-0.49339014,0.00000000,0.00000000,-2.65074921,-0.28525451,1.20811164,0.39170668,0.98518091,0.00000000,0.00000000
-0.74475819,-1.81125450,0.58332360,-0.23208299,-0.48978522,0.00000000,0.00000000,-2.66164732,-0.31155360,1.17987621,0.34360605,0.99192196,0.00000000,0.00000000
-0.75144953,-1.83428073,0.53781283,-0.25377098,-0.48567829,0.00000000,0.00000000,-2.66809392,-0.33410349,1.15283847,0.30206978,1.00134552,0.00000000,0.00000000
-0.74673879,-1.85555160,0.49644420,-0.27538589,-0.50552082,0.00000000,0.00000000,-2.67223501,-0.35328484,1.12648249,0.26612836,0.98356414,0.00000000,0.00000000
-0.73151243,-1.87424076,0.45929646,-0.29580873,-0.49454415,0.00000000,0.00000000,-2.67549396,-0.36886716,1.10033476,0.23514424,0.97363615,0.00000000,0.00000000
-0.70805913,-1.89031971,0.42598423,-0.31436446,-0.47584373,0.00000000,0.00000000,-2.67853904,-0.38119301,1.07416177,0.20847704,0.95446521,0.00000000,0.00000000
-0.67932618,-1.90457511,0.39571121,-0.33097994,-0.43083298,0.00000000,0.00000000,-2.68208575,-0.39131683,1.04793072,0.18563297,0.93575966,0.00000000,0.00000000
-0.64714265,-1.91931856,0.36754838,-0.34683093,-0.33848676,0.00000000,0.00000000,-2.68732500,-0.40133181,1.02177703,0.16612771,0.90908456,0.00000000,0.00000000
-0.61542231,-1.93541920,0.34027922,-0.36226726,-0.26075828,0.00000000,0.00000000,-2.69441247,-0.41184348,0.99566448,0.14934620,0.89560026,0.00000000,0.00000000
-0.58725929,-1.95402837,0.31296566,-0.37799299,-0.21835300,0.00000000,0.00000000,-2.70322537,-0.42347926,0.96954077,0.13463078,0.89606315,0.00000000,0.00000000
-0.56331474,-1.97647738,0.28540617,-0.39518809,-0.16001210,0.00000000,0.00000000,-2.71414161,-0.43619692,0.94333321,0.12187400,0.92369539,0.00000000,0.00000000
-0.54297078,-2.00344539,0.25797930,-0.41474560,-0.12497921,0.00000000,0.00000000,-2.72768426,-0.44866216,0.91690707,0.11156376,0.97244024,0.00000000,0.00000000
-0.52567917,-2.03227377,0.23131356,-0.43478328,-0.09158435,0.00000000,0.00000000,-2.74332666,-0.45992497,0.89012003,0.10378812,1.03252316,0.00000000,0.00000000
-0.51201737,-2.05691195,0.20584132,-0.44937938,-0.06638490,0.00000000,0.00000000,-2.75904489,-0.47082555,0.86288220,0.09756061,1.09582281,0.00000000,0.00000000
-0.50094748,-2.07764482,0.18198319,-0.45560932,-0.07585409,0.00000000,0.00000000,-2.77238560,-0.48350748,0.83515340,0.09138428,1.19047928,0.00000000,0.00000000
-0.49069107,-2.09687114,0.16015948,-0.45317614,-0.06639212,0.00000000,0.00000000,-2.78047562,-0.50045931,0.80689150,0.08358978,1.27853894,0.00000000,0.00000000
-0.48026979,-2.11505628,0.14049852,-0.44449425,-0.03852593,0.00000000,0.00000000,-2.78338385,-0.52134311,0.77808106,0.07464687,1.33037460,0.00000000,0.00000000
-0.46989334,-2.13098526,0.12275220,-0.43298361,0.00579013,0.00000000,0.00000000,-2.78229856,-0.54373628,0.74869710,0.06605648,1.33615685,0.00000000,0.00000000
-0.45943221,-2.14245248,0.10676959,-0.42047277,0.06701082,0.00000000,0.00000000,-2.77824903,-0.56629997,0.71876436,0.05867872,1.32427847,0.00000000,0.00000000
-0.44896647,-2.14724755,0.09227474,-0.40755421,0.12534593,0.00000000,0.00000000,-2.77226377,-0.58860737,0.68835151,0.05278540,1.32482791,0.00000000,0.00000000
-0.43986863,-2.14432764,0.07858346,-0.39453030,0.16155693,0.00000000,0.00000000,-2.76552796,-0.61082202,0.65754873,0.04838034,1.33076799,0.00000000,0.00000000
-0.43295738,-2.13530874,0.06508649,-0.38278812,0.18755651,0.00000000,0.00000000,-2.75876451,-0.63347119,0.62643480,0.04507810,1.33765590,0.00000000,0.00000000
-0.42876452,-2.12334752,0.05124427,-0.37370417,0.18012777,0.00000000,0.00000000,-2.75236964,-0.65754646,0.59508014,0.04214223,1.33304751,0.00000000,0.00000000
-0.42713398,-2.10958624,0.03683667,-0.36641091,0.18048371,0.00000000,0.00000000,-2.74673820,-0.68281806,0.56353444,0.03915222,1.35014582,0.00000000,0.00000000
-0.42792347,-2.09460282,0.02169130,-0.35965869,0.15022649,0.00000000,0.00000000,-2.74271894,-0.70680737,0.53183317,0.03670974,1.40477324,0.00000000,0.00000000
-0.43154150,-2.08115435,0.00544646,-0.35370511,0.10936044,0.00000000,0.00000000,-2.73973680,-0.72786134,0.49999741,0.03453876,1.46220732,0.00000000,0.00000000
-0.43793660,-2.06985736,-0.01216417,-0.34768498,0.07600754,0.00000000,0.00000000,-2.73642230,-0.74593151,0.46805421,0.03148144,1.49310184,0.00000000,0.00000000
-0.44699886,-2.06038857,-0.03135137,-0.34060383,0.04950011,0.00000000,0.00000000,-2.73222113,-0.76109356,0.43605596,0.02666170,1.51013422,0.00000000,0.00000000
-0.45827636,-2.05321503,-0.05215031,-0.33244133,0.01367543,0.00000000,0.00000000,-2.72732925,-0.77291882,0.40408111,0.01973840,1.50425005,0.00000000,0.00000000
-0.47171092,-2.04897189,-0.07457095,-0.32363784,-0.00069913,0.00000000,0.00000000,-2.72264051,-0.78066963,0.37224025,0.01079904,1.51755822,0.00000000,0.00000000
-0.48718259,-2.04887533,-0.09848896,-0.31513563,-0.00990493,0.00000000,0.00000000,-2.71772480,-0.78362578,0.34067509,-0.00018884,1.52274406,0.00000000,0.00000000
-0.50414842,-2.05350828,-0.12361459,-0.30761388,0.00272383,0.00000000,0.00000000,-2.71237469,-0.78111649,0.30956590,-0.01289946,1.52465785,0.00000000,0.00000000
-0.52163517,-2.06306863,-0.14950691,-0.30163804,0.00860502,0.00000000,0.00000000,-2.70661211,-0.77341688,0.27912438,-0.02699341,1.51546800,0.00000000,0.00000000
-0.53899145,-2.07691336,-0.17577106,-0.29742736,-0.00993311,0.00000000,0.00000000,-2.70000315,-0.76164818,0.24958307,-0.04217967,1.52514827,0.00000000,0.00000000
-0.55568880,-2.09382272,-0.20205072,-0.29496017,-0.03224698,0.00000000,0.00000000,-2.69132566,-0.74794108,0.22117209,-0.05831364,1.54637706,0.00000000,0.00000000
-0.57095277,-2.11197448,-0.22799908,-0.29384339,-0.02998277,0.00000000,0.00000000,-2.68010902,-0.73545313,0.19403374,-0.07538552,1.56816947,0.00000000,0.00000000
-0.58402503,-2.12926126,-0.25331220,-0.29342118,-0.06315054,0.00000000,0.00000000,-2.66561961,-0.72555083,0.16825591,-0.09258547,1.58401406,0.00000000,0.00000000
-0.59466815,-2.14402461,-0.27777126,-0.29319954,-0.08581801,0.00000000,0.00000000,-2.64791059,-0.71632177,0.14380483,-0.10740980,1.60804594,0.00000000,0.00000000
-0.60278296,-2.15583229,-0.30112329,-0.29327312,-0.11924499,0.00000000,0.00000000,-2.62708092,-0.70708770,0.12052965,-0.11833764,1.61788583,0.00000000,0.00000000
-0.60864675,-2.16428804,-0.32316664,-0.29376799,-0.15993515,0.00000000,0.00000000,-2.60402441,-0.69934583,0.09812385,-0.12547664,1.65598547,0.00000000,0.00000000
-0.61251354,-2.16879988,-0.34368911,-0.29462662,-0.15337746,0.00000000,0.00000000,-2.57945728,-0.69407952,0.07625823,-0.12909421,1.67194343,0.00000000,0.00000000
-0.61452121,-2.16993093,-0.36249819,-0.29544082,-0.15374041,0.00000000,0.00000000,-2.55421376,-0.69155461,0.05461427,-0.12939402,1.67812181,0.00000000,0.00000000
-0.61506712,-2.17000008,-0.37953597,-0.29543990,-0.16486809,0.00000000,0.00000000,-2.52911854,-0.69135505,0.03291976,-0.12645377,1.68838143,0.00000000,0.00000000
-0.61491781,-2.17000008,-0.39488581,-0.29391330,-0.14627735,0.00000000,0.00000000,-2.50498676,-0.69305962,0.01095124,-0.12048388,1.68250525,0.00000000,0.00000000
-0.61493695,-2.17000008,-0.40873042,-0.29025784,-0.17994855,0.00000000,0.00000000,-2.48235059,-0.69626468,-0.01144373,-0.11175171,1.68652081,0.00000000,0.00000000
-0.61567295,-2.17000008,-0.42127651,-0.28387731,-0.20274813,0.00000000,0.00000000,-2.46142197,-0.70028174,-0.03434562,-0.10035001,1.70384157,0.00000000,0.00000000
-0.61707824,-2.17000008,-0.43267614,-0.27431160,-0.23007967,0.00000000,0.00000000,-2.44284415,-0.70470655,-0.05781153,-0.08647189,1.69560719,0.00000000,0.00000000
-0.61873239,-2.17000008,-0.44301331,-0.26146272,-0.26655325,0.00000000,0.00000000,-2.42704892,-0.70935094,-0.08182983,-0.07038239,1.70242250,0.00000000,0.00000000
-0.62001342,-2.17000008,-0.45232964,-0.24547045,-0.29072067,0.00000000,0.00000000,-2.41445231,-0.71407706,-0.10632277,-0.05239421,1.70116007,0.00000000,0.00000000
-0.62019396,-2.17000008,-0.46066412,-0.22661434,-0.30730632,0.00000000,0.00000000,-2.40543938,-0.71881813,-0.13114542,-0.03285455,1.69841802,0.00000000,0.00000000
-0.61855596,-2.17000008,-0.46806037,-0.20555365,-0.31277919,0.00000000,0.00000000,-2.39999247,-0.72371781,-0.15608503,-0.01220904,1.68839645,0.00000000,0.00000000
-0.61472934,-2.17000008,-0.47461632,-0.18325077,-0.30977237,0.00000000,0.00000000,-2.39797449,-0.72897053,-0.18088907,0.00902045,1.68336749,0.00000000,0.00000000
-0.60893083,-2.17000008,-0.48051482,-0.16082770,-0.29036075,0.00000000,0.00000000,-2.39936948,-0.73461169,-0.20528671,0.03029806,1.67377591,0.00000000,0.00000000
-0.60186952,-2.17000008,-0.48600921,-0.13931102,-0.24310066,0.00000000,0.00000000,-2.40448594,-0.74038857,-0.22900146,0.05111704,1.65661514,0.00000000,0.00000000
-0.59401208,-2.17000008,-0.49131519,-0.11956538,-0.20378634,0.00000000,0.00000000,-2.41368961,-0.74571717,-0.25177824,0.07109687,1.64336789,0.00000000,0.00000000
-0.58640337,-2.17000008,-0.49660304,-0.10278444,-0.15574653,0.00000000,0.00000000,-2.42608595,-0.75086075,-0.27345029,0.08961388,1.63009274,0.00000000,0.00000000
-0.58005339,-2.17000008,-0.50199175,-0.08984657,-0.12950385,0.00000000,0.00000000,-2.44037652,-0.75604618,-0.29394197,0.10621919,1.62278068,0.00000000,0.00000000
-0.57552874,-2.17000008,-0.50754148,-0.08113668,-0.12179077,0.00000000,0.00000000,-2.45549178,-0.76118267,-0.31325594,0.12067699,1.62018442,0.00000000,0.00000000
-0.57314157,-2.17000008,-0.51327157,-0.07669082,-0.09628160,0.00000000,0.00000000,-2.47089815,-0.76641130,-0.33144581,0.13264178,1.60516822,0.00000000,0.00000000
-0.57277888,-2.17000008,-0.51916564,-0.07620490,-0.10105478,0.00000000,0.00000000,-2.48627305,-0.77180922,-0.34859762,0.14188392,1.57938504,0.00000000,0.00000000
-0.57376349,-2.17000008,-0.52517074,-0.07896799,-0.12244731,0.00000000,0.00000000,-2.50131726,-0.77678949,-0.36478752,0.14872319,1.56754470,0.00000000,0.00000000
-0.57542545,-2.17000008,-0.53121454,-0.08418651,-0.13242063,0.00000000,0.00000000,-2.51539350,-0.78075492,-0.38011128,0.15371341,1.54035032,0.00000000,0.00000000
-0.57748580,-2.17000008,-0.53722197,-0.09112100,-0.15308455,0.00000000,0.00000000,-2.52816844,-0.78376538,-0.39466187,0.15700249,1.51362991,0.00000000,0.00000000
-0.57978266,-2.17000008,-0.54311997,-0.09888472,-0.15480855,0.00000000,0.00000000,-2.53958869,-0.78579724,-0.40850216,0.15877907,1.47874641,0.00000000,0.00000000
-0.58212024,-2.17000008,-0.54883397,-0.10665485,-0.14253023,0.00000000,0.00000000,-2.55013371,-0.78693116,-0.42165598,0.15908183,1.45211244,0.00000000,0.00000000
-0.58422685,-2.17000008,-0.55428106,-0.11373176,-0.13071559,0.00000000,0.00000000,-2.55985260,-0.78696239,-0.43414459,0.15820983,1.43125248,0.00000000,0.00000000
-0.58589059,-2.17000008,-0.55936956,-0.11979669,-0.11032379,0.00000000,0.00000000,-2.56835699,-0.78581864,-0.44601029,0.15659958,1.41519046,0.00000000,0.00000000
-0.58695465,-2.17000008,-0.56401503,-0.12483151,-0.07915688,0.00000000,0.00000000,-2.57577801,-0.78390586,-0.45728222,0.15438044,1.37730742,0.00000000,0.00000000
-0.58724391,-2.17000008,-0.56815392,-0.12887189,-0.06598947,0.00000000,0.00000000,-2.58246422,-0.78142130,-0.46797109,0.15170652,1.35784864,0.00000000,0.00000000
-0.58661050,-2.17000008,-0.57174873,-0.13200086,-0.04948607,0.00000000,0.00000000,-2.58848476,-0.77829593,-0.47809720,0.14896171,1.34421182,0.00000000,0.00000000
-0.58517081,-2.17000008,-0.57479316,-0.13446592,-0.03337820,0.00000000,0.00000000,-2.59378362,-0.77465576,-0.48769474,0.14643073,1.32939947,0.00000000,0.00000000
-0.58317864,-2.17000008,-0.57730061,-0.13658458,-0.01996408,0.00000000,0.00000000,-2.59801197,-0.77053905,-0.49681512,0.14437123,1.33794808,0.00000000,0.00000000
-0.58092141,-2.17000008,-0.57929730,-0.13857301,-0.01015959,0.00000000,0.00000000,-2.60107350,-0.76621288,-0.50549662,0.14274748,1.33438981,0.00000000,0.00000000
-0.57840741,-2.17000008,-0.58079779,-0.14047025,-0.00702846,0.00000000,0.00000000,-2.60312843,-0.76209474,-0.51377201,0.14128795,1.32690740,0.00000000,0.00000000
-0.57551283,-2.17000008,-0.58181053,-0.14224952,0.00382711,0.00000000,0.00000000,-2.60406590,-0.75820178,-0.52166045,0.13996497,1.31565762,0.00000000,0.00000000
-0.57215214,-2.17000008,-0.58235902,-0.14383996,0.00888648,0.00000000,0.00000000,-2.60390306,-0.75426537,-0.52914125,0.13887773,1.29097843,0.00000000,0.00000000
-0.56821251,-2.17000008,-0.58246225,-0.14529173,0.00698774,0.00000000,0.00000000,-2.60279632,-0.75041866,-0.53620422,0.13784289,1.26872802,0.00000000,0.00000000
-0.56371927,-2.17000008,-0.58214808,-0.14675879,0.00453402,0.00000000,0.00000000,-2.60084987,-0.74700910,-0.54282975,0.13665046,1.24719560,0.00000000,0.00000000
-0.55875063,-2.17000008,-0.58146757,-0.14835121,0.00901266,0.00000000,0.00000000,-2.59809852,-0.74408835,-0.54897368,0.13533631,1.20842409,0.00000000,0.00000000
-0.55325210,-2.17000008,-0.58047116,-0.15014347,0.02675397,0.00000000,0.00000000,-2.59429955,-0.74155658,-0.55461168,0.13415632,1.16985512,0.00000000,0.00000000
-0.54733229,-2.17000008,-0.57923716,-0.15212287,0.05459723,0.00000000,0.00000000,-2.58950114,-0.73945004,-0.55970341,0.13321573,1.15620184,0.00000000,0.00000000
-0.54112816,-2.17000008,-0.57785296,-0.15428561,0.08398119,0.00000000,0.00000000,-2.58379340,-0.73786229,-0.56419885,0.13262734,1.16466796,0.00000000,0.00000000
-0.53501624,-2.17000008,-0.57642895,-0.15661918,0.12365019,0.00000000,0.00000000,-2.57726192,-0.73691398,-0.56804311,0.13246359,1.18487287,0.00000000,0.00000000
-0.52935070,-2.17000008,-0.57509375,-0.15888406,0.12703928,0.00000000,0.00000000,-2.57059360,-0.73648232,-0.57113856,0.13264714,1.02275074,0.00000000,0.00000000
-0.52458274,-2.17000008,-0.57399398,-0.16078742,0.12507626,0.00000000,0.00000000,-2.56452799,-0.73636675,-0.57337904,0.13313358,0.86209875,0.00000000,0.00000000
-0.52159989,-2.17000008,-0.57332492,-0.16197115,0.10809263,0.00000000,0.00000000,-2.56038928,-0.73636925,-0.57462263,0.13366739,0.69871676,0.00000000,0.00000000
