l_joint1,l_joint2,l_joint3,l_joint4,l_joint5,l_joint6,l_joint7,r_joint1,r_joint2,r_joint3,r_joint4,r_joint5,r_joint6,r_joint7
-2.35796261,-0.40900788,0.10587987,-0.60264367,-0.03302335,0.00000000,0.00000000,-1.68331838,1.10350490,0.29305434,-0.39563778,0.05985452,0.00000000,0.00000000
-2.35842848,-0.40824398,0.10659052,-0.60279179,-0.05072611,0.00000000,0.00000000,-1.68115604,1.10173476,0.29252255,-0.39510620,0.06163357,0.00000000,0.00000000
-2.35923481,-0.40660840,0.10737795,-0.60271388,-0.06416990,0.00000000,0.00000000,-1.67742360,1.09929836,0.29158530,-0.39428216,0.07198284,0.00000000,0.00000000
-2.36034584,-0.40473425,0.10780133,-0.60256344,-0.07619260,0.00000000,0.00000000,-1.67270911,1.09681499,0.29038590,-0.39339590,0.08971634,0.00000000,0.00000000
-2.36173081,-0.40303665,0.10759526,-0.60244048,-0.09240175,0.00000000,0.00000000,-1.66751087,1.09474969,0.28907326,-0.39259928,0.11079195,0.00000000,0.00000000
-2.36335158,-0.40162739,0.10662359,-0.60230076,-0.11374188,0.00000000,0.00000000,-1.66222298,1.09345973,0.28776303,-0.39197865,0.13334505,0.00000000,0.00000000
-2.36518049,-0.40055087,0.10487723,-0.60209733,-0.14151484,0.00000000,0.00000000,-1.65715516,1.09309244,0.28654867,-0.39156389,0.15340222,0.00000000,0.00000000
-2.36720610,-0.39991495,0.10249025,-0.60187507,-0.16492300,0.00000000,0.00000000,-1.65251398,1.09350371,0.28550810,-0.39135560,0.16574866,0.00000000,0.00000000
-2.36943007,-0.39974546,0.09975059,-0.60169178,-0.17796750,0.00000000,0.00000000,-1.64835894,1.09431183,0.28467003,-0.39135745,0.17115556,0.00000000,0.00000000
-2.37184572,-0.39985463,0.09690832,-0.60150039,-0.18748374,0.00000000,0.00000000,-1.64467132,1.09527838,0.28400749,-0.39154109,0.17879002,0.00000000,0.00000000
-2.37443733,-0.40013918,0.09414316,-0.60131198,-0.19957146,0.00000000,0.00000000,-1.64144087,1.09626126,0.28347015,-0.39186421,0.18029055,0.00000000,0.00000000
-2.37719369,-0.40056649,0.09161005,-0.60117924,-0.21328922,0.00000000,0.00000000,-1.63863742,1.09711432,0.28301138,-0.39228830,0.18150379,0.00000000,0.00000000
-2.38011575,-0.40108061,0.08942892,-0.60112405,-0.22791812,0.00000000,0.00000000,-1.63620245,1.09770548,0.28259075,-0.39279464,0.17024502,0.00000000,0.00000000
-2.38320827,-0.40157220,0.08764701,-0.60109591,-0.23860367,0.00000000,0.00000000,-1.63408625,1.09799707,0.28216970,-0.39337507,0.15564169,0.00000000,0.00000000
-2.38646626,-0.40189764,0.08623573,-0.60097224,-0.25486660,0.00000000,0.00000000,-1.63226390,1.09808517,0.28171453,-0.39401272,0.14110664,0.00000000,0.00000000
-2.38987708,-0.40195289,0.08510570,-0.60062301,-0.26314971,0.00000000,0.00000000,-1.63074017,1.09816432,0.28121024,-0.39467251,0.12930749,0.00000000,0.00000000
-2.39342642,-0.40174705,0.08415961,-0.59999788,-0.27688223,0.00000000,0.00000000,-1.62953532,1.09841621,0.28066480,-0.39530358,0.12476289,0.00000000,0.00000000
-2.39711046,-0.40135226,0.08336056,-0.59912056,-0.28889942,0.00000000,0.00000000,-1.62864602,1.09891391,0.28009960,-0.39584169,0.12461553,0.00000000,0.00000000
-2.40093780,-0.40085545,0.08273345,-0.59805298,-0.31444544,0.00000000,0.00000000,-1.62803090,1.09961367,0.27953348,-0.39622480,0.11281415,0.00000000,0.00000000
-2.40492654,-0.40039152,0.08231632,-0.59689695,-0.33567914,0.00000000,0.00000000,-1.62762344,1.10039043,0.27897507,-0.39642456,0.09658021,0.00000000,0.00000000
-2.40909791,-0.40001684,0.08212361,-0.59569770,-0.35820580,0.00000000,0.00000000,-1.62734461,1.10116506,0.27841979,-0.39642680,0.08123694,0.00000000,0.00000000
-2.41347408,-0.39965370,0.08218453,-0.59441137,-0.37309572,0.00000000,0.00000000,-1.62710905,1.10189235,0.27785298,-0.39621121,0.06128505,0.00000000,0.00000000
-2.41806912,-0.39933568,0.08258181,-0.59307402,-0.38237640,0.00000000,0.00000000,-1.62686801,1.10240054,0.27725857,-0.39580634,0.04861352,0.00000000,0.00000000
-2.42286992,-0.39913514,0.08338227,-0.59174871,-0.40420502,0.00000000,0.00000000,-1.62661469,1.10255253,0.27662262,-0.39528447,0.04158346,0.00000000,0.00000000
-2.42783141,-0.39915603,0.08459068,-0.59052181,-0.43477374,0.00000000,0.00000000,-1.62636876,1.10233319,0.27593386,-0.39473340,0.04344286,0.00000000,0.00000000
-2.43290877,-0.39932689,0.08621963,-0.58937979,-0.47353345,0.00000000,0.00000000,-1.62609148,1.10180247,0.27517027,-0.39418542,0.04570501,0.00000000,0.00000000
-2.43806243,-0.39957252,0.08831137,-0.58831513,-0.50461191,0.00000000,0.00000000,-1.62572873,1.10096288,0.27430892,-0.39365813,0.05696860,0.00000000,0.00000000
-2.44326925,-0.39982936,0.09094462,-0.58732694,-0.53608853,0.00000000,0.00000000,-1.62523973,1.09972012,0.27332786,-0.39317775,0.07724898,0.00000000,0.00000000
-2.44848490,-0.40007070,0.09410697,-0.58642524,-0.56996626,0.00000000,0.00000000,-1.62466526,1.09812701,0.27221772,-0.39279008,0.10288120,0.00000000,0.00000000
-2.45362616,-0.40032208,0.09761920,-0.58563268,-0.59481913,0.00000000,0.00000000,-1.62413692,1.09651196,0.27098548,-0.39256454,0.13122615,0.00000000,0.00000000
-2.45857263,-0.40058509,0.10114311,-0.58493799,-0.62515539,0.00000000,0.00000000,-1.62379730,1.09542263,0.26966238,-0.39257848,0.15407075,0.00000000,0.00000000
-2.46325397,-0.40082681,0.10455697,-0.58433092,-0.65455425,0.00000000,0.00000000,-1.62365937,1.09514046,0.26829511,-0.39290470,0.18394193,0.00000000,0.00000000
-2.46764588,-0.40103132,0.10790068,-0.58382547,-0.67660630,0.00000000,0.00000000,-1.62364030,1.09572220,0.26693103,-0.39355677,0.20261349,0.00000000,0.00000000
-2.47168779,-0.40121484,0.11092047,-0.58339113,-0.69889706,0.00000000,0.00000000,-1.62343359,1.09660959,0.26556182,-0.39450261,0.22397164,0.00000000,0.00000000
-2.47530961,-0.40140846,0.11333275,-0.58299738,-0.71819544,0.00000000,0.00000000,-1.62287736,1.09798992,0.26416239,-0.39570028,0.25398856,0.00000000,0.00000000
-2.47849798,-0.40140560,0.11533839,-0.58255023,-0.74635744,0.00000000,0.00000000,-1.62208056,1.10113931,0.26275802,-0.39715844,0.28583264,0.00000000,0.00000000
-2.48110819,-0.40065113,0.11670171,-0.58164722,-0.76750129,0.00000000,0.00000000,-1.62073302,1.10447264,0.26133391,-0.39890361,0.31586340,0.00000000,0.00000000
-2.48315263,-0.40016866,0.11793332,-0.58097142,-0.78835809,0.00000000,0.00000000,-1.61912608,1.10736525,0.25983691,-0.40046528,0.34558833,0.00000000,0.00000000
-2.48450828,-0.39976695,0.11894257,-0.58036125,-0.80454546,0.00000000,0.00000000,-1.61724222,1.10927367,0.25812733,-0.40188098,0.37992457,0.00000000,0.00000000
-2.48512959,-0.39922050,0.11989661,-0.57971269,-0.81319112,0.00000000,0.00000000,-1.61490047,1.10982144,0.25614217,-0.40309691,0.41149393,0.00000000,0.00000000
-2.48493361,-0.39864966,0.12061775,-0.57904321,-0.82719713,0.00000000,0.00000000,-1.61206222,1.10954762,0.25381407,-0.40416670,0.43916306,0.00000000,0.00000000
-2.48384976,-0.39801234,0.12109801,-0.57829231,-0.83842629,0.00000000,0.00000000,-1.60847592,1.11028004,0.25109655,-0.40535179,0.45873818,0.00000000,0.00000000
-2.48183870,-0.39712933,0.12165012,-0.57735544,-0.85530615,0.00000000,0.00000000,-1.60379231,1.11124814,0.24800758,-0.40675801,0.47921076,0.00000000,0.00000000
-2.47882891,-0.39603543,0.12248262,-0.57620680,-0.86334175,0.00000000,0.00000000,-1.59791708,1.11246502,0.24454105,-0.40834680,0.49370569,0.00000000,0.00000000
-2.47465301,-0.39478377,0.12337101,-0.57473511,-0.87081218,0.00000000,0.00000000,-1.59086156,1.11419344,0.24065284,-0.41000855,0.50373995,0.00000000,0.00000000
-2.46917892,-0.39324155,0.12436861,-0.57278848,-0.88720709,0.00000000,0.00000000,-1.58326340,1.11547112,0.23639371,-0.41153353,0.50711244,0.00000000,0.00000000
-2.46224070,-0.39199600,0.12530215,-0.57060045,-0.89964610,0.00000000,0.00000000,-1.57555926,1.11637497,0.23181237,-0.41293231,0.50967467,0.00000000,0.00000000
-2.45368028,-0.39082959,0.12634981,-0.56796461,-0.91546947,0.00000000,0.00000000,-1.56831813,1.11721885,0.22711343,-0.41413268,0.50094867,0.00000000,0.00000000
-2.44322395,-0.39021724,0.12711243,-0.56491828,-0.93719578,0.00000000,0.00000000,-1.56142473,1.11800253,0.22242126,-0.41521174,0.50338501,0.00000000,0.00000000
-2.43070531,-0.39033741,0.12783064,-0.56145912,-0.95736384,0.00000000,0.00000000,-1.55497313,1.11899316,0.21789090,-0.41620013,0.49847528,0.00000000,0.00000000
-2.41595650,-0.39107895,0.12889522,-0.55745035,-0.97667831,0.00000000,0.00000000,-1.54913533,1.12015605,0.21362352,-0.41710284,0.49196735,0.00000000,0.00000000
-2.39873171,-0.39285755,0.13034472,-0.55298412,-0.99117839,0.00000000,0.00000000,-1.54370928,1.12102556,0.20956220,-0.41796604,0.48447180,0.00000000,0.00000000
-2.37890816,-0.39572626,0.13289712,-0.54810935,-0.99928504,0.00000000,0.00000000,-1.53853428,1.12137604,0.20567198,-0.41870081,0.48022264,0.00000000,0.00000000
-2.35629845,-0.39961091,0.13709998,-0.54276317,-1.01363111,0.00000000,0.00000000,-1.53340816,1.12076640,0.20187667,-0.41932118,0.47590294,0.00000000,0.00000000
-2.33061957,-0.40434727,0.14318506,-0.53674078,-1.03343320,0.00000000,0.00000000,-1.52773297,1.11984146,0.19803306,-0.42004949,0.46777299,0.00000000,0.00000000
-2.30159020,-0.40963933,0.15154618,-0.52979660,-1.05363572,0.00000000,0.00000000,-1.52099049,1.11966705,0.19400820,-0.42112973,0.46948481,0.00000000,0.00000000
-2.26890373,-0.41583422,0.16247132,-0.52202618,-1.07681656,0.00000000,0.00000000,-1.51296937,1.11951947,0.18968415,-0.42252421,0.46616369,0.00000000,0.00000000
-2.23217106,-0.42337736,0.17592783,-0.51343608,-1.10318494,0.00000000,0.00000000,-1.50379252,1.11948216,0.18499799,-0.42411181,0.46416205,0.00000000,0.00000000
-2.19096661,-0.43253395,0.19168767,-0.50382096,-1.12636042,0.00000000,0.00000000,-1.49350595,1.12010121,0.17998630,-0.42586392,0.46743891,0.00000000,0.00000000
-2.14485431,-0.44366065,0.20925204,-0.49292049,-1.15007436,0.00000000,0.00000000,-1.48217154,1.12170100,0.17479797,-0.42786902,0.46778500,0.00000000,0.00000000
-2.09341311,-0.45741016,0.22771345,-0.48048714,-1.16655397,0.00000000,0.00000000,-1.47014654,1.12479675,0.16966401,-0.43033808,0.46215329,0.00000000,0.00000000
-2.03628850,-0.47463390,0.24576591,-0.46620989,-1.18125296,0.00000000,0.00000000,-1.45813048,1.13011801,0.16485769,-0.43355018,0.44587299,0.00000000,0.00000000
-1.97328615,-0.49614805,0.26193193,-0.44966555,-1.19826365,0.00000000,0.00000000,-1.44690764,1.13854313,0.16067338,-0.43777314,0.43284470,0.00000000,0.00000000
-1.90446544,-0.52248645,0.27480492,-0.43030328,-1.22369826,0.00000000,0.00000000,-1.43680942,1.15086830,0.15739593,-0.44332787,0.42559606,0.00000000,0.00000000
-1.83021820,-0.55378538,0.28338316,-0.40758061,-1.23730612,0.00000000,0.00000000,-1.42787611,1.16756296,0.15531434,-0.45064917,0.41880330,0.00000000,0.00000000
-1.75124276,-0.58951873,0.28719994,-0.38091072,-1.24969208,0.00000000,0.00000000,-1.41962111,1.18799078,0.15468383,-0.46020204,0.41345808,0.00000000,0.00000000
-1.66850984,-0.62923431,0.28629157,-0.35013163,-1.24755466,0.00000000,0.00000000,-1.41093695,1.21160877,0.15567182,-0.47208014,0.40082458,0.00000000,0.00000000
-1.58315074,-0.67237717,0.28105882,-0.31536040,-1.24034691,0.00000000,0.00000000,-1.40018034,1.23764825,0.15822008,-0.48607221,0.37638989,0.00000000,0.00000000
-1.49636459,-0.71833557,0.27211270,-0.27694368,-1.24134016,0.00000000,0.00000000,-1.38554442,1.26492858,0.16193889,-0.50181884,0.35456148,0.00000000,0.00000000
-1.40933549,-0.76663041,0.26018572,-0.23551610,-1.24721289,0.00000000,0.00000000,-1.36536229,1.29217792,0.16613951,-0.51891500,0.33471715,0.00000000,0.00000000
-1.32315397,-0.81709486,0.24605700,-0.19206715,-1.24579084,0.00000000,0.00000000,-1.33808517,1.31830919,0.16992061,-0.53689605,0.30836347,0.00000000,0.00000000
-1.23876595,-0.87015861,0.23045596,-0.14804342,-1.24764574,0.00000000,0.00000000,-1.30222321,1.34254217,0.17228584,-0.55518210,0.27669710,0.00000000,0.00000000
-1.15693676,-0.92683876,0.21398972,-0.10528821,-1.24534655,0.00000000,0.00000000,-1.25641990,1.36471021,0.17231128,-0.57290184,0.25571501,0.00000000,0.00000000
-1.07823396,-0.98843169,0.19709873,-0.06579955,-1.23354375,0.00000000,0.00000000,-1.19959903,1.38556314,0.16945620,-0.58867973,0.23415212,0.00000000,0.00000000
-1.00308120,-1.05600965,0.18003589,-0.03137213,-1.22475553,0.00000000,0.00000000,-1.13116813,1.40672886,0.16402657,-0.60049677,0.20189148,0.00000000,0.00000000
-0.93190026,-1.12989891,0.16288450,-0.00325988,-1.22559321,0.00000000,0.00000000,-1.05127454,1.43013811,0.15754880,-0.60576594,0.17754295,0.00000000,0.00000000
-0.86520272,-1.20931208,0.14561692,0.01803046,-1.23403609,0.00000000,0.00000000,-0.96105200,1.45718145,0.15265560,-0.60179502,0.16245945,0.00000000,0.00000000
-0.80331790,-1.29223168,0.12814765,0.03278577,-1.23789215,0.00000000,0.00000000,-0.86262333,1.48854470,0.15242520,-0.58660072,0.16487019,0.00000000,0.00000000
-0.74588132,-1.37583137,0.11034943,0.04186805,-1.23197341,0.00000000,0.00000000,-0.75870466,1.52491868,0.15962528,-0.55944180,0.16511777,0.00000000,0.00000000
-0.69196540,-1.45745337,0.09207636,0.04628436,-1.21805513,0.00000000,0.00000000,-0.65231621,1.56677496,0.17616896,-0.52071047,0.16110632,0.00000000,0.00000000
-0.64043981,-1.53518248,0.07319803,0.04690723,-1.21323740,0.00000000,0.00000000,-0.54662597,1.61408830,0.20290242,-0.47151211,0.14857404,0.00000000,0.00000000
-0.59024787,-1.60793555,0.05362355,0.04436569,-1.20340586,0.00000000,0.00000000,-0.44485211,1.66625202,0.23967689,-0.41334990,0.13872416,0.00000000,0.00000000
-0.54052961,-1.67526710,0.03330862,0.03908046,-1.20580399,0.00000000,0.00000000,-0.35019743,1.72215736,0.28557926,-0.34800175,0.13832012,0.00000000,0.00000000
-0.49061483,-1.73725951,0.01225253,0.03127002,-1.21790707,0.00000000,0.00000000,-0.26569495,1.78045964,0.33917516,-0.27745888,0.14832795,0.00000000,0.00000000
-0.44001579,-1.79464924,-0.00950503,0.02082672,-1.23439550,0.00000000,0.00000000,-0.19391556,1.83983970,0.39870217,-0.20381320,0.15898295,0.00000000,0.00000000
-0.38851658,-1.84883869,-0.03188352,0.00725566,-1.23964381,0.00000000,0.00000000,-0.13665196,1.89912605,0.46224007,-0.12910217,0.16837789,0.00000000,0.00000000
-0.33628279,-1.90157223,-0.05476043,-0.01017688,-1.24902785,0.00000000,0.00000000,-0.09470747,1.95729399,0.52787864,-0.05515499,0.17862396,0.00000000,0.00000000
-0.28389195,-1.95447063,-0.07797407,-0.03219727,-1.25694752,0.00000000,0.00000000,-0.06780117,2.01332784,0.59387064,0.01650453,0.19821638,0.00000000,0.00000000
-0.23231351,-2.00849748,-0.10133418,-0.05922850,-1.25872636,0.00000000,0.00000000,-0.05455958,2.06579113,0.65876508,0.08459142,0.22093633,0.00000000,0.00000000
-0.18287849,-2.06300473,-0.12464987,-0.09081903,-1.27077627,0.00000000,0.00000000,-0.05263105,2.11195254,0.72155601,0.14774114,0.25486875,0.00000000,0.00000000
-0.13727692,-2.11381578,-0.14779808,-0.12451082,-1.28735280,0.00000000,0.00000000,-0.05895695,2.14681244,0.78187466,0.20408939,0.28183416,0.00000000,0.00000000
-0.09771536,-2.15108085,-0.17086427,-0.15460703,-1.29143572,0.00000000,0.00000000,-0.07008394,2.16505933,0.84009790,0.25145867,0.29973340,0.00000000,0.00000000
-0.06682156,-2.16683221,-0.19424097,-0.17320789,-1.29419601,0.00000000,0.00000000,-0.08245633,2.16687489,0.89694917,0.28893170,0.32502005,0.00000000,0.00000000
-0.04646650,-2.16959238,-0.21837339,-0.17535810,-1.29270542,0.00000000,0.00000000,-0.09291096,2.15630627,0.95242655,0.31879693,0.34904718,0.00000000,0.00000000
-0.03656849,-2.16588140,-0.24330674,-0.16355470,-1.29307282,0.00000000,0.00000000,-0.09945706,2.13742089,1.00520718,0.34577277,0.38236168,0.00000000,0.00000000
-0.03515248,-2.15156484,-0.26867858,-0.14493762,-1.29721391,0.00000000,0.00000000,-0.10167947,2.11743498,1.05352962,0.37351805,0.42214343,0.00000000,0.00000000
-0.03913461,-2.12832999,-0.29410535,-0.12474507,-1.29559255,0.00000000,0.00000000,-0.10026567,2.10117126,1.09608054,0.40317985,0.46491754,0.00000000,0.00000000
-0.04605113,-2.10139084,-0.31942597,-0.10548525,-1.30281925,0.00000000,0.00000000,-0.09643473,2.09020257,1.13196385,0.43444639,0.51524270,0.00000000,0.00000000
-0.05593842,-2.07537317,-0.34473476,-0.08936971,-1.31153977,0.00000000,0.00000000,-0.09149907,2.08475089,1.16050112,0.46661976,0.54837292,0.00000000,0.00000000
-0.06931366,-2.05099535,-0.37022957,-0.07675451,-1.31753480,0.00000000,0.00000000,-0.08657777,2.08452082,1.18115497,0.49911439,0.58233255,0.00000000,0.00000000
-0.08631143,-2.02856135,-0.39606720,-0.06784283,-1.30976593,0.00000000,0.00000000,-0.08242813,2.08911729,1.19348609,0.53166413,0.61081779,0.00000000,0.00000000
-0.10672819,-2.00987077,-0.42233777,-0.06368872,-1.30483317,0.00000000,0.00000000,-0.07959437,2.09802747,1.19716477,0.56416368,0.64646977,0.00000000,0.00000000
-0.12968202,-1.99487889,-0.44911253,-0.06407229,-1.28803563,0.00000000,0.00000000,-0.07868323,2.11036968,1.19203055,0.59634912,0.68161297,0.00000000,0.00000000
-0.15462698,-1.98246908,-0.47645718,-0.06811646,-1.26387239,0.00000000,0.00000000,-0.08026082,2.12501025,1.17807484,0.62782514,0.70088172,0.00000000,0.00000000
-0.18183318,-1.97348094,-0.50438327,-0.07621506,-1.24979138,0.00000000,0.00000000,-0.08452977,2.14059067,1.15548992,0.65822351,0.70561022,0.00000000,0.00000000
-0.21129747,-1.96976018,-0.53281409,-0.08931080,-1.23673928,0.00000000,0.00000000,-0.09075474,2.15527868,1.12489879,0.68745410,0.69952649,0.00000000,0.00000000
-0.24252816,-1.97333395,-0.56157148,-0.10840522,-1.22814047,0.00000000,0.00000000,-0.09720509,2.16584682,1.08779812,0.71566927,0.69931227,0.00000000,0.00000000
-0.27365816,-1.98509288,-0.59033930,-0.13359706,-1.22993374,0.00000000,0.00000000,-0.10401982,2.16950941,1.04748428,0.74131948,0.70174658,0.00000000,0.00000000
-0.30058259,-2.00265169,-0.61867571,-0.16269644,-1.22438788,0.00000000,0.00000000,-0.11254198,2.16998053,1.01058304,0.76128030,0.70250225,0.00000000,0.00000000
-0.31969401,-2.02271032,-0.64612478,-0.19330272,-1.23101616,0.00000000,0.00000000,-0.11979132,2.17000008,0.98524457,0.77537787,0.70125932,0.00000000,0.00000000
-0.32986543,-2.04401588,-0.67225832,-0.22490188,-1.24232578,0.00000000,0.00000000,-0.12295294,2.17000008,0.97590315,0.78471935,0.68726993,0.00000000,0.00000000
-0.33080226,-2.06654501,-0.69659680,-0.25765744,-1.25160778,0.00000000,0.00000000,-0.12310613,2.17000008,0.98344231,0.78881717,0.67072117,0.00000000,0.00000000
-0.32162294,-2.08856153,-0.71872330,-0.29005846,-1.25736487,0.00000000,0.00000000,-0.12162109,2.17000008,1.00719094,0.78785545,0.65891743,0.00000000,0.00000000
-0.30204383,-2.10753012,-0.73840153,-0.31959638,-1.26029491,0.00000000,0.00000000,-0.11909562,2.17000008,1.04503655,0.78353822,0.64009595,0.00000000,0.00000000
-0.27267790,-2.12305045,-0.75531608,-0.34454954,-1.25880826,0.00000000,0.00000000,-0.11652508,2.17000008,1.09326231,0.77764541,0.62370068,0.00000000,0.00000000
-0.23646857,-2.13719296,-0.76918191,-0.36557338,-1.24346101,0.00000000,0.00000000,-0.11505122,2.17000008,1.14772213,0.77094293,0.60496980,0.00000000,0.00000000
-0.19671164,-2.15044475,-0.78001040,-0.38370180,-1.24003327,0.00000000,0.00000000,-0.11576573,2.16992331,1.20407438,0.76328605,0.59408945,0.00000000,0.00000000
-0.15605590,-2.16152263,-0.78806615,-0.39943916,-1.23140359,0.00000000,0.00000000,-0.11757848,2.16868639,1.25852323,0.75592965,0.57643551,0.00000000,0.00000000
-0.11757344,-2.16814327,-0.79414934,-0.41271877,-1.22609138,0.00000000,0.00000000,-0.11997368,2.16384816,1.30835474,0.74967831,0.56451643,0.00000000,0.00000000
-0.08532957,-2.16989136,-0.79995340,-0.42255077,-1.22566950,0.00000000,0.00000000,-0.12388517,2.15473938,1.35219860,0.74376100,0.56345409,0.00000000,0.00000000
-0.06328730,-2.17000008,-0.80758286,-0.42741999,-1.21565354,0.00000000,0.00000000,-0.13050646,2.14100385,1.39009845,0.73668140,0.57099700,0.00000000,0.00000000
-0.05273462,-2.16994476,-0.81794947,-0.42670372,-1.20408368,0.00000000,0.00000000,-0.14041895,2.12255526,1.42251980,0.72729105,0.59294194,0.00000000,0.00000000
-0.05100444,-2.16907144,-0.82975221,-0.42154837,-1.18980968,0.00000000,0.00000000,-0.15361497,2.10082197,1.44938183,0.71522361,0.61988920,0.00000000,0.00000000
-0.05343993,-2.16591907,-0.84045011,-0.41422608,-1.17652571,0.00000000,0.00000000,-0.16997588,2.07796931,1.47029281,0.70099354,0.64780134,0.00000000,0.00000000
-0.05626029,-2.16134143,-0.84806967,-0.40644872,-1.16677487,0.00000000,0.00000000,-0.18987142,2.05532193,1.48521745,0.68606865,0.66922426,0.00000000,0.00000000
-0.05742711,-2.15723777,-0.85175025,-0.39874819,-1.15334547,0.00000000,0.00000000,-0.21415830,2.03472233,1.49383521,0.67322493,0.69055575,0.00000000,0.00000000
-0.05650275,-2.15441680,-0.85132724,-0.39121833,-1.14772856,0.00000000,0.00000000,-0.24243060,2.01851416,1.49554312,0.66710806,0.72299862,0.00000000,0.00000000
-0.05456031,-2.15311074,-0.84696150,-0.38425484,-1.13901436,0.00000000,0.00000000,-0.27254722,2.00578856,1.49105048,0.67230970,0.75641948,0.00000000,0.00000000
-0.05372009,-2.15339041,-0.83898163,-0.37856933,-1.13225687,0.00000000,0.00000000,-0.30515382,1.99450183,1.48135066,0.69011080,0.78997040,0.00000000,0.00000000
-0.05693630,-2.15509295,-0.82786322,-0.37510365,-1.11514163,0.00000000,0.00000000,-0.34201482,1.98250413,1.46733928,0.72071403,0.82670611,0.00000000,0.00000000
-0.06796405,-2.15791607,-0.81421083,-0.37507811,-1.10551965,0.00000000,0.00000000,-0.38370016,1.96612930,1.45049381,0.76490957,0.86715865,0.00000000,0.00000000
-0.09057888,-2.16162992,-0.79861087,-0.37975413,-1.10240924,0.00000000,0.00000000,-0.42889056,1.93878901,1.43367267,0.82394218,0.90233320,0.00000000,0.00000000
-0.12675007,-2.16582727,-0.78139466,-0.38955930,-1.08825600,0.00000000,0.00000000,-0.47453558,1.88984573,1.42208660,0.89843357,0.92901760,0.00000000,0.00000000
-0.17533273,-2.16900492,-0.76263595,-0.40301654,-1.07218122,0.00000000,0.00000000,-0.51918763,1.80535734,1.42347574,0.98496222,0.95403028,0.00000000,0.00000000
-0.23529351,-2.16993999,-0.74278051,-0.41800997,-1.06915867,0.00000000,0.00000000,-0.56859320,1.67364502,1.44501030,1.07186437,0.97292107,0.00000000,0.00000000
-0.30392808,-2.17000008,-0.72235638,-0.43195450,-1.07008648,0.00000000,0.00000000,-0.63355249,1.49417913,1.48746121,1.14292026,0.99281853,0.00000000,0.00000000
-0.36979467,-2.17000008,-0.70034975,-0.44218493,-1.06317449,0.00000000,0.00000000,-0.72040725,1.27759016,1.54489112,1.18692207,1.01203418,0.00000000,0.00000000
-0.43409833,-2.17000008,-0.67712724,-0.45562321,-1.06235218,0.00000000,0.00000000,-0.82932174,1.03939545,1.60838699,1.19885945,1.02410448,0.00000000,0.00000000
-0.49225286,-2.17000008,-0.65424836,-0.46715647,-1.05952346,0.00000000,0.00000000,-0.95476073,0.79369682,1.67005754,1.17758214,1.03370893,0.00000000,0.00000000
-0.53926301,-2.17000008,-0.63311368,-0.46943036,-1.04983413,0.00000000,0.00000000,-1.08810616,0.55175841,1.72395241,1.12400115,1.03316164,0.00000000,0.00000000
-0.57474273,-2.17000008,-0.61391139,-0.46185672,-1.03804851,0.00000000,0.00000000,-1.22206950,0.32445464,1.76460242,1.04110348,1.01856375,0.00000000,0.00000000
-0.60037780,-2.17000008,-0.59638667,-0.44669858,-1.02303112,0.00000000,0.00000000,-1.35285282,0.12157456,1.78752959,0.93441677,1.00573671,0.00000000,0.00000000
-0.61875278,-2.17000008,-0.58036703,-0.42688784,-0.98910147,0.00000000,0.00000000,-1.47893417,-0.04992783,1.79077303,0.81054354,0.98479652,0.00000000,0.00000000
-0.63227594,-2.17000008,-0.56579655,-0.40490875,-0.95404959,0.00000000,0.00000000,-1.60027552,-0.18856013,1.77597904,0.67870051,0.95912325,0.00000000,0.00000000
-0.64221072,-2.17000008,-0.55256605,-0.38229007,-0.92865711,0.00000000,0.00000000,-1.71807706,-0.30129641,1.74876773,0.55302161,0.92569023,0.00000000,0.00000000
-0.64909792,-2.17000008,-0.54042935,-0.36013690,-0.90738386,0.00000000,0.00000000,-1.82569599,-0.39227721,1.71383405,0.43543050,0.88513434,0.00000000,0.00000000
-0.65354621,-2.17000008,-0.52921152,-0.33891615,-0.88250798,0.00000000,0.00000000,-1.92056763,-0.46304807,1.67386067,0.32525310,0.84665447,0.00000000,0.00000000
-0.65628994,-2.17000008,-0.51879811,-0.31850713,-0.86737239,0.00000000,0.00000000,-2.00259376,-0.51476508,1.63081086,0.22195859,0.81549197,0.00000000,0.00000000
-0.65768212,-2.17000008,-0.50899732,-0.29859215,-0.85616660,0.00000000,0.00000000,-2.07232666,-0.54922503,1.58648252,0.12496164,0.77181309,0.00000000,0.00000000
-0.65755147,-2.17000008,-0.49953490,-0.27902308,-0.86784434,0.00000000,0.00000000,-2.13189387,-0.56943202,1.54251099,0.03446880,0.73009890,0.00000000,0.00000000
-0.65564191,-2.17000008,-0.49016720,-0.25993535,-0.88151670,0.00000000,0.00000000,-2.18484831,-0.57932466,1.50017571,-0.04862738,0.67980409,0.00000000,0.00000000
-0.65186769,-2.16997147,-0.48073450,-0.24157235,-0.88746744,0.00000000,0.00000000,-2.23458982,-0.58279145,1.46023393,-0.12371926,0.61894554,0.00000000,0.00000000
-0.64607996,-2.16950178,-0.47112685,-0.22406772,-0.91000408,0.00000000,0.00000000,-2.28252745,-0.58262378,1.42297900,-0.19154379,0.55494106,0.00000000,0.00000000
-0.63794404,-2.16755152,-0.46126640,-0.20736580,-0.92000479,0.00000000,0.00000000,-2.32820201,-0.58036268,1.38845503,-0.25401399,0.48799929,0.00000000,0.00000000
-0.62730992,-2.16356111,-0.45114490,-0.19128583,-0.92264020,0.00000000,0.00000000,-2.36980605,-0.57659334,1.35664964,-0.31381211,0.42284733,0.00000000,0.00000000
-0.61451989,-2.15724778,-0.44083512,-0.17561826,-0.93406373,0.00000000,0.00000000,-2.40520859,-0.57169646,1.32751119,-0.37376535,0.36407781,0.00000000,0.00000000
-0.60013646,-2.14829922,-0.43043762,-0.16014884,-0.94768983,0.00000000,0.00000000,-2.43336225,-0.56674695,1.30076122,-0.43612796,0.32466909,0.00000000,0.00000000
-0.58463365,-2.13663793,-0.42003140,-0.14474562,-0.96718717,0.00000000,0.00000000,-2.45418286,-0.56380600,1.27579010,-0.50278258,0.28134477,0.00000000,0.00000000
-0.56857079,-2.12284040,-0.40967348,-0.12959690,-1.00135219,0.00000000,0.00000000,-2.46899533,-0.56459212,1.25192332,-0.57426161,0.24225056,0.00000000,0.00000000
-0.55275828,-2.10827684,-0.39941069,-0.11532151,-1.04057384,0.00000000,0.00000000,-2.48251224,-0.56777602,1.22906339,-0.64612120,0.20929916,0.00000000,0.00000000
-0.53819466,-2.09466720,-0.38928822,-0.10274685,-1.07638180,0.00000000,0.00000000,-2.49653888,-0.56921834,1.20839345,-0.71232569,0.17984736,0.00000000,0.00000000
-0.52622390,-2.08347440,-0.37937075,-0.09263505,-1.11656082,0.00000000,0.00000000,-2.51095247,-0.56550223,1.19129682,-0.76892573,0.15832804,0.00000000,0.00000000
-0.51764643,-2.07525229,-0.36970624,-0.08519249,-1.15471768,0.00000000,0.00000000,-2.52608371,-0.55652678,1.17802596,-0.81459951,0.13576999,0.00000000,0.00000000
-0.51248103,-2.06968093,-0.36031526,-0.08006446,-1.18835640,0.00000000,0.00000000,-2.54246235,-0.54384220,1.16800690,-0.85002995,0.11416168,0.00000000,0.00000000
-0.51005346,-2.06586909,-0.35119480,-0.07652667,-1.21876943,0.00000000,0.00000000,-2.56000733,-0.52924615,1.16041946,-0.87766433,0.10690683,0.00000000,0.00000000
-0.50924748,-2.06265068,-0.34232765,-0.07368361,-1.23729706,0.00000000,0.00000000,-2.57790947,-0.51434290,1.15446031,-0.90110159,0.10358617,0.00000000,0.00000000
-0.50900346,-2.05888915,-0.33369943,-0.07069884,-1.24828339,0.00000000,0.00000000,-2.59556508,-0.50035340,1.14927340,-0.92368209,0.11083396,0.00000000,0.00000000
-0.50839996,-2.05368137,-0.32530022,-0.06690285,-1.25877333,0.00000000,0.00000000,-2.61242414,-0.48821282,1.14402497,-0.94857770,0.12735510,0.00000000,0.00000000
-0.50659275,-2.04647660,-0.31712273,-0.06183752,-1.26547623,0.00000000,0.00000000,-2.62700558,-0.47823423,1.13843167,-0.97880375,0.14158694,0.00000000,0.00000000
-0.50307894,-2.03716087,-0.30917272,-0.05533897,-1.28124082,0.00000000,0.00000000,-2.63753676,-0.47055799,1.13241518,-1.01654112,0.15662909,0.00000000,0.00000000
-0.49774387,-2.02604079,-0.30147144,-0.04753301,-1.30004835,0.00000000,0.00000000,-2.64371657,-0.46577674,1.12525070,-1.06255794,0.16245160,0.00000000,0.00000000
-0.49078581,-2.01375437,-0.29405251,-0.03877295,-1.31328332,0.00000000,0.00000000,-2.64878583,-0.46221581,1.11662829,-1.11245716,0.17592360,0.00000000,0.00000000
-0.48268455,-2.00106168,-0.28696033,-0.02952591,-1.31873381,0.00000000,0.00000000,-2.65157509,-0.45653826,1.10885453,-1.16155171,0.18970801,0.00000000,0.00000000
-0.47378784,-1.98855317,-0.28023958,-0.02015846,-1.32137954,0.00000000,0.00000000,-2.65227032,-0.44856539,1.10189331,-1.20882702,0.19837907,0.00000000,0.00000000
-0.46432242,-1.97663510,-0.27393326,-0.01092496,-1.32156503,0.00000000,0.00000000,-2.65262079,-0.43899143,1.09451640,-1.25371647,0.20797180,0.00000000,0.00000000
-0.45452872,-1.96560299,-0.26808271,-0.00201334,-1.32338178,0.00000000,0.00000000,-2.65400767,-0.42831674,1.08551478,-1.29560220,0.20863794,0.00000000,0.00000000
-0.44467586,-1.95566165,-0.26272586,0.00645123,-1.32348490,0.00000000,0.00000000,-2.65628695,-0.41655406,1.07446086,-1.33383596,0.21027464,0.00000000,0.00000000
-0.43497986,-1.94692087,-0.25789699,0.01441665,-1.31421864,0.00000000,0.00000000,-2.65651250,-0.40271878,1.06287110,-1.36772358,0.21440998,0.00000000,0.00000000
-0.42546901,-1.93939888,-0.25362819,0.02191217,-1.30580902,0.00000000,0.00000000,-2.65148711,-0.38574699,1.05255461,-1.39709127,0.22047643,0.00000000,0.00000000
-0.41592294,-1.93309617,-0.24995250,0.02901338,-1.29772735,0.00000000,0.00000000,-2.64190984,-0.36570430,1.04259288,-1.42199671,0.21877772,0.00000000,0.00000000
-0.40591517,-1.92799413,-0.24690607,0.03583126,-1.30618417,0.00000000,0.00000000,-2.63072920,-0.34342182,1.03018510,-1.44310117,0.22151907,0.00000000,0.00000000
-0.39500782,-1.92403781,-0.24452730,0.04249312,-1.31416357,0.00000000,0.00000000,-2.61896753,-0.31930825,1.01369429,-1.46158957,0.22566809,0.00000000,0.00000000
-0.38296232,-1.92115664,-0.24285308,0.04911499,-1.32801700,0.00000000,0.00000000,-2.60558891,-0.29308248,0.99302167,-1.47825444,0.23589489,0.00000000,0.00000000
-0.36975148,-1.91930926,-0.24191830,0.05578564,-1.34940493,0.00000000,0.00000000,-2.58927655,-0.26426274,0.96831536,-1.49350560,0.24148278,0.00000000,0.00000000
-0.35547951,-1.91853642,-0.24175709,0.06254794,-1.37296712,0.00000000,0.00000000,-2.56915021,-0.23256624,0.93926227,-1.50780952,0.25865570,0.00000000,0.00000000
-0.34041253,-1.91903353,-0.24240115,0.06934910,-1.39306200,0.00000000,0.00000000,-2.54468989,-0.19781341,0.90519834,-1.52149510,0.27772576,0.00000000,0.00000000
-0.32512265,-1.92118859,-0.24387249,0.07598657,-1.41936159,0.00000000,0.00000000,-2.51558399,-0.15947762,0.86553609,-1.53403723,0.29917189,0.00000000,0.00000000
-0.31048644,-1.92543519,-0.24617840,0.08215448,-1.44926620,0.00000000,0.00000000,-2.48155975,-0.11690407,0.81975609,-1.54455805,0.31272662,0.00000000,0.00000000
-0.29739392,-1.93194926,-0.24931777,0.08758560,-1.48524582,0.00000000,0.00000000,-2.44234610,-0.07008845,0.76702458,-1.55341685,0.31353840,0.00000000,0.00000000
-0.28649977,-1.94056571,-0.25329146,0.09207421,-1.52284622,0.00000000,0.00000000,-2.39760852,-0.01964959,0.70639455,-1.56247091,0.32148713,0.00000000,0.00000000
-0.27830717,-1.95100772,-0.25810421,0.09533197,-1.55042446,0.00000000,0.00000000,-2.34693170,0.03386134,0.63728368,-1.57373548,0.33233428,0.00000000,0.00000000
-0.27335662,-1.96305263,-0.26376042,0.09691879,-1.57208669,0.00000000,0.00000000,-2.29013824,0.09023467,0.55936575,-1.58844388,0.35369855,0.00000000,0.00000000
-0.27221951,-1.97646165,-0.27026498,0.09634979,-1.58961165,0.00000000,0.00000000,-2.22735953,0.14925206,0.47233796,-1.60752773,0.36390188,0.00000000,0.00000000
-0.27539873,-1.99094009,-0.27762714,0.09317893,-1.61756694,0.00000000,0.00000000,-2.15884948,0.21053499,0.37598780,-1.63208008,0.36670792,0.00000000,0.00000000
-0.28326625,-2.00626707,-0.28586337,0.08695897,-1.63946688,0.00000000,0.00000000,-2.08489680,0.27391574,0.27030644,-1.66287625,0.36162889,0.00000000,0.00000000
-0.29598242,-2.02252483,-0.29500121,0.07713964,-1.65867746,0.00000000,0.00000000,-2.00576043,0.34006220,0.15553215,-1.69933116,0.36200160,0.00000000,0.00000000
-0.31331441,-2.04027486,-0.30507979,0.06300697,-1.66909635,0.00000000,0.00000000,-1.92161369,0.41071194,0.03206783,-1.73914635,0.36482668,0.00000000,0.00000000
-0.33436304,-2.06040812,-0.31613693,0.04380469,-1.67704797,0.00000000,0.00000000,-1.83268917,0.48827145,-0.09976742,-1.77923346,0.36065769,0.00000000,0.00000000
-0.35740027,-2.08351922,-0.32817540,0.01908869,-1.67728245,0.00000000,0.00000000,-1.73921907,0.57503736,-0.23962468,-1.81727922,0.35522962,0.00000000,0.00000000
-0.37996781,-2.10901713,-0.34111851,-0.01082669,-1.67368221,0.00000000,0.00000000,-1.64081967,0.67221755,-0.38632488,-1.85326731,0.35151547,0.00000000,0.00000000
-0.39938092,-2.13458800,-0.35479110,-0.04467588,-1.66168952,0.00000000,0.00000000,-1.53700256,0.78069532,-0.53810602,-1.88824654,0.34026548,0.00000000,0.00000000
-0.41315860,-2.15572643,-0.36895075,-0.08005582,-1.63780522,0.00000000,0.00000000,-1.42600048,0.90405875,-0.69068265,-1.91668499,0.32210839,0.00000000,0.00000000
-0.41929212,-2.16708851,-0.38337743,-0.11359540,-1.61599934,0.00000000,0.00000000,-1.30257380,1.04459178,-0.83373326,-1.92558610,0.31018248,0.00000000,0.00000000
-0.41842067,-2.16983414,-0.39798814,-0.14349762,-1.58402503,0.00000000,0.00000000,-1.16830647,1.19807470,-0.96169096,-1.91020966,0.29196525,0.00000000,0.00000000
-0.41241276,-2.17000008,-0.41281572,-0.16921003,-1.55629241,0.00000000,0.00000000,-1.03007078,1.35806704,-1.07318306,-1.86989057,0.28316247,0.00000000,0.00000000
-0.40278649,-2.17000008,-0.42792886,-0.19047727,-1.53054702,0.00000000,0.00000000,-0.89447564,1.51745391,-1.16626143,-1.80471110,0.28293547,0.00000000,0.00000000
-0.39062849,-2.17000008,-0.44338167,-0.20733215,-1.51173759,0.00000000,0.00000000,-0.76698369,1.66917300,-1.23838401,-1.71543682,0.26410770,0.00000000,0.00000000
-0.37676311,-2.17000008,-0.45919046,-0.22018063,-1.49649835,0.00000000,0.00000000,-0.65178943,1.80692828,-1.28706801,-1.60339093,0.23817047,0.00000000,0.00000000
-0.36171311,-2.17000008,-0.47534093,-0.22953096,-1.47844398,0.00000000,0.00000000,-0.55156952,1.92535806,-1.31000364,-1.47061706,0.21679442,0.00000000,0.00000000
-0.34549049,-2.17000008,-0.49186212,-0.23504657,-1.45892811,0.00000000,0.00000000,-0.46752098,2.01960111,-1.30483806,-1.32077694,0.18880437,0.00000000,0.00000000
-0.32759488,-2.16995955,-0.50883090,-0.23542990,-1.44244087,0.00000000,0.00000000,-0.39973488,2.08668280,-1.27126348,-1.16158044,0.16966273,0.00000000,0.00000000
-0.30679610,-2.16941738,-0.52594525,-0.23137380,-1.42759752,0.00000000,0.00000000,-0.34736228,2.13002920,-1.21557772,-1.00388229,0.15308340,0.00000000,0.00000000
-0.28259373,-2.16858292,-0.54256552,-0.22682549,-1.41696882,0.00000000,0.00000000,-0.30800083,2.15562010,-1.14576697,-0.85415548,0.12269929,0.00000000,0.00000000
-0.26006660,-2.16941738,-0.55885899,-0.22525290,-1.40798557,0.00000000,0.00000000,-0.27794868,2.16721010,-1.06657124,-0.71549731,0.09673391,0.00000000,0.00000000
-0.23998287,-2.16995955,-0.57519048,-0.22193667,-1.40092492,0.00000000,0.00000000,-0.25328559,2.16984367,-0.98034364,-0.59012645,0.06456778,0.00000000,0.00000000
-0.21629529,-2.17000008,-0.59099936,-0.21250866,-1.39404976,0.00000000,0.00000000,-0.23119077,2.17000008,-0.88823736,-0.47964320,0.02522258,0.00000000,0.00000000
-0.19037838,-2.16995978,-0.60624444,-0.19905840,-1.38912714,0.00000000,0.00000000,-0.21006432,2.17000008,-0.79112792,-0.38493806,-0.00913976,0.00000000,0.00000000
-0.16500239,-2.16931224,-0.62107581,-0.18440840,-1.38437808,0.00000000,0.00000000,-0.18891759,2.17000008,-0.69007629,-0.30607542,-0.04006443,0.00000000,0.00000000
-0.14145647,-2.16682196,-0.63558060,-0.17040604,-1.37074602,0.00000000,0.00000000,-0.16706248,2.17000008,-0.58627039,-0.24198242,-0.06419008,0.00000000,0.00000000
-0.12063833,-2.16248274,-0.64989144,-0.15829134,-1.36534083,0.00000000,0.00000000,-0.14442186,2.16986084,-0.48087639,-0.18938719,-0.08061583,0.00000000,0.00000000
-0.10298426,-2.15712094,-0.66414636,-0.14879562,-1.35626149,0.00000000,0.00000000,-0.12000490,2.16744232,-0.37496728,-0.14393857,-0.10494597,0.00000000,0.00000000
-0.08835807,-2.15203285,-0.67841280,-0.14252304,-1.34603500,0.00000000,0.00000000,-0.08997076,2.15618062,-0.26942927,-0.10448194,-0.13008916,0.00000000,0.00000000
-0.07654155,-2.14848328,-0.69273007,-0.13998109,-1.32639790,0.00000000,0.00000000,-0.05410387,2.13350224,-0.16479713,-0.06735627,-0.14268558,0.00000000,0.00000000
-0.06756593,-2.14632821,-0.70719904,-0.14105831,-1.30624580,0.00000000,0.00000000,-0.01429568,2.10763645,-0.06144974,-0.02632291,-0.14400093,0.00000000,0.00000000
-0.06140805,-2.14447856,-0.72193468,-0.14514421,-1.29662442,0.00000000,0.00000000,0.02801720,2.08312893,0.04023595,0.02069602,-0.13828982,0.00000000,0.00000000
-0.05781841,-2.14208055,-0.73699653,-0.15161590,-1.28071117,0.00000000,0.00000000,0.07038303,2.06223965,0.13972917,0.07413144,-0.12120524,0.00000000,0.00000000
-0.05643874,-2.13890004,-0.75237989,-0.16006963,-1.26337314,0.00000000,0.00000000,0.10996309,2.04748106,0.23621808,0.13429396,-0.09863071,0.00000000,0.00000000
-0.05704582,-2.13503242,-0.76804912,-0.17028637,-1.24891746,0.00000000,0.00000000,0.14438808,2.04067373,0.32859537,0.20090298,-0.08554293,0.00000000,0.00000000
-0.05966193,-2.13045859,-0.78397316,-0.18206057,-1.23223054,0.00000000,0.00000000,0.17181067,2.04245377,0.41552335,0.27288562,-0.06754424,0.00000000,0.00000000
-0.06437337,-2.12499213,-0.80012017,-0.19510192,-1.20748711,0.00000000,0.00000000,0.19098569,2.05223799,0.49557334,0.34842834,-0.05444087,0.00000000,0.00000000
-0.07107259,-2.11860991,-0.81641901,-0.20909972,-1.18307734,0.00000000,0.00000000,0.20139925,2.06851912,0.56740659,0.42523924,-0.03988922,0.00000000,0.00000000
-0.07936678,-2.11160684,-0.83273828,-0.22378805,-1.15890217,0.00000000,0.00000000,0.20328423,2.08925271,0.62993753,0.50089449,-0.02899987,0.00000000,0.00000000
-0.08869646,-2.10446978,-0.84890181,-0.23895518,-1.13003480,0.00000000,0.00000000,0.19746315,2.11209989,0.68244088,0.57309741,-0.02943720,0.00000000,0.00000000
-0.09856774,-2.09783840,-0.86470866,-0.25451446,-1.10414970,0.00000000,0.00000000,0.18516104,2.13456321,0.72461367,0.63985384,-0.02193285,0.00000000,0.00000000
-0.10856595,-2.09208059,-0.87998211,-0.27027795,-1.07897103,0.00000000,0.00000000,0.16790833,2.15373349,0.75672030,0.69943172,-0.02532664,0.00000000,0.00000000
-0.11812168,-2.08659887,-0.89463234,-0.28552163,-1.04938376,0.00000000,0.00000000,0.14751284,2.16578102,0.77983642,0.75010788,-0.02886363,0.00000000,0.00000000
-0.12682129,-2.08138299,-0.90851331,-0.29988137,-1.02245975,0.00000000,0.00000000,0.12591943,2.16954589,0.79583722,0.79032046,-0.02272475,0.00000000,0.00000000
-0.13424447,-2.07637978,-0.92148691,-0.31297606,-0.99000496,0.00000000,0.00000000,0.10535705,2.16998386,0.80771333,0.81836373,-0.02023388,0.00000000,0.00000000
-0.14017293,-2.07152319,-0.93343675,-0.32445887,-0.96810931,0.00000000,0.00000000,0.08835021,2.17000008,0.81914932,0.83297342,-0.01493501,0.00000000,0.00000000
-0.14440370,-2.06672621,-0.94425267,-0.33392382,-0.94236124,0.00000000,0.00000000,0.07619072,2.17000008,0.83315843,0.83403498,-0.01787188,0.00000000,0.00000000
-0.14633752,-2.06158090,-0.95383441,-0.34061572,-0.91781259,0.00000000,0.00000000,0.06789144,2.17000008,0.85082322,0.82351297,-0.01728230,0.00000000,0.00000000
-0.14529541,-2.05574298,-0.96208161,-0.34377784,-0.89019167,0.00000000,0.00000000,0.06308270,2.17000008,0.87204272,0.80553705,-0.01843026,0.00000000,0.00000000
-0.14086571,-2.04921150,-0.96890199,-0.34298828,-0.86814839,0.00000000,0.00000000,0.06154187,2.17000008,0.89633942,0.78343230,-0.02220285,0.00000000,0.00000000
-0.13288793,-2.04242754,-0.97420073,-0.33824709,-0.84374446,0.00000000,0.00000000,0.06227300,2.17000008,0.92281824,0.75944203,-0.02433320,0.00000000,0.00000000
-0.12139980,-2.03613734,-0.97790241,-0.32992330,-0.82489723,0.00000000,0.00000000,0.06403586,2.17000008,0.94948584,0.73651588,-0.03327645,0.00000000,0.00000000
-0.10720021,-2.03144670,-0.98000902,-0.31901366,-0.81196284,0.00000000,0.00000000,0.06747776,2.17000008,0.97723788,0.71487892,-0.03954128,0.00000000,0.00000000
-0.09135483,-2.02916527,-0.98064125,-0.30663806,-0.80231547,0.00000000,0.00000000,0.07091620,2.17000008,1.00482500,0.69407421,-0.04520462,0.00000000,0.00000000
-0.07489218,-2.02979970,-0.97998762,-0.29385325,-0.78963900,0.00000000,0.00000000,0.07328947,2.17000008,1.03183758,0.67336160,-0.03813481,0.00000000,0.00000000
-0.05848813,-2.03363729,-0.97824138,-0.28150612,-0.78475237,0.00000000,0.00000000,0.07436401,2.17000008,1.05896556,0.65170008,-0.01412281,0.00000000,0.00000000
-0.04201290,-2.04078054,-0.97553849,-0.27001813,-0.78884262,0.00000000,0.00000000,0.07405443,2.17000008,1.08631623,0.62864316,0.00224650,0.00000000,0.00000000
-0.02481279,-2.05117702,-0.97197437,-0.25950018,-0.79798961,0.00000000,0.00000000,0.07238262,2.17000008,1.11345637,0.60433519,0.02019727,0.00000000,0.00000000
-0.00658809,-2.06445146,-0.96769881,-0.25002512,-0.80711883,0.00000000,0.00000000,0.06893397,2.16992760,1.13957965,0.57893920,0.04030250,0.00000000,0.00000000
0.01206919,-2.07979894,-0.96296549,-0.24174580,-0.82058275,0.00000000,0.00000000,0.06273153,2.16872025,1.16382754,0.55206466,0.05934998,0.00000000,0.00000000
0.02993544,-2.09602356,-0.95809484,-0.23477007,-0.85453349,0.00000000,0.00000000,0.05335822,2.16360950,1.18563604,0.52319914,0.07856231,0.00000000,0.00000000
0.04587714,-2.11183023,-0.95338148,-0.22903499,-0.88967502,0.00000000,0.00000000,0.04116632,2.15358567,1.20461762,0.49217609,0.09479380,0.00000000,0.00000000
0.05930075,-2.12629628,-0.94901121,-0.22439995,-0.92617667,0.00000000,0.00000000,0.02709481,2.14028811,1.22064281,0.45945048,0.11623653,0.00000000,0.00000000
0.07026985,-2.13896537,-0.94504952,-0.22067900,-0.95716345,0.00000000,0.00000000,0.01226542,2.12544489,1.23380589,0.42608860,0.13227293,0.00000000,0.00000000
0.07938264,-2.14959359,-0.94148535,-0.21757482,-0.99617344,0.00000000,0.00000000,-0.00261127,2.11075592,1.24417782,0.39345488,0.15179919,0.00000000,0.00000000
0.08734796,-2.15801430,-0.93828344,-0.21477345,-1.03046834,0.00000000,0.00000000,-0.01703555,2.09812975,1.25176716,0.36320931,0.16516021,0.00000000,0.00000000
0.09455806,-2.16414118,-0.93542171,-0.21212184,-1.06458807,0.00000000,0.00000000,-0.02996246,2.08885717,1.25672126,0.33734202,0.18105061,0.00000000,0.00000000
0.10100295,-2.16794682,-0.93290359,-0.20966983,-1.09504759,0.00000000,0.00000000,-0.04016741,2.08325219,1.25931740,0.31754223,0.20644823,0.00000000,0.00000000
0.10639182,-2.16961622,-0.93075782,-0.20760155,-1.12753332,0.00000000,0.00000000,-0.04689897,2.08120751,1.25979388,0.30479470,0.22928816,0.00000000,0.00000000
0.11034273,-2.16997910,-0.92903447,-0.20611840,-1.16778791,0.00000000,0.00000000,-0.04991814,2.08254600,1.25830376,0.29947832,0.24751203,0.00000000,0.00000000
0.11257242,-2.17000008,-0.92778134,-0.20536430,-1.21560645,0.00000000,0.00000000,-0.04928138,2.08702469,1.25495005,0.30160710,0.26565006,0.00000000,0.00000000
0.11301532,-2.17000008,-0.92701781,-0.20540899,-1.26428342,0.00000000,0.00000000,-0.04521223,2.09425259,1.24981904,0.31100041,0.27583987,0.00000000,0.00000000
0.11181179,-2.17000008,-0.92672908,-0.20625137,-1.30613029,0.00000000,0.00000000,-0.03800866,2.10368276,1.24298775,0.32742882,0.29763260,0.00000000,0.00000000
0.10919603,-2.17000008,-0.92687541,-0.20784701,-1.34275341,0.00000000,0.00000000,-0.02799504,2.11475205,1.23450017,0.35071462,0.31415296,0.00000000,0.00000000
0.10538910,-2.17000008,-0.92740297,-0.21013065,-1.37519884,0.00000000,0.00000000,-0.01561390,2.12686872,1.22435677,0.38066247,0.33273786,0.00000000,0.00000000
0.10048153,-2.17000008,-0.92825127,-0.21306774,-1.40226579,0.00000000,0.00000000,-0.00165595,2.13935924,1.21249461,0.41685978,0.35451949,0.00000000,0.00000000
0.09432044,-2.17000008,-0.92935401,-0.21674207,-1.41029942,0.00000000,0.00000000,0.01263698,2.15139914,1.19877386,0.45858142,0.37035766,0.00000000,0.00000000
0.08651870,-2.16998577,-0.93062985,-0.22140044,-1.41008115,0.00000000,0.00000000,0.02578674,2.16170025,1.18306112,0.50491196,0.38788033,0.00000000,0.00000000
0.07667000,-2.16975093,-0.93196684,-0.22735041,-1.41236305,0.00000000,0.00000000,0.03633292,2.16813803,1.16553295,0.55467886,0.39774591,0.00000000,0.00000000
0.06474030,-2.16876864,-0.93321937,-0.23465487,-1.41509366,0.00000000,0.00000000,0.04319740,2.16988993,1.14740038,0.60581839,0.40353784,0.00000000,0.00000000
0.05122271,-2.16678023,-0.93421602,-0.24295278,-1.41396558,0.00000000,0.00000000,0.04674583,2.17000008,1.13136125,0.65551567,0.41055897,0.00000000,0.00000000
0.03673356,-2.16383553,-0.93476349,-0.25174427,-1.41355610,0.00000000,0.00000000,0.04835189,2.17000008,1.12012291,0.70158774,0.42347008,0.00000000,0.00000000
0.02178868,-2.16012454,-0.93465012,-0.26056546,-1.40926003,0.00000000,0.00000000,0.04840022,2.17000008,1.11502838,0.74232382,0.43561521,0.00000000,0.00000000
0.00672589,-2.15584540,-0.93367147,-0.26900512,-1.40950894,0.00000000,0.00000000,0.04637695,2.17000008,1.11618221,0.77631533,0.43802181,0.00000000,0.00000000
-0.00835040,-2.15115356,-0.93164963,-0.27672970,-1.40782785,0.00000000,0.00000000,0.04165516,2.17000008,1.12290215,0.80280793,0.43794799,0.00000000,0.00000000
-0.02348187,-2.14615011,-0.92843395,-0.28346160,-1.39989555,0.00000000,0.00000000,0.03371805,2.17000008,1.13401008,0.82192934,0.43433619,0.00000000,0.00000000
-0.03890071,-2.14092922,-0.92390275,-0.28903964,-1.39171493,0.00000000,0.00000000,0.02193930,2.16985536,1.14787006,0.83475518,0.43092185,0.00000000,0.00000000
-0.05539373,-2.13575935,-0.91797853,-0.29366434,-1.38145852,0.00000000,0.00000000,0.00544792,2.16745687,1.16234589,0.84343511,0.42378813,0.00000000,0.00000000
-0.07449436,-2.13111544,-0.91064328,-0.29797870,-1.37245464,0.00000000,0.00000000,-0.01648686,2.15738559,1.17507291,0.85114729,0.41074193,0.00000000,0.00000000
-0.09801803,-2.12735701,-0.90193009,-0.30269319,-1.36288607,0.00000000,0.00000000,-0.04377392,2.13744640,1.18388033,0.86224377,0.40276685,0.00000000,0.00000000
-0.12726738,-2.12444758,-0.89186984,-0.30810004,-1.36265600,0.00000000,0.00000000,-0.07468814,2.10872269,1.18784094,0.88276845,0.39118108,0.00000000,0.00000000
-0.16301845,-2.12216091,-0.88045824,-0.31413144,-1.36230624,0.00000000,0.00000000,-0.10648036,2.06942701,1.18836486,0.91811389,0.37114608,0.00000000,0.00000000
-0.20645140,-2.12087798,-0.86765575,-0.32104594,-1.37036884,0.00000000,0.00000000,-0.13731252,2.01475692,1.18829548,0.97057080,0.34558067,0.00000000,0.00000000
-0.25813884,-2.12127209,-0.85332012,-0.32884365,-1.37932265,0.00000000,0.00000000,-0.16933250,1.93666935,1.19146943,1.03586388,0.32282901,0.00000000,0.00000000
-0.31648669,-2.12289548,-0.83723021,-0.33609891,-1.38913405,0.00000000,0.00000000,-0.20868938,1.82150686,1.20424902,1.09843123,0.30587080,0.00000000,0.00000000
-0.37969068,-2.12538075,-0.81919473,-0.34155712,-1.40227401,0.00000000,0.00000000,-0.25817928,1.65968323,1.23182321,1.14039886,0.29753676,0.00000000,0.00000000
-0.44364682,-2.12957168,-0.79862988,-0.34424889,-1.42355859,0.00000000,0.00000000,-0.32867959,1.45672166,1.26790190,1.15171504,0.28660095,0.00000000,0.00000000
-0.49961874,-2.13835621,-0.77422476,-0.34460285,-1.44568861,0.00000000,0.00000000,-0.42710826,1.22468889,1.30343068,1.13038266,0.27744320,0.00000000,0.00000000
-0.54785305,-2.15464592,-0.74628955,-0.34984601,-1.47562397,0.00000000,0.00000000,-0.55295134,0.97624511,1.33147657,1.07837927,0.27817252,0.00000000,0.00000000
-0.58682424,-2.16664219,-0.71744090,-0.35585251,-1.50108957,0.00000000,0.00000000,-0.70091605,0.72366107,1.34695911,1.00018597,0.28353718,0.00000000,0.00000000
-0.61600298,-2.16980505,-0.69013453,-0.35642323,-1.52001524,0.00000000,0.00000000,-0.86318350,0.47737053,1.34715188,0.90221387,0.28780842,0.00000000,0.00000000
-0.63743752,-2.17000008,-0.66520554,-0.35093451,-1.53362584,0.00000000,0.00000000,-1.03177989,0.24584799,1.33168972,0.79160625,0.29541743,0.00000000,0.00000000
-0.65301645,-2.17000008,-0.64250207,-0.34122846,-1.54807997,0.00000000,0.00000000,-1.20013702,0.03582313,1.30199945,0.67569351,0.30265003,0.00000000,0.00000000
-0.66417938,-2.17000008,-0.62165457,-0.32949477,-1.56364608,0.00000000,0.00000000,-1.36400712,-0.14789104,1.26061511,0.56155056,0.31140333,0.00000000,0.00000000
-0.67244577,-2.17000008,-0.60244328,-0.31751657,-1.58119917,0.00000000,0.00000000,-1.52152920,-0.30219364,1.21038437,0.45539445,0.31838638,0.00000000,0.00000000
-0.67934245,-2.17000008,-0.58489901,-0.30600792,-1.59708428,0.00000000,0.00000000,-1.67158663,-0.42472985,1.15368712,0.36180341,0.32890660,0.00000000,0.00000000
-0.68542224,-2.17000008,-0.56924528,-0.29363793,-1.60483146,0.00000000,0.00000000,-1.81209457,-0.51372945,1.09220445,0.28387892,0.34123269,0.00000000,0.00000000
-0.68975955,-2.17000008,-0.55553865,-0.27819237,-1.60859752,0.00000000,0.00000000,-1.94054580,-0.57270014,1.02787614,0.22306313,0.35971215,0.00000000,0.00000000
-0.69218713,-2.17000008,-0.54326028,-0.26102558,-1.60597622,0.00000000,0.00000000,-2.05105448,-0.61273688,0.96301454,0.17369716,0.37729013,0.00000000,0.00000000
-0.69304478,-2.17000008,-0.53190994,-0.24389638,-1.61853158,0.00000000,0.00000000,-2.14286542,-0.64119619,0.89921111,0.13141489,0.40165600,0.00000000,0.00000000
-0.69264889,-2.16998649,-0.52119118,-0.22764251,-1.62827468,0.00000000,0.00000000,-2.21718478,-0.66135252,0.83728683,0.09365867,0.42635441,0.00000000,0.00000000
-0.69133383,-2.16973639,-0.51094234,-0.21263342,-1.63557112,0.00000000,0.00000000,-2.27574968,-0.67497969,0.77774155,0.05912109,0.44556981,0.00000000,0.00000000
-0.68941623,-2.16835999,-0.50108409,-0.19893296,-1.64213073,0.00000000,0.00000000,-2.32095480,-0.68318319,0.72090673,0.02765631,0.46446955,0.00000000,0.00000000
-0.68701130,-2.16480684,-0.49155539,-0.18641700,-1.64518869,0.00000000,0.00000000,-2.35547948,-0.68706501,0.66696858,-0.00041965,0.48705122,0.00000000,0.00000000
-0.68398148,-2.15926671,-0.48228040,-0.17494173,-1.64544761,0.00000000,0.00000000,-2.38188100,-0.68796778,0.61597949,-0.02490433,0.50369048,0.00000000,0.00000000
-0.68020928,-2.15257716,-0.47318977,-0.16451341,-1.62971127,0.00000000,0.00000000,-2.40214801,-0.68722659,0.56788903,-0.04591808,0.52246207,0.00000000,0.00000000
-0.67582881,-2.14565754,-0.46425018,-0.15527990,-1.62120116,0.00000000,0.00000000,-2.41763973,-0.68579841,0.52258992,-0.06375274,0.54753864,0.00000000,0.00000000
-0.67110163,-2.13925743,-0.45546007,-0.14738654,-1.61466467,0.00000000,0.00000000,-2.42935300,-0.68410075,0.47994545,-0.07866602,0.58092940,0.00000000,0.00000000
-0.66616011,-2.13390732,-0.44682494,-0.14088747,-1.60207224,0.00000000,0.00000000,-2.43824601,-0.68214417,0.43979585,-0.09079900,0.61437476,0.00000000,0.00000000
-0.66098940,-2.12985611,-0.43834788,-0.13570352,-1.58658850,0.00000000,0.00000000,-2.44528699,-0.67980832,0.40196601,-0.10024748,0.65013754,0.00000000,0.00000000
-0.65552682,-2.12712002,-0.43003199,-0.13164897,-1.57681644,0.00000000,0.00000000,-2.45123792,-0.67702150,0.36628211,-0.10718334,0.68709958,0.00000000,0.00000000
-0.64979559,-2.12558389,-0.42188501,-0.12847677,-1.56917346,0.00000000,0.00000000,-2.45659804,-0.67389637,0.33258203,-0.11190663,0.72638381,0.00000000,0.00000000
-0.64396685,-2.12506652,-0.41392240,-0.12592715,-1.56830573,0.00000000,0.00000000,-2.46168113,-0.67074353,0.30071729,-0.11480711,0.76703531,0.00000000,0.00000000
-0.63833797,-2.12532115,-0.40616578,-0.12378189,-1.57357073,0.00000000,0.00000000,-2.46665072,-0.66793263,0.27055606,-0.11627235,0.80215263,0.00000000,0.00000000
-0.63328260,-2.12603831,-0.39863929,-0.12188762,-1.57617974,0.00000000,0.00000000,-2.47150087,-0.66575199,0.24198532,-0.11662023,0.84650427,0.00000000,0.00000000
-0.62917989,-2.12690473,-0.39136648,-0.12013662,-1.56712508,0.00000000,0.00000000,-2.47607517,-0.66437721,0.21490693,-0.11609606,0.87916523,0.00000000,0.00000000
-0.62631506,-2.12769461,-0.38436320,-0.11844622,-1.55588162,0.00000000,0.00000000,-2.48014069,-0.66389519,0.18923041,-0.11489742,0.90005702,0.00000000,0.00000000
-0.62482649,-2.12829614,-0.37763506,-0.11675050,-1.54357564,0.00000000,0.00000000,-2.48348022,-0.66430080,0.16486813,-0.11318613,0.92005622,0.00000000,0.00000000
-0.62473583,-2.12868857,-0.37117982,-0.11499996,-1.53968763,0.00000000,0.00000000,-2.48592305,-0.66550815,0.14173530,-0.11109417,0.92780298,0.00000000,0.00000000
-0.62596899,-2.12893033,-0.36498958,-0.11316869,-1.53575981,0.00000000,0.00000000,-2.48736167,-0.66739184,0.11975145,-0.10872290,0.93404442,0.00000000,0.00000000
-0.62834847,-2.12914348,-0.35905108,-0.11125648,-1.53282046,0.00000000,0.00000000,-2.48779154,-0.66981995,0.09884059,-0.10613421,0.93867302,0.00000000,0.00000000
-0.63162863,-2.12945676,-0.35334846,-0.10927454,-1.54517758,0.00000000,0.00000000,-2.48732591,-0.67268133,0.07893194,-0.10335486,0.94167846,0.00000000,0.00000000
-0.63554847,-2.12996697,-0.34786540,-0.10723589,-1.55297792,0.00000000,0.00000000,-2.48615074,-0.67588460,0.05996272,-0.10038798,0.94992179,0.00000000,0.00000000
-0.63988483,-2.13072300,-0.34258792,-0.10515195,-1.56122041,0.00000000,0.00000000,-2.48445129,-0.67935634,0.04188006,-0.09722561,0.94811088,0.00000000,0.00000000
-0.64447623,-2.13172269,-0.33750534,-0.10302870,-1.57361269,0.00000000,0.00000000,-2.48236561,-0.68304276,0.02464072,-0.09386152,0.93819886,0.00000000,0.00000000
-0.64920729,-2.13291645,-0.33260983,-0.10086221,-1.59713972,0.00000000,0.00000000,-2.47998095,-0.68691415,0.00820894,-0.09030308,0.92606771,0.00000000,0.00000000
-0.65397453,-2.13423157,-0.32789358,-0.09864179,-1.61380494,0.00000000,0.00000000,-2.47736573,-0.69096124,-0.00744619,-0.08657648,0.90936857,0.00000000,0.00000000
-0.65868229,-2.13559937,-0.32334864,-0.09635860,-1.62551785,0.00000000,0.00000000,-2.47460055,-0.69518793,-0.02235295,-0.08272823,0.88399756,0.00000000,0.00000000
-0.66325468,-2.13698697,-0.31896797,-0.09401650,-1.63537431,0.00000000,0.00000000,-2.47177935,-0.69960535,-0.03653701,-0.07882266,0.85796130,0.00000000,0.00000000
-0.66762543,-2.13839984,-0.31474563,-0.09163244,-1.63762295,0.00000000,0.00000000,-2.46899486,-0.70421606,-0.05001996,-0.07493237,0.83759677,0.00000000,0.00000000
-0.67171490,-2.13986325,-0.31067616,-0.08922928,-1.64572155,0.00000000,0.00000000,-2.46632814,-0.70899624,-0.06281790,-0.07112583,0.81718612,0.00000000,0.00000000
-0.67544436,-2.14139748,-0.30675516,-0.08683340,-1.65540576,0.00000000,0.00000000,-2.46382403,-0.71388763,-0.07494057,-0.06746104,0.80279374,0.00000000,0.00000000
-0.67876810,-2.14300966,-0.30298066,-0.08447619,-1.66216028,0.00000000,0.00000000,-2.46147323,-0.71879619,-0.08639180,-0.06398452,0.80341905,0.00000000,0.00000000
-0.68168002,-2.14468575,-0.29935342,-0.08218917,-1.67750108,0.00000000,0.00000000,-2.45922065,-0.72359729,-0.09717201,-0.06072722,0.80593473,0.00000000,0.00000000
-0.68420529,-2.14639020,-0.29587606,-0.07999573,-1.67908788,0.00000000,0.00000000,-2.45698857,-0.72814906,-0.10728080,-0.05769745,0.80890328,0.00000000,0.00000000
-0.68639499,-2.14806628,-0.29255244,-0.07790847,-1.68543446,0.00000000,0.00000000,-2.45469761,-0.73231822,-0.11671904,-0.05488125,0.81142861,0.00000000,0.00000000
-0.68830645,-2.14964533,-0.28938684,-0.07593101,-1.69456506,0.00000000,0.00000000,-2.45230699,-0.73600817,-0.12549041,-0.05225870,0.81678575,0.00000000,0.00000000
-0.68997377,-2.15105796,-0.28638262,-0.07406004,-1.70520568,0.00000000,0.00000000,-2.44986963,-0.73918253,-0.13360243,-0.04982757,0.82023537,0.00000000,0.00000000
-0.69139957,-2.15224004,-0.28354153,-0.07228914,-1.71592426,0.00000000,0.00000000,-2.44755745,-0.74187058,-0.14106628,-0.04761494,0.82265675,0.00000000,0.00000000
-0.69258106,-2.15313363,-0.28086451,-0.07061499,-1.72758949,0.00000000,0.00000000,-2.44561362,-0.74414635,-0.14789544,-0.04566536,0.82021219,0.00000000,0.00000000
-0.69355369,-2.15368223,-0.27835238,-0.06904190,-1.74117124,0.00000000,0.00000000,-2.44425750,-0.74608892,-0.15410310,-0.04401505,0.82817799,0.00000000,0.00000000
-0.69440484,-2.15383458,-0.27600604,-0.06758209,-1.73913622,0.00000000,0.00000000,-2.44358730,-0.74775147,-0.15970033,-0.04267509,0.82991135,0.00000000,0.00000000
-0.69524127,-2.15357208,-0.27382478,-0.06625668,-1.73285294,0.00000000,0.00000000,-2.44350076,-0.74913442,-0.16469438,-0.04162687,0.83246827,0.00000000,0.00000000
-0.69615901,-2.15293884,-0.27180511,-0.06509190,-1.73928571,0.00000000,0.00000000,-2.44365168,-0.75016648,-0.16908816,-0.04082367,0.83221036,0.00000000,0.00000000
-0.69718122,-2.15203929,-0.26993942,-0.06409355,-1.74214041,0.00000000,0.00000000,-2.44362736,-0.75076687,-0.17288351,-0.04022676,0.81660497,0.00000000,0.00000000
-0.69824296,-2.15100121,-0.26821664,-0.06323352,-1.74752688,0.00000000,0.00000000,-2.44323587,-0.75096387,-0.17608710,-0.03985150,0.79228199,0.00000000,0.00000000
-0.69926351,-2.14993691,-0.26662576,-0.06246487,-1.75206780,0.00000000,0.00000000,-2.44250870,-0.75087106,-0.17871007,-0.03975611,0.76732838,0.00000000,0.00000000
-0.70018256,-2.14891338,-0.26515824,-0.06173455,-1.75108171,0.00000000,0.00000000,-2.44156694,-0.75059777,-0.18076463,-0.04000524,0.73476839,0.00000000,0.00000000
-0.70095307,-2.14794755,-0.26380849,-0.06098744,-1.75131726,0.00000000,0.00000000,-2.44050622,-0.75019020,-0.18226127,-0.04064210,0.69379157,0.00000000,0.00000000
-0.70152932,-2.14701843,-0.26257342,-0.06016889,-1.74191654,0.00000000,0.00000000,-2.43938708,-0.74964768,-0.18320839,-0.04168557,0.64679438,0.00000000,0.00000000
-0.70186710,-2.14608335,-0.26145235,-0.05922969,-1.74053454,0.00000000,0.00000000,-2.43826556,-0.74897242,-0.18361330,-0.04313757,0.60530859,0.00000000,0.00000000
-0.70192397,-2.14510107,-0.26044637,-0.05813293,-1.73952675,0.00000000,0.00000000,-2.43720770,-0.74820000,-0.18348242,-0.04498491,0.56531686,0.00000000,0.00000000
-0.70166200,-2.14404416,-0.25955811,-0.05685746,-1.74164391,0.00000000,0.00000000,-2.43627715,-0.74739581,-0.18282105,-0.04720280,0.52172440,0.00000000,0.00000000
-0.70106405,-2.14289975,-0.25879160,-0.05539723,-1.73391199,0.00000000,0.00000000,-2.43552709,-0.74663126,-0.18163350,-0.04976278,0.48663071,0.00000000,0.00000000
-0.70015085,-2.14166641,-0.25815248,-0.05376139,-1.73321819,0.00000000,0.00000000,-2.43498731,-0.74596071,-0.17992327,-0.05263767,0.44261855,0.00000000,0.00000000
-0.69896734,-2.14036012,-0.25764787,-0.05197353,-1.73897588,0.00000000,0.00000000,-2.43466449,-0.74541450,-0.17769347,-0.05579961,0.39578080,0.00000000,0.00000000
-0.69754171,-2.13901401,-0.25728521,-0.05006676,-1.73276460,0.00000000,0.00000000,-2.43454313,-0.74500537,-0.17494656,-0.05921508,0.34706870,0.00000000,0.00000000
-0.69585752,-2.13767505,-0.25707209,-0.04808037,-1.73122501,0.00000000,0.00000000,-2.43461108,-0.74473500,-0.17168453,-0.06284171,0.31818300,0.00000000,0.00000000
-0.69386137,-2.13639951,-0.25701639,-0.04606259,-1.73110771,0.00000000,0.00000000,-2.43488002,-0.74459934,-0.16790935,-0.06663112,0.27832681,0.00000000,0.00000000
-0.69149476,-2.13525653,-0.25712746,-0.04407207,-1.73057795,0.00000000,0.00000000,-2.43538809,-0.74459213,-0.16362315,-0.07053482,0.24223889,0.00000000,0.00000000
-0.68873376,-2.13430882,-0.25741675,-0.04216783,-1.73322797,0.00000000,0.00000000,-2.43618417,-0.74469662,-0.15882784,-0.07450308,0.22716942,0.00000000,0.00000000
-0.68561333,-2.13357663,-0.25789812,-0.04038883,-1.73114121,0.00000000,0.00000000,-2.43730354,-0.74486184,-0.15352397,-0.07847150,0.21856804,0.00000000,0.00000000
-0.68222505,-2.13301158,-0.25858715,-0.03873829,-1.72625971,0.00000000,0.00000000,-2.43875098,-0.74499416,-0.14770997,-0.08235130,0.21602717,0.00000000,0.00000000
-0.67868948,-2.13252449,-0.25950012,-0.03719077,-1.72841263,0.00000000,0.00000000,-2.44051838,-0.74498647,-0.14138246,-0.08604135,0.20908058,0.00000000,0.00000000
-0.67512476,-2.13204122,-0.26065242,-0.03572317,-1.74654102,0.00000000,0.00000000,-2.44260049,-0.74476463,-0.13453647,-0.08945419,0.20047174,0.00000000,0.00000000
-0.67163157,-2.13155317,-0.26205829,-0.03434379,-1.76240385,0.00000000,0.00000000,-2.44497848,-0.74430770,-0.12716460,-0.09253363,0.19970146,0.00000000,0.00000000
-0.66829187,-2.13111401,-0.26373133,-0.03309159,-1.77827168,0.00000000,0.00000000,-2.44760394,-0.74363834,-0.11925484,-0.09525515,0.20296089,0.00000000,0.00000000
-0.66517574,-2.13080287,-0.26568511,-0.03201126,-1.78898895,0.00000000,0.00000000,-2.45039868,-0.74280149,-0.11078960,-0.09761574,0.19549063,0.00000000,0.00000000
-0.66234559,-2.13068295,-0.26793376,-0.03113135,-1.79993010,0.00000000,0.00000000,-2.45327020,-0.74184793,-0.10174593,-0.09962533,0.18703866,0.00000000,0.00000000
-0.65984273,-2.13078427,-0.27049193,-0.03045692,-1.81018114,0.00000000,0.00000000,-2.45614338,-0.74082249,-0.09209732,-0.10130416,0.17605422,0.00000000,0.00000000
-0.65766972,-2.13111138,-0.27337468,-0.02997443,-1.82063413,0.00000000,0.00000000,-2.45897317,-0.73975533,-0.08181605,-0.10268204,0.16457711,0.00000000,0.00000000
-0.65579629,-2.13165712,-0.27659720,-0.02966195,-1.82431436,0.00000000,0.00000000,-2.46172905,-0.73865944,-0.07087310,-0.10379586,0.16188796,0.00000000,0.00000000
-0.65418839,-2.13241076,-0.28017581,-0.02949771,-1.83203411,0.00000000,0.00000000,-2.46435642,-0.73753572,-0.05923614,-0.10468517,0.15036111,0.00000000,0.00000000
-0.65282625,-2.13335252,-0.28412768,-0.02946276,-1.84012139,0.00000000,0.00000000,-2.46676803,-0.73637843,-0.04686854,-0.10538887,0.12947544,0.00000000,0.00000000
-0.65170336,-2.13444662,-0.28847140,-0.02953931,-1.85256362,0.00000000,0.00000000,-2.46888328,-0.73518050,-0.03373108,-0.10594364,0.11973943,0.00000000,0.00000000
-0.65081400,-2.13564324,-0.29322681,-0.02970947,-1.86803782,0.00000000,0.00000000,-2.47066402,-0.73394024,-0.01978446,-0.10638178,0.11622001,0.00000000,0.00000000
-0.65013731,-2.13688993,-0.29841465,-0.02995730,-1.88325834,0.00000000,0.00000000,-2.47212863,-0.73266125,-0.00499126,-0.10672589,0.10527786,0.00000000,0.00000000
-0.64962870,-2.13814807,-0.30405626,-0.03027350,-1.90535057,0.00000000,0.00000000,-2.47334719,-0.73135036,0.01068314,-0.10698444,0.09252516,0.00000000,0.00000000
-0.64923215,-2.13940501,-0.31017357,-0.03066113,-1.91934478,0.00000000,0.00000000,-2.47441435,-0.73001647,0.02727068,-0.10715487,0.07395779,0.00000000,0.00000000
-0.64891195,-2.14066768,-0.31678951,-0.03113753,-1.93788791,0.00000000,0.00000000,-2.47539902,-0.72867417,0.04480209,-0.10723143,0.06633264,0.00000000,0.00000000
-0.64866501,-2.14195490,-0.32392812,-0.03173002,-1.94642770,0.00000000,0.00000000,-2.47631717,-0.72733653,0.06330831,-0.10720830,0.06535025,0.00000000,0.00000000
-0.64850128,-2.14328456,-0.33161464,-0.03246906,-1.96099651,0.00000000,0.00000000,-2.47712851,-0.72599882,0.08282100,-0.10707469,0.06219452,0.00000000,0.00000000
-0.64841843,-2.14467430,-0.33987516,-0.03338471,-1.97427964,0.00000000,0.00000000,-2.47776413,-0.72463155,0.10337252,-0.10680969,0.05959705,0.00000000,0.00000000
-0.64839667,-2.14613771,-0.34873623,-0.03450793,-1.98886788,0.00000000,0.00000000,-2.47814441,-0.72319359,0.12499604,-0.10638434,0.05652202,0.00000000,0.00000000
-0.64841127,-2.14767885,-0.35822535,-0.03587346,-1.99985504,0.00000000,0.00000000,-2.47819471,-0.72165632,0.14772518,-0.10576904,0.05603158,0.00000000,0.00000000
-0.64845228,-2.14928746,-0.36837059,-0.03752184,-2.01508403,0.00000000,0.00000000,-2.47786498,-0.72002262,0.17159283,-0.10493704,0.04968324,0.00000000,0.00000000
-0.64853591,-2.15093851,-0.37920099,-0.03950127,-2.03060293,0.00000000,0.00000000,-2.47714472,-0.71832508,0.19662948,-0.10385896,0.04335164,0.00000000,0.00000000
-0.64869928,-2.15260386,-0.39074609,-0.04186915,-2.05430794,0.00000000,0.00000000,-2.47606039,-0.71661192,0.22286227,-0.10249437,0.03570189,0.00000000,0.00000000
-0.64899623,-2.15426111,-0.40303585,-0.04469163,-2.07831287,0.00000000,0.00000000,-2.47465420,-0.71493292,0.25031510,-0.10079186,0.04242531,0.00000000,0.00000000
-0.64948791,-2.15589905,-0.41610032,-0.04803854,-2.10894227,0.00000000,0.00000000,-2.47296381,-0.71333432,0.27900836,-0.09869668,0.04774378,0.00000000,0.00000000
-0.65022928,-2.15751672,-0.42996904,-0.05197817,-2.13837481,0.00000000,0.00000000,-2.47101140,-0.71185648,0.30895892,-0.09615901,0.05002491,0.00000000,0.00000000
-0.65125090,-2.15911460,-0.44467062,-0.05657475,-2.15301585,0.00000000,0.00000000,-2.46879792,-0.71052635,0.34018072,-0.09313509,0.04443127,0.00000000,0.00000000
-0.65253431,-2.16067839,-0.46023145,-0.06187617,-2.16539073,0.00000000,0.00000000,-2.46630502,-0.70935494,0.37268558,-0.08958598,0.03492245,0.00000000,0.00000000
-0.65400118,-2.16217422,-0.47667423,-0.06788304,-2.17608142,0.00000000,0.00000000,-2.46349478,-0.70837241,0.40648356,-0.08549341,0.02838766,0.00000000,0.00000000
-0.65553153,-2.16357422,-0.49401712,-0.07453382,-2.19411516,0.00000000,0.00000000,-2.46029997,-0.70769548,0.44158238,-0.08088656,0.02293723,0.00000000,0.00000000
-0.65696907,-2.16488314,-0.51227337,-0.08173833,-2.21085930,0.00000000,0.00000000,-2.45664549,-0.70752901,0.47798583,-0.07582641,0.00653900,0.00000000,0.00000000
-0.65810353,-2.16614294,-0.53145158,-0.08944270,-2.22973514,0.00000000,0.00000000,-2.45250463,-0.70807856,0.51569223,-0.07034071,-0.01012133,0.00000000,0.00000000
-0.65867573,-2.16738725,-0.55155659,-0.09765147,-2.25195050,0.00000000,0.00000000,-2.44793057,-0.70946825,0.55469465,-0.06438004,-0.01737792,0.00000000,0.00000000
-0.65843284,-2.16856527,-0.57259184,-0.10639162,-2.27262425,0.00000000,0.00000000,-2.44302249,-0.71173364,0.59498304,-0.05783733,-0.02279781,0.00000000,0.00000000
-0.65720540,-2.16947532,-0.59456563,-0.11567260,-2.29143834,0.00000000,0.00000000,-2.43785572,-0.71483034,0.63654590,-0.05059426,-0.02535789,0.00000000,0.00000000
-0.65491068,-2.16990328,-0.61749572,-0.12544696,-2.30324912,0.00000000,0.00000000,-2.43245983,-0.71857494,0.67937076,-0.04252887,-0.02764673,0.00000000,0.00000000
-0.65147036,-2.16999483,-0.64140975,-0.13558668,-2.31086898,0.00000000,0.00000000,-2.42680955,-0.72260052,0.72344267,-0.03352879,-0.02178913,0.00000000,0.00000000
-0.64674169,-2.17000008,-0.66633934,-0.14592659,-2.31974387,0.00000000,0.00000000,-2.42079282,-0.72651178,0.76874226,-0.02355997,-0.01592754,0.00000000,0.00000000
-0.64031196,-2.17000008,-0.69231093,-0.15619239,-2.32108951,0.00000000,0.00000000,-2.41453505,-0.72988600,0.81524146,-0.01248911,-0.00560756,0.00000000,0.00000000
-0.63153177,-2.17000008,-0.71934205,-0.16604683,-2.32196379,0.00000000,0.00000000,-2.40830517,-0.73231477,0.86290371,-0.00011059,0.00330771,0.00000000,0.00000000
-0.61959350,-2.17000008,-0.74744433,-0.17512475,-2.31130528,0.00000000,0.00000000,-2.40253425,-0.73343301,0.91168600,0.01387292,0.01499291,0.00000000,0.00000000
-0.60368448,-2.17000008,-0.77663553,-0.18305656,-2.30322051,0.00000000,0.00000000,-2.39787674,-0.73295128,0.96154106,0.02990650,0.03301041,0.00000000,0.00000000
-0.58319896,-2.16997766,-0.80694592,-0.18954663,-2.30210328,0.00000000,0.00000000,-2.39498591,-0.73073363,1.01242054,0.04853304,0.05528786,0.00000000,0.00000000
-0.55785179,-2.16956711,-0.83841014,-0.19446969,-2.30701900,0.00000000,0.00000000,-2.39413190,-0.72683197,1.06427538,0.07029761,0.08130271,0.00000000,0.00000000
-0.52761376,-2.16734648,-0.87105268,-0.19788021,-2.31378102,0.00000000,0.00000000,-2.39498234,-0.72134501,1.11704791,0.09575283,0.11348838,0.00000000,0.00000000
-0.49254209,-2.16155219,-0.90488517,-0.19984607,-2.32607603,0.00000000,0.00000000,-2.39674592,-0.71404850,1.17065978,0.12567230,0.14311720,0.00000000,0.00000000
-0.45277730,-2.15196157,-0.93989968,-0.20042999,-2.32627273,0.00000000,0.00000000,-2.39821196,-0.70411962,1.22499382,0.16124941,0.18784490,0.00000000,0.00000000
-0.40864405,-2.13919544,-0.97606361,-0.19980210,-2.32160163,0.00000000,0.00000000,-2.39773202,-0.68992704,1.27986729,0.20412733,0.23152986,0.00000000,0.00000000
-0.36071235,-2.12421012,-1.01331401,-0.19833030,-2.31524873,0.00000000,0.00000000,-2.39346194,-0.66899568,1.33500099,0.25630695,0.26430547,0.00000000,0.00000000
-0.30974758,-2.10833693,-1.05154371,-0.19660717,-2.30735397,0.00000000,0.00000000,-2.38381410,-0.63854504,1.39000821,0.31982449,0.29240167,0.00000000,0.00000000
-0.25658724,-2.09322667,-1.09059107,-0.19540727,-2.29625940,0.00000000,0.00000000,-2.36741257,-0.59630960,1.44438171,0.39613023,0.31754884,0.00000000,0.00000000
-0.20221712,-2.08061075,-1.13025606,-0.19568424,-2.28922868,0.00000000,0.00000000,-2.34259009,-0.54074645,1.49743450,0.48566622,0.33636212,0.00000000,0.00000000
-0.14798933,-2.07172012,-1.17035401,-0.19860567,-2.28956532,0.00000000,0.00000000,-2.30685163,-0.46980411,1.54790080,0.58769363,0.35343906,0.00000000,0.00000000
-0.09558222,-2.06613874,-1.21081996,-0.20538937,-2.27694941,0.00000000,0.00000000,-2.25497675,-0.37795305,1.59265304,0.69859844,0.37128240,0.00000000,0.00000000
-0.04675862,-2.06177807,-1.25170231,-0.21730193,-2.25952744,0.00000000,0.00000000,-2.17986321,-0.25638124,1.62635422,0.81077635,0.39729935,0.00000000,0.00000000
-0.00295401,-2.05793929,-1.29279375,-0.23610355,-2.24781823,0.00000000,0.00000000,-2.07711768,-0.09960895,1.64437008,0.91527665,0.41258201,0.00000000,0.00000000
0.03484336,-2.05731034,-1.33330941,-0.26415601,-2.24674010,0.00000000,0.00000000,-1.94665217,0.09088984,1.64526904,1.00455761,0.42730224,0.00000000,0.00000000
0.06456254,-2.06345510,-1.37219739,-0.30409124,-2.23919392,0.00000000,0.00000000,-1.79214156,0.30848646,1.63061500,1.07297242,0.43163970,0.00000000,0.00000000
0.08499590,-2.07658911,-1.40874171,-0.35623959,-2.22182512,0.00000000,0.00000000,-1.62008893,0.54314709,1.60429502,1.11649776,0.42606539,0.00000000,0.00000000
0.09640836,-2.09338021,-1.44276881,-0.41864291,-2.19587183,0.00000000,0.00000000,-1.43899047,0.78267384,1.57181633,1.13297486,0.41698563,0.00000000,0.00000000
0.10117216,-2.11071038,-1.47392106,-0.48725826,-2.16433454,0.00000000,0.00000000,-1.25819874,1.01425219,1.53931832,1.12252629,0.39863437,0.00000000,0.00000000
0.10250146,-2.12812996,-1.50098753,-0.55816692,-2.12846756,0.00000000,0.00000000,-1.08641899,1.22623813,1.51240337,1.08781326,0.37637946,0.00000000,0.00000000
0.10146569,-2.14423919,-1.52299607,-0.62917000,-2.10507822,0.00000000,0.00000000,-0.93016285,1.40995741,1.49498713,1.03412819,0.33914948,0.00000000,0.00000000
0.09955000,-2.15726900,-1.53911543,-0.69799799,-2.08413744,0.00000000,0.00000000,-0.79275447,1.56147599,1.48829627,0.96892101,0.30653983,0.00000000,0.00000000
0.09871416,-2.16576958,-1.54858875,-0.76251847,-2.05339694,0.00000000,0.00000000,-0.67448199,1.68225026,1.49072766,0.90006632,0.27430892,0.00000000,0.00000000
0.10035956,-2.16927433,-1.55111158,-0.82144988,-2.01767826,0.00000000,0.00000000,-0.57385361,1.77746916,1.49910772,0.83364922,0.24458204,0.00000000,0.00000000
0.10498656,-2.16996193,-1.54707968,-0.87444371,-1.99234235,0.00000000,0.00000000,-0.48894459,1.85338676,1.51028514,0.77308810,0.21776855,0.00000000,0.00000000
0.11231050,-2.17000008,-1.53747702,-0.92181271,-1.97269094,0.00000000,0.00000000,-0.41803709,1.91552842,1.52196014,0.71968788,0.19739862,0.00000000,0.00000000
0.12162933,-2.17000008,-1.52363670,-0.96407336,-1.95190346,0.00000000,0.00000000,-0.35966545,1.96798158,1.53282583,0.67355758,0.16798279,0.00000000,0.00000000
0.13218661,-2.17000008,-1.50710046,-1.00154173,-1.93721318,0.00000000,0.00000000,-0.31250396,2.01332402,1.54240251,0.63428843,0.14207146,0.00000000,0.00000000
0.14340308,-2.17000008,-1.48951840,-1.03414917,-1.92818749,0.00000000,0.00000000,-0.27529582,2.05285406,1.55078244,0.60134667,0.10637284,0.00000000,0.00000000
0.15495607,-2.17000008,-1.47249126,-1.06149554,-1.91256344,0.00000000,0.00000000,-0.24681742,2.08697867,1.55835748,0.57429796,0.06972354,0.00000000,0.00000000
0.16671766,-2.17000008,-1.45738089,-1.08307064,-1.89501309,0.00000000,0.00000000,-0.22587033,2.11563802,1.56559122,0.55291349,0.03157545,0.00000000,0.00000000
0.17866875,-2.17000008,-1.44518065,-1.09852242,-1.87270594,0.00000000,0.00000000,-0.21131206,2.13859129,1.57289362,0.53717077,-0.00571741,0.00000000,0.00000000
0.19098462,-2.17000008,-1.43639433,-1.10785246,-1.85885954,0.00000000,0.00000000,-0.20208822,2.15546012,1.58060920,0.52719390,-0.03085202,0.00000000,0.00000000
0.20406544,-2.17000008,-1.43096268,-1.11156106,-1.85335374,0.00000000,0.00000000,-0.19725415,2.16559267,1.58909225,0.52316988,-0.04338316,0.00000000,0.00000000
0.21812938,-2.17000008,-1.42855096,-1.11065555,-1.85214794,0.00000000,0.00000000,-0.19602884,2.16932201,1.59881771,0.52523959,-0.05867390,0.00000000,0.00000000
0.23291570,-2.17000008,-1.42901039,-1.10625803,-1.85304224,0.00000000,0.00000000,-0.19787663,2.16996646,1.61035919,0.53339553,-0.07011568,0.00000000,0.00000000
0.24790947,-2.17000008,-1.43234551,-1.09918201,-1.84672058,0.00000000,0.00000000,-0.20255001,2.17000008,1.62406719,0.54745787,-0.08181708,0.00000000,0.00000000
0.26257443,-2.17000008,-1.43841612,-1.08991969,-1.83295846,0.00000000,0.00000000,-0.21001464,2.16995716,1.63973987,0.56715143,-0.10613048,0.00000000,0.00000000
0.27642217,-2.17000008,-1.44669259,-1.07884133,-1.83173931,0.00000000,0.00000000,-0.21997115,2.16929722,1.65650463,0.59242350,-0.12872715,0.00000000,0.00000000
0.28902480,-2.17000008,-1.45662427,-1.06622815,-1.83558357,0.00000000,0.00000000,-0.23129134,2.16719103,1.67278230,0.62372965,-0.15711725,0.00000000,0.00000000
0.29984036,-2.17000008,-1.46758556,-1.05235159,-1.83339334,0.00000000,0.00000000,-0.24347110,2.16533256,1.68656027,0.66029632,-0.17936261,0.00000000,0.00000000
0.30825382,-2.17000008,-1.47824824,-1.03757191,-1.82485521,0.00000000,0.00000000,-0.25789303,2.16542792,1.69655216,0.69788891,-0.20289899,0.00000000,0.00000000
0.31365982,-2.17000008,-1.48683667,-1.02240098,-1.81070352,0.00000000,0.00000000,-0.27390364,2.16625285,1.70276093,0.73209703,-0.22874020,0.00000000,0.00000000
0.31539312,-2.17000008,-1.49353123,-1.00720763,-1.79321051,0.00000000,0.00000000,-0.28920567,2.16769648,1.70459247,0.75985879,-0.25224033,0.00000000,0.00000000
0.31351843,-2.17000008,-1.49902534,-0.99219811,-1.78309751,0.00000000,0.00000000,-0.30175737,2.16915083,1.70187986,0.77984607,-0.26961333,0.00000000,0.00000000
0.30905357,-2.17000008,-1.50416052,-0.97738343,-1.78704202,0.00000000,0.00000000,-0.31129661,2.16984844,1.69516230,0.79140019,-0.28416395,0.00000000,0.00000000
0.30363977,-2.17000008,-1.50995076,-0.96267885,-1.78927386,0.00000000,0.00000000,-0.31826732,2.16999197,1.68527901,0.79436356,-0.30357724,0.00000000,0.00000000
0.29878050,-2.17000008,-1.51704168,-0.94818997,-1.79456687,0.00000000,0.00000000,-0.32274118,2.17000008,1.67330229,0.78928900,-0.31872874,0.00000000,0.00000000
0.29531676,-2.17000008,-1.52602017,-0.93427509,-1.80026901,0.00000000,0.00000000,-0.32447234,2.17000008,1.66016555,0.77730697,-0.34098652,0.00000000,0.00000000
0.29443577,-2.17000008,-1.53717017,-0.92125440,-1.80110979,0.00000000,0.00000000,-0.32336438,2.17000008,1.64661217,0.75985634,-0.37040085,0.00000000,0.00000000
0.29822028,-2.17000008,-1.54970181,-0.90983528,-1.80057740,0.00000000,0.00000000,-0.31991377,2.17000008,1.63343632,0.73829091,-0.39464021,0.00000000,0.00000000
0.30576465,-2.17000008,-1.56307411,-0.90270370,-1.79248440,0.00000000,0.00000000,-0.31364647,2.17000008,1.62097645,0.71435517,-0.42214042,0.00000000,0.00000000
0.31534842,-2.17000008,-1.57814384,-0.90125763,-1.78678501,0.00000000,0.00000000,-0.30297506,2.16999722,1.60837269,0.68986058,-0.44122222,0.00000000,0.00000000
0.32864100,-2.17000008,-1.59494340,-0.90247679,-1.78340304,0.00000000,0.00000000,-0.28613725,2.16993117,1.59558475,0.66611969,-0.44903854,0.00000000,0.00000000
0.34634516,-2.17000008,-1.61296856,-0.90310639,-1.76908910,0.00000000,0.00000000,-0.26164141,2.16943264,1.58132446,0.64417338,-0.45816624,0.00000000,0.00000000
0.36683872,-2.17000008,-1.63046336,-0.90206236,-1.75749028,0.00000000,0.00000000,-0.22986959,2.16835666,1.56374681,0.62423891,-0.46209398,0.00000000,0.00000000
0.38653859,-2.17000008,-1.64505231,-0.89981508,-1.74687636,0.00000000,0.00000000,-0.19349961,2.16799545,1.54161680,0.60555464,-0.47559696,0.00000000,0.00000000
0.40181771,-2.17000008,-1.65486526,-0.89761072,-1.74116898,0.00000000,0.00000000,-0.15546922,2.16871595,1.51467991,0.58733267,-0.48650700,0.00000000,0.00000000
0.41128671,-2.16998911,-1.65849900,-0.89632553,-1.74432981,0.00000000,0.00000000,-0.11787234,2.16966200,1.48364949,0.56919706,-0.49075601,0.00000000,0.00000000
0.41560793,-2.16983628,-1.65486538,-0.89639068,-1.75392175,0.00000000,0.00000000,-0.08203344,2.16997910,1.44990742,0.55117631,-0.49879792,0.00000000,0.00000000
0.41687092,-2.16949272,-1.64347923,-0.89802265,-1.75402510,0.00000000,0.00000000,-0.04932017,2.17000008,1.41528869,0.53343147,-0.52081853,0.00000000,0.00000000
0.41747507,-2.16952658,-1.62489319,-0.90147966,-1.73821926,0.00000000,0.00000000,-0.02037122,2.17000008,1.38198674,0.51673561,-0.54303086,0.00000000,0.00000000
0.41863835,-2.16985846,-1.60061264,-0.90717369,-1.72101271,0.00000000,0.00000000,0.00635020,2.17000008,1.35227358,0.50258332,-0.56941909,0.00000000,0.00000000
0.42010212,-2.16999102,-1.57269800,-0.91530967,-1.71361601,0.00000000,0.00000000,0.03106666,2.17000008,1.32772183,0.49052167,-0.60122323,0.00000000,0.00000000
0.42127836,-2.17000008,-1.54386389,-0.92528647,-1.70920897,0.00000000,0.00000000,0.05227513,2.17000008,1.30901265,0.47866538,-0.62405163,0.00000000,0.00000000
0.42176849,-2.17000008,-1.51703942,-0.93603021,-1.71600080,0.00000000,0.00000000,0.06891583,2.17000008,1.29627407,0.46554545,-0.65299278,0.00000000,0.00000000
0.42120457,-2.17000008,-1.49470353,-0.94657695,-1.71972263,0.00000000,0.00000000,0.08061478,2.17000008,1.28924870,0.45035711,-0.68966961,0.00000000,0.00000000
0.41932344,-2.17000008,-1.47861183,-0.95610684,-1.73456073,0.00000000,0.00000000,0.08726836,2.16993809,1.28725779,0.43284619,-0.72297639,0.00000000,0.00000000
0.41603050,-2.17000008,-1.46942520,-0.96384692,-1.74839640,0.00000000,0.00000000,0.08879453,2.16889238,1.28913748,0.41331238,-0.76112199,0.00000000,0.00000000
0.41131759,-2.17000008,-1.46648538,-0.96909940,-1.76568305,0.00000000,0.00000000,0.08515422,2.16429734,1.29341745,0.39252561,-0.79543704,0.00000000,0.00000000
0.40530708,-2.17000008,-1.46832836,-0.97127253,-1.77439451,0.00000000,0.00000000,0.07667293,2.15503693,1.29882073,0.37148684,-0.82381904,0.00000000,0.00000000
0.39833665,-2.17000008,-1.47342551,-0.96989954,-1.77382374,0.00000000,0.00000000,0.06421418,2.14312506,1.30459762,0.35121506,-0.85598940,0.00000000,0.00000000
0.39088207,-2.17000008,-1.48040509,-0.96472514,-1.77965355,0.00000000,0.00000000,0.04895634,2.13066554,1.31038570,0.33267158,-0.88550037,0.00000000,0.00000000
0.38350639,-2.17000008,-1.48802400,-0.95569807,-1.79045463,0.00000000,0.00000000,0.03216302,2.11892033,1.31598282,0.31674656,-0.91306221,0.00000000,0.00000000
0.37676299,-2.17000008,-1.49513006,-0.94291461,-1.79658008,0.00000000,0.00000000,0.01510675,2.10868621,1.32124352,0.30424467,-0.93386340,0.00000000,0.00000000
0.37107468,-2.17000008,-1.50071192,-0.92656434,-1.79966831,0.00000000,0.00000000,-0.00101621,2.10045075,1.32605267,0.29582760,-0.95284778,0.00000000,0.00000000
0.36672351,-2.17000008,-1.50406432,-0.90687352,-1.80562735,0.00000000,0.00000000,-0.01527365,2.09443521,1.33031964,0.29191521,-0.96125454,0.00000000,0.00000000
0.36384505,-2.17000008,-1.50494409,-0.88413215,-1.81751037,0.00000000,0.00000000,-0.02708348,2.09062290,1.33396769,0.29267830,-0.96251094,0.00000000,0.00000000
0.36234561,-2.17000008,-1.50356793,-0.85882342,-1.82680106,0.00000000,0.00000000,-0.03594004,2.08884120,1.33692265,0.29826856,-0.95560908,0.00000000,0.00000000
0.36189628,-2.17000008,-1.50041640,-0.83169794,-1.83097303,0.00000000,0.00000000,-0.04120072,2.08904743,1.33906364,0.30901918,-0.94077736,0.00000000,0.00000000
0.36204410,-2.17000008,-1.49599588,-0.80370712,-1.83942306,0.00000000,0.00000000,-0.04294142,2.09155631,1.34013593,0.32483381,-0.92397261,0.00000000,0.00000000
0.36228177,-2.17000008,-1.49069405,-0.77587974,-1.84091449,0.00000000,0.00000000,-0.04246076,2.09660053,1.33979642,0.34454092,-0.91040319,0.00000000,0.00000000
0.36205572,-2.17000008,-1.48499703,-0.74915689,-1.84663045,0.00000000,0.00000000,-0.04050155,2.10396218,1.33775198,0.36695829,-0.89306349,0.00000000,0.00000000
0.36054453,-2.17000008,-1.47989643,-0.72435832,-1.72532690,0.00000000,0.00000000,-0.03702335,2.11334968,1.33371103,0.39146399,-0.82636666,0.00000000,0.00000000
0.35709900,-2.17000008,-1.47663569,-0.70208567,-1.60517681,0.00000000,0.00000000,-0.03214403,2.12458611,1.32730258,0.41763401,-0.75497144,0.00000000,0.00000000
0.35533285,-2.16998243,-1.47568679,-0.68074268,-1.48566902,0.00000000,0.00000000,-0.02654687,2.13743711,1.31807923,0.44492030,-0.69130796,0.00000000,0.00000000
0.35684368,-2.16974735,-1.47853696,-0.65946501,-1.37858582,0.00000000,0.00000000,-0.02149099,2.15109277,1.30566049,0.47244895,-0.63247782,0.00000000,0.00000000
0.34533834,-2.16938496,-1.48616230,-0.64820069,-1.27633786,0.00000000,0.00000000,-0.01817338,2.16300154,1.29022908,0.49876004,-0.56927913,0.00000000,0.00000000
0.32004786,-2.16974735,-1.49263906,-0.64978546,-1.16876054,0.00000000,0.00000000,-0.01705478,2.16874218,1.27413917,0.52074575,-0.50353605,0.00000000,0.00000000
0.30562049,-2.16998243,-1.49649358,-0.65087599,-1.05254126,0.00000000,0.00000000,-0.01646871,2.16993284,1.26272094,0.53435159,-0.44264349,0.00000000,0.00000000
