l_joint1,l_joint2,l_joint3,l_joint4,l_joint5,l_joint6,l_joint7,r_joint1,r_joint2,r_joint3,r_joint4,r_joint5,r_joint6,r_joint7
-2.54932261,-0.41003865,-0.08326613,-0.31063706,-0.05525821,0.00000000,0.00000000,-3.00999999,0.67897689,0.47864190,0.14663845,-0.05922183,0.00000000,0.00000000
-2.54987550,-0.41042909,-0.08283016,-0.31050935,-0.06339111,0.00000000,0.00000000,-3.00999999,0.67824328,0.47885907,0.14638877,-0.08001279,0.00000000,0.00000000
-2.55089498,-0.41123760,-0.08200544,-0.31028146,-0.07334794,0.00000000,0.00000000,-3.00999999,0.67717850,0.47928596,0.14601618,-0.10733249,0.00000000,0.00000000
-2.55230570,-0.41247630,-0.08082973,-0.30993947,-0.08885130,0.00000000,0.00000000,-3.00997353,0.67594373,0.47995025,0.14557248,-0.13537274,0.00000000,0.00000000
-2.55401421,-0.41409567,-0.07934296,-0.30947882,-0.10556027,0.00000000,0.00000000,-3.00954151,0.67455840,0.48089454,0.14511408,-0.16910867,0.00000000,0.00000000
-2.55590439,-0.41604123,-0.07759831,-0.30892354,-0.12725034,0.00000000,0.00000000,-3.00778675,0.67305952,0.48216856,0.14473625,-0.19158997,0.00000000,0.00000000
-2.55785346,-0.41830701,-0.07565617,-0.30833358,-0.14903459,0.00000000,0.00000000,-3.00437593,0.67153841,0.48381612,0.14447720,-0.22152628,0.00000000,0.00000000
-2.55975294,-0.42088798,-0.07355351,-0.30777201,-0.15734918,0.00000000,0.00000000,-2.99939227,0.67013693,0.48587140,0.14433636,-0.25414971,0.00000000,0.00000000
-2.56152582,-0.42369941,-0.07129615,-0.30722091,-0.16215727,0.00000000,0.00000000,-2.99292874,0.66902953,0.48835942,0.14434835,-0.29773125,0.00000000,0.00000000
-2.56314731,-0.42656240,-0.06885013,-0.30656579,-0.15797971,0.00000000,0.00000000,-2.98503637,0.66830111,0.49129692,0.14452074,-0.34338871,0.00000000,0.00000000
-2.56462574,-0.42932519,-0.06614666,-0.30572659,-0.16606161,0.00000000,0.00000000,-2.97572708,0.66783446,0.49469846,0.14474654,-0.38104364,0.00000000,0.00000000
-2.56594872,-0.43193102,-0.06311988,-0.30471429,-0.16891411,0.00000000,0.00000000,-2.96499205,0.66748232,0.49858454,0.14484961,-0.43542948,0.00000000,0.00000000
-2.56707311,-0.43439612,-0.05972194,-0.30360258,-0.16463247,0.00000000,0.00000000,-2.95280600,0.66720057,0.50297678,0.14467579,-0.48937491,0.00000000,0.00000000
-2.56793427,-0.43675649,-0.05592328,-0.30246904,-0.17084596,0.00000000,0.00000000,-2.93913102,0.66705430,0.50789827,0.14415111,-0.55751759,0.00000000,0.00000000
-2.56845093,-0.43903670,-0.05170694,-0.30136648,-0.17675963,0.00000000,0.00000000,-2.92391825,0.66712999,0.51338089,0.14326274,-0.62022763,0.00000000,0.00000000
-2.56853747,-0.44123715,-0.04705237,-0.30033612,-0.17833790,0.00000000,0.00000000,-2.90710759,0.66743845,0.51946753,0.14203857,-0.67539805,0.00000000,0.00000000
-2.56810522,-0.44330212,-0.04192171,-0.29939577,-0.18122938,0.00000000,0.00000000,-2.88863039,0.66791308,0.52621323,0.14050153,-0.71812552,0.00000000,0.00000000
-2.56705284,-0.44518867,-0.03627757,-0.29854777,-0.16311164,0.00000000,0.00000000,-2.86841106,0.66852081,0.53367811,0.13866286,-0.75909650,0.00000000,0.00000000
-2.56525254,-0.44694015,-0.03009098,-0.29784095,-0.13738337,0.00000000,0.00000000,-2.84636807,0.66939688,0.54191560,0.13653678,-0.78560162,0.00000000,0.00000000
-2.56252861,-0.44864780,-0.02334727,-0.29736516,-0.10250241,0.00000000,0.00000000,-2.82242322,0.67078412,0.55098653,0.13413334,-0.82594061,0.00000000,0.00000000
-2.55869603,-0.45026395,-0.01603767,-0.29713684,-0.06621426,0.00000000,0.00000000,-2.79650497,0.67268401,0.56098008,0.13152649,-0.86294037,0.00000000,0.00000000
-2.55359507,-0.45160118,-0.00814044,-0.29707700,-0.05486398,0.00000000,0.00000000,-2.76854324,0.67485845,0.57200086,0.12884612,-0.90450728,0.00000000,0.00000000
-2.54709673,-0.45252576,0.00039224,-0.29712361,-0.04924373,0.00000000,0.00000000,-2.73846626,0.67711335,0.58413768,0.12628281,-0.93418795,0.00000000,0.00000000
-2.53909349,-0.45300737,0.00964274,-0.29727939,-0.04869380,0.00000000,0.00000000,-2.70619416,0.67936873,0.59745294,0.12402424,-0.95252168,0.00000000,0.00000000
-2.52948833,-0.45305687,0.01972347,-0.29755560,-0.04011456,0.00000000,0.00000000,-2.67162728,0.68159503,0.61198992,0.12210406,-0.96902192,0.00000000,0.00000000
-2.51817775,-0.45266786,0.03076877,-0.29794151,-0.02490318,0.00000000,0.00000000,-2.63465190,0.68383712,0.62777853,0.12047966,-0.97910666,0.00000000,0.00000000
-2.50504923,-0.45184571,0.04294583,-0.29843664,-0.00853319,0.00000000,0.00000000,-2.59514880,0.68618745,0.64483410,0.11909583,-0.97871834,0.00000000,0.00000000
-2.48997545,-0.45067552,0.05645637,-0.29907638,0.01115333,0.00000000,0.00000000,-2.55299330,0.68867970,0.66316265,0.11786006,-0.97754025,0.00000000,0.00000000
-2.47278070,-0.44921991,0.07150891,-0.29988798,0.02323886,0.00000000,0.00000000,-2.50807166,0.69134402,0.68277389,0.11673905,-0.98669016,0.00000000,0.00000000
-2.45324445,-0.44750956,0.08830862,-0.30090612,0.03567830,0.00000000,0.00000000,-2.46028018,0.69411296,0.70368260,0.11570019,-0.98994535,0.00000000,0.00000000
-2.43108821,-0.44560057,0.10704094,-0.30221978,0.04851756,0.00000000,0.00000000,-2.40952826,0.69693714,0.72589672,0.11473761,-0.99192280,0.00000000,0.00000000
-2.40595770,-0.44357625,0.12785442,-0.30397785,0.04783483,0.00000000,0.00000000,-2.35574389,0.69991517,0.74941319,0.11394942,-0.98920411,0.00000000,0.00000000
-2.37744236,-0.44159663,0.15086843,-0.30640686,0.02987187,0.00000000,0.00000000,-2.29886961,0.70322174,0.77421689,0.11344990,-0.99348181,0.00000000,0.00000000
-2.34509587,-0.43987960,0.17618102,-0.30979195,0.00533012,0.00000000,0.00000000,-2.23885846,0.70704669,0.80027944,0.11328747,-0.99452037,0.00000000,0.00000000
-2.30843115,-0.43865865,0.20384365,-0.31442711,-0.02369935,0.00000000,0.00000000,-2.17568827,0.71164012,0.82755733,0.11348750,-0.99310905,0.00000000,0.00000000
-2.26690388,-0.43825462,0.23381767,-0.32062611,-0.04247341,0.00000000,0.00000000,-2.10936475,0.71733540,0.85598713,0.11402840,-0.98713160,0.00000000,0.00000000
-2.21989155,-0.43915150,0.26590854,-0.32870373,-0.05680380,0.00000000,0.00000000,-2.03994155,0.72458607,0.88548291,0.11482464,-0.98584759,0.00000000,0.00000000
-2.16668701,-0.44204581,0.29968265,-0.33890355,-0.07320321,0.00000000,0.00000000,-1.96754241,0.73406410,0.91592067,0.11568085,-0.98969382,0.00000000,0.00000000
-2.10652685,-0.44783226,0.33438990,-0.35128069,-0.08893254,0.00000000,0.00000000,-1.89239764,0.74668330,0.94712782,0.11622121,-0.98901480,0.00000000,0.00000000
-2.03868461,-0.45753753,0.36892512,-0.36557239,-0.10390076,0.00000000,0.00000000,-1.81487143,0.76327407,0.97890925,0.11578265,-0.97831166,0.00000000,0.00000000
-1.96261537,-0.47207767,0.40185395,-0.38105464,-0.12886994,0.00000000,0.00000000,-1.73548675,0.78424913,1.01108873,0.11345442,-0.97787893,0.00000000,0.00000000
-1.87814581,-0.49197313,0.43154708,-0.39652616,-0.15572093,0.00000000,0.00000000,-1.65491045,0.80926496,1.04355931,0.10831789,-0.97233593,0.00000000,0.00000000
-1.78561604,-0.51702231,0.45642784,-0.41038635,-0.18756050,0.00000000,0.00000000,-1.57388484,0.83711690,1.07630885,0.09974159,-0.95781791,0.00000000,0.00000000
-1.68588567,-0.54607850,0.47528407,-0.42084137,-0.22083324,0.00000000,0.00000000,-1.49310791,0.86580926,1.10941052,0.08756159,-0.95313096,0.00000000,0.00000000
-1.58017957,-0.57726640,0.48751524,-0.42631704,-0.25688156,0.00000000,0.00000000,-1.41308594,0.89282471,1.14299130,0.07218450,-0.94745296,0.00000000,0.00000000
-1.46985805,-0.60886168,0.49310291,-0.42600593,-0.29130664,0.00000000,0.00000000,-1.33402276,0.91619843,1.17716825,0.05483950,-0.95078230,0.00000000,0.00000000
-1.35621655,-0.64011812,0.49241197,-0.42021263,-0.31554893,0.00000000,0.00000000,-1.25575924,0.93524694,1.21200836,0.03760640,-0.95624185,0.00000000,0.00000000
-1.24033701,-0.67137492,0.48608327,-0.41032144,-0.33930531,0.00000000,0.00000000,-1.17772090,0.94979173,1.24755430,0.02310077,-0.96578187,0.00000000,0.00000000
-1.12312365,-0.70392638,0.47474703,-0.39836067,-0.36323854,0.00000000,0.00000000,-1.09894860,0.96017909,1.28382003,0.01447560,-0.96789664,0.00000000,0.00000000
-1.00550961,-0.73939562,0.45868650,-0.38614008,-0.38850591,0.00000000,0.00000000,-1.01833868,0.96774089,1.32077181,0.01509860,-0.96436661,0.00000000,0.00000000
-0.88867563,-0.77900720,0.43776277,-0.37465039,-0.42059225,0.00000000,0.00000000,-0.93503219,0.97479320,1.35829628,0.02774995,-0.96681851,0.00000000,0.00000000
-0.77413243,-0.82347518,0.41161388,-0.36430204,-0.44750738,0.00000000,0.00000000,-0.84867722,0.98391539,1.39613271,0.05402653,-0.97206247,0.00000000,0.00000000
-0.66358227,-0.87312376,0.37993863,-0.35545647,-0.47443026,0.00000000,0.00000000,-0.75955558,0.99811769,1.43374956,0.09415413,-0.97007447,0.00000000,0.00000000
-0.55855626,-0.92812651,0.34275049,-0.34888679,-0.50898868,0.00000000,0.00000000,-0.66866064,1.02086127,1.47021031,0.14692609,-0.97417444,0.00000000,0.00000000
-0.46014389,-0.98866409,0.30043024,-0.34573269,-0.53622758,0.00000000,0.00000000,-0.57764578,1.05549979,1.50411010,0.21002148,-0.96253908,0.00000000,0.00000000
-0.36905274,-1.05494285,0.25357771,-0.34708053,-0.56088603,0.00000000,0.00000000,-0.48879015,1.10470390,1.53364921,0.28032443,-0.95574284,0.00000000,0.00000000
-0.28572938,-1.12692392,0.20288494,-0.35360822,-0.57372475,0.00000000,0.00000000,-0.40486267,1.16947007,1.55694413,0.35401088,-0.95446336,0.00000000,0.00000000
-0.21010669,-1.20372427,0.14918545,-0.36532199,-0.58074409,0.00000000,0.00000000,-0.32819903,1.24838114,1.57248616,0.42766836,-0.94997275,0.00000000,0.00000000
-0.14149427,-1.28328431,0.09344521,-0.38147926,-0.59276426,0.00000000,0.00000000,-0.26051491,1.33877969,1.57924998,0.49882579,-0.94602317,0.00000000,0.00000000
-0.08016558,-1.36318326,0.03617776,-0.40083528,-0.60596728,0.00000000,0.00000000,-0.20475893,1.43821359,1.57662737,0.56396395,-0.93817151,0.00000000,0.00000000
-0.02743159,-1.44115317,-0.02253519,-0.42206246,-0.61783081,0.00000000,0.00000000,-0.16349097,1.54282022,1.56509435,0.62015772,-0.92555130,0.00000000,0.00000000
0.01614857,-1.51466465,-0.08244548,-0.44371250,-0.63192791,0.00000000,0.00000000,-0.13604279,1.64614165,1.54705620,0.66822052,-0.91456026,0.00000000,0.00000000
0.05161589,-1.58087409,-0.14287029,-0.46406493,-0.64479095,0.00000000,0.00000000,-0.11820013,1.74051976,1.52649283,0.71396673,-0.91264552,0.00000000,0.00000000
0.08043531,-1.63841200,-0.20300891,-0.48212120,-0.64578956,0.00000000,0.00000000,-0.10962478,1.82548356,1.50492215,0.76114702,-0.91263157,0.00000000,0.00000000
0.10372157,-1.68747592,-0.26212186,-0.49764881,-0.63997161,0.00000000,0.00000000,-0.10967832,1.90136492,1.48401499,0.80995673,-0.89414883,0.00000000,0.00000000
0.12250571,-1.72869217,-0.31945053,-0.51047552,-0.63538980,0.00000000,0.00000000,-0.11642432,1.96636248,1.46689987,0.85804403,-0.87527674,0.00000000,0.00000000
0.13800925,-1.76311314,-0.37416843,-0.52060390,-0.63062674,0.00000000,0.00000000,-0.13107365,2.02083492,1.45544708,0.90137082,-0.87120348,0.00000000,0.00000000
0.15167287,-1.79099596,-0.42556208,-0.52767968,-0.61690551,0.00000000,0.00000000,-0.15390265,2.06705165,1.44983649,0.93905103,-0.87437487,0.00000000,0.00000000
0.16415837,-1.81102681,-0.47348216,-0.53085637,-0.61598206,0.00000000,0.00000000,-0.18578200,2.10655713,1.44873440,0.97079283,-0.87948769,0.00000000,0.00000000
0.17394008,-1.82339919,-0.51837468,-0.53091669,-0.61179453,0.00000000,0.00000000,-0.22836986,2.13832092,1.44979000,0.99545068,-0.88304245,0.00000000,0.00000000
0.17504974,-1.83115089,-0.56164151,-0.53191632,-0.61059785,0.00000000,0.00000000,-0.27843106,2.15914154,1.45074975,1.01396251,-0.88262504,0.00000000,0.00000000
0.15774563,-1.83323550,-0.60638446,-0.53856909,-0.61007237,0.00000000,0.00000000,-0.32751265,2.16805172,1.45032275,1.02994180,-0.86799264,0.00000000,0.00000000
0.11975764,-1.82777083,-0.65379971,-0.55539608,-0.60200089,0.00000000,0.00000000,-0.37276360,2.16989493,1.44988024,1.04400945,-0.85699773,0.00000000,0.00000000
0.06877999,-1.82079530,-0.70092893,-0.58696842,-0.59478325,0.00000000,0.00000000,-0.41705382,2.17000008,1.45291591,1.05402517,-0.84264284,0.00000000,0.00000000
0.01603430,-1.81971884,-0.74317980,-0.63443017,-0.59540838,0.00000000,0.00000000,-0.46352717,2.17000008,1.46323395,1.05811846,-0.83400613,0.00000000,0.00000000
-0.03028547,-1.82736838,-0.77754372,-0.69545859,-0.58931416,0.00000000,0.00000000,-0.51018471,2.17000008,1.48370981,1.05798316,-0.82228971,0.00000000,0.00000000
-0.06950597,-1.84133387,-0.80474722,-0.76648366,-0.57023239,0.00000000,0.00000000,-0.54904056,2.17000008,1.51484919,1.05919421,-0.80929869,0.00000000,0.00000000
-0.09717865,-1.86172664,-0.82439494,-0.84205067,-0.56553859,0.00000000,0.00000000,-0.57478094,2.17000008,1.55512655,1.06472468,-0.78500837,0.00000000,0.00000000
-0.11343945,-1.88274193,-0.83989948,-0.91275889,-0.55895591,0.00000000,0.00000000,-0.58820570,2.17000008,1.59951925,1.07334828,-0.77488458,0.00000000,0.00000000
-0.12004308,-1.89942503,-0.85501707,-0.97175646,-0.54721648,0.00000000,0.00000000,-0.59181702,2.17000008,1.64277899,1.08296454,-0.76576102,0.00000000,0.00000000
-0.11645091,-1.91250885,-0.87043476,-1.01594293,-0.53008407,0.00000000,0.00000000,-0.58774996,2.17000008,1.68087220,1.09171104,-0.75003618,0.00000000,0.00000000
-0.10270760,-1.92366087,-0.88629371,-1.04447222,-0.52464378,0.00000000,0.00000000,-0.57827342,2.17000008,1.71074891,1.09768951,-0.72235006,0.00000000,0.00000000
-0.07935915,-1.93226469,-0.90352720,-1.05643988,-0.50792414,0.00000000,0.00000000,-0.56621838,2.17000008,1.73030508,1.09892428,-0.70161372,0.00000000,0.00000000
-0.04541588,-1.93712735,-0.92230439,-1.05003405,-0.49589306,0.00000000,0.00000000,-0.55313778,2.16989088,1.73853445,1.09437501,-0.68863863,0.00000000,0.00000000
-0.00046515,-1.94015849,-0.94113970,-1.02567852,-0.49399307,0.00000000,0.00000000,-0.53664809,2.16823411,1.73531306,1.08593869,-0.67343527,0.00000000,0.00000000
0.05063170,-1.94093359,-0.96126372,-0.98695409,-0.49362254,0.00000000,0.00000000,-0.51309538,2.16322923,1.72139311,1.07884789,-0.67523652,0.00000000,0.00000000
0.09801995,-1.93653917,-0.98642081,-0.94205213,-0.48925644,0.00000000,0.00000000,-0.47894290,2.15938616,1.69734037,1.07940924,-0.68420094,0.00000000,0.00000000
0.14305282,-1.92622912,-1.01510537,-0.89607930,-0.48835906,0.00000000,0.00000000,-0.43507850,2.16027164,1.66457462,1.09017372,-0.68684322,0.00000000,0.00000000
0.19286934,-1.91036654,-1.04401481,-0.84975314,-0.48538253,0.00000000,0.00000000,-0.38743609,2.16296673,1.62766898,1.11133015,-0.68166119,0.00000000,0.00000000
0.24971421,-1.89098811,-1.07110560,-0.80408579,-0.47919491,0.00000000,0.00000000,-0.34509519,2.16632557,1.58963370,1.14080143,-0.68166447,0.00000000,0.00000000
0.30718777,-1.87146771,-1.09575021,-0.76275182,-0.47894832,0.00000000,0.00000000,-0.30985090,2.16910315,1.55419075,1.17662871,-0.68377435,0.00000000,0.00000000
0.35753807,-1.85346949,-1.11813092,-0.72867042,-0.47238466,0.00000000,0.00000000,-0.27977085,2.16994429,1.52632141,1.21482480,-0.70003057,0.00000000,0.00000000
0.40074626,-1.83601439,-1.13776159,-0.69975728,-0.46413872,0.00000000,0.00000000,-0.26012075,2.16998243,1.50756371,1.24586439,-0.70123047,0.00000000,0.00000000
0.43687499,-1.81885779,-1.15401757,-0.67539454,-0.45873299,0.00000000,0.00000000,-0.25666088,2.16995716,1.49597549,1.26375151,-0.69117391,0.00000000,0.00000000
0.46412447,-1.80232215,-1.16673350,-0.65703946,-0.45385829,0.00000000,0.00000000,-0.26963213,2.16998243,1.48874700,1.26853919,-0.68121475,0.00000000,0.00000000
0.47929859,-1.78599834,-1.17651236,-0.64679927,-0.44807190,0.00000000,0.00000000,-0.29562199,2.16999912,1.48322821,1.26311076,-0.67301250,0.00000000,0.00000000
0.47709876,-1.77033389,-1.18436539,-0.64809865,-0.43302247,0.00000000,0.00000000,-0.32608613,2.17000008,1.47734797,1.25347650,-0.67168677,0.00000000,0.00000000
0.45431027,-1.75784898,-1.19067693,-0.66372788,-0.41220728,0.00000000,0.00000000,-0.35429570,2.17000008,1.46977103,1.24352169,-0.65419376,0.00000000,0.00000000
0.41283575,-1.75182569,-1.19483423,-0.69467348,-0.38379401,0.00000000,0.00000000,-0.38122720,2.17000008,1.46003616,1.23148620,-0.63255781,0.00000000,0.00000000
0.35712311,-1.75385702,-1.19616318,-0.74324089,-0.36221230,0.00000000,0.00000000,-0.40941250,2.17000008,1.45069003,1.21699739,-0.59418690,0.00000000,0.00000000
0.29838389,-1.76553857,-1.19258189,-0.81095505,-0.34150672,0.00000000,0.00000000,-0.43715051,2.17000008,1.44735813,1.20828021,-0.55149692,0.00000000,0.00000000
0.24853231,-1.78614676,-1.18242049,-0.89567798,-0.32412556,0.00000000,0.00000000,-0.46184576,2.17000008,1.45485675,1.20930350,-0.51987708,0.00000000,0.00000000
0.20926812,-1.81411827,-1.16610861,-0.99538517,-0.30067328,0.00000000,0.00000000,-0.47826126,2.17000008,1.47602880,1.21517193,-0.49515826,0.00000000,0.00000000
0.18121205,-1.84601748,-1.14603198,-1.10074317,-0.28667420,0.00000000,0.00000000,-0.48625594,2.17000008,1.50482738,1.22045541,-0.46610892,0.00000000,0.00000000
0.16712700,-1.87275207,-1.12806702,-1.19263172,-0.28741628,0.00000000,0.00000000,-0.48679346,2.16992807,1.53442526,1.22381604,-0.43820265,0.00000000,0.00000000
0.16813521,-1.89226556,-1.11474884,-1.26277709,-0.29390857,0.00000000,0.00000000,-0.48154709,2.16865349,1.56074953,1.22451103,-0.40576249,0.00000000,0.00000000
0.18240584,-1.90660357,-1.10708869,-1.31123972,-0.30450439,0.00000000,0.00000000,-0.47258851,2.16232443,1.58072698,1.22219634,-0.37832296,0.00000000,0.00000000
0.20804140,-1.91663623,-1.10664546,-1.33892334,-0.30574358,0.00000000,0.00000000,-0.46128088,2.14745951,1.59223747,1.21793163,-0.36539209,0.00000000,0.00000000
0.24220560,-1.92242789,-1.11542499,-1.34763384,-0.30866289,0.00000000,0.00000000,-0.44603613,2.12517500,1.59535480,1.21559274,-0.34411502,0.00000000,0.00000000
0.27817157,-1.92408526,-1.13605487,-1.34232962,-0.30035448,0.00000000,0.00000000,-0.42219093,2.09932303,1.59170628,1.22161865,-0.31829211,0.00000000,0.00000000
0.31133890,-1.92054415,-1.16949368,-1.32761705,-0.30352369,0.00000000,0.00000000,-0.38962239,2.07792974,1.58088040,1.23847127,-0.28425616,0.00000000,0.00000000
0.34647346,-1.91476750,-1.20865440,-1.30490410,-0.30573741,0.00000000,0.00000000,-0.35398394,2.06685114,1.56175685,1.26273656,-0.25520441,0.00000000,0.00000000
0.38752428,-1.91235662,-1.24465322,-1.27724516,-0.31433684,0.00000000,0.00000000,-0.32177195,2.06783342,1.53410697,1.28998709,-0.22524162,0.00000000,0.00000000
0.42889342,-1.91519690,-1.27512085,-1.25044203,-0.32472503,0.00000000,0.00000000,-0.29464209,2.07894659,1.50014007,1.31810582,-0.21415937,0.00000000,0.00000000
0.46314436,-1.92173707,-1.30049849,-1.22884965,-0.34273836,0.00000000,0.00000000,-0.27143878,2.09450197,1.46560395,1.34557271,-0.20210598,0.00000000,0.00000000
0.49022362,-1.92866576,-1.32052684,-1.20995140,-0.35412231,0.00000000,0.00000000,-0.25844622,2.11202073,1.43252981,1.36504734,-0.19608355,0.00000000,0.00000000
0.51082385,-1.93199432,-1.33601749,-1.19022882,-0.37503186,0.00000000,0.00000000,-0.25555721,2.13057423,1.40187776,1.37568319,-0.18744385,0.00000000,0.00000000
0.52479041,-1.92864251,-1.34805393,-1.16755152,-0.39154521,0.00000000,0.00000000,-0.25989681,2.14856863,1.37447357,1.37951779,-0.17682284,0.00000000,0.00000000
0.53120399,-1.91760409,-1.35703552,-1.14125097,-0.39823723,0.00000000,0.00000000,-0.27089989,2.16249514,1.35018718,1.37653947,-0.16575459,0.00000000,0.00000000
0.52718651,-1.90108907,-1.36255276,-1.11301231,-0.40141866,0.00000000,0.00000000,-0.28791946,2.16869783,1.32897091,1.36517096,-0.15902020,0.00000000,0.00000000
0.50832593,-1.88418782,-1.36390197,-1.08739567,-0.41369367,0.00000000,0.00000000,-0.30740348,2.16993141,1.31191301,1.34447646,-0.15214868,0.00000000,0.00000000
0.47048491,-1.87212408,-1.36103976,-1.07138848,-0.43271270,0.00000000,0.00000000,-0.32350060,2.17000008,1.30011272,1.31678391,-0.15121335,0.00000000,0.00000000
0.41639984,-1.87014520,-1.35251462,-1.07265580,-0.45332015,0.00000000,0.00000000,-0.33724570,2.17000008,1.29297185,1.28764677,-0.15040511,0.00000000,0.00000000
0.36187524,-1.88086331,-1.33581662,-1.09534001,-0.48916468,0.00000000,0.00000000,-0.36113366,2.17000008,1.29007912,1.26577318,-0.15828872,0.00000000,0.00000000
0.31571302,-1.89790595,-1.31497157,-1.13826036,-0.52609241,0.00000000,0.00000000,-0.39631492,2.17000008,1.29706800,1.25532734,-0.16722524,0.00000000,0.00000000
0.27900028,-1.91758513,-1.29273438,-1.19870114,-0.57323688,0.00000000,0.00000000,-0.43481162,2.17000008,1.31961250,1.25228238,-0.17066069,0.00000000,0.00000000
0.25526491,-1.94215119,-1.26635289,-1.26709855,-0.61790586,0.00000000,0.00000000,-0.45831820,2.17000008,1.35498905,1.25476170,-0.18680111,0.00000000,0.00000000
0.24613462,-1.96610308,-1.23952973,-1.32833171,-0.64412856,0.00000000,0.00000000,-0.46922904,2.17000008,1.39245713,1.25709438,-0.19226980,0.00000000,0.00000000
0.24751249,-1.98544550,-1.21747267,-1.37519276,-0.66205823,0.00000000,0.00000000,-0.47255519,2.16980195,1.42538965,1.25594163,-0.19905472,0.00000000,0.00000000
0.25724691,-1.99999630,-1.20265031,-1.40547574,-0.68375683,0.00000000,0.00000000,-0.47011983,2.16659498,1.45113134,1.25036490,-0.19853768,0.00000000,0.00000000
0.27489293,-2.00961709,-1.19702888,-1.41810071,-0.69862139,0.00000000,0.00000000,-0.46324340,2.15401316,1.46824408,1.24073625,-0.19837922,0.00000000,0.00000000
0.29825798,-2.01496911,-1.20194566,-1.41436410,-0.71484083,0.00000000,0.00000000,-0.45021969,2.13071918,1.47705674,1.23053789,-0.19048668,0.00000000,0.00000000
0.32110816,-2.01697445,-1.21910262,-1.39919853,-0.72428787,0.00000000,0.00000000,-0.42727345,2.10027194,1.47938073,1.22612810,-0.17527120,0.00000000,0.00000000
0.34048501,-2.01380348,-1.24994719,-1.37589455,-0.73348963,0.00000000,0.00000000,-0.39583206,2.07311392,1.47464013,1.23125505,-0.16051169,0.00000000,0.00000000
0.36445513,-2.00688744,-1.28793490,-1.34468925,-0.73433882,0.00000000,0.00000000,-0.36098564,2.05694008,1.46171224,1.24671936,-0.14476253,0.00000000,0.00000000
0.40321401,-2.00049186,-1.32380629,-1.30736005,-0.73650676,0.00000000,0.00000000,-0.32816288,2.05037141,1.44337475,1.27496564,-0.12227568,0.00000000,0.00000000
0.44945815,-1.99697220,-1.35593987,-1.26869190,-0.74098521,0.00000000,0.00000000,-0.30051768,2.05215573,1.42097616,1.31509352,-0.10455088,0.00000000,0.00000000
0.48926458,-1.99741304,-1.38426304,-1.23638129,-0.73921740,0.00000000,0.00000000,-0.27755401,2.05789018,1.39922810,1.36208892,-0.08817931,0.00000000,0.00000000
0.51925212,-1.99983346,-1.40744174,-1.21110284,-0.73786807,0.00000000,0.00000000,-0.26354536,2.06600499,1.37948871,1.40665281,-0.07335608,0.00000000,0.00000000
0.53818679,-2.00119114,-1.42487454,-1.19171441,-0.73823100,0.00000000,0.00000000,-0.26148435,2.07674193,1.36148345,1.44248426,-0.06390798,0.00000000,0.00000000
0.54530007,-1.99938929,-1.43639350,-1.17732501,-0.73681426,0.00000000,0.00000000,-0.27037841,2.09081459,1.34495056,1.46873510,-0.04336911,0.00000000,0.00000000
0.54112291,-1.99341428,-1.44203556,-1.16710579,-0.74949300,0.00000000,0.00000000,-0.28898102,2.10799217,1.33033013,1.48589206,-0.02615426,0.00000000,0.00000000
0.52659196,-1.98370552,-1.44210351,-1.16057718,-0.76228458,0.00000000,0.00000000,-0.31732234,2.12644577,1.31855786,1.49357247,-0.01187266,0.00000000,0.00000000
0.50109613,-1.97192574,-1.43772328,-1.15867817,-0.77478552,0.00000000,0.00000000,-0.35415855,2.14369249,1.30992043,1.49265826,0.00921159,0.00000000,0.00000000
0.46056500,-1.96028900,-1.43124461,-1.16547585,-0.79489470,0.00000000,0.00000000,-0.39288548,2.15733981,1.30460048,1.48853743,0.02692480,0.00000000,0.00000000
0.40754718,-1.95429492,-1.42099905,-1.18572152,-0.82452250,0.00000000,0.00000000,-0.42833942,2.16538405,1.30439246,1.48661482,0.03681533,0.00000000,0.00000000
0.35954601,-1.95882130,-1.40190804,-1.22152495,-0.85317248,0.00000000,0.00000000,-0.46141887,2.16895938,1.31196213,1.49232912,0.04883013,0.00000000,0.00000000
0.32444957,-1.96951425,-1.37695789,-1.27251172,-0.89160001,0.00000000,0.00000000,-0.49653330,2.16989827,1.32946467,1.50445962,0.05978325,0.00000000,0.00000000
0.30306953,-1.98664260,-1.34581411,-1.33600569,-0.93509525,0.00000000,0.00000000,-0.53028095,2.16999674,1.35650659,1.51600480,0.06252690,0.00000000,0.00000000
0.29937163,-2.00508380,-1.31293452,-1.39707482,-0.98551649,0.00000000,0.00000000,-0.55749065,2.17000008,1.38664126,1.52616882,0.06706996,0.00000000,0.00000000
0.30538902,-2.01798058,-1.28747058,-1.44620812,-1.03717852,0.00000000,0.00000000,-0.57675725,2.17000008,1.41394818,1.53450227,0.06466986,0.00000000,0.00000000
0.31732973,-2.02582788,-1.27059114,-1.48071504,-1.08992517,0.00000000,0.00000000,-0.58840990,2.16978502,1.43607998,1.53899717,0.05781598,0.00000000,0.00000000
0.33523428,-2.03057814,-1.26126492,-1.49917030,-1.14504635,0.00000000,0.00000000,-0.59316820,2.16631866,1.45225644,1.53803611,0.06307160,0.00000000,0.00000000
0.35888237,-2.03291845,-1.25982881,-1.50062501,-1.18554854,0.00000000,0.00000000,-0.59203535,2.15296388,1.46191323,1.53107607,0.06808794,0.00000000,0.00000000
0.38741806,-2.03320575,-1.26693332,-1.48514414,-1.22291124,0.00000000,0.00000000,-0.58461624,2.12951374,1.46515906,1.51989830,0.07379325,0.00000000,0.00000000
0.41541925,-2.03225136,-1.28352547,-1.45703006,-1.25108635,0.00000000,0.00000000,-0.56695753,2.10053754,1.46303654,1.51080513,0.08038672,0.00000000,0.00000000
0.43798524,-2.02838540,-1.31131387,-1.42153776,-1.28791022,0.00000000,0.00000000,-0.53679150,2.07422161,1.45469248,1.51234484,0.08574063,0.00000000,0.00000000
0.46110636,-2.02109623,-1.34606242,-1.38007331,-1.32947862,0.00000000,0.00000000,-0.49711499,2.05901170,1.43716502,1.52810240,0.07019433,0.00000000,0.00000000
0.48812011,-2.01378202,-1.37965131,-1.34148467,-1.36605763,0.00000000,0.00000000,-0.45466143,2.05765224,1.41014123,1.55336010,0.04971384,0.00000000,0.00000000
0.51915520,-2.00818658,-1.40780985,-1.31069756,-1.39398432,0.00000000,0.00000000,-0.41329619,2.06601024,1.37992585,1.58196926,0.02444911,0.00000000,0.00000000
0.54849970,-2.00408888,-1.43050814,-1.28788137,-1.41941357,0.00000000,0.00000000,-0.37314764,2.07996702,1.35309935,1.61074448,-0.00399538,0.00000000,0.00000000
0.57312626,-1.99934912,-1.44887412,-1.26887465,-1.43578053,0.00000000,0.00000000,-0.34128574,2.09751821,1.33137155,1.63045251,-0.04108593,0.00000000,0.00000000
0.59269965,-1.99118996,-1.46429920,-1.24998033,-1.44700503,0.00000000,0.00000000,-0.32090640,2.11691451,1.31553257,1.63709092,-0.07852717,0.00000000,0.00000000
0.60645920,-1.97834074,-1.47730160,-1.23030412,-1.45134771,0.00000000,0.00000000,-0.31110933,2.13678646,1.30536091,1.63152850,-0.10629892,0.00000000,0.00000000
0.61322802,-1.96113110,-1.48774588,-1.21030009,-1.45619261,0.00000000,0.00000000,-0.31132337,2.15481091,1.29990768,1.61439145,-0.13210094,0.00000000,0.00000000
0.61041921,-1.94210815,-1.49510026,-1.19213653,-1.46079957,0.00000000,0.00000000,-0.32032511,2.16654539,1.29855788,1.58587039,-0.15075231,0.00000000,0.00000000
0.59483612,-1.92654335,-1.49777830,-1.17982244,-1.45328629,0.00000000,0.00000000,-0.33461654,2.16977143,1.30193305,1.54657829,-0.18093456,0.00000000,0.00000000
0.56549722,-1.91987026,-1.49340844,-1.17819166,-1.45349562,0.00000000,0.00000000,-0.34880522,2.16966200,1.31168652,1.49904263,-0.20952433,0.00000000,0.00000000
0.52630717,-1.92435813,-1.48025477,-1.19192493,-1.45693851,0.00000000,0.00000000,-0.36041170,2.16917801,1.32680523,1.45204794,-0.25836661,0.00000000,0.00000000
0.48826244,-1.93927956,-1.45794356,-1.22150326,-1.47338676,0.00000000,0.00000000,-0.37857428,2.16966200,1.33955920,1.41938865,-0.30699712,0.00000000,0.00000000
0.45826125,-1.96266627,-1.42814422,-1.26223946,-1.47294116,0.00000000,0.00000000,-0.40469447,2.16997671,1.35149574,1.40130770,-0.35059983,0.00000000,0.00000000
0.43518722,-1.99119639,-1.39546859,-1.30552185,-1.46639657,0.00000000,0.00000000,-0.42059496,2.17000008,1.36757994,1.39253163,-0.37954068,0.00000000,0.00000000
0.42287502,-2.02002025,-1.36620283,-1.33906364,-1.45912945,0.00000000,0.00000000,-0.42530587,2.16985536,1.38563836,1.38610601,-0.39990938,0.00000000,0.00000000
0.42238504,-2.04522634,-1.34587479,-1.35786498,-1.44416702,0.00000000,0.00000000,-0.42494634,2.16746712,1.40198600,1.37719381,-0.41226444,0.00000000,0.00000000
0.43145689,-2.06550312,-1.33744633,-1.36219156,-1.45243490,0.00000000,0.00000000,-0.42092553,2.15758109,1.41492355,1.36555839,-0.42066091,0.00000000,0.00000000
0.44382322,-2.08093023,-1.34256375,-1.35639918,-1.46808672,0.00000000,0.00000000,-0.41027653,2.13835716,1.42406023,1.35491014,-0.42138374,0.00000000,0.00000000
0.45279106,-2.09177971,-1.36176646,-1.34603465,-1.48792434,0.00000000,0.00000000,-0.38993368,2.11335588,1.42931581,1.34977019,-0.42597383,0.00000000,0.00000000
0.46252662,-2.09847522,-1.39190400,-1.32990050,-1.50289690,0.00000000,0.00000000,-0.36249253,2.09012175,1.42961860,1.35100281,-0.44156018,0.00000000,0.00000000
0.47836804,-2.10355163,-1.42613125,-1.30940557,-1.52618337,0.00000000,0.00000000,-0.33281824,2.07475448,1.42345917,1.35682142,-0.44782624,0.00000000,0.00000000
0.50048518,-2.11140323,-1.45636499,-1.28989279,-1.54988277,0.00000000,0.00000000,-0.30481941,2.06970930,1.40983164,1.36524916,-0.45363301,0.00000000,0.00000000
0.52498782,-2.12291455,-1.47965813,-1.27249205,-1.58288360,0.00000000,0.00000000,-0.27894610,2.07429171,1.39021277,1.37693512,-0.46142986,0.00000000,0.00000000
0.54658490,-2.13535404,-1.49737239,-1.25747716,-1.61458099,0.00000000,0.00000000,-0.25532237,2.08421421,1.37001657,1.39286661,-0.46096423,0.00000000,0.00000000
0.56529087,-2.14464855,-1.51124883,-1.24222028,-1.64663482,0.00000000,0.00000000,-0.23953205,2.09651589,1.35231125,1.41087329,-0.44929188,0.00000000,0.00000000
0.58067566,-2.14709854,-1.52203870,-1.22535217,-1.66613245,0.00000000,0.00000000,-0.23300129,2.11027622,1.33885634,1.42861605,-0.43342862,0.00000000,0.00000000
0.59069699,-2.14069939,-1.52918887,-1.20717907,-1.69341278,0.00000000,0.00000000,-0.23377147,2.12489939,1.33120692,1.44203770,-0.41912934,0.00000000,0.00000000
0.59356248,-2.12533188,-1.53189123,-1.18818116,-1.71102834,0.00000000,0.00000000,-0.24398929,2.14016724,1.32814074,1.44584632,-0.41536626,0.00000000,0.00000000
0.58809984,-2.10284972,-1.52996635,-1.16889322,-1.73355031,0.00000000,0.00000000,-0.26545763,2.15510178,1.32751644,1.43806183,-0.40934810,0.00000000,0.00000000
0.57167310,-2.07713079,-1.52373803,-1.15190721,-1.76637065,0.00000000,0.00000000,-0.29640916,2.16600180,1.32832694,1.41938019,-0.40506300,0.00000000,0.00000000
0.53970349,-2.05316854,-1.51324582,-1.14400089,-1.79299629,0.00000000,0.00000000,-0.33333498,2.16959238,1.33105719,1.39076769,-0.40822172,0.00000000,0.00000000
0.49200299,-2.03407478,-1.49864471,-1.15504217,-1.81978118,0.00000000,0.00000000,-0.37505949,2.16989422,1.33919048,1.35149205,-0.40774098,0.00000000,0.00000000
0.44131783,-2.02274179,-1.47796381,-1.19068825,-1.84119427,0.00000000,0.00000000,-0.42186826,2.16867065,1.35964417,1.30668223,-0.39580119,0.00000000,0.00000000
0.40011129,-2.01880336,-1.45101213,-1.24879551,-1.85826647,0.00000000,0.00000000,-0.47673109,2.16676593,1.38726032,1.27246463,-0.38448176,0.00000000,0.00000000
0.36743757,-2.02015162,-1.41979289,-1.32708073,-1.86835539,0.00000000,0.00000000,-0.52796006,2.16865540,1.41285706,1.25629842,-0.38929319,0.00000000,0.00000000
0.34225693,-2.02453732,-1.38770819,-1.41567600,-1.87370563,0.00000000,0.00000000,-0.56167042,2.16957879,1.44155598,1.25414705,-0.40119609,0.00000000,0.00000000
0.32871827,-2.02797365,-1.36012638,-1.49749243,-1.87641418,0.00000000,0.00000000,-0.58466518,2.16762185,1.46865332,1.25619459,-0.41855541,0.00000000,0.00000000
0.32872275,-2.02912164,-1.33961463,-1.56269526,-1.87743950,0.00000000,0.00000000,-0.60185450,2.16193104,1.48868442,1.25804019,-0.44520554,0.00000000,0.00000000
0.33984235,-2.02876449,-1.32706320,-1.61036146,-1.87888503,0.00000000,0.00000000,-0.61354661,2.15328217,1.50004292,1.25844944,-0.47533959,0.00000000,0.00000000
0.36030388,-2.02771735,-1.32278228,-1.64089370,-1.88984287,0.00000000,0.00000000,-0.61945152,2.14256358,1.50239551,1.25688756,-0.50612855,0.00000000,0.00000000
0.38830042,-2.02663994,-1.32630837,-1.65506768,-1.90511000,0.00000000,0.00000000,-0.61638439,2.12929320,1.49722099,1.25509071,-0.53370219,0.00000000,0.00000000
0.41871405,-2.02588177,-1.33691323,-1.65635359,-1.92765582,0.00000000,0.00000000,-0.59734070,2.11363006,1.48706353,1.25863886,-0.56357282,0.00000000,0.00000000
0.44930038,-2.02392364,-1.35403252,-1.64677942,-1.94033849,0.00000000,0.00000000,-0.56107777,2.10115886,1.47066391,1.27216375,-0.59330535,0.00000000,0.00000000
0.48508018,-2.02008319,-1.37466180,-1.62439227,-1.94856882,0.00000000,0.00000000,-0.51405054,2.09724903,1.44579268,1.29761052,-0.63419563,0.00000000,0.00000000
0.52780318,-2.01449943,-1.39649236,-1.59178746,-1.95968795,0.00000000,0.00000000,-0.46526629,2.10203409,1.41311622,1.33634210,-0.67813921,0.00000000,0.00000000
0.56927299,-2.00813723,-1.41897833,-1.56246984,-1.96338677,0.00000000,0.00000000,-0.42043480,2.11211300,1.37608373,1.38641036,-0.73104203,0.00000000,0.00000000
0.60341996,-2.00402665,-1.43759322,-1.54393375,-1.96912324,0.00000000,0.00000000,-0.37911284,2.12259436,1.33997560,1.44502807,-0.78908151,0.00000000,0.00000000
0.62974089,-2.00198984,-1.45021045,-1.53289747,-1.98087561,0.00000000,0.00000000,-0.34729767,2.13256693,1.30470479,1.50522208,-0.83791715,0.00000000,0.00000000
0.64830214,-1.99924552,-1.45808673,-1.52533174,-1.99871433,0.00000000,0.00000000,-0.32801640,2.14187694,1.27061582,1.56061947,-0.88722688,0.00000000,0.00000000
0.65877414,-1.99371850,-1.46218312,-1.51898825,-2.00748086,0.00000000,0.00000000,-0.31869206,2.15041661,1.23907685,1.60847008,-0.93896639,0.00000000,0.00000000
0.66071433,-1.98409259,-1.46317816,-1.51244462,-2.01192570,0.00000000,0.00000000,-0.31709886,2.15861869,1.21020162,1.64831054,-0.98703134,0.00000000,0.00000000
0.65363622,-1.97016132,-1.46157575,-1.50489569,-2.02212334,0.00000000,0.00000000,-0.32357654,2.16552973,1.18408656,1.67884910,-1.03823113,0.00000000,0.00000000
0.63695788,-1.95387304,-1.45707107,-1.49659050,-2.02632952,0.00000000,0.00000000,-0.33945063,2.16912222,1.16171873,1.69750118,-1.08422279,0.00000000,0.00000000
0.60922641,-1.93895841,-1.44900692,-1.49020183,-2.02523947,0.00000000,0.00000000,-0.36310929,2.16995096,1.14491391,1.70332062,-1.13052046,0.00000000,0.00000000
0.56962085,-1.92960966,-1.43607414,-1.49043703,-2.02376032,0.00000000,0.00000000,-0.38999349,2.17000008,1.13463032,1.69861460,-1.17526102,0.00000000,0.00000000
0.52083826,-1.92841530,-1.41651106,-1.50203955,-2.02603626,0.00000000,0.00000000,-0.41847688,2.17000008,1.12971973,1.68901145,-1.20061672,0.00000000,0.00000000
0.46790186,-1.93325675,-1.39256918,-1.53025270,-2.03612208,0.00000000,0.00000000,-0.44565758,2.17000008,1.13264275,1.68661106,-1.22913671,0.00000000,0.00000000
0.42082360,-1.94336867,-1.36351371,-1.57323003,-2.05044794,0.00000000,0.00000000,-0.47187525,2.17000008,1.14724576,1.69070613,-1.25008166,0.00000000,0.00000000
0.38389340,-1.95819426,-1.33001268,-1.62492180,-2.05479288,0.00000000,0.00000000,-0.49487835,2.17000008,1.16948271,1.69495213,-1.26444256,0.00000000,0.00000000
0.35855609,-1.97449696,-1.29703999,-1.67784762,-2.05963540,0.00000000,0.00000000,-0.51143181,2.17000008,1.19576180,1.69735694,-1.27161217,0.00000000,0.00000000
0.34477466,-1.98903096,-1.26919162,-1.72491980,-2.05499673,0.00000000,0.00000000,-0.52339685,2.17000008,1.22282445,1.69530261,-1.28144801,0.00000000,0.00000000
0.34392452,-1.99942410,-1.24918258,-1.75654256,-2.04308724,0.00000000,0.00000000,-0.53246611,2.16980457,1.24824071,1.68697786,-1.29599881,0.00000000,0.00000000
0.35851273,-2.00483274,-1.23684704,-1.76609957,-2.02165890,0.00000000,0.00000000,-0.53899777,2.16661048,1.27045405,1.67189860,-1.30067015,0.00000000,0.00000000
0.38768038,-2.00600266,-1.23126292,-1.75327122,-2.00534964,0.00000000,0.00000000,-0.54233283,2.15379095,1.28854859,1.65096056,-1.30359423,0.00000000,0.00000000
0.42468062,-2.00417066,-1.23310816,-1.72335935,-1.99219143,0.00000000,0.00000000,-0.53916806,2.13026047,1.30266762,1.62805152,-1.29616618,0.00000000,0.00000000
0.45935816,-1.99788713,-1.24751794,-1.68405962,-1.96661341,0.00000000,0.00000000,-0.52672476,2.10226130,1.31224549,1.60987437,-1.28322995,0.00000000,0.00000000
0.49094573,-1.98488832,-1.27625513,-1.63898432,-1.95072734,0.00000000,0.00000000,-0.50708032,2.08073545,1.31419420,1.60254979,-1.27034342,0.00000000,0.00000000
0.52255780,-1.97039533,-1.30783439,-1.59778810,-1.93738389,0.00000000,0.00000000,-0.48193067,2.07326174,1.30453968,1.61064601,-1.25326276,0.00000000,0.00000000
0.55695701,-1.95806181,-1.33373821,-1.56233811,-1.92631507,0.00000000,0.00000000,-0.45353761,2.08062983,1.28243053,1.63286376,-1.24764466,0.00000000,0.00000000
0.58557290,-1.94833148,-1.35528100,-1.53277755,-1.92414403,0.00000000,0.00000000,-0.42292279,2.09705305,1.25400794,1.66333175,-1.23602843,0.00000000,0.00000000
0.60361022,-1.94063675,-1.37293661,-1.50931537,-1.91823816,0.00000000,0.00000000,-0.39146399,2.11657858,1.22567248,1.69653666,-1.23493099,0.00000000,0.00000000
0.61277729,-1.93357348,-1.38519359,-1.48891020,-1.91973615,0.00000000,0.00000000,-0.36639979,2.13570476,1.19901562,1.72338295,-1.22516954,0.00000000,0.00000000
0.61426795,-1.92533112,-1.39199805,-1.46895123,-1.91357207,0.00000000,0.00000000,-0.35046127,2.15247011,1.17479312,1.74025071,-1.21696830,0.00000000,0.00000000
0.60810077,-1.91475439,-1.39381886,-1.44836974,-1.90584052,0.00000000,0.00000000,-0.34346622,2.16425610,1.15413356,1.74622715,-1.20351493,0.00000000,0.00000000
0.59371662,-1.90225363,-1.39060807,-1.42726398,-1.90414095,0.00000000,0.00000000,-0.34563333,2.16906595,1.13848865,1.73907149,-1.19084704,0.00000000,0.00000000
0.56975913,-1.89037645,-1.38189054,-1.40712070,-1.91014457,0.00000000,0.00000000,-0.35675189,2.16995239,1.13016975,1.71577036,-1.18101060,0.00000000,0.00000000
0.53313947,-1.88234258,-1.36842072,-1.39156103,-1.92066908,0.00000000,0.00000000,-0.37551183,2.17000008,1.13106430,1.67468333,-1.18015957,0.00000000,0.00000000
0.48235816,-1.88036215,-1.35179782,-1.38691783,-1.92826223,0.00000000,0.00000000,-0.39883393,2.16973090,1.14060616,1.62266636,-1.16788495,0.00000000,0.00000000
0.42608613,-1.88678169,-1.32944775,-1.40037501,-1.93319976,0.00000000,0.00000000,-0.42496708,2.16527748,1.15587318,1.58009422,-1.16468823,0.00000000,0.00000000
0.37473193,-1.89913476,-1.30134487,-1.43442106,-1.95007801,0.00000000,0.00000000,-0.46463329,2.14665866,1.17182493,1.55714536,-1.16000211,0.00000000,0.00000000
0.33482864,-1.91502512,-1.26803184,-1.48629868,-1.96853518,0.00000000,0.00000000,-0.52094644,2.10922050,1.18606949,1.55616951,-1.14059317,0.00000000,0.00000000
0.30624172,-1.93317664,-1.23161161,-1.55269504,-1.98797750,0.00000000,0.00000000,-0.58499122,2.05369520,1.19817376,1.58037353,-1.13299382,0.00000000,0.00000000
0.29320571,-1.95238590,-1.19278979,-1.62078381,-2.00609493,0.00000000,0.00000000,-0.64870560,1.98050940,1.20810103,1.62476552,-1.11458695,0.00000000,0.00000000
0.29324225,-1.97228873,-1.15485919,-1.67956364,-2.01351166,0.00000000,0.00000000,-0.71164370,1.88685644,1.21734917,1.67098284,-1.11619675,0.00000000,0.00000000
0.30199540,-1.99014831,-1.12622297,-1.72453487,-2.01924038,0.00000000,0.00000000,-0.78353631,1.76196587,1.23329902,1.69765842,-1.10684824,0.00000000,0.00000000
0.31672746,-2.00181365,-1.11703491,-1.75543201,-2.00685453,0.00000000,0.00000000,-0.87887168,1.59573281,1.26053250,1.69160712,-1.09566247,0.00000000,0.00000000
0.33699584,-2.00785518,-1.12933016,-1.77200270,-2.00689340,0.00000000,0.00000000,-1.00125384,1.38791418,1.29761064,1.65003145,-1.08444929,0.00000000,0.00000000
0.36295250,-2.01129985,-1.15999722,-1.77347219,-2.01050258,0.00000000,0.00000000,-1.14898181,1.14407718,1.33947229,1.57175207,-1.07984138,0.00000000,0.00000000
0.39525148,-2.01437974,-1.20416355,-1.75975108,-2.02087140,0.00000000,0.00000000,-1.31933713,0.87378156,1.37848842,1.45586658,-1.06790626,0.00000000,0.00000000
0.43736988,-2.01495051,-1.25923574,-1.72966921,-2.03015256,0.00000000,0.00000000,-1.50711370,0.59050572,1.40616429,1.30381215,-1.05222011,0.00000000,0.00000000
0.49150255,-2.01354647,-1.31885552,-1.69025445,-2.04817724,0.00000000,0.00000000,-1.70363402,0.30978376,1.41576695,1.11984360,-1.02736294,0.00000000,0.00000000
0.55286825,-2.01515985,-1.37438250,-1.65775418,-2.07108378,0.00000000,0.00000000,-1.89842653,0.04698290,1.40385139,0.91064000,-1.00447047,0.00000000,0.00000000
0.61038339,-2.02150345,-1.42515576,-1.63818336,-2.10248542,0.00000000,0.00000000,-2.08185554,-0.18503462,1.37094843,0.68446839,-0.98348582,0.00000000,0.00000000
0.65910012,-2.03051305,-1.47219622,-1.62671471,-2.12102771,0.00000000,0.00000000,-2.24752498,-0.37752086,1.32118225,0.45049924,-0.95781374,0.00000000,0.00000000
0.70072764,-2.03975582,-1.51377833,-1.61733091,-2.13289213,0.00000000,0.00000000,-2.39315796,-0.52705055,1.26093292,0.21785787,-0.94911659,0.00000000,0.00000000
0.73566794,-2.04657960,-1.55045438,-1.60710621,-2.14295006,0.00000000,0.00000000,-2.51924801,-0.63579977,1.19694471,-0.00583224,-0.94776285,0.00000000,0.00000000
0.76301008,-2.04890442,-1.58325958,-1.59532678,-2.14509225,0.00000000,0.00000000,-2.62805057,-0.70967084,1.13466334,-0.21458158,-0.94420767,0.00000000,0.00000000
0.78144515,-2.04560614,-1.61236894,-1.58271289,-2.15357709,0.00000000,0.00000000,-2.72238040,-0.75591981,1.07749474,-0.40391254,-0.92915428,0.00000000,0.00000000
0.78891289,-2.03695226,-1.63757360,-1.57146668,-2.15876222,0.00000000,0.00000000,-2.80419207,-0.78148198,1.02690971,-0.57093012,-0.92382014,0.00000000,0.00000000
0.78265435,-2.02488637,-1.65863144,-1.56523013,-2.16486478,0.00000000,0.00000000,-2.87359023,-0.79192483,0.98293334,-0.71428204,-0.92051923,0.00000000,0.00000000
0.76110756,-2.01285601,-1.67419803,-1.56850457,-2.16348839,0.00000000,0.00000000,-2.92940354,-0.79061896,0.94467646,-0.83347309,-0.90917891,0.00000000,0.00000000
0.72731864,-2.00533199,-1.67966366,-1.58567166,-2.15801001,0.00000000,0.00000000,-2.97084689,-0.77798849,0.91083854,-0.92791098,-0.89235657,0.00000000,0.00000000
0.68977374,-2.00564599,-1.67059672,-1.61741996,-2.14931297,0.00000000,0.00000000,-2.99689579,-0.75220370,0.88014847,-0.99788368,-0.87492555,0.00000000,0.00000000
0.65417355,-2.01358128,-1.64869964,-1.66000974,-2.13829112,0.00000000,0.00000000,-3.00770712,-0.71466506,0.85150665,-1.04730415,-0.86081266,0.00000000,0.00000000
0.61524081,-2.02462101,-1.62296093,-1.71377444,-2.11257052,0.00000000,0.00000000,-3.00987768,-0.67197096,0.82477951,-1.08325243,-0.86330229,0.00000000,0.00000000
0.58778149,-2.03992891,-1.59452093,-1.76124752,-2.08582807,0.00000000,0.00000000,-3.00999999,-0.62887824,0.80023354,-1.11034656,-0.87465477,0.00000000,0.00000000
0.57410300,-2.05758786,-1.56780493,-1.79346955,-2.06245160,0.00000000,0.00000000,-3.00999999,-0.58771890,0.77783418,-1.13028371,-0.88079613,0.00000000,0.00000000
0.57139677,-2.07611728,-1.54577029,-1.80919826,-2.04729867,0.00000000,0.00000000,-3.00999999,-0.54968166,0.75787616,-1.14397430,-0.89816242,0.00000000,0.00000000
0.58013362,-2.09542680,-1.52914262,-1.80712271,-2.03728890,0.00000000,0.00000000,-3.00999999,-0.51540852,0.74099696,-1.15223742,-0.91393667,0.00000000,0.00000000
0.60078537,-2.11533260,-1.51861727,-1.78634405,-2.02368259,0.00000000,0.00000000,-3.00999999,-0.48596969,0.72790664,-1.15614808,-0.92812103,0.00000000,0.00000000
0.63164854,-2.13505816,-1.51505923,-1.74804056,-2.01016641,0.00000000,0.00000000,-3.00999999,-0.46375334,0.71956033,-1.15767527,-0.95372242,0.00000000,0.00000000
0.66467500,-2.15093827,-1.52265835,-1.69926286,-1.98715782,0.00000000,0.00000000,-3.00999999,-0.45259929,0.71700931,-1.16007280,-0.98175329,0.00000000,0.00000000
0.69021094,-2.15889072,-1.54400790,-1.65376353,-1.95731962,0.00000000,0.00000000,-3.00999999,-0.45496613,0.72044992,-1.16639829,-1.00420833,0.00000000,0.00000000
0.70740402,-2.16252112,-1.56832254,-1.62816739,-1.93070209,0.00000000,0.00000000,-3.00999999,-0.46777260,0.72913420,-1.17884803,-1.03603089,0.00000000,0.00000000
0.73125607,-2.16563320,-1.58712089,-1.61785066,-1.90977645,0.00000000,0.00000000,-3.00999999,-0.48370713,0.74092424,-1.19844520,-1.08131933,0.00000000,0.00000000
0.76530218,-2.16882133,-1.60156059,-1.61055040,-1.89325941,0.00000000,0.00000000,-3.00998831,-0.49919054,0.75338852,-1.22472453,-1.12612450,0.00000000,0.00000000
0.79165024,-2.16992617,-1.61925900,-1.60801935,-1.87889290,0.00000000,0.00000000,-3.00980830,-0.51433140,0.76521087,-1.25586808,-1.18067253,0.00000000,0.00000000
0.81039983,-2.16999173,-1.63811529,-1.60513961,-1.86541617,0.00000000,0.00000000,-3.00922871,-0.53117901,0.77440381,-1.28831983,-1.22951698,0.00000000,0.00000000
0.82466543,-2.16976047,-1.65471375,-1.59805727,-1.85516226,0.00000000,0.00000000,-3.00856304,-0.54996270,0.77941668,-1.31907535,-1.26280630,0.00000000,0.00000000
0.83416951,-2.16762638,-1.66812289,-1.58595049,-1.85155177,0.00000000,0.00000000,-3.00851774,-0.56910133,0.77967632,-1.34549415,-1.28498936,0.00000000,0.00000000
0.83583421,-2.15983033,-1.67888224,-1.57009685,-1.83691108,0.00000000,0.00000000,-3.00950766,-0.58531392,0.77576941,-1.36480474,-1.30516481,0.00000000,0.00000000
0.82465440,-2.14516163,-1.68659401,-1.55389428,-1.83069992,0.00000000,0.00000000,-3.00996733,-0.59522933,0.76936448,-1.37477970,-1.31841183,0.00000000,0.00000000
0.79959583,-2.12721395,-1.68839192,-1.53912520,-1.81422555,0.00000000,0.00000000,-3.00999999,-0.59760803,0.76125383,-1.37471068,-1.32363117,0.00000000,0.00000000
0.76334387,-2.11082411,-1.68167663,-1.52711213,-1.80764055,0.00000000,0.00000000,-3.00999999,-0.59148854,0.75003791,-1.36592031,-1.32503843,0.00000000,0.00000000
0.71958369,-2.09891105,-1.66574764,-1.52491415,-1.80268741,0.00000000,0.00000000,-3.00999999,-0.57739955,0.73457181,-1.35152137,-1.31149113,0.00000000,0.00000000
0.67646044,-2.09534001,-1.63759315,-1.54314470,-1.79891634,0.00000000,0.00000000,-3.00999999,-0.55642164,0.71754283,-1.33559060,-1.30545580,0.00000000,0.00000000
0.63548070,-2.09780860,-1.60291553,-1.58531821,-1.80197954,0.00000000,0.00000000,-3.00999999,-0.53169823,0.70295453,-1.32342148,-1.31557345,0.00000000,0.00000000
0.59665936,-2.09927773,-1.57418692,-1.64307475,-1.80006540,0.00000000,0.00000000,-3.00999999,-0.50707459,0.69246894,-1.31717277,-1.31396377,0.00000000,0.00000000
0.57439506,-2.10374594,-1.54582155,-1.69475222,-1.80046654,0.00000000,0.00000000,-3.00999999,-0.48441613,0.68425119,-1.31359112,-1.31383193,0.00000000,0.00000000
0.56769305,-2.11077738,-1.51932371,-1.73177731,-1.79237044,0.00000000,0.00000000,-3.00999999,-0.46453288,0.67668897,-1.30895615,-1.31415343,0.00000000,0.00000000
0.57120442,-2.11898184,-1.49883294,-1.75358677,-1.77411211,0.00000000,0.00000000,-3.00999999,-0.44752002,0.66976601,-1.30084205,-1.31811309,0.00000000,0.00000000
0.58460742,-2.12879038,-1.48554766,-1.75901878,-1.75524390,0.00000000,0.00000000,-3.00999999,-0.43302512,0.66442728,-1.28780079,-1.32646906,0.00000000,0.00000000
0.60873264,-2.14050579,-1.47989666,-1.74682307,-1.73512459,0.00000000,0.00000000,-3.00999999,-0.42125133,0.66215503,-1.26953351,-1.33466065,0.00000000,0.00000000
0.64071196,-2.15307188,-1.48313284,-1.71913362,-1.71504128,0.00000000,0.00000000,-3.00999999,-0.41421521,0.66495526,-1.24745917,-1.34567940,0.00000000,0.00000000
0.67199457,-2.16318846,-1.49811137,-1.68342161,-1.70070136,0.00000000,0.00000000,-3.00999999,-0.41602609,0.67455840,-1.22438729,-1.37015605,0.00000000,0.00000000
0.69837600,-2.16858983,-1.52312291,-1.64620948,-1.68337512,0.00000000,0.00000000,-3.00999999,-0.42968130,0.69108534,-1.20218003,-1.39091611,0.00000000,0.00000000
0.72001642,-2.16991901,-1.55183470,-1.61614311,-1.67588401,0.00000000,0.00000000,-3.00999999,-0.45447889,0.71355659,-1.18023717,-1.41713166,0.00000000,0.00000000
0.73989516,-2.17000008,-1.57692492,-1.59622622,-1.65919793,0.00000000,0.00000000,-3.00999999,-0.48688087,0.74066901,-1.15436006,-1.43113613,0.00000000,0.00000000
0.75880128,-2.16999269,-1.59506702,-1.57828915,-1.64976394,0.00000000,0.00000000,-3.00967169,-0.52535838,0.77158648,-1.11736166,-1.46396101,0.00000000,0.00000000
0.77371800,-2.16978073,-1.60662425,-1.55891085,-1.64073813,0.00000000,0.00000000,-3.00449181,-0.56988269,0.80746019,-1.06252563,-1.48879242,0.00000000,0.00000000
0.77995217,-2.16779613,-1.61367381,-1.53967154,-1.63183057,0.00000000,0.00000000,-2.98566437,-0.61794955,0.84976882,-0.98522359,-1.49232888,0.00000000,0.00000000
0.77847296,-2.16070366,-1.61606228,-1.51812291,-1.63345432,0.00000000,0.00000000,-2.95474958,-0.66625571,0.89901489,-0.88233471,-1.50772917,0.00000000,0.00000000
0.77011973,-2.14686918,-1.61375856,-1.49235940,-1.62932611,0.00000000,0.00000000,-2.91321874,-0.71050721,0.95558327,-0.75331217,-1.51024425,0.00000000,0.00000000
0.75372988,-2.12578154,-1.60739005,-1.46250331,-1.62214971,0.00000000,0.00000000,-2.85978103,-0.74594104,1.01964867,-0.59947079,-1.51521146,0.00000000,0.00000000
0.72747779,-2.09868836,-1.59679985,-1.42977667,-1.63104331,0.00000000,0.00000000,-2.79285359,-0.76755822,1.09084594,-0.42305729,-1.50661361,0.00000000,0.00000000
0.68962151,-2.06970668,-1.58066857,-1.39647651,-1.63916445,0.00000000,0.00000000,-2.71108270,-0.76981205,1.16817784,-0.22696134,-1.50883460,0.00000000,0.00000000
0.63972485,-2.04449749,-1.55726159,-1.36600900,-1.65675080,0.00000000,0.00000000,-2.61351442,-0.74623716,1.24977183,-0.01452829,-1.51020277,0.00000000,0.00000000
0.57944626,-2.02686691,-1.52550173,-1.34605622,-1.67230427,0.00000000,0.00000000,-2.49987221,-0.68912715,1.33239114,0.21069498,-1.51559591,0.00000000,0.00000000
0.51379085,-2.01838541,-1.48417652,-1.34950328,-1.68919849,0.00000000,0.00000000,-2.37034559,-0.59063953,1.41094756,0.44457796,-1.50535440,0.00000000,0.00000000
0.45362136,-2.02149963,-1.42994201,-1.37640452,-1.70123780,0.00000000,0.00000000,-2.22531652,-0.44650796,1.47886622,0.68143159,-1.51132286,0.00000000,0.00000000
0.40515563,-2.03477764,-1.36513329,-1.41911006,-1.71053195,0.00000000,0.00000000,-2.06518841,-0.25836200,1.52965343,0.91336936,-1.51333129,0.00000000,0.00000000
0.37034154,-2.05158663,-1.29939985,-1.46731091,-1.71552503,0.00000000,0.00000000,-1.89142954,-0.03324104,1.55870247,1.13121402,-1.51871908,0.00000000,0.00000000
0.34930986,-2.06593776,-1.24172199,-1.51281857,-1.70655358,0.00000000,0.00000000,-1.70863831,0.21849652,1.56426144,1.32682204,-1.51774740,0.00000000,0.00000000
0.33933797,-2.07492876,-1.19850111,-1.55002296,-1.70241702,0.00000000,0.00000000,-1.52365911,0.48477906,1.54763222,1.49354863,-1.52679181,0.00000000,0.00000000
0.33873400,-2.07816458,-1.17321014,-1.57358646,-1.70858800,0.00000000,0.00000000,-1.34399843,0.75308764,1.51283205,1.62631047,-1.53738725,0.00000000,0.00000000
0.34682351,-2.07687950,-1.16674769,-1.58076632,-1.71384215,0.00000000,0.00000000,-1.17644966,1.01135170,1.46606433,1.72185028,-1.53562725,0.00000000,0.00000000
0.36120251,-2.07363462,-1.17862773,-1.57258606,-1.72064567,0.00000000,0.00000000,-1.02552426,1.24841809,1.41545331,1.77900517,-1.53981256,0.00000000,0.00000000
0.37886006,-2.07205820,-1.20602489,-1.55165112,-1.74078012,0.00000000,0.00000000,-0.89263147,1.45466685,1.37044311,1.79893661,-1.54224575,0.00000000,0.00000000
0.40051854,-2.07269192,-1.24512231,-1.51827741,-1.74882030,0.00000000,0.00000000,-0.77897531,1.62336135,1.33887625,1.78448498,-1.54862547,0.00000000,0.00000000
0.43104336,-2.07069802,-1.29421306,-1.47018588,-1.76255739,0.00000000,0.00000000,-0.68682766,1.75275362,1.32308567,1.74518740,-1.54375327,0.00000000,0.00000000
0.46981150,-2.06462097,-1.34900820,-1.41187370,-1.76356113,0.00000000,0.00000000,-0.61467010,1.84981763,1.31619310,1.70533323,-1.53379595,0.00000000,0.00000000
0.51191247,-2.05975938,-1.39937174,-1.35208452,-1.77442944,0.00000000,0.00000000,-0.56015843,1.92563844,1.30701327,1.68134558,-1.52213538,0.00000000,0.00000000
0.55179566,-2.05769038,-1.44068658,-1.29480636,-1.78452063,0.00000000,0.00000000,-0.51699615,1.98576796,1.29493177,1.67611539,-1.51755095,0.00000000,0.00000000
0.58557457,-2.05517340,-1.47380328,-1.23999071,-1.79592109,0.00000000,0.00000000,-0.48268262,2.03379655,1.28152108,1.68433142,-1.51451051,0.00000000,0.00000000
0.61185032,-2.04886556,-1.49963737,-1.18603957,-1.80482888,0.00000000,0.00000000,-0.45890188,2.07344341,1.26632118,1.69835627,-1.51842260,0.00000000,0.00000000
0.62892312,-2.03727770,-1.51840675,-1.13231194,-1.81394053,0.00000000,0.00000000,-0.44287145,2.10776615,1.24972594,1.71205389,-1.52599716,0.00000000,0.00000000
0.63460231,-2.02089453,-1.53014505,-1.07918096,-1.83076656,0.00000000,0.00000000,-0.43192375,2.13722539,1.23245883,1.72059083,-1.53543651,0.00000000,0.00000000
0.62752664,-2.00245476,-1.53446960,-1.02736425,-1.84439719,0.00000000,0.00000000,-0.42618090,2.15835333,1.21658850,1.72034287,-1.53428900,0.00000000,0.00000000
0.60542172,-1.98565245,-1.53105175,-0.98053849,-1.84329760,0.00000000,0.00000000,-0.42747939,2.16788244,1.20466542,1.70662463,-1.53453112,0.00000000,0.00000000
0.56401694,-1.97196817,-1.52104855,-0.94983268,-1.84477091,0.00000000,0.00000000,-0.43392837,2.16988540,1.20002842,1.67770123,-1.54283130,0.00000000,0.00000000
0.50859195,-1.96402562,-1.50390613,-0.94476837,-1.83864641,0.00000000,0.00000000,-0.44023952,2.17000008,1.20792902,1.63594806,-1.56069970,0.00000000,0.00000000
0.44817591,-1.96305120,-1.47884572,-0.96495223,-1.81831563,0.00000000,0.00000000,-0.44613209,2.17000008,1.23150444,1.58294368,-1.57540917,0.00000000,0.00000000
0.39081615,-1.96953487,-1.44484293,-1.00490177,-1.80516446,0.00000000,0.00000000,-0.45534661,2.17000008,1.26896966,1.52227533,-1.58844328,0.00000000,0.00000000
0.34276828,-1.98402834,-1.40099728,-1.05750513,-1.79434967,0.00000000,0.00000000,-0.47294071,2.17000008,1.31382740,1.46003628,-1.60277355,0.00000000,0.00000000
0.30654711,-2.00666213,-1.34784472,-1.11598337,-1.79055297,0.00000000,0.00000000,-0.49899432,2.17000008,1.35972714,1.40074384,-1.61857569,0.00000000,0.00000000
0.27956933,-2.03155804,-1.29193330,-1.17434549,-1.78110707,0.00000000,0.00000000,-0.52538121,2.17000008,1.40392041,1.34841084,-1.62968135,0.00000000,0.00000000
0.26054385,-2.05528975,-1.23898506,-1.22850204,-1.76439130,0.00000000,0.00000000,-0.54330188,2.17000008,1.44558573,1.30534136,-1.64213550,0.00000000,0.00000000
0.24905041,-2.07621241,-1.19336176,-1.27455950,-1.74658835,0.00000000,0.00000000,-0.55268753,2.17000008,1.48227715,1.26819241,-1.64734721,0.00000000,0.00000000
0.24499278,-2.09288478,-1.15867972,-1.30795157,-1.73492253,0.00000000,0.00000000,-0.55864275,2.17000008,1.51228189,1.23147774,-1.64820981,0.00000000,0.00000000
0.24846603,-2.10448074,-1.13728535,-1.32547450,-1.72759557,0.00000000,0.00000000,-0.56351995,2.17000008,1.53560007,1.19310641,-1.64550185,0.00000000,0.00000000
0.25891674,-2.11104631,-1.13028836,-1.32606626,-1.71591294,0.00000000,0.00000000,-0.56707358,2.16998601,1.55287135,1.15313077,-1.63291955,0.00000000,0.00000000
0.27366975,-2.11400604,-1.13761437,-1.31093669,-1.69882727,0.00000000,0.00000000,-0.56632382,2.16980052,1.56593144,1.11326015,-1.62938452,0.00000000,0.00000000
0.28587392,-2.11475801,-1.15947914,-1.28439403,-1.69301820,0.00000000,0.00000000,-0.55656165,2.16951442,1.57634819,1.07695055,-1.63051629,0.00000000,0.00000000
0.29235718,-2.11177325,-1.19599605,-1.24859381,-1.67582810,0.00000000,0.00000000,-0.53741276,2.16980052,1.58336163,1.04547358,-1.63167548,0.00000000,0.00000000
0.29730463,-2.10337806,-1.24473512,-1.20184588,-1.65482557,0.00000000,0.00000000,-0.51142645,2.16998625,1.58745682,1.01863229,-1.63237703,0.00000000,0.00000000
0.30666310,-2.08961487,-1.30155420,-1.14280212,-1.64086545,0.00000000,0.00000000,-0.48213628,2.16996717,1.58970547,0.99727154,-1.62593472,0.00000000,0.00000000
0.32536063,-2.07458115,-1.35982871,-1.07296908,-1.62923729,0.00000000,0.00000000,-0.45553944,2.16935682,1.59014726,0.98065567,-1.61998689,0.00000000,0.00000000
0.35476366,-2.06350493,-1.41302812,-0.99649680,-1.61800253,0.00000000,0.00000000,-0.43324897,2.16605401,1.58859718,0.96979630,-1.61617136,0.00000000,0.00000000
0.38797840,-2.05639601,-1.45988655,-0.92009854,-1.61662328,0.00000000,0.00000000,-0.41094172,2.15853810,1.58567154,0.96767998,-1.61686063,0.00000000,0.00000000
0.41847473,-2.05137157,-1.50095916,-0.84822816,-1.61165142,0.00000000,0.00000000,-0.38558018,2.14988565,1.58032978,0.97422695,-1.61927462,0.00000000,0.00000000
0.44571206,-2.04910159,-1.53541863,-0.78147382,-1.61151779,0.00000000,0.00000000,-0.35948849,2.14229393,1.57236469,0.98485196,-1.61031222,0.00000000,0.00000000
0.47103697,-2.05154800,-1.56222630,-0.71911651,-1.61048937,0.00000000,0.00000000,-0.33640531,2.13559675,1.56303799,0.99397576,-1.60098290,0.00000000,0.00000000
0.49342817,-2.05898309,-1.58168840,-0.66174585,-1.60030627,0.00000000,0.00000000,-0.31744325,2.13050628,1.55273759,0.99888974,-1.59026086,0.00000000,0.00000000
0.50947195,-2.06942749,-1.59528971,-0.61179250,-1.58818448,0.00000000,0.00000000,-0.30263159,2.12848902,1.54095256,0.99852979,-1.58551168,0.00000000,0.00000000
0.51616049,-2.08072877,-1.60451543,-0.57221538,-1.58404279,0.00000000,0.00000000,-0.29211473,2.13062930,1.52681637,0.99251699,-1.59532452,0.00000000,0.00000000
0.51262373,-2.09127522,-1.61054969,-0.54491431,-1.57534266,0.00000000,0.00000000,-0.28506130,2.13632536,1.50979602,0.98196781,-1.59452808,0.00000000,0.00000000
0.49894816,-2.09855294,-1.61481261,-0.53039402,-1.56212080,0.00000000,0.00000000,-0.27996400,2.14386225,1.48979449,0.96890974,-1.58161247,0.00000000,0.00000000
0.47518629,-2.10090947,-1.61842477,-0.52843183,-1.55409598,0.00000000,0.00000000,-0.27423212,2.15181589,1.46708465,0.95601553,-1.56885064,0.00000000,0.00000000
0.44331071,-2.09997535,-1.62147117,-0.53772175,-1.55312204,0.00000000,0.00000000,-0.26640379,2.15816712,1.44298136,0.94447678,-1.54890144,0.00000000,0.00000000
0.40752557,-2.09586501,-1.62439156,-0.55528802,-1.54535019,0.00000000,0.00000000,-0.25689182,2.16281724,1.41795909,0.93420070,-1.53957331,0.00000000,0.00000000
0.37027740,-2.08995557,-1.62699187,-0.57822317,-1.53283846,0.00000000,0.00000000,-0.24548252,2.16407466,1.39368594,0.92527366,-1.53792703,0.00000000,0.00000000
0.33407041,-2.08376336,-1.62902808,-0.60357481,-1.51226950,0.00000000,0.00000000,-0.23266283,2.16156244,1.37087274,0.91755134,-1.54180336,0.00000000,0.00000000
0.30093285,-2.07879877,-1.63025975,-0.62940013,-1.47221696,0.00000000,0.00000000,-0.21906407,2.15571380,1.34958184,0.91095763,-1.53527856,0.00000000,0.00000000
0.27166367,-2.07561612,-1.63077700,-0.65505666,-1.43608153,0.00000000,0.00000000,-0.20600465,2.14748216,1.32949674,0.90507483,-1.53430009,0.00000000,0.00000000
0.24642082,-2.07396150,-1.63093817,-0.68046719,-1.39869869,0.00000000,0.00000000,-0.19447066,2.13806081,1.31029606,0.89968002,-1.54132915,0.00000000,0.00000000
0.22542806,-2.07296634,-1.63128841,-0.70536524,-1.36197937,0.00000000,0.00000000,-0.18322672,2.12711048,1.29269826,0.89547360,-1.54651427,0.00000000,0.00000000
0.20879351,-2.07251525,-1.63196182,-0.72942418,-1.33396780,0.00000000,0.00000000,-0.17185482,2.11534715,1.27635860,0.89255285,-1.56094587,0.00000000,0.00000000
0.19653811,-2.07342315,-1.63246679,-0.75197643,-1.30741787,0.00000000,0.00000000,-0.15986252,2.10364008,1.26053762,0.89074087,-1.56718242,0.00000000,0.00000000
0.18862994,-2.07727194,-1.63165712,-0.77239901,-1.27580023,0.00000000,0.00000000,-0.14628266,2.09231639,1.24459612,0.88992232,-1.55211508,0.00000000,0.00000000
0.18476602,-2.08478713,-1.62856579,-0.79060358,-1.24777579,0.00000000,0.00000000,-0.13051350,2.08193398,1.22777915,0.89014173,-1.54119444,0.00000000,0.00000000
0.18415692,-2.09486008,-1.62301934,-0.80718851,-1.20648873,0.00000000,0.00000000,-0.11299830,2.07346439,1.20937824,0.89148027,-1.53331947,0.00000000,0.00000000
0.18590572,-2.10596466,-1.61503029,-0.82297575,-1.17033052,0.00000000,0.00000000,-0.09556554,2.06767559,1.18905485,0.89350170,-1.53390193,0.00000000,0.00000000
0.18934035,-2.11780095,-1.60400963,-0.83849818,-1.13989472,0.00000000,0.00000000,-0.08065747,2.06441879,1.16706884,0.89505786,-1.52432275,0.00000000,0.00000000
0.19403030,-2.13051105,-1.58928132,-0.85371882,-1.11231470,0.00000000,0.00000000,-0.06950348,2.06256032,1.14441812,0.89513630,-1.51101208,0.00000000,0.00000000
0.19951837,-2.14329934,-1.57088101,-0.86819470,-1.07285607,0.00000000,0.00000000,-0.06178800,2.06074381,1.12254703,0.89345437,-1.49374890,0.00000000,0.00000000
0.20509291,-2.15436196,-1.54964256,-0.88127196,-1.03467977,0.00000000,0.00000000,-0.05660211,2.05808973,1.10279906,0.89039403,-1.46627796,0.00000000,0.00000000
0.21002012,-2.16173697,-1.52678239,-0.89185077,-0.99973857,0.00000000,0.00000000,-0.05326594,2.05445480,1.08603334,0.88669717,-1.45157063,0.00000000,0.00000000
0.21425240,-2.16427302,-1.50320673,-0.89814675,-0.96164709,0.00000000,0.00000000,-0.05163083,2.04980159,1.07281995,0.88273329,-1.42727423,0.00000000,0.00000000
0.21847464,-2.16181374,-1.47908628,-0.89831722,-0.92898738,0.00000000,0.00000000,-0.05168900,2.04386878,1.06372201,0.87823629,-1.39804018,0.00000000,0.00000000
0.22302420,-2.15459394,-1.45401907,-0.89153486,-0.89885867,0.00000000,0.00000000,-0.05324779,2.03657317,1.05919337,0.87269306,-1.36338603,0.00000000,0.00000000
0.22763461,-2.14293528,-1.42720866,-0.87794083,-0.86931551,0.00000000,0.00000000,-0.05581874,2.02821851,1.05942023,0.86572695,-1.31763649,0.00000000,0.00000000
0.23181212,-2.12728643,-1.39754319,-0.85810280,-0.84254819,0.00000000,0.00000000,-0.05888357,2.01932645,1.06425714,0.85683829,-1.28000355,0.00000000,0.00000000
0.23489276,-2.10811329,-1.36386228,-0.83274710,-0.81962758,0.00000000,0.00000000,-0.06218867,2.01035500,1.07330453,0.84485084,-1.25612819,0.00000000,0.00000000
0.23613645,-2.08547306,-1.32539976,-0.80247986,-0.80649543,0.00000000,0.00000000,-0.06596922,2.00125551,1.08605540,0.82761914,-1.23982191,0.00000000,0.00000000
0.23513581,-2.05882645,-1.28190196,-0.76745844,-0.80929369,0.00000000,0.00000000,-0.07073410,1.99161863,1.10185874,0.80277741,-1.23369396,0.00000000,0.00000000
0.23199025,-2.02764273,-1.23326528,-0.72755104,-0.80216283,0.00000000,0.00000000,-0.07668878,1.98102212,1.11993599,0.76878637,-1.22556114,0.00000000,0.00000000
0.22688490,-1.99218392,-1.17927575,-0.68300945,-0.79302001,0.00000000,0.00000000,-0.08350124,1.96895993,1.13948905,0.72536677,-1.22742867,0.00000000,0.00000000
0.21956249,-1.95358372,-1.11978114,-0.63494498,-0.77813858,0.00000000,0.00000000,-0.08963512,1.95480752,1.15984857,0.67426485,-1.23214769,0.00000000,0.00000000
0.20968826,-1.91331136,-1.05490565,-0.58495021,-0.77483654,0.00000000,0.00000000,-0.09301464,1.93760431,1.18052411,0.61904085,-1.24247348,0.00000000,0.00000000
0.19745427,-1.87251019,-0.98509294,-0.53440815,-0.77520156,0.00000000,0.00000000,-0.09334105,1.91656780,1.20079911,0.56333899,-1.24440038,0.00000000,0.00000000
0.18363260,-1.83163846,-0.91101873,-0.48412389,-0.77948081,0.00000000,0.00000000,-0.09220465,1.89147937,1.21975791,0.50993598,-1.24257708,0.00000000,0.00000000
0.16883038,-1.79052854,-0.83353305,-0.43456051,-0.78792304,0.00000000,0.00000000,-0.09190261,1.86217034,1.23667777,0.46034202,-1.24903262,0.00000000,0.00000000
0.15298972,-1.74858737,-0.75360924,-0.38612884,-0.78490436,0.00000000,0.00000000,-0.09428383,1.82821131,1.25119543,0.41479677,-1.25145149,0.00000000,0.00000000
0.13555847,-1.70510113,-0.67222297,-0.33926702,-0.78089494,0.00000000,0.00000000,-0.09969011,1.78963971,1.26311970,0.37337917,-1.26368737,0.00000000,0.00000000
0.11591793,-1.65957832,-0.59022647,-0.29445949,-0.77007502,0.00000000,0.00000000,-0.10779653,1.74711215,1.27226257,0.33617091,-1.28446114,0.00000000,0.00000000
0.09350598,-1.61211991,-0.50831491,-0.25242773,-0.75478369,0.00000000,0.00000000,-0.11905971,1.70199752,1.27830231,0.30265388,-1.29341638,0.00000000,0.00000000
0.06773131,-1.56326413,-0.42708927,-0.21411397,-0.74127549,0.00000000,0.00000000,-0.13422106,1.65658784,1.28080857,0.27209154,-1.30705118,0.00000000,0.00000000
0.03821686,-1.51375508,-0.34705615,-0.18052505,-0.72279567,0.00000000,0.00000000,-0.15308028,1.61285925,1.27955437,0.24400021,-1.30945396,0.00000000,0.00000000
0.00522074,-1.46431041,-0.26858345,-0.15251850,-0.70187473,0.00000000,0.00000000,-0.17465422,1.57093036,1.27469647,0.21771167,-1.30575597,0.00000000,0.00000000
-0.03054115,-1.41543972,-0.19193172,-0.13073412,-0.68347079,0.00000000,0.00000000,-0.19724753,1.52973378,1.26662886,0.19280030,-1.30339968,0.00000000,0.00000000
-0.06886885,-1.36759841,-0.11736905,-0.11583268,-0.65783042,0.00000000,0.00000000,-0.21943080,1.48977125,1.25559521,0.16945177,-1.29145789,0.00000000,0.00000000
-0.11009581,-1.32099009,-0.04517500,-0.10832667,-0.64780414,0.00000000,0.00000000,-0.24115928,1.45078421,1.24189687,0.14723907,-1.28141820,0.00000000,0.00000000
-0.15461490,-1.27548540,0.02440412,-0.10840698,-0.64038432,0.00000000,0.00000000,-0.26296049,1.41258311,1.22579050,0.12597936,-1.24884760,0.00000000,0.00000000
-0.20277995,-1.23083198,0.09114993,-0.11595389,-0.62084693,0.00000000,0.00000000,-0.28597629,1.37598622,1.20741558,0.10541663,-1.23111975,0.00000000,0.00000000
-0.25501582,-1.18680465,0.15483285,-0.13054359,-0.58949852,0.00000000,0.00000000,-0.31160182,1.34155679,1.18694806,0.08488864,-1.20597005,0.00000000,0.00000000
-0.31158504,-1.14335871,0.21521273,-0.15158179,-0.56171769,0.00000000,0.00000000,-0.34091818,1.30937648,1.16464233,0.06377078,-1.17375422,0.00000000,0.00000000
-0.37242195,-1.10044169,0.27205035,-0.17830634,-0.53660017,0.00000000,0.00000000,-0.37440494,1.27954793,1.14080536,0.04192778,-1.15029097,0.00000000,0.00000000
-0.43734694,-1.05775070,0.32508016,-0.20964949,-0.51998580,0.00000000,0.00000000,-0.41190210,1.25224292,1.11578715,0.01976532,-1.12079835,0.00000000,0.00000000
-0.50631350,-1.01471353,0.37395382,-0.24415991,-0.50571328,0.00000000,0.00000000,-0.45295596,1.22738123,1.08996701,-0.00224641,-1.08501780,0.00000000,0.00000000
-0.57957864,-0.97070092,0.41813764,-0.27999505,-0.49562189,0.00000000,0.00000000,-0.49714714,1.20472407,1.06373346,-0.02388675,-1.05802763,0.00000000,0.00000000
-0.65785486,-0.92497730,0.45675415,-0.31466538,-0.48755360,0.00000000,0.00000000,-0.54417396,1.18426991,1.03748202,-0.04512196,-1.02399790,0.00000000,0.00000000
-0.74200398,-0.87694931,0.48857793,-0.34528735,-0.47992429,0.00000000,0.00000000,-0.59364408,1.16611147,1.01160669,-0.06585820,-1.00774384,0.00000000,0.00000000
-0.83238417,-0.82684034,0.51225859,-0.36947006,-0.46805528,0.00000000,0.00000000,-0.64474112,1.14970565,0.98645455,-0.08567833,-0.99528259,0.00000000,0.00000000
-0.92872858,-0.77565771,0.52638930,-0.38541993,-0.46565130,0.00000000,0.00000000,-0.69637734,1.13421631,0.96229947,-0.10385782,-0.97583342,0.00000000,0.00000000
-1.03001106,-0.72492242,0.52969587,-0.39199749,-0.47823277,0.00000000,0.00000000,-0.74759197,1.11906028,0.93936449,-0.11973550,-0.95285106,0.00000000,0.00000000
-1.13431251,-0.67652929,0.52138263,-0.38903362,-0.49129763,0.00000000,0.00000000,-0.79781693,1.10403073,0.91786206,-0.13310425,-0.93607068,0.00000000,0.00000000
-1.23901093,-0.63247049,0.50137800,-0.37739825,-0.50284088,0.00000000,0.00000000,-0.84678030,1.08932304,0.89800388,-0.14413454,-0.93793923,0.00000000,0.00000000
-1.34121680,-0.59443617,0.47039944,-0.35877004,-0.52376813,0.00000000,0.00000000,-0.89425623,1.07538426,0.87995964,-0.15308169,-0.92541772,0.00000000,0.00000000
-1.43828309,-0.56367379,0.42992380,-0.33550572,-0.56261015,0.00000000,0.00000000,-0.93997675,1.06262040,0.86381215,-0.16018826,-0.92110062,0.00000000,0.00000000
-1.52829385,-0.54089880,0.38214290,-0.31052518,-0.59549785,0.00000000,0.00000000,-0.98364758,1.05153346,0.84955430,-0.16568996,-0.92121375,0.00000000,0.00000000
-1.61044717,-0.52601516,0.32984093,-0.28692776,-0.63936704,0.00000000,0.00000000,-1.02492380,1.04282248,0.83707201,-0.16983646,-0.91637611,0.00000000,0.00000000
-1.68514609,-0.51787627,0.27607358,-0.26732856,-0.68345517,0.00000000,0.00000000,-1.06338155,1.03709066,0.82609969,-0.17290069,-0.90422577,0.00000000,0.00000000
-1.75360692,-0.51449901,0.22360359,-0.25316676,-0.72683984,0.00000000,0.00000000,-1.09858334,1.03435206,0.81623548,-0.17512812,-0.88595277,0.00000000,0.00000000
-1.81721711,-0.51380670,0.17444333,-0.24461091,-0.76419097,0.00000000,0.00000000,-1.13016963,1.03388119,0.80705607,-0.17662093,-0.86265534,0.00000000,0.00000000
-1.87708879,-0.51417530,0.12981977,-0.24100772,-0.79095334,0.00000000,0.00000000,-1.15787125,1.03466165,0.79823524,-0.17724584,-0.84237069,0.00000000,0.00000000
-1.93392527,-0.51448369,0.09038416,-0.24132650,-0.81008989,0.00000000,0.00000000,-1.18153179,1.03576171,0.78957909,-0.17677861,-0.81425297,0.00000000,0.00000000
-1.98804963,-0.51394528,0.05639395,-0.24438334,-0.83728129,0.00000000,0.00000000,-1.20113266,1.03648615,0.78099775,-0.17510885,-0.78026336,0.00000000,0.00000000
-2.03947377,-0.51210177,0.02779796,-0.24902846,-0.86162704,0.00000000,0.00000000,-1.21680379,1.03637803,0.77247101,-0.17227629,-0.74796426,0.00000000,0.00000000
-2.08796668,-0.50889200,0.00428389,-0.25433624,-0.87817782,0.00000000,0.00000000,-1.22885215,1.03517842,0.76404148,-0.16845863,-0.72562879,0.00000000,0.00000000
-2.13313246,-0.50454146,-0.01466107,-0.25967434,-0.88748187,0.00000000,0.00000000,-1.23776686,1.03287375,0.75581968,-0.16398560,-0.70182347,0.00000000,0.00000000
-2.17448092,-0.49939558,-0.02969049,-0.26465112,-0.89615756,0.00000000,0.00000000,-1.24414754,1.02978933,0.74797207,-0.15924820,-0.67001671,0.00000000,0.00000000
-2.21148729,-0.49391422,-0.04152180,-0.26910195,-0.90393227,0.00000000,0.00000000,-1.24864912,1.02643335,0.74070323,-0.15465771,-0.64839315,0.00000000,0.00000000
-2.24366403,-0.48864764,-0.05083832,-0.27306411,-0.84588671,0.00000000,0.00000000,-1.25195086,1.02321041,0.73422647,-0.15067047,-0.58321983,0.00000000,0.00000000
-2.27064562,-0.48403326,-0.05819143,-0.27661410,-0.78627563,0.00000000,0.00000000,-1.25462937,1.02035630,0.72871536,-0.14767347,-0.52057719,0.00000000,0.00000000
-2.29224324,-0.48034135,-0.06394036,-0.27974829,-0.71893001,0.00000000,0.00000000,-1.25701094,1.01793158,0.72427702,-0.14583796,-0.46358109,0.00000000,0.00000000
-2.30844307,-0.47770858,-0.06823108,-0.28238374,-0.64261818,0.00000000,0.00000000,-1.25915086,1.01579666,0.72094858,-0.14509495,-0.41482836,0.00000000,0.00000000
-2.31932616,-0.47616735,-0.07107552,-0.28439176,-0.56491321,0.00000000,0.00000000,-1.26088548,1.01383078,0.71871883,-0.14515266,-0.37407309,0.00000000,0.00000000
-2.32496023,-0.47557202,-0.07249920,-0.28557640,-0.49396199,0.00000000,0.00000000,-1.26192474,1.01237595,0.71756774,-0.14548841,-0.33846539,0.00000000,0.00000000
