l_joint1,l_joint2,l_joint3,l_joint4,l_joint5,l_joint6,l_joint7,r_joint1,r_joint2,r_joint3,r_joint4,r_joint5,r_joint6,r_joint7
-2.87000370,-0.53739536,0.09811319,-0.24240048,-0.01980212,0.00000000,0.00000000,-1.55936122,0.92412037,0.18068670,-0.04681541,-0.09696727,0.00000000,0.00000000
-2.86986780,-0.53648186,0.09857333,-0.24210808,-0.01133996,0.00000000,0.00000000,-1.55858696,0.92358625,0.18155564,-0.04670820,-0.11611590,0.00000000,0.00000000
-2.86954927,-0.53543293,0.09939685,-0.24184409,-0.00163353,0.00000000,0.00000000,-1.55705285,0.92260295,0.18322930,-0.04652349,-0.12313176,0.00000000,0.00000000
-2.86896420,-0.53474319,0.10048789,-0.24175139,0.01203732,0.00000000,0.00000000,-1.55470800,0.92135805,0.18569136,-0.04632280,-0.12287997,0.00000000,0.00000000
-2.86803317,-0.53455240,0.10176667,-0.24178737,0.02262558,0.00000000,0.00000000,-1.55149710,0.92007649,0.18892507,-0.04613940,-0.12267979,0.00000000,0.00000000
-2.86671185,-0.53487295,0.10320795,-0.24189828,0.03928725,0.00000000,0.00000000,-1.54738963,0.91879064,0.19292450,-0.04603334,-0.12808032,0.00000000,0.00000000
-2.86495256,-0.53567308,0.10479446,-0.24203938,0.04975103,0.00000000,0.00000000,-1.54237890,0.91762847,0.19769156,-0.04597035,-0.13437931,0.00000000,0.00000000
-2.86273837,-0.53685135,0.10654506,-0.24217044,0.05965888,0.00000000,0.00000000,-1.53644907,0.91658002,0.20322898,-0.04592782,-0.14964077,0.00000000,0.00000000
-2.86006474,-0.53822958,0.10851387,-0.24223755,0.06372073,0.00000000,0.00000000,-1.52957726,0.91549879,0.20953897,-0.04597756,-0.16825709,0.00000000,0.00000000
-2.85691762,-0.53971124,0.11074841,-0.24222162,0.06248776,0.00000000,0.00000000,-1.52176142,0.91426003,0.21662550,-0.04618924,-0.19176379,0.00000000,0.00000000
-2.85326338,-0.54126215,0.11327708,-0.24212143,0.07353976,0.00000000,0.00000000,-1.51302183,0.91283911,0.22449739,-0.04657472,-0.20643479,0.00000000,0.00000000
-2.84907770,-0.54281127,0.11614151,-0.24193367,0.07892475,0.00000000,0.00000000,-1.50337291,0.91121864,0.23317482,-0.04701163,-0.20868818,0.00000000,0.00000000
-2.84434199,-0.54427123,0.11939909,-0.24168380,0.08747087,0.00000000,0.00000000,-1.49281847,0.90937853,0.24268699,-0.04727480,-0.21738937,0.00000000,0.00000000
-2.83898854,-0.54562443,0.12307542,-0.24141940,0.09482583,0.00000000,0.00000000,-1.48140216,0.90743363,0.25306514,-0.04725835,-0.21796292,0.00000000,0.00000000
-2.83292317,-0.54695266,0.12716401,-0.24120079,0.08448866,0.00000000,0.00000000,-1.46920967,0.90554088,0.26434553,-0.04695801,-0.21031356,0.00000000,0.00000000
-2.82603550,-0.54832464,0.13165136,-0.24104787,0.09292171,0.00000000,0.00000000,-1.45633924,0.90384537,0.27656665,-0.04641299,-0.21899335,0.00000000,0.00000000
-2.81819820,-0.54974514,0.13653362,-0.24093430,0.10276736,0.00000000,0.00000000,-1.44289649,0.90246111,0.28976691,-0.04572754,-0.24738000,0.00000000,0.00000000
-2.80926609,-0.55119896,0.14182031,-0.24083331,0.12201387,0.00000000,0.00000000,-1.42899370,0.90146267,0.30398059,-0.04507278,-0.29065153,0.00000000,0.00000000
-2.79909348,-0.55267996,0.14754488,-0.24074046,0.14096674,0.00000000,0.00000000,-1.41473234,0.90086716,0.31923553,-0.04460714,-0.34324500,0.00000000,0.00000000
-2.78755641,-0.55418974,0.15378648,-0.24067660,0.15796970,0.00000000,0.00000000,-1.40018106,0.90057349,0.33555526,-0.04439204,-0.38204214,0.00000000,0.00000000
-2.77454996,-0.55564684,0.16066800,-0.24063084,0.18314444,0.00000000,0.00000000,-1.38535190,0.90037811,0.35295591,-0.04443174,-0.42383149,0.00000000,0.00000000
-2.75997591,-0.55692989,0.16833439,-0.24059394,0.21881481,0.00000000,0.00000000,-1.37020540,0.90004683,0.37144953,-0.04468403,-0.45271978,0.00000000,0.00000000
-2.74372029,-0.55793500,0.17693466,-0.24058798,0.27013221,0.00000000,0.00000000,-1.35466635,0.89942420,0.39104545,-0.04502740,-0.48297516,0.00000000,0.00000000
-2.72564721,-0.55857348,0.18661788,-0.24064983,0.32848522,0.00000000,0.00000000,-1.33864093,0.89842045,0.41175160,-0.04532672,-0.51274401,0.00000000,0.00000000
-2.70558357,-0.55879915,0.19752616,-0.24083163,0.37741110,0.00000000,0.00000000,-1.32203865,0.89696699,0.43357691,-0.04550444,-0.54769576,0.00000000,0.00000000
-2.68329310,-0.55858421,0.20976856,-0.24115756,0.42750579,0.00000000,0.00000000,-1.30480087,0.89511263,0.45652878,-0.04555243,-0.58040410,0.00000000,0.00000000
-2.65848970,-0.55793399,0.22342356,-0.24163170,0.48427877,0.00000000,0.00000000,-1.28689647,0.89297259,0.48061365,-0.04549419,-0.60117698,0.00000000,0.00000000
-2.63086200,-0.55690318,0.23856682,-0.24228875,0.52977145,0.00000000,0.00000000,-1.26829004,0.89064467,0.50584048,-0.04535013,-0.62731802,0.00000000,0.00000000
-2.60007262,-0.55559456,0.25526923,-0.24319318,0.58078855,0.00000000,0.00000000,-1.24893618,0.88823724,0.53221947,-0.04516315,-0.65636843,0.00000000,0.00000000
-2.56574535,-0.55415970,0.27358168,-0.24441843,0.61675066,0.00000000,0.00000000,-1.22879589,0.88584036,0.55975568,-0.04504639,-0.67164737,0.00000000,0.00000000
-2.52748108,-0.55273879,0.29354891,-0.24604054,0.65166885,0.00000000,0.00000000,-1.20783281,0.88348669,0.58844465,-0.04513306,-0.68177962,0.00000000,0.00000000
-2.48487973,-0.55140644,0.31522557,-0.24814495,0.67662573,0.00000000,0.00000000,-1.18599248,0.88120198,0.61827660,-0.04550226,-0.69610119,0.00000000,0.00000000
-2.43754864,-0.55023712,0.33866829,-0.25085413,0.72013712,0.00000000,0.00000000,-1.16319466,0.87902772,0.64923781,-0.04619687,-0.70434785,0.00000000,0.00000000
-2.38508224,-0.54940832,0.36389586,-0.25432426,0.74762654,0.00000000,0.00000000,-1.13936019,0.87699145,0.68131214,-0.04729247,-0.72435540,0.00000000,0.00000000
-2.32706094,-0.54918319,0.39086270,-0.25871664,0.77285939,0.00000000,0.00000000,-1.11442697,0.87512547,0.71447927,-0.04887889,-0.73712981,0.00000000,0.00000000
-2.26305890,-0.54985005,0.41945249,-0.26416117,0.78470111,0.00000000,0.00000000,-1.08834291,0.87352413,0.74871445,-0.05102335,-0.76591891,0.00000000,0.00000000
-2.19266391,-0.55176425,0.44946659,-0.27074209,0.78173608,0.00000000,0.00000000,-1.06106317,0.87228525,0.78398860,-0.05378794,-0.79863441,0.00000000,0.00000000
-2.11549783,-0.55528969,0.48062491,-0.27843747,0.77614719,0.00000000,0.00000000,-1.03254688,0.87149012,0.82027221,-0.05720924,-0.82494915,0.00000000,0.00000000
-2.03125548,-0.56077516,0.51258177,-0.28711233,0.78374279,0.00000000,0.00000000,-1.00272679,0.87129736,0.85754073,-0.06125814,-0.84821516,0.00000000,0.00000000
-1.93973684,-0.56863856,0.54492182,-0.29656208,0.79588670,0.00000000,0.00000000,-0.97150457,0.87187320,0.89577466,-0.06583030,-0.88631797,0.00000000,0.00000000
-1.84089971,-0.57957429,0.57715112,-0.30662173,0.79684615,0.00000000,0.00000000,-0.93873787,0.87326759,0.93495846,-0.07077588,-0.92242771,0.00000000,0.00000000
-1.73489201,-0.59444767,0.60874015,-0.31716040,0.79849190,0.00000000,0.00000000,-0.90421647,0.87556016,0.97508025,-0.07577116,-0.95274919,0.00000000,0.00000000
-1.62205219,-0.61389750,0.63921535,-0.32800034,0.78991872,0.00000000,0.00000000,-0.86768240,0.87901855,1.01612484,-0.07999666,-0.98119581,0.00000000,0.00000000
-1.50292659,-0.63849378,0.66815513,-0.33902431,0.77799666,0.00000000,0.00000000,-0.82883471,0.88405436,1.05809522,-0.08193900,-1.03271592,0.00000000,0.00000000
-1.37833607,-0.66921920,0.69497168,-0.35003951,0.76460040,0.00000000,0.00000000,-0.78731936,0.89110106,1.10105944,-0.07944869,-1.08346784,0.00000000,0.00000000
-1.24948192,-0.70730323,0.71873587,-0.36023244,0.73412174,0.00000000,0.00000000,-0.74281025,0.90034735,1.14513779,-0.07029024,-1.12496543,0.00000000,0.00000000
-1.11803651,-0.75352097,0.73833525,-0.36799672,0.69745588,0.00000000,0.00000000,-0.69517690,0.91202599,1.19040430,-0.05283067,-1.16046214,0.00000000,0.00000000
-0.98615474,-0.80819714,0.75275141,-0.37164196,0.68709505,0.00000000,0.00000000,-0.64461136,0.92685688,1.23677588,-0.02648380,-1.19023097,0.00000000,0.00000000
-0.85612184,-0.87098539,0.76141381,-0.37005681,0.67746991,0.00000000,0.00000000,-0.59161121,0.94594187,1.28392303,0.00828143,-1.22423816,0.00000000,0.00000000
-0.72994059,-0.94081807,0.76431394,-0.36291018,0.66638356,0.00000000,0.00000000,-0.53689462,0.97050077,1.33124566,0.05027173,-1.25949299,0.00000000,0.00000000
-0.60939825,-1.01661384,0.76167357,-0.35042033,0.65232712,0.00000000,0.00000000,-0.48138735,1.00166225,1.37790358,0.09786370,-1.28919089,0.00000000,0.00000000
-0.49608618,-1.09737360,0.75378168,-0.33309612,0.64139342,0.00000000,0.00000000,-0.42619884,1.04010201,1.42287850,0.14916237,-1.32071686,0.00000000,0.00000000
-0.39113703,-1.18168163,0.74106020,-0.31160519,0.61812109,0.00000000,0.00000000,-0.37258726,1.08601296,1.46505356,0.20216843,-1.35362327,0.00000000,0.00000000
-0.29503992,-1.26784074,0.72404563,-0.28684983,0.58112377,0.00000000,0.00000000,-0.32193488,1.13930392,1.50328398,0.25493056,-1.37882614,0.00000000,0.00000000
-0.20760182,-1.35442960,0.70328367,-0.26013455,0.55221277,0.00000000,0.00000000,-0.27570590,1.19959807,1.53648984,0.30561993,-1.39990902,0.00000000,0.00000000
-0.12807995,-1.44040477,0.67924392,-0.23305300,0.53596044,0.00000000,0.00000000,-0.23533578,1.26614213,1.56376016,0.35260469,-1.42451572,0.00000000,0.00000000
-0.05570810,-1.52498996,0.65221769,-0.20709084,0.53107327,0.00000000,0.00000000,-0.20189661,1.33788073,1.58442879,0.39475098,-1.44714260,0.00000000,0.00000000
0.01004086,-1.60740209,0.62236035,-0.18335450,0.53124017,0.00000000,0.00000000,-0.17581889,1.41333342,1.59817171,0.43157238,-1.45664728,0.00000000,0.00000000
0.06898570,-1.68742657,0.58966678,-0.16272159,0.53812283,0.00000000,0.00000000,-0.15655054,1.49030387,1.60510933,0.46335858,-1.45801234,0.00000000,0.00000000
0.12011860,-1.76511157,0.55402738,-0.14573506,0.56368822,0.00000000,0.00000000,-0.14268345,1.56634605,1.60567307,0.49100801,-1.45144629,0.00000000,0.00000000
0.16280214,-1.83973277,0.51543039,-0.13260236,0.57264006,0.00000000,0.00000000,-0.13304320,1.63993001,1.60028088,0.51533383,-1.45065975,0.00000000,0.00000000
0.19746938,-1.91011786,0.47399098,-0.12357900,0.56269354,0.00000000,0.00000000,-0.12726694,1.71068978,1.58926070,0.53673184,-1.44987833,0.00000000,0.00000000
0.22511393,-1.97494256,0.42987800,-0.11886260,0.55288792,0.00000000,0.00000000,-0.12527439,1.77895188,1.57294750,0.55563426,-1.45627809,0.00000000,0.00000000
0.24692637,-2.03272462,0.38328165,-0.11844192,0.55171162,0.00000000,0.00000000,-0.12695788,1.84520388,1.55174160,0.57270622,-1.45103252,0.00000000,0.00000000
0.26379663,-2.08202052,0.33436352,-0.12209996,0.56645536,0.00000000,0.00000000,-0.13197701,1.90944123,1.52623093,0.58870792,-1.45082724,0.00000000,0.00000000
0.27591699,-2.12153673,0.28323200,-0.12943672,0.58471972,0.00000000,0.00000000,-0.13961470,1.97087073,1.49729705,0.60436153,-1.44061613,0.00000000,0.00000000
0.28339359,-2.15018129,0.22999567,-0.14013539,0.60274684,0.00000000,0.00000000,-0.14912374,2.02824521,1.46602941,0.62025720,-1.42438662,0.00000000,0.00000000
0.28666064,-2.16579366,0.17483519,-0.15274802,0.63973719,0.00000000,0.00000000,-0.15916057,2.07955289,1.43382096,0.63722318,-1.40129352,0.00000000,0.00000000
0.28658789,-2.16975594,0.11800938,-0.16404930,0.67322683,0.00000000,0.00000000,-0.16737030,2.12200761,1.40222824,0.65632951,-1.38463080,0.00000000,0.00000000
0.28397003,-2.17000008,0.05975739,-0.17060573,0.68585390,0.00000000,0.00000000,-0.17145415,2.15193987,1.37284935,0.67798370,-1.36921561,0.00000000,0.00000000
0.27798870,-2.17000008,0.00007768,-0.17166069,0.68644691,0.00000000,0.00000000,-0.17095259,2.16646147,1.34779072,0.70071453,-1.35822260,0.00000000,0.00000000
0.26703322,-2.16974497,-0.06120817,-0.16955173,0.68649197,0.00000000,0.00000000,-0.16702324,2.16980147,1.32989025,0.72156477,-1.34109509,0.00000000,0.00000000
0.24941824,-2.16571403,-0.12429356,-0.16714823,0.68509990,0.00000000,0.00000000,-0.16095743,2.17000008,1.32181287,0.73796773,-1.31533146,0.00000000,0.00000000
0.22428556,-2.15118480,-0.18918203,-0.16836137,0.67962283,0.00000000,0.00000000,-0.15391155,2.17000008,1.32455873,0.74889243,-1.29121435,0.00000000,0.00000000
0.19193241,-2.12828112,-0.25565228,-0.17705008,0.67199171,0.00000000,0.00000000,-0.14719369,2.17000008,1.33719385,0.75472522,-1.27068710,0.00000000,0.00000000
0.15428351,-2.09970188,-0.32327175,-0.19410199,0.66391683,0.00000000,0.00000000,-0.14184606,2.17000008,1.35805106,0.75666875,-1.24914157,0.00000000,0.00000000
0.11456695,-2.06455064,-0.39143002,-0.21718383,0.65568626,0.00000000,0.00000000,-0.13997102,2.17000008,1.38555443,0.75522268,-1.22572839,0.00000000,0.00000000
0.07340278,-2.02266526,-0.45965940,-0.24408951,0.63993752,0.00000000,0.00000000,-0.14471127,2.17000008,1.41790152,0.75039494,-1.20468056,0.00000000,0.00000000
0.02885802,-1.97863901,-0.52748173,-0.27578673,0.61219531,0.00000000,0.00000000,-0.15442827,2.17000008,1.45373917,0.74540275,-1.17436838,0.00000000,0.00000000
-0.02305346,-1.93978298,-0.59441286,-0.31532112,0.57608873,0.00000000,0.00000000,-0.16247386,2.17000008,1.49248111,0.74563742,-1.15081131,0.00000000,0.00000000
-0.08339910,-1.90956581,-0.65966308,-0.36295226,0.55646366,0.00000000,0.00000000,-0.16617081,2.17000008,1.53297293,0.75264627,-1.13151455,0.00000000,0.00000000
-0.14860962,-1.88990986,-0.72165966,-0.41660365,0.52301043,0.00000000,0.00000000,-0.16937499,2.17000008,1.57394040,0.76300377,-1.10873663,0.00000000,0.00000000
-0.21416536,-1.88270605,-0.77852279,-0.47370699,0.49132031,0.00000000,0.00000000,-0.17806828,2.17000008,1.61491752,0.77100253,-1.08572972,0.00000000,0.00000000
-0.27507639,-1.88985455,-0.82822865,-0.53143227,0.47866553,0.00000000,0.00000000,-0.19721062,2.17000008,1.65575051,0.77163327,-1.06118882,0.00000000,0.00000000
-0.32528877,-1.91145754,-0.86906916,-0.58588624,0.46955103,0.00000000,0.00000000,-0.22698854,2.17000008,1.69554496,0.76351953,-1.04264104,0.00000000,0.00000000
-0.35996592,-1.94259822,-0.90115023,-0.63238978,0.45176512,0.00000000,0.00000000,-0.26189888,2.17000008,1.73309374,0.74885654,-1.03456068,0.00000000,0.00000000
-0.38028279,-1.97716665,-0.92665631,-0.66991323,0.43299001,0.00000000,0.00000000,-0.29600430,2.17000008,1.76755691,0.73019457,-1.04316986,0.00000000,0.00000000
-0.38908726,-2.01346564,-0.94701177,-0.70064807,0.41516730,0.00000000,0.00000000,-0.32679451,2.16999555,1.79816651,0.70866871,-1.06449187,0.00000000,0.00000000
-0.38710347,-2.05097318,-0.96260816,-0.72585797,0.41975069,0.00000000,0.00000000,-0.35349137,2.16992664,1.82419348,0.68520731,-1.07859337,0.00000000,0.00000000
-0.37404311,-2.08779860,-0.97393394,-0.74501067,0.41874689,0.00000000,0.00000000,-0.37564811,2.16970468,1.84494758,0.66103554,-1.09766793,0.00000000,0.00000000
-0.34981495,-2.12121010,-0.98189658,-0.75632101,0.42266971,0.00000000,0.00000000,-0.39257759,2.16943216,1.85954225,0.63746887,-1.11331022,0.00000000,0.00000000
-0.31471401,-2.14819312,-0.98776782,-0.75725210,0.43970615,0.00000000,0.00000000,-0.40320951,2.16924405,1.86704922,0.61580336,-1.12594426,0.00000000,0.00000000
-0.26957411,-2.16479874,-0.99341136,-0.74502772,0.45326141,0.00000000,0.00000000,-0.40650401,2.16938901,1.86683333,0.59724265,-1.14307916,0.00000000,0.00000000
-0.21636459,-2.16958189,-1.00167215,-0.71731019,0.46523541,0.00000000,0.00000000,-0.40278384,2.16981411,1.85908139,0.58228981,-1.17096591,0.00000000,0.00000000
-0.15847240,-2.16999149,-1.01626599,-0.67346102,0.46616364,0.00000000,0.00000000,-0.39491898,2.16998720,1.84531832,0.56996775,-1.19999504,0.00000000,0.00000000
-0.09844854,-2.16995430,-1.04049170,-0.61557758,0.46282452,0.00000000,0.00000000,-0.38712865,2.17000008,1.82868385,0.55853617,-1.23139966,0.00000000,0.00000000
-0.03734139,-2.16891432,-1.07511485,-0.55045629,0.45258570,0.00000000,0.00000000,-0.38060305,2.16994953,1.81312776,0.54881102,-1.27414060,0.00000000,0.00000000
0.02218929,-2.16129017,-1.11757314,-0.48952067,0.43431675,0.00000000,0.00000000,-0.36834362,2.16917276,1.80026007,0.54748774,-1.31734109,0.00000000,0.00000000
0.07836200,-2.13926935,-1.16391146,-0.44114250,0.43227193,0.00000000,0.00000000,-0.34468859,2.16679239,1.78804016,0.56028438,-1.34699821,0.00000000,0.00000000
0.12861039,-2.10652971,-1.21136272,-0.40952119,0.43270710,0.00000000,0.00000000,-0.32713428,2.16577315,1.77495265,0.57896942,-1.36408949,0.00000000,0.00000000
0.16971362,-2.06810880,-1.25875676,-0.39570424,0.43533015,0.00000000,0.00000000,-0.31750980,2.16851091,1.76096618,0.60196644,-1.37177813,0.00000000,0.00000000
0.20105410,-2.02767348,-1.30535483,-0.39875403,0.43557617,0.00000000,0.00000000,-0.29989567,2.16990042,1.74898696,0.63523930,-1.37710834,0.00000000,0.00000000
0.22342460,-1.98727608,-1.35086358,-0.41676798,0.41664183,0.00000000,0.00000000,-0.27756584,2.16990066,1.74036491,0.67253858,-1.38643312,0.00000000,0.00000000
0.23711869,-1.94975293,-1.39471662,-0.44805071,0.41648349,0.00000000,0.00000000,-0.25585124,2.16831779,1.73523247,0.70656818,-1.39075315,0.00000000,0.00000000
0.23957959,-1.91901720,-1.43595862,-0.49270746,0.39541116,0.00000000,0.00000000,-0.23430938,2.16246510,1.73228395,0.73508799,-1.38948429,0.00000000,0.00000000
0.22922476,-1.89418221,-1.47456658,-0.54957342,0.36468941,0.00000000,0.00000000,-0.21096310,2.15311122,1.72845852,0.75817597,-1.39824140,0.00000000,0.00000000
0.21109535,-1.87578535,-1.50962842,-0.61286032,0.34469563,0.00000000,0.00000000,-0.18735507,2.14279342,1.72237206,0.77470583,-1.39827216,0.00000000,0.00000000
0.19535659,-1.86537290,-1.53953242,-0.67246538,0.33686537,0.00000000,0.00000000,-0.16735008,2.13378930,1.71377170,0.78291637,-1.38382530,0.00000000,0.00000000
0.18795976,-1.86498725,-1.56241715,-0.72133499,0.32772270,0.00000000,0.00000000,-0.15332076,2.12654448,1.70311689,0.78264678,-1.37251353,0.00000000,0.00000000
0.18603344,-1.87538290,-1.57719469,-0.75901163,0.33241954,0.00000000,0.00000000,-0.14255720,2.11930680,1.69136882,0.77712405,-1.37033713,0.00000000,0.00000000
0.18894279,-1.89430404,-1.58414793,-0.78378117,0.35138720,0.00000000,0.00000000,-0.13357793,2.11238742,1.67845237,0.76888865,-1.36736155,0.00000000,0.00000000
0.19847886,-1.91861546,-1.58400309,-0.79286754,0.37193853,0.00000000,0.00000000,-0.12647240,2.10714793,1.66379476,0.75941151,-1.36873400,0.00000000,0.00000000
0.21575215,-1.94559348,-1.57740057,-0.78456652,0.38022071,0.00000000,0.00000000,-0.12087587,2.10378242,1.64727509,0.75016659,-1.37474799,0.00000000,0.00000000
0.24051666,-1.97351992,-1.56469524,-0.75851667,0.39950415,0.00000000,0.00000000,-0.11622190,2.10241842,1.62881231,0.74243468,-1.39067793,0.00000000,0.00000000
0.27115205,-2.00261164,-1.54554439,-0.71583784,0.40910789,0.00000000,0.00000000,-0.11218305,2.10495472,1.60759127,0.73714411,-1.41720486,0.00000000,0.00000000
0.30745959,-2.03306985,-1.51969326,-0.65777695,0.42070794,0.00000000,0.00000000,-0.10914563,2.11200857,1.58328092,0.73467296,-1.43767178,0.00000000,0.00000000
0.34844762,-2.06492376,-1.48723102,-0.58721894,0.43997398,0.00000000,0.00000000,-0.10847971,2.12396598,1.55550206,0.73483318,-1.45808637,0.00000000,0.00000000
0.38879812,-2.09684134,-1.44935989,-0.51356083,0.45042276,0.00000000,0.00000000,-0.11167113,2.13879824,1.52466130,0.73718339,-1.47787225,0.00000000,0.00000000
0.42404634,-2.12714934,-1.40771163,-0.45081559,0.47516525,0.00000000,0.00000000,-0.11922952,2.15307474,1.49155676,0.74144232,-1.50496972,0.00000000,0.00000000
0.45433536,-2.15202475,-1.36432707,-0.40345353,0.50088316,0.00000000,0.00000000,-0.13085717,2.16368580,1.45679772,0.74750257,-1.51895618,0.00000000,0.00000000
0.47568774,-2.16617107,-1.32191098,-0.37349513,0.52033591,0.00000000,0.00000000,-0.14568098,2.16878653,1.42125642,0.75510156,-1.54361272,0.00000000,0.00000000
0.48490167,-2.16977787,-1.28347981,-0.36069670,0.52963901,0.00000000,0.00000000,-0.16154711,2.16993284,1.38684678,0.76381844,-1.57712436,0.00000000,0.00000000
0.48144120,-2.17000008,-1.25231600,-0.36147663,0.54452759,0.00000000,0.00000000,-0.17560349,2.17000008,1.35611582,0.77272475,-1.60572672,0.00000000,0.00000000
0.46589515,-2.16999722,-1.23141479,-0.37064970,0.55438113,0.00000000,0.00000000,-0.18621641,2.17000008,1.33157516,0.77970451,-1.63198125,0.00000000,0.00000000
0.43954682,-2.16946197,-1.22254443,-0.38361761,0.55261135,0.00000000,0.00000000,-0.19411001,2.17000008,1.31531358,0.78143609,-1.64217460,0.00000000,0.00000000
0.40225062,-2.16162634,-1.22478747,-0.40029702,0.54916131,0.00000000,0.00000000,-0.20033664,2.17000008,1.30892682,0.77516454,-1.64831614,0.00000000,0.00000000
0.35015485,-2.13501143,-1.23350739,-0.42683062,0.55296743,0.00000000,0.00000000,-0.20282182,2.17000008,1.31364143,0.76130408,-1.65190470,0.00000000,0.00000000
0.28264552,-2.09762454,-1.24349916,-0.46578103,0.55246252,0.00000000,0.00000000,-0.19997996,2.17000008,1.32909417,0.74186820,-1.63830864,0.00000000,0.00000000
0.20256282,-2.06001544,-1.25128293,-0.51429945,0.55060476,0.00000000,0.00000000,-0.19505824,2.17000008,1.35161364,0.71819729,-1.62011516,0.00000000,0.00000000
0.11600778,-2.03013277,-1.25393903,-0.56703860,0.54259026,0.00000000,0.00000000,-0.19252084,2.17000008,1.37693787,0.69217825,-1.60071552,0.00000000,0.00000000
0.03086088,-2.01065063,-1.25025964,-0.61807513,0.52804762,0.00000000,0.00000000,-0.19620338,2.17000008,1.40348423,0.66555727,-1.57334971,0.00000000,0.00000000
-0.04713090,-2.00246644,-1.24054348,-0.66382271,0.49882308,0.00000000,0.00000000,-0.20808616,2.17000008,1.43235159,0.63975006,-1.54987085,0.00000000,0.00000000
-0.11561128,-2.00375485,-1.22717059,-0.70282143,0.46788898,0.00000000,0.00000000,-0.22482660,2.17000008,1.46567249,0.61760807,-1.51897109,0.00000000,0.00000000
-0.17528681,-2.00884128,-1.21424949,-0.73532838,0.42444563,0.00000000,0.00000000,-0.24135065,2.17000008,1.50355375,0.60177571,-1.49192226,0.00000000,0.00000000
-0.22747900,-2.01653767,-1.20332515,-0.76389688,0.38694215,0.00000000,0.00000000,-0.25726959,2.16998959,1.54200578,0.59126556,-1.46275008,0.00000000,0.00000000
-0.27135447,-2.02648067,-1.19449353,-0.78977001,0.34415123,0.00000000,0.00000000,-0.26988274,2.16982698,1.57717848,0.58609223,-1.43013513,0.00000000,0.00000000
-0.30540210,-2.03925347,-1.18689597,-0.81321323,0.29493606,0.00000000,0.00000000,-0.27861539,2.16924572,1.60741687,0.58519828,-1.39775848,0.00000000,0.00000000
-0.32865995,-2.05495143,-1.17990303,-0.83362097,0.24635911,0.00000000,0.00000000,-0.28513148,2.16844726,1.63217163,0.58608663,-1.36136067,0.00000000,0.00000000
-0.34010518,-2.07265902,-1.17336071,-0.84868306,0.21138176,0.00000000,0.00000000,-0.29083648,2.16791320,1.65113199,0.58623093,-1.33466923,0.00000000,0.00000000
-0.33810225,-2.09141612,-1.16710579,-0.85464078,0.16739890,0.00000000,0.00000000,-0.29644829,2.16791558,1.66401958,0.58372694,-1.30832827,0.00000000,0.00000000
-0.32161531,-2.11015129,-1.16134655,-0.84791768,0.11639918,0.00000000,0.00000000,-0.30196077,2.16834426,1.67067039,0.57727605,-1.28866994,0.00000000,0.00000000
-0.29068175,-2.12779164,-1.15667605,-0.82609719,0.06293778,0.00000000,0.00000000,-0.30677107,2.16896510,1.67101729,0.56610155,-1.28952444,0.00000000,0.00000000
-0.24593656,-2.14331675,-1.15380013,-0.78813601,0.01065512,0.00000000,0.00000000,-0.30998757,2.16956043,1.66509461,0.55002141,-1.29724586,0.00000000,0.00000000
-0.18883927,-2.15542173,-1.15352368,-0.73488528,-0.03771837,0.00000000,0.00000000,-0.31157523,2.16990757,1.65324926,0.52891904,-1.30455196,0.00000000,0.00000000
-0.12286359,-2.16305184,-1.15660822,-0.67079973,-0.08518585,0.00000000,0.00000000,-0.31234199,2.16999483,1.63665807,0.50294870,-1.31291246,0.00000000,0.00000000
-0.05265905,-2.16656947,-1.16342056,-0.60390890,-0.12443607,0.00000000,0.00000000,-0.31139743,2.17000008,1.61750221,0.47494623,-1.31160808,0.00000000,0.00000000
0.01653428,-2.16477990,-1.17461193,-0.54267997,-0.16099350,0.00000000,0.00000000,-0.30780312,2.17000008,1.59837520,0.44988257,-1.30591619,0.00000000,0.00000000
0.07815405,-2.15355492,-1.19073784,-0.49538568,-0.18388863,0.00000000,0.00000000,-0.30191821,2.17000008,1.58188403,0.43202266,-1.29938364,0.00000000,0.00000000
0.13450187,-2.13280225,-1.20976758,-0.46325079,-0.21506734,0.00000000,0.00000000,-0.29370239,2.17000008,1.57039952,0.42410439,-1.28735840,0.00000000,0.00000000
0.19381009,-2.10195756,-1.23028898,-0.43848506,-0.24325876,0.00000000,0.00000000,-0.28248540,2.17000008,1.56527841,0.42705289,-1.27450097,0.00000000,0.00000000
0.25536320,-2.06300378,-1.25179768,-0.41737390,-0.26000935,0.00000000,0.00000000,-0.26728794,2.16998839,1.56650150,0.44103444,-1.26671135,0.00000000,0.00000000
0.30427569,-2.02441931,-1.27337933,-0.40717012,-0.28029603,0.00000000,0.00000000,-0.24717270,2.16961861,1.57218301,0.46577445,-1.25908089,0.00000000,0.00000000
0.34651694,-1.99373519,-1.29246545,-0.40293667,-0.29717317,0.00000000,0.00000000,-0.22271039,2.16605854,1.57937765,0.49921465,-1.26104701,0.00000000,0.00000000
0.38257188,-1.97442448,-1.30776298,-0.40261936,-0.29949045,0.00000000,0.00000000,-0.19394439,2.15538549,1.58569944,0.53881693,-1.25585997,0.00000000,0.00000000
0.41109529,-1.96370935,-1.31948805,-0.40504223,-0.29569077,0.00000000,0.00000000,-0.15975450,2.14193225,1.58894694,0.58262366,-1.24851549,0.00000000,0.00000000
0.43566802,-1.96068203,-1.32710838,-0.40763813,-0.29027537,0.00000000,0.00000000,-0.12448084,2.13077426,1.58758187,0.62591970,-1.23984468,0.00000000,0.00000000
0.46114427,-1.96527874,-1.32988739,-0.40775976,-0.28604758,0.00000000,0.00000000,-0.09559245,2.12500429,1.58082569,0.66350693,-1.22331941,0.00000000,0.00000000
0.48774827,-1.97697890,-1.32756591,-0.40538588,-0.27927929,0.00000000,0.00000000,-0.07686567,2.12393236,1.56967545,0.69318628,-1.21738768,0.00000000,0.00000000
0.50932461,-1.99572456,-1.32027018,-0.40428764,-0.26579005,0.00000000,0.00000000,-0.06433455,2.12321997,1.55682790,0.71752632,-1.22073674,0.00000000,0.00000000
0.52405709,-2.02089357,-1.30806124,-0.40551826,-0.24434611,0.00000000,0.00000000,-0.05476167,2.12189770,1.54354990,0.73874080,-1.23408115,0.00000000,0.00000000
0.53364879,-2.05086327,-1.29105973,-0.40791321,-0.22189070,0.00000000,0.00000000,-0.04810983,2.12141562,1.52982497,0.75705159,-1.25628674,0.00000000,0.00000000
0.53884071,-2.08290935,-1.26975596,-0.41072154,-0.21018183,0.00000000,0.00000000,-0.04503865,2.12278962,1.51546288,0.77206367,-1.27381909,0.00000000,0.00000000
0.53983915,-2.11372399,-1.24486852,-0.41368103,-0.18989371,0.00000000,0.00000000,-0.04624723,2.12636423,1.50016296,0.78313047,-1.29641318,0.00000000,0.00000000
0.53808403,-2.14020562,-1.21701086,-0.41673118,-0.16148731,0.00000000,0.00000000,-0.05232241,2.13235211,1.48331892,0.78961301,-1.33140981,0.00000000,0.00000000
0.53363657,-2.15907001,-1.18691647,-0.42123058,-0.14465389,0.00000000,0.00000000,-0.06335094,2.14067483,1.46424639,0.79135424,-1.36196291,0.00000000,0.00000000
0.52662683,-2.16792679,-1.15602732,-0.42728609,-0.12645802,0.00000000,0.00000000,-0.07951888,2.15069699,1.44242454,0.78836161,-1.39277136,0.00000000,0.00000000
0.51807117,-2.16988564,-1.12734997,-0.43208531,-0.12254560,0.00000000,0.00000000,-0.09949794,2.16074991,1.41775823,0.78161210,-1.41965246,0.00000000,0.00000000
0.50763053,-2.17000008,-1.10398066,-0.43388456,-0.12611568,0.00000000,0.00000000,-0.12120982,2.16781473,1.39068341,0.77243823,-1.45344758,0.00000000,0.00000000
0.49359381,-2.17000008,-1.08809996,-0.43357179,-0.14020990,0.00000000,0.00000000,-0.14243048,2.16986132,1.36305571,0.76204485,-1.48975134,0.00000000,0.00000000
0.47292870,-2.17000008,-1.08160818,-0.43314257,-0.15474184,0.00000000,0.00000000,-0.16030957,2.16999960,1.33890092,0.75169307,-1.51625037,0.00000000,0.00000000
0.44460949,-2.17000008,-1.08587515,-0.43255860,-0.18106851,0.00000000,0.00000000,-0.17422706,2.17000008,1.32197809,0.74121755,-1.54745471,0.00000000,0.00000000
0.41076580,-2.17000008,-1.10114026,-0.43031302,-0.20480749,0.00000000,0.00000000,-0.18495557,2.17000008,1.31472909,0.72958332,-1.56849301,0.00000000,0.00000000
0.37336186,-2.16971350,-1.12679815,-0.42601869,-0.23464786,0.00000000,0.00000000,-0.19349137,2.17000008,1.31803918,0.71628481,-1.58625090,0.00000000,0.00000000
0.33429518,-2.16503310,-1.16094542,-0.42100221,-0.26875430,0.00000000,0.00000000,-0.20220083,2.17000008,1.33051515,0.70125085,-1.60887766,0.00000000,0.00000000
0.29478276,-2.14639902,-1.20005262,-0.41861209,-0.30498940,0.00000000,0.00000000,-0.21454129,2.17000008,1.34831119,0.68445188,-1.61638856,0.00000000,0.00000000
0.25209945,-2.11353946,-1.24028492,-0.42367890,-0.33039543,0.00000000,0.00000000,-0.23101778,2.17000008,1.36755049,0.66667956,-1.62224865,0.00000000,0.00000000
0.20153256,-2.07454157,-1.27914524,-0.43867594,-0.36055771,0.00000000,0.00000000,-0.24812020,2.17000008,1.38796151,0.64933503,-1.63026810,0.00000000,0.00000000
0.14344147,-2.03448582,-1.31536424,-0.46058846,-0.39503923,0.00000000,0.00000000,-0.26494303,2.17000008,1.40985572,0.63248461,-1.62560260,0.00000000,0.00000000
0.08005415,-1.99837208,-1.34747469,-0.48600733,-0.42677784,0.00000000,0.00000000,-0.28406101,2.17000008,1.43236327,0.61483830,-1.61735499,0.00000000,0.00000000
0.01565546,-1.97155440,-1.37364423,-0.51155287,-0.45797989,0.00000000,0.00000000,-0.30893379,2.17000008,1.45437622,0.59462160,-1.59955561,0.00000000,0.00000000
-0.04470942,-1.95768631,-1.39253426,-0.53453964,-0.49947414,0.00000000,0.00000000,-0.34007406,2.16999149,1.47535419,0.57170075,-1.58374977,0.00000000,0.00000000
-0.09966666,-1.95509422,-1.40483594,-0.55476880,-0.54745883,0.00000000,0.00000000,-0.37233499,2.16984987,1.49466729,0.54910076,-1.57214332,0.00000000,0.00000000
-0.15150291,-1.95907998,-1.41244161,-0.57454872,-0.59027863,0.00000000,0.00000000,-0.39987054,2.16926813,1.51061964,0.52992564,-1.54677534,0.00000000,0.00000000
-0.20029992,-1.96801710,-1.41599560,-0.59516573,-0.63925689,0.00000000,0.00000000,-0.42055961,2.16858435,1.52152812,0.51519060,-1.53322315,0.00000000,0.00000000
-0.24475043,-1.98165834,-1.41555083,-0.61649674,-0.67647153,0.00000000,0.00000000,-0.43498462,2.16888523,1.52679121,0.50427002,-1.50946712,0.00000000,0.00000000
-0.28360376,-1.99868178,-1.41159284,-0.63737023,-0.71071970,0.00000000,0.00000000,-0.44393736,2.16951632,1.52679789,0.49614397,-1.48948514,0.00000000,0.00000000
-0.31533512,-2.01774645,-1.40466344,-0.65619981,-0.74128920,0.00000000,0.00000000,-0.44823933,2.16954994,1.52207994,0.48951551,-1.46960545,0.00000000,0.00000000
-0.33850983,-2.03948140,-1.39460719,-0.67238873,-0.77050877,0.00000000,0.00000000,-0.44943908,2.16982317,1.51254153,0.48274606,-1.44487369,0.00000000,0.00000000
-0.35247725,-2.06270909,-1.38195646,-0.68479496,-0.79618251,0.00000000,0.00000000,-0.44753239,2.16998792,1.49946201,0.47524476,-1.43141878,0.00000000,0.00000000
-0.35673550,-2.08644748,-1.36708808,-0.69229823,-0.83438361,0.00000000,0.00000000,-0.44170550,2.17000008,1.48466778,0.46705785,-1.43229067,0.00000000,0.00000000
-0.35056171,-2.10979295,-1.35026419,-0.69416809,-0.86765581,0.00000000,0.00000000,-0.43172291,2.17000008,1.46983278,0.45804524,-1.42254138,0.00000000,0.00000000
-0.33349618,-2.13117266,-1.33198762,-0.69031984,-0.89617759,0.00000000,0.00000000,-0.41760296,2.17000008,1.45655000,0.44828716,-1.41335344,0.00000000,0.00000000
-0.30643743,-2.14925170,-1.31268501,-0.68255019,-0.92812979,0.00000000,0.00000000,-0.39849031,2.17000008,1.44622231,0.43918630,-1.40637076,0.00000000,0.00000000
-0.27077958,-2.16230249,-1.29292428,-0.67337924,-0.96122915,0.00000000,0.00000000,-0.37493634,2.17000008,1.43965936,0.43192965,-1.41139102,0.00000000,0.00000000
-0.22710361,-2.16852951,-1.27413619,-0.66362959,-0.98994249,0.00000000,0.00000000,-0.35012186,2.17000008,1.43709111,0.42622748,-1.40974343,0.00000000,0.00000000
-0.17636730,-2.16991854,-1.25874162,-0.65288699,-1.00588894,0.00000000,0.00000000,-0.32737684,2.17000008,1.43815315,0.42202881,-1.39531922,0.00000000,0.00000000
-0.12156760,-2.17000008,-1.24987245,-0.64084196,-1.01343811,0.00000000,0.00000000,-0.30830559,2.17000008,1.44234431,0.42022464,-1.38944817,0.00000000,0.00000000
-0.06722632,-2.17000008,-1.25119913,-0.62762064,-1.02387428,0.00000000,0.00000000,-0.29101124,2.17000008,1.44965780,0.42302513,-1.38208008,0.00000000,0.00000000
-0.01611145,-2.16988659,-1.26528919,-0.61303163,-1.03535092,0.00000000,0.00000000,-0.27390671,2.17000008,1.46030736,0.43197790,-1.38595951,0.00000000,0.00000000
0.03259476,-2.16801691,-1.29145348,-0.59643358,-1.04738283,0.00000000,0.00000000,-0.26605520,2.16978192,1.47373867,0.44085124,-1.37997437,0.00000000,0.00000000
0.08051399,-2.16021729,-1.32528520,-0.57837594,-1.05780482,0.00000000,0.00000000,-0.26449278,2.16658616,1.48906314,0.44932067,-1.38048601,0.00000000,0.00000000
0.12562542,-2.14423013,-1.36230898,-0.56144172,-1.06810915,0.00000000,0.00000000,-0.26361409,2.15809917,1.50426030,0.45888969,-1.39209914,0.00000000,0.00000000
0.16513558,-2.12005353,-1.40087903,-0.54743040,-1.08279312,0.00000000,0.00000000,-0.25743458,2.15242529,1.51566887,0.47182608,-1.39816928,0.00000000,0.00000000
0.20231366,-2.09019351,-1.43954170,-0.53471184,-1.07716811,0.00000000,0.00000000,-0.24747035,2.14955616,1.52312446,0.48620635,-1.38946092,0.00000000,0.00000000
0.24282892,-2.05822849,-1.47646785,-0.51993710,-1.07519960,0.00000000,0.00000000,-0.23728570,2.14711809,1.52757692,0.49895695,-1.38657284,0.00000000,0.00000000
0.28968289,-2.02834582,-1.50986469,-0.50032955,-1.07220292,0.00000000,0.00000000,-0.22826001,2.14571238,1.52947724,0.50877768,-1.38256598,0.00000000,0.00000000
0.33877355,-2.00507021,-1.53823090,-0.47731218,-1.06553841,0.00000000,0.00000000,-0.21868001,2.14544153,1.52977037,0.51702017,-1.38513649,0.00000000,0.00000000
0.38427699,-1.98966658,-1.56128991,-0.45356548,-1.05095160,0.00000000,0.00000000,-0.20552541,2.14124823,1.53102088,0.52608407,-1.40331125,0.00000000,0.00000000
0.42510560,-1.98312891,-1.57884765,-0.42971408,-1.03385830,0.00000000,0.00000000,-0.19048676,2.13382506,1.53357053,0.53566289,-1.42710590,0.00000000,0.00000000
0.46143094,-1.98525298,-1.59105003,-0.40588069,-1.02456319,0.00000000,0.00000000,-0.17583111,2.12594843,1.53670883,0.54495662,-1.44857240,0.00000000,0.00000000
0.49247485,-1.99490809,-1.59833753,-0.38267031,-1.01610911,0.00000000,0.00000000,-0.16226262,2.11960816,1.53966701,0.55385369,-1.46523190,0.00000000,0.00000000
0.51731122,-2.01131916,-1.60106385,-0.36085346,-1.00051534,0.00000000,0.00000000,-0.15024655,2.11593342,1.54169214,0.56233573,-1.48516452,0.00000000,0.00000000
0.53533775,-2.03358531,-1.59956837,-0.34113544,-0.97921079,0.00000000,0.00000000,-0.14085162,2.11533642,1.54213417,0.57001096,-1.49842441,0.00000000,0.00000000
0.54592729,-2.06008339,-1.59430838,-0.32423851,-0.97116905,0.00000000,0.00000000,-0.13538678,2.11783314,1.54046261,0.57626957,-1.51342082,0.00000000,0.00000000
0.54858875,-2.08841801,-1.58585823,-0.31070986,-0.95891857,0.00000000,0.00000000,-0.13468479,2.12314773,1.53629112,0.58073503,-1.52856767,0.00000000,0.00000000
0.54322428,-2.11484647,-1.57502973,-0.30085975,-0.94214904,0.00000000,0.00000000,-0.13760416,2.13116050,1.52920866,0.58427721,-1.53232062,0.00000000,0.00000000
0.53110957,-2.13671851,-1.56245339,-0.29475436,-0.91848433,0.00000000,0.00000000,-0.14170127,2.14153457,1.51881731,0.58841872,-1.54692531,0.00000000,0.00000000
0.51331550,-2.15477872,-1.54818630,-0.29389641,-0.90225542,0.00000000,0.00000000,-0.14593364,2.15317202,1.50473428,0.59337497,-1.56662977,0.00000000,0.00000000
0.48881060,-2.16651964,-1.53306270,-0.30197844,-0.88861835,0.00000000,0.00000000,-0.15004683,2.16329002,1.48695552,0.59849322,-1.58706665,0.00000000,0.00000000
0.45622438,-2.16979289,-1.51870644,-0.32191712,-0.87436044,0.00000000,0.00000000,-0.15325540,2.16865945,1.46660209,0.60327125,-1.61279488,0.00000000,0.00000000
0.41595289,-2.16984844,-1.50634134,-0.35476601,-0.85994935,0.00000000,0.00000000,-0.15435489,2.16992450,1.44660723,0.60722834,-1.63982117,0.00000000,0.00000000
0.36910582,-2.16735435,-1.49617064,-0.40103352,-0.84993702,0.00000000,0.00000000,-0.15386719,2.17000008,1.43052673,0.60881567,-1.65287483,0.00000000,0.00000000
0.31691134,-2.15732908,-1.48716378,-0.46089339,-0.84221298,0.00000000,0.00000000,-0.15482828,2.17000008,1.42039323,0.60542095,-1.66466117,0.00000000,0.00000000
0.26111719,-2.14104533,-1.47682297,-0.53293830,-0.82005483,0.00000000,0.00000000,-0.15791716,2.17000008,1.41658020,0.59660822,-1.68677557,0.00000000,0.00000000
0.20349839,-2.12647009,-1.46173763,-0.61255115,-0.80162376,0.00000000,0.00000000,-0.15802900,2.17000008,1.41903591,0.58609056,-1.71215582,0.00000000,0.00000000
0.14525259,-2.11338067,-1.44174755,-0.69174361,-0.77394849,0.00000000,0.00000000,-0.15425549,2.17000008,1.42767763,0.57600582,-1.73167646,0.00000000,0.00000000
0.08685776,-2.09843111,-1.41879439,-0.76479411,-0.74996692,0.00000000,0.00000000,-0.15159941,2.17000008,1.44274116,0.56647950,-1.75580204,0.00000000,0.00000000
0.03199016,-2.08295321,-1.39385438,-0.82745332,-0.72971892,0.00000000,0.00000000,-0.15438294,2.17000008,1.46404064,0.55811197,-1.79151547,0.00000000,0.00000000
-0.01526766,-2.07021475,-1.36777055,-0.87700921,-0.71267295,0.00000000,0.00000000,-0.16533056,2.16986132,1.49254441,0.55040926,-1.82266939,0.00000000,0.00000000
-0.05271957,-2.06204700,-1.34235394,-0.91248101,-0.70139927,0.00000000,0.00000000,-0.18275940,2.16773033,1.52842140,0.54420543,-1.84990335,0.00000000,0.00000000
-0.08105607,-2.05654049,-1.32090163,-0.93430895,-0.69366437,0.00000000,0.00000000,-0.20339315,2.16081977,1.56769347,0.54057300,-1.87830567,0.00000000,0.00000000
-0.10381732,-2.05233479,-1.30560398,-0.94471925,-0.70013011,0.00000000,0.00000000,-0.22584881,2.15244603,1.60414970,0.53815538,-1.90804791,0.00000000,0.00000000
-0.12174006,-2.04957676,-1.29652107,-0.94446331,-0.70274943,0.00000000,0.00000000,-0.24897642,2.14542246,1.63552392,0.53505141,-1.94722676,0.00000000,0.00000000
-0.13290113,-2.04802704,-1.29305875,-0.93255991,-0.71089756,0.00000000,0.00000000,-0.27277529,2.14003086,1.66162479,0.52923298,-1.97677410,0.00000000,0.00000000
-0.13496490,-2.04768443,-1.29418981,-0.90815556,-0.71837521,0.00000000,0.00000000,-0.29642797,2.13639975,1.68220377,0.51975894,-2.00236201,0.00000000,0.00000000
-0.12736915,-2.05021000,-1.29811537,-0.87295216,-0.72602284,0.00000000,0.00000000,-0.31658322,2.13705969,1.69613910,0.50796437,-2.03244185,0.00000000,0.00000000
-0.11034554,-2.05535245,-1.30395126,-0.82946229,-0.72384685,0.00000000,0.00000000,-0.33399349,2.14107466,1.70368278,0.49319324,-2.05605197,0.00000000,0.00000000
-0.08396799,-2.06221366,-1.31099987,-0.77976918,-0.72428936,0.00000000,0.00000000,-0.34969875,2.14672256,1.70551014,0.47457263,-2.07167339,0.00000000,0.00000000
-0.04880014,-2.07011986,-1.31853533,-0.72612137,-0.72452933,0.00000000,0.00000000,-0.36280981,2.15318871,1.70207524,0.45227107,-2.08775830,0.00000000,0.00000000
-0.00523890,-2.07902670,-1.32564497,-0.67145658,-0.72725195,0.00000000,0.00000000,-0.37154266,2.15926194,1.69399369,0.42736712,-2.10172224,0.00000000,0.00000000
0.04700588,-2.09004664,-1.33092117,-0.61941439,-0.73576003,0.00000000,0.00000000,-0.37499186,2.16314077,1.68218315,0.40142149,-2.11824274,0.00000000,0.00000000
0.10709904,-2.10266709,-1.33372343,-0.57362604,-0.73005652,0.00000000,0.00000000,-0.37525535,2.16559029,1.66732645,0.37544522,-2.13330650,0.00000000,0.00000000
0.17084342,-2.11456943,-1.33445835,-0.53699934,-0.72399879,0.00000000,0.00000000,-0.37454432,2.16870165,1.65031719,0.35160783,-2.13754964,0.00000000,0.00000000
0.23142360,-2.12455678,-1.33365178,-0.51121545,-0.73011762,0.00000000,0.00000000,-0.36822486,2.16991639,1.63347924,0.33654332,-2.14683533,0.00000000,0.00000000
0.28771001,-2.13339949,-1.33112168,-0.49398926,-0.73994571,0.00000000,0.00000000,-0.35575595,2.17000008,1.61831975,0.33214271,-2.15568805,0.00000000,0.00000000
0.33961937,-2.13925743,-1.32758856,-0.48335913,-0.74158305,0.00000000,0.00000000,-0.33925861,2.17000008,1.60579610,0.33732003,-2.16559601,0.00000000,0.00000000
0.38743868,-2.14081168,-1.32352805,-0.47740805,-0.73662585,0.00000000,0.00000000,-0.32023460,2.16984057,1.59660637,0.35085624,-2.16759205,0.00000000,0.00000000
0.43311697,-2.14022875,-1.31799006,-0.47352341,-0.73865473,0.00000000,0.00000000,-0.30069309,2.16723680,1.59090614,0.37091711,-2.16879177,0.00000000,0.00000000
0.47489125,-2.14084578,-1.30951715,-0.47177398,-0.73961407,0.00000000,0.00000000,-0.27905416,2.15714455,1.58782589,0.39817357,-2.16824865,0.00000000,0.00000000
0.50633848,-2.14243197,-1.29778421,-0.47506297,-0.74019963,0.00000000,0.00000000,-0.24765350,2.14292645,1.58390486,0.43698055,-2.16411519,0.00000000,0.00000000
0.52938801,-2.14654708,-1.28152072,-0.48283046,-0.73812413,0.00000000,0.00000000,-0.21292117,2.13416791,1.57606840,0.48075458,-2.15929866,0.00000000,0.00000000
0.55090952,-2.15383816,-1.25952828,-0.49154487,-0.74459243,0.00000000,0.00000000,-0.18011020,2.12803268,1.56535518,0.52478445,-2.15510368,0.00000000,0.00000000
0.57623172,-2.16214633,-1.23162997,-0.49769905,-0.76312160,0.00000000,0.00000000,-0.15224411,2.12430859,1.55237830,0.56679142,-2.15039468,0.00000000,0.00000000
0.60272878,-2.16778946,-1.19891977,-0.50191849,-0.78539068,0.00000000,0.00000000,-0.13200161,2.12316203,1.53803837,0.60439223,-2.14352989,0.00000000,0.00000000
0.62340963,-2.16970873,-1.16283798,-0.50775242,-0.79423684,0.00000000,0.00000000,-0.11652598,2.12224317,1.52408504,0.63805312,-2.13707042,0.00000000,0.00000000
0.63703042,-2.16998720,-1.12473965,-0.51565033,-0.79853821,0.00000000,0.00000000,-0.10303987,2.12080812,1.51140785,0.66848075,-2.11565995,0.00000000,0.00000000
0.64571553,-2.17000008,-1.08592498,-0.52428818,-0.80668920,0.00000000,0.00000000,-0.09156273,2.11943173,1.49994659,0.69511253,-2.11504340,0.00000000,0.00000000
0.65179586,-2.17000008,-1.04804778,-0.53204483,-0.79834598,0.00000000,0.00000000,-0.08291424,2.11916900,1.48896194,0.71717656,-2.11502624,0.00000000,0.00000000
0.65607584,-2.17000008,-1.01357138,-0.53798729,-0.79164588,0.00000000,0.00000000,-0.07701327,2.12130094,1.47717392,0.73457628,-2.10943985,0.00000000,0.00000000
0.65594131,-2.17000008,-0.98480475,-0.54337406,-0.78196377,0.00000000,0.00000000,-0.07387587,2.12703466,1.46306121,0.74715412,-2.10681701,0.00000000,0.00000000
0.64941126,-2.17000008,-0.96364814,-0.54814130,-0.78751588,0.00000000,0.00000000,-0.07339222,2.13625002,1.44569433,0.75465369,-2.10862923,0.00000000,0.00000000
0.63601124,-2.17000008,-0.95175600,-0.55061692,-0.79698259,0.00000000,0.00000000,-0.07520351,2.14766741,1.42480206,0.75688380,-2.11613512,0.00000000,0.00000000
0.61574334,-2.17000008,-0.95053142,-0.54905778,-0.81427449,0.00000000,0.00000000,-0.07868147,2.15908003,1.40066111,0.75387013,-2.11872435,0.00000000,0.00000000
0.58867425,-2.17000008,-0.96085346,-0.54321337,-0.83709228,0.00000000,0.00000000,-0.08321134,2.16716957,1.37409115,0.74595684,-2.10910344,0.00000000,0.00000000
0.55440515,-2.17000008,-0.98280960,-0.53539574,-0.87120354,0.00000000,0.00000000,-0.08890469,2.16973305,1.34675992,0.73365462,-2.11457205,0.00000000,0.00000000
0.51293284,-2.17000008,-1.01575470,-0.52866721,-0.90701932,0.00000000,0.00000000,-0.09623261,2.16999245,1.32125759,0.71767980,-2.11493063,0.00000000,0.00000000
0.46608686,-2.16983461,-1.05843091,-0.52489352,-0.93073928,0.00000000,0.00000000,-0.10469002,2.17000008,1.30061793,0.69912720,-2.12241626,0.00000000,0.00000000
0.41603497,-2.16694093,-1.10890663,-0.52605706,-0.95829552,0.00000000,0.00000000,-0.11426078,2.17000008,1.28732526,0.67868835,-2.13432646,0.00000000,0.00000000
0.36472660,-2.15305996,-1.16435504,-0.53484815,-0.98812032,0.00000000,0.00000000,-0.12968309,2.17000008,1.28128123,0.65531194,-2.14856148,0.00000000,0.00000000
0.31191897,-2.12194300,-1.22183311,-0.55471933,-1.03344345,0.00000000,0.00000000,-0.15344332,2.17000008,1.28176427,0.62895262,-2.17287111,0.00000000,0.00000000
0.25474313,-2.08058214,-1.27799928,-0.58932608,-1.08194721,0.00000000,0.00000000,-0.17266658,2.17000008,1.29282343,0.60472524,-2.17995715,0.00000000,0.00000000
0.19590145,-2.04149318,-1.32787681,-0.63506299,-1.14407039,0.00000000,0.00000000,-0.18571125,2.17000008,1.31327045,0.58322448,-2.19246912,0.00000000,0.00000000
0.13509004,-2.00865674,-1.36924648,-0.68388224,-1.20680892,0.00000000,0.00000000,-0.20067897,2.17000008,1.33731031,0.56192225,-2.20677018,0.00000000,0.00000000
0.07205183,-1.98321259,-1.40095115,-0.73192495,-1.26564074,0.00000000,0.00000000,-0.21884683,2.17000008,1.36247861,0.54168135,-2.20981622,0.00000000,0.00000000
0.01159541,-1.96743894,-1.42142820,-0.77596110,-1.30998909,0.00000000,0.00000000,-0.24038920,2.17000008,1.38939333,0.52267224,-2.20977926,0.00000000,0.00000000
-0.04036578,-1.96296406,-1.43012393,-0.81259727,-1.33471155,0.00000000,0.00000000,-0.26521012,2.17000008,1.41891980,0.50451428,-2.21222019,0.00000000,0.00000000
-0.08191165,-1.96704268,-1.42968261,-0.83991635,-1.35214996,0.00000000,0.00000000,-0.28955042,2.16995025,1.45038903,0.48870984,-2.22226548,0.00000000,0.00000000
-0.11738717,-1.97409892,-1.42491996,-0.85921746,-1.36056125,0.00000000,0.00000000,-0.30961081,2.16922998,1.48112452,0.47675911,-2.24850178,0.00000000,0.00000000
-0.14887688,-1.98276114,-1.41805243,-0.87167275,-1.35355318,0.00000000,0.00000000,-0.32383808,2.16744113,1.50936544,0.46815264,-2.27020931,0.00000000,0.00000000
-0.17561606,-1.99298763,-1.40984631,-0.87760371,-1.34563339,0.00000000,0.00000000,-0.33160868,2.16674447,1.53367591,0.46260300,-2.30544090,0.00000000,0.00000000
-0.19602968,-2.00515795,-1.40035260,-0.87762266,-1.34008586,0.00000000,0.00000000,-0.33463034,2.16726255,1.55367947,0.45890221,-2.32928395,0.00000000,0.00000000
-0.20933253,-2.01944137,-1.38964069,-0.87253749,-1.32945693,0.00000000,0.00000000,-0.33474529,2.16836977,1.56955898,0.45563623,-2.35105634,0.00000000,0.00000000
-0.21583232,-2.03507543,-1.37840509,-0.86254698,-1.31602073,0.00000000,0.00000000,-0.33317733,2.16903520,1.58183634,0.45146710,-2.36283660,0.00000000,0.00000000
-0.21576758,-2.05141187,-1.36737800,-0.84741211,-1.30119002,0.00000000,0.00000000,-0.33042443,2.16843057,1.59081948,0.44532359,-2.37740254,0.00000000,0.00000000
-0.20669968,-2.06981611,-1.35597038,-0.82654083,-1.27022135,0.00000000,0.00000000,-0.32446277,2.16880703,1.59552884,0.43775630,-2.37845445,0.00000000,0.00000000
-0.18852271,-2.08942628,-1.34471500,-0.80021238,-1.23314548,0.00000000,0.00000000,-0.31533360,2.16956687,1.59615529,0.42843720,-2.36515212,0.00000000,0.00000000
-0.16128545,-2.10868430,-1.33409631,-0.76939857,-1.19322395,0.00000000,0.00000000,-0.30365682,2.16992140,1.59358299,0.41732115,-2.35254622,0.00000000,0.00000000
-0.12376691,-2.12580919,-1.32407320,-0.73546696,-1.15162361,0.00000000,0.00000000,-0.29152551,2.16999578,1.58897269,0.40443921,-2.34669042,0.00000000,0.00000000
-0.07334985,-2.13957262,-1.31384933,-0.70018512,-1.11409295,0.00000000,0.00000000,-0.28215179,2.17000008,1.58341920,0.39050463,-2.33593297,0.00000000,0.00000000
-0.01036518,-2.15241289,-1.30189657,-0.66797715,-1.09777892,0.00000000,0.00000000,-0.27495724,2.17000008,1.57781315,0.37956467,-2.32130122,0.00000000,0.00000000
0.05532072,-2.16478252,-1.29048026,-0.64512807,-1.08216619,0.00000000,0.00000000,-0.26680377,2.17000008,1.57324684,0.37609059,-2.31165028,0.00000000,0.00000000
0.11252313,-2.16946697,-1.28775895,-0.63194865,-1.06750953,0.00000000,0.00000000,-0.25732556,2.17000008,1.57085431,0.38104784,-2.30328512,0.00000000,0.00000000
0.16245764,-2.16982055,-1.29779208,-0.62230110,-1.06063843,0.00000000,0.00000000,-0.24670815,2.17000008,1.57167888,0.39408943,-2.28853488,0.00000000,0.00000000
0.21005657,-2.16721869,-1.31969392,-0.61161196,-1.06392241,0.00000000,0.00000000,-0.23483169,2.16996074,1.57636368,0.41491133,-2.27964115,0.00000000,0.00000000
0.25831699,-2.15733480,-1.34974539,-0.59869051,-1.06764388,0.00000000,0.00000000,-0.22211181,2.16924930,1.58473682,0.44288772,-2.27682710,0.00000000,0.00000000
0.30738160,-2.14185119,-1.38298595,-0.58429730,-1.07407367,0.00000000,0.00000000,-0.21007331,2.16574144,1.59565663,0.47627720,-2.27048635,0.00000000,0.00000000
0.35056412,-2.12591887,-1.41617787,-0.57217640,-1.08218455,0.00000000,0.00000000,-0.19759394,2.15954924,1.60625935,0.51428592,-2.25884604,0.00000000,0.00000000
0.38565752,-2.10993052,-1.44802094,-0.56236088,-1.07538652,0.00000000,0.00000000,-0.18297105,2.15559483,1.61363578,0.55542135,-2.24490452,0.00000000,0.00000000
0.41732019,-2.09471774,-1.47681129,-0.55141717,-1.07628381,0.00000000,0.00000000,-0.16618304,2.15300846,1.61771846,0.59738183,-2.25521374,0.00000000,0.00000000
0.45116177,-2.08129168,-1.50110543,-0.53592938,-1.07692289,0.00000000,0.00000000,-0.15012503,2.15106297,1.61893213,0.63701284,-2.28413296,0.00000000,0.00000000
0.48759875,-2.07008576,-1.52013040,-0.51584524,-1.07436645,0.00000000,0.00000000,-0.13850148,2.14904928,1.61824977,0.67123830,-2.30944371,0.00000000,0.00000000
0.52074409,-2.06233215,-1.53323543,-0.49504784,-1.07461166,0.00000000,0.00000000,-0.13000730,2.14466763,1.61744082,0.70023233,-2.33276391,0.00000000,0.00000000
0.54860020,-2.05979967,-1.53972352,-0.47520903,-1.08122301,0.00000000,0.00000000,-0.12281355,2.13796806,1.61722565,0.72479862,-2.35510373,0.00000000,0.00000000
0.57235557,-2.06351924,-1.53923643,-0.45609888,-1.07875049,0.00000000,0.00000000,-0.11735971,2.13028169,1.61754215,0.74453497,-2.38026690,0.00000000,0.00000000
0.59280664,-2.07370949,-1.53178871,-0.43779713,-1.06975937,0.00000000,0.00000000,-0.11466958,2.12288237,1.61800468,0.75887275,-2.38419485,0.00000000,0.00000000
0.60986322,-2.08978105,-1.51770484,-0.42096370,-1.06923819,0.00000000,0.00000000,-0.11540936,2.11694574,1.61794055,0.76766527,-2.38973165,0.00000000,0.00000000
0.62313950,-2.11003995,-1.49763715,-0.40640399,-1.07028580,0.00000000,0.00000000,-0.11983687,2.11327314,1.61660159,0.77112627,-2.38712096,0.00000000,0.00000000
0.63208222,-2.13224339,-1.47237718,-0.39515227,-1.06901598,0.00000000,0.00000000,-0.12836288,2.11226439,1.61323273,0.76941919,-2.37120247,0.00000000,0.00000000
0.63581228,-2.15289426,-1.44296896,-0.38844708,-1.06751764,0.00000000,0.00000000,-0.14171608,2.11445594,1.60685956,0.76254314,-2.36033440,0.00000000,0.00000000
0.63299245,-2.16615534,-1.41136909,-0.38706982,-1.07258213,0.00000000,0.00000000,-0.15963355,2.12077379,1.59618199,0.75109679,-2.35637403,0.00000000,0.00000000
0.62198907,-2.16977262,-1.38106465,-0.39065146,-1.08553851,0.00000000,0.00000000,-0.17957568,2.13140130,1.58013868,0.73695040,-2.36299396,0.00000000,0.00000000
0.60178441,-2.17000008,-1.35640287,-0.39791638,-1.10174215,0.00000000,0.00000000,-0.19824848,2.14473033,1.55853200,0.72238976,-2.37858152,0.00000000,0.00000000
0.57340705,-2.17000008,-1.34092534,-0.40791079,-1.11884749,0.00000000,0.00000000,-0.21402974,2.15804529,1.53194129,0.70899546,-2.37655401,0.00000000,0.00000000
0.53816992,-2.17000008,-1.33614361,-0.42254394,-1.13081467,0.00000000,0.00000000,-0.22644040,2.16722775,1.50249135,0.69745737,-2.35489440,0.00000000,0.00000000
0.49451965,-2.16991401,-1.34173191,-0.44628328,-1.14791262,0.00000000,0.00000000,-0.23576736,2.16983438,1.47434163,0.68698740,-2.32539487,0.00000000,0.00000000
0.44448841,-2.16826344,-1.35630417,-0.48062798,-1.16490638,0.00000000,0.00000000,-0.24192499,2.17000008,1.45145583,0.67710716,-2.30048704,0.00000000,0.00000000
0.39066896,-2.15873623,-1.37699497,-0.52706271,-1.18884206,0.00000000,0.00000000,-0.24458259,2.17000008,1.43526673,0.66907299,-2.27233505,0.00000000,0.00000000
0.33366475,-2.13446641,-1.39989269,-0.58832926,-1.20420098,0.00000000,0.00000000,-0.24747388,2.17000008,1.42523277,0.66193557,-2.24437976,0.00000000,0.00000000
0.27092025,-2.10099149,-1.42131627,-0.66808480,-1.23114717,0.00000000,0.00000000,-0.25046471,2.17000008,1.42144871,0.65599567,-2.22883034,0.00000000,0.00000000
0.20347629,-2.06954145,-1.43651164,-0.76461822,-1.25985205,0.00000000,0.00000000,-0.25008002,2.17000008,1.42447102,0.65297341,-2.20697832,0.00000000,0.00000000
0.14013344,-2.04714298,-1.44148433,-0.86404091,-1.28445971,0.00000000,0.00000000,-0.24595603,2.17000008,1.43320596,0.65351766,-2.19752216,0.00000000,0.00000000
0.07901292,-2.02858949,-1.43951738,-0.95821005,-1.29708397,0.00000000,0.00000000,-0.24146014,2.17000008,1.44592261,0.65684944,-2.19259667,0.00000000,0.00000000
0.02189309,-2.01276875,-1.43263674,-1.04267132,-1.31998730,0.00000000,0.00000000,-0.24103327,2.17000008,1.46197939,0.66168869,-2.18317294,0.00000000,0.00000000
-0.02607755,-2.00340819,-1.42030632,-1.11410308,-1.32912552,0.00000000,0.00000000,-0.24773498,2.17000008,1.48176396,0.66702801,-2.17392969,0.00000000,0.00000000
-0.06074051,-2.00191140,-1.40364909,-1.16966975,-1.33306396,0.00000000,0.00000000,-0.26092994,2.17000008,1.50605869,0.67218661,-2.16308951,0.00000000,0.00000000
-0.08171004,-2.00533080,-1.38695788,-1.20785654,-1.34165883,0.00000000,0.00000000,-0.27562377,2.17000008,1.53320253,0.67739671,-2.14064121,0.00000000,0.00000000
-0.09241947,-2.01207304,-1.37293756,-1.23005605,-1.35774148,0.00000000,0.00000000,-0.28747779,2.17000008,1.55942452,0.68243796,-2.13124800,0.00000000,0.00000000
-0.09429863,-2.02225757,-1.36173260,-1.23709393,-1.36679208,0.00000000,0.00000000,-0.29660109,2.17000008,1.58160853,0.68508953,-2.12200427,0.00000000,0.00000000
-0.08729777,-2.03575516,-1.35294819,-1.22902369,-1.36968434,0.00000000,0.00000000,-0.30440077,2.17000008,1.59839499,0.68342596,-2.12613750,0.00000000,0.00000000
-0.07129107,-2.05193210,-1.34636068,-1.20594287,-1.37260163,0.00000000,0.00000000,-0.31115577,2.17000008,1.60952222,0.67702454,-2.13223124,0.00000000,0.00000000
-0.04649183,-2.06988430,-1.34205532,-1.16839850,-1.36199307,0.00000000,0.00000000,-0.31644547,2.17000008,1.61527359,0.66626233,-2.15059590,0.00000000,0.00000000
-0.01401468,-2.08853364,-1.34065306,-1.11780715,-1.35854411,0.00000000,0.00000000,-0.31985754,2.17000008,1.61641002,0.65157342,-2.15812802,0.00000000,0.00000000
0.02479719,-2.10691237,-1.34295118,-1.05592024,-1.34626567,0.00000000,0.00000000,-0.32128647,2.17000008,1.61416745,0.63307267,-2.16605115,0.00000000,0.00000000
0.06865366,-2.12469745,-1.34936988,-0.98469079,-1.33235121,0.00000000,0.00000000,-0.32062685,2.17000008,1.61008680,0.61074620,-2.17778754,0.00000000,0.00000000
0.11597929,-2.14140630,-1.36024845,-0.90698123,-1.33010173,0.00000000,0.00000000,-0.31820247,2.17000008,1.60553348,0.58438921,-2.18232703,0.00000000,0.00000000
0.16533169,-2.15374088,-1.37677348,-0.82747465,-1.33058047,0.00000000,0.00000000,-0.31486139,2.17000008,1.60184097,0.55398470,-2.19157529,0.00000000,0.00000000
0.21627568,-2.15882254,-1.39898419,-0.75397038,-1.31853485,0.00000000,0.00000000,-0.31015190,2.17000008,1.60136890,0.52152216,-2.20154524,0.00000000,0.00000000
0.27213612,-2.15867376,-1.42373002,-0.69233662,-1.31792819,0.00000000,0.00000000,-0.30366886,2.17000008,1.60527194,0.49024245,-2.21265125,0.00000000,0.00000000
0.32871467,-2.15382004,-1.44929445,-0.64668036,-1.31754684,0.00000000,0.00000000,-0.29466307,2.17000008,1.61233568,0.46399850,-2.22544622,0.00000000,0.00000000
0.38055187,-2.14357424,-1.47492695,-0.61628896,-1.31455290,0.00000000,0.00000000,-0.28335056,2.16999960,1.62071633,0.44519275,-2.23790812,0.00000000,0.00000000
0.42449766,-2.13097167,-1.49880707,-0.59796906,-1.31169820,0.00000000,0.00000000,-0.27026606,2.16997290,1.62959349,0.43406484,-2.23802567,0.00000000,0.00000000
0.46024391,-2.11753321,-1.52021730,-0.58936989,-1.31091225,0.00000000,0.00000000,-0.25573242,2.16954756,1.63860929,0.42981750,-2.24619508,0.00000000,0.00000000
0.48800689,-2.10368657,-1.53938150,-0.58922684,-1.30865586,0.00000000,0.00000000,-0.24077091,2.16729593,1.64670038,0.43107462,-2.23984003,0.00000000,0.00000000
0.50654715,-2.09147334,-1.55653954,-0.59661764,-1.30496299,0.00000000,0.00000000,-0.22513726,2.16150260,1.65357733,0.43746737,-2.23763347,0.00000000,0.00000000
0.51196533,-2.08272862,-1.57197714,-0.61158603,-1.30399263,0.00000000,0.00000000,-0.20615943,2.15304995,1.65876138,0.45046598,-2.22532964,0.00000000,0.00000000
0.50421125,-2.07839131,-1.58562207,-0.63244110,-1.29876196,0.00000000,0.00000000,-0.18385383,2.14495444,1.66125035,0.47030336,-2.22434998,0.00000000,0.00000000
0.48838946,-2.07986283,-1.59637833,-0.65568066,-1.29764533,0.00000000,0.00000000,-0.16099806,2.13813829,1.66056716,0.49583703,-2.20874524,0.00000000,0.00000000
0.47015953,-2.08768654,-1.60268426,-0.67809099,-1.29356349,0.00000000,0.00000000,-0.13930884,2.13278556,1.65632820,0.52632922,-2.19297600,0.00000000,0.00000000
0.45336086,-2.10060811,-1.60341668,-0.69740969,-1.27794981,0.00000000,0.00000000,-0.11915267,2.12959933,1.64800727,0.56126904,-2.17845607,0.00000000,0.00000000
0.43943381,-2.11641502,-1.59810829,-0.71247333,-1.26447237,0.00000000,0.00000000,-0.09984461,2.12793303,1.63565743,0.60020113,-2.16142941,0.00000000,0.00000000
0.42701635,-2.13273358,-1.58641040,-0.72382909,-1.25822425,0.00000000,0.00000000,-0.08118661,2.12831163,1.61915565,0.64200878,-2.15120339,0.00000000,0.00000000
0.41502529,-2.14808464,-1.56788242,-0.73194230,-1.25726199,0.00000000,0.00000000,-0.06368009,2.13055849,1.59897196,0.68509549,-2.12566972,0.00000000,0.00000000
0.40258771,-2.16070533,-1.54264724,-0.73711997,-1.25771904,0.00000000,0.00000000,-0.04725412,2.13460016,1.57577431,0.72772568,-2.10086632,0.00000000,0.00000000
0.38825795,-2.16800117,-1.51227856,-0.73980290,-1.25399327,0.00000000,0.00000000,-0.03194295,2.14071989,1.55024600,0.76713616,-2.08614945,0.00000000,0.00000000
0.37071151,-2.16988373,-1.48064828,-0.73990601,-1.25003445,0.00000000,0.00000000,-0.01929937,2.14872503,1.52331424,0.79939151,-2.08535051,0.00000000,0.00000000
0.34892988,-2.17000008,-1.45332277,-0.73697621,-1.25838661,0.00000000,0.00000000,-0.01127608,2.15736389,1.49625397,0.82139355,-2.08465385,0.00000000,0.00000000
0.32209268,-2.17000008,-1.43514848,-0.73099822,-1.28143513,0.00000000,0.00000000,-0.00889115,2.16459894,1.47045779,0.83210266,-2.10895061,0.00000000,0.00000000
0.29064158,-2.16985607,-1.42855859,-0.72214282,-1.30646515,0.00000000,0.00000000,-0.01240763,2.16878700,1.44693732,0.83204257,-2.12502074,0.00000000,0.00000000
0.25681576,-2.16742349,-1.43277383,-0.71042854,-1.32995915,0.00000000,0.00000000,-0.02203144,2.16991282,1.42623222,0.82198650,-2.13765812,0.00000000,0.00000000
0.22343250,-2.15668535,-1.44465339,-0.69610977,-1.35945499,0.00000000,0.00000000,-0.03731036,2.16999888,1.40848386,0.80307287,-2.15468383,0.00000000,0.00000000
0.19235685,-2.13446808,-1.46131289,-0.67997330,-1.39536500,0.00000000,0.00000000,-0.05615345,2.17000008,1.39352202,0.77813357,-2.18829107,0.00000000,0.00000000
0.16512002,-2.10401201,-1.48080289,-0.66259885,-1.42900479,0.00000000,0.00000000,-0.07650013,2.17000008,1.38115001,0.75026864,-2.22271442,0.00000000,0.00000000
0.14342201,-2.06938124,-1.50149035,-0.64396590,-1.47178507,0.00000000,0.00000000,-0.09671228,2.17000008,1.37171137,0.72116154,-2.25549006,0.00000000,0.00000000
0.12849563,-2.03325081,-1.52212667,-0.62358427,-1.51721239,0.00000000,0.00000000,-0.11406317,2.17000008,1.36634684,0.69173121,-2.27769256,0.00000000,0.00000000
0.12035686,-1.99699378,-1.54199028,-0.60090584,-1.55883455,0.00000000,0.00000000,-0.12447891,2.17000008,1.36645997,0.66293144,-2.29815030,0.00000000,0.00000000
0.11992130,-1.96217442,-1.56020629,-0.57474649,-1.59119141,0.00000000,0.00000000,-0.12498078,2.17000008,1.37280071,0.63518113,-2.32561874,0.00000000,0.00000000
0.12828447,-1.93212199,-1.57521200,-0.54497910,-1.62546921,0.00000000,0.00000000,-0.11689284,2.16999316,1.38448977,0.60747367,-2.35683250,0.00000000,0.00000000
0.14231749,-1.90924180,-1.58587372,-0.51494068,-1.66751969,0.00000000,0.00000000,-0.10427219,2.16980577,1.39887035,0.57877451,-2.38123250,0.00000000,0.00000000
0.15728502,-1.89538324,-1.59138799,-0.48929569,-1.70615506,0.00000000,0.00000000,-0.09153751,2.16814494,1.41276073,0.54843479,-2.39419222,0.00000000,0.00000000
0.16867962,-1.89197135,-1.59120691,-0.47251433,-1.72621465,0.00000000,0.00000000,-0.07975853,2.16301751,1.42401910,0.51736957,-2.40979886,0.00000000,0.00000000
0.17406195,-1.89823651,-1.58548522,-0.46691382,-1.74210620,0.00000000,0.00000000,-0.06781758,2.15564847,1.43169427,0.48723927,-2.40916705,0.00000000,0.00000000
0.17250054,-1.91281009,-1.57446527,-0.47271267,-1.76494539,0.00000000,0.00000000,-0.05486646,2.14802551,1.43557096,0.45942017,-2.40836191,0.00000000,0.00000000
0.16407028,-1.93478239,-1.55808508,-0.48819461,-1.78375113,0.00000000,0.00000000,-0.04199625,2.14133430,1.43581808,0.43423054,-2.41946101,0.00000000,0.00000000
0.14990519,-1.96288216,-1.53625655,-0.51001740,-1.79836202,0.00000000,0.00000000,-0.03098317,2.13652849,1.43268931,0.41153860,-2.41738009,0.00000000,0.00000000
0.13054383,-1.99550796,-1.50900364,-0.53522593,-1.79510355,0.00000000,0.00000000,-0.02176843,2.13447785,1.42650557,0.39214253,-2.41365051,0.00000000,0.00000000
0.10687269,-2.03112388,-1.47645116,-0.56127286,-1.79436886,0.00000000,0.00000000,-0.01329767,2.13522029,1.41778100,0.37717456,-2.40780997,0.00000000,0.00000000
0.08101066,-2.06746578,-1.43909419,-0.58511299,-1.78689313,0.00000000,0.00000000,-0.00534313,2.13799357,1.40712571,0.36701494,-2.39654326,0.00000000,0.00000000
0.05490553,-2.10066009,-1.39818978,-0.60369515,-1.77282894,0.00000000,0.00000000,0.00122788,2.14119864,1.39522612,0.36101595,-2.39204001,0.00000000,0.00000000
0.02910026,-2.12599540,-1.35557771,-0.61492497,-1.75421798,0.00000000,0.00000000,0.00574487,2.14190602,1.38298488,0.35800001,-2.39057231,0.00000000,0.00000000
0.00385346,-2.13965750,-1.31286395,-0.61736679,-1.74442017,0.00000000,0.00000000,0.00839490,2.13618493,1.37144172,0.35658672,-2.38500881,0.00000000,0.00000000
-0.01900950,-2.13919520,-1.27088785,-0.60918432,-1.73025608,0.00000000,0.00000000,0.00977414,2.12080836,1.36132801,0.35529187,-2.37555861,0.00000000,0.00000000
-0.03801095,-2.12328839,-1.22987723,-0.58913809,-1.71531284,0.00000000,0.00000000,0.01054991,2.09451771,1.35271251,0.35289615,-2.37207127,0.00000000,0.00000000
-0.05454124,-2.09235883,-1.18961155,-0.55813992,-1.69656920,0.00000000,0.00000000,0.01151424,2.05680871,1.34527683,0.34878150,-2.38411212,0.00000000,0.00000000
-0.07066355,-2.04845786,-1.14945257,-0.51815528,-1.68817830,0.00000000,0.00000000,0.01273692,2.00735593,1.33853960,0.34243745,-2.38775182,0.00000000,0.00000000
-0.08765820,-1.99411619,-1.10871184,-0.47116920,-1.66500044,0.00000000,0.00000000,0.01350619,1.94683695,1.33182967,0.33331341,-2.39043307,0.00000000,0.00000000
-0.10653313,-1.93149483,-1.06701052,-0.41910088,-1.62627316,0.00000000,0.00000000,0.01295120,1.87679577,1.32440388,0.32091799,-2.40267444,0.00000000,0.00000000
-0.12804331,-1.86255717,-1.02421093,-0.36376590,-1.59416342,0.00000000,0.00000000,0.01041994,1.79907215,1.31558180,0.30483648,-2.40722132,0.00000000,0.00000000
-0.15233389,-1.78951645,-0.98023897,-0.30683133,-1.56076992,0.00000000,0.00000000,0.00552213,1.71562171,1.30479693,0.28494444,-2.41722822,0.00000000,0.00000000
-0.17963518,-1.71461892,-0.93520457,-0.25011593,-1.54403400,0.00000000,0.00000000,-0.00256428,1.62878036,1.29155874,0.26129472,-2.42967916,0.00000000,0.00000000
-0.21038111,-1.63960886,-0.88946748,-0.19536076,-1.52541304,0.00000000,0.00000000,-0.01501590,1.54092622,1.27555239,0.23397316,-2.44298697,0.00000000,0.00000000
-0.24452515,-1.56548834,-0.84351796,-0.14352132,-1.50230265,0.00000000,0.00000000,-0.03296908,1.45476007,1.25661647,0.20322026,-2.45454311,0.00000000,0.00000000
-0.28181750,-1.49282849,-0.79789650,-0.09492116,-1.47596180,0.00000000,0.00000000,-0.05703932,1.37291706,1.23481739,0.16961814,-2.47464681,0.00000000,0.00000000
-0.32244653,-1.42200601,-0.75317389,-0.04976795,-1.46018577,0.00000000,0.00000000,-0.08737142,1.29715228,1.21051419,0.13378696,-2.47960901,0.00000000,0.00000000
-0.36728111,-1.35333776,-0.70990682,-0.00843690,-1.44719660,0.00000000,0.00000000,-0.12394834,1.22831142,1.18428159,0.09604652,-2.49130750,0.00000000,0.00000000
-0.41765028,-1.28728485,-0.66856498,0.02837641,-1.43877292,0.00000000,0.00000000,-0.16636415,1.16682267,1.15682101,0.05668227,-2.49617100,0.00000000,0.00000000
-0.47481781,-1.22414660,-0.62946647,0.06000632,-1.41975904,0.00000000,0.00000000,-0.21320274,1.11307776,1.12891555,0.01672385,-2.49082685,0.00000000,0.00000000
-0.53973204,-1.16374063,-0.59273052,0.08623342,-1.40527236,0.00000000,0.00000000,-0.26224691,1.06738067,1.10134852,-0.02209806,-2.47992802,0.00000000,0.00000000
-0.61307919,-1.10548508,-0.55823505,0.10698793,-1.39521384,0.00000000,0.00000000,-0.31115022,1.02955496,1.07477522,-0.05786386,-2.47740245,0.00000000,0.00000000
-0.69520479,-1.04877603,-0.52560854,0.12194144,-1.38658261,0.00000000,0.00000000,-0.35791609,0.99848199,1.04959536,-0.08874807,-2.47334361,0.00000000,0.00000000
-0.78580213,-0.99310130,-0.49430174,0.13061766,-1.38153660,0.00000000,0.00000000,-0.40123230,0.97224349,1.02589059,-0.11336287,-2.45854664,0.00000000,0.00000000
-0.88369757,-0.93815464,-0.46374589,0.13266046,-1.37996495,0.00000000,0.00000000,-0.44059262,0.94893700,1.00349689,-0.13116655,-2.44367504,0.00000000,0.00000000
-0.98698467,-0.88404912,-0.43350250,0.12793867,-1.37815523,0.00000000,0.00000000,-0.47608438,0.92731607,0.98214853,-0.14236687,-2.41607332,0.00000000,0.00000000
-1.09333754,-0.83139735,-0.40336302,0.11667367,-1.35743260,0.00000000,0.00000000,-0.50811613,0.90678668,0.96160841,-0.14768021,-2.38316274,0.00000000,0.00000000
-1.20039189,-0.78124171,-0.37337568,0.09952263,-1.32822037,0.00000000,0.00000000,-0.53718513,0.88746297,0.94173574,-0.14798486,-2.34788489,0.00000000,0.00000000
-1.30611622,-0.73490846,-0.34379792,0.07747675,-1.30798209,0.00000000,0.00000000,-0.56376714,0.86980498,0.92246294,-0.14419943,-2.32163882,0.00000000,0.00000000
-1.40907550,-0.69371021,-0.31499469,0.05175588,-1.29387534,0.00000000,0.00000000,-0.58827847,0.85426521,0.90374851,-0.13717382,-2.27592301,0.00000000,0.00000000
-1.50848925,-0.65840036,-0.28730571,0.02381678,-1.26524377,0.00000000,0.00000000,-0.61104745,0.84132290,0.88557392,-0.12750779,-2.24479246,0.00000000,0.00000000
-1.60399997,-0.62884885,-0.26093796,-0.00479539,-1.22683489,0.00000000,0.00000000,-0.63231969,0.83122653,0.86794567,-0.11571369,-2.21685982,0.00000000,0.00000000
-1.69530928,-0.60427129,-0.23596680,-0.03278599,-1.18358684,0.00000000,0.00000000,-0.65225661,0.82379431,0.85090774,-0.10241412,-2.18835402,0.00000000,0.00000000
-1.78191686,-0.58353823,-0.21243191,-0.05923651,-1.16001439,0.00000000,0.00000000,-0.67092806,0.81861973,0.83456188,-0.08834001,-2.16694927,0.00000000,0.00000000
-1.86300433,-0.56542736,-0.19045474,-0.08357538,-1.14398777,0.00000000,0.00000000,-0.68833691,0.81524509,0.81905621,-0.07430740,-2.14022994,0.00000000,0.00000000
-1.93746471,-0.54892689,-0.17030969,-0.10553709,-1.12966287,0.00000000,0.00000000,-0.70446324,0.81310135,0.80455089,-0.06126669,-2.11615276,0.00000000,0.00000000
-2.00410557,-0.53348136,-0.15239723,-0.12508985,-1.11646616,0.00000000,0.00000000,-0.71929020,0.81162167,0.79118866,-0.05020994,-2.10126281,0.00000000,0.00000000
-2.06192374,-0.51907814,-0.13712406,-0.14242937,-1.11669612,0.00000000,0.00000000,-0.73280782,0.81053984,0.77907532,-0.04182770,-2.08899689,0.00000000,0.00000000
-2.11035299,-0.50614625,-0.12476342,-0.15790477,-1.10956848,0.00000000,0.00000000,-0.74500692,0.80989033,0.76827228,-0.03629858,-2.07431102,0.00000000,0.00000000
-2.14940238,-0.49524906,-0.11536991,-0.17181638,-1.10907435,0.00000000,0.00000000,-0.75586975,0.80971366,0.75880963,-0.03347935,-2.08113456,0.00000000,0.00000000
-2.17967367,-0.48673698,-0.10874996,-0.18428299,-1.02849936,0.00000000,0.00000000,-0.76536095,0.80990916,0.75070232,-0.03301546,-1.93289113,0.00000000,0.00000000
-2.20228100,-0.48065108,-0.10446116,-0.19523086,-0.95628452,0.00000000,0.00000000,-0.77342504,0.81017041,0.74395436,-0.03435065,-1.78253436,0.00000000,0.00000000
-2.21863317,-0.47665018,-0.10187811,-0.20440744,-0.88184124,0.00000000,0.00000000,-0.77999222,0.81022549,0.73856097,-0.03671803,-1.63295591,0.00000000,0.00000000
-2.23008609,-0.47411987,-0.10035977,-0.21148705,-0.80780965,0.00000000,0.00000000,-0.78499269,0.81002760,0.73451084,-0.03925130,-1.49602592,0.00000000,0.00000000
-2.23758388,-0.47251970,-0.09944496,-0.21623908,-0.74009317,0.00000000,0.00000000,-0.78837407,0.80969620,0.73179209,-0.04123197,-1.35145521,0.00000000,0.00000000
-2.24148750,-0.47166771,-0.09895759,-0.21864977,-0.67180133,0.00000000,0.00000000,-0.79011989,0.80941063,0.73039120,-0.04230261,-1.20340955,0.00000000,0.00000000
