l_joint1,l_joint2,l_joint3,l_joint4,l_joint5,l_joint6,l_joint7,r_joint1,r_joint2,r_joint3,r_joint4,r_joint5,r_joint6,r_joint7
-0.31550154,-2.13328624,-0.92501533,-0.64561379,0.00482455,0.00000000,0.00000000,-0.47947103,2.17000008,1.39085627,0.65784591,0.05987765,0.00000000,0.00000000
-0.33739316,-2.14248633,-0.92408359,-0.66708690,0.00784809,0.00000000,0.00000000,-0.48214120,2.17000008,1.39139330,0.65239930,0.06853163,0.00000000,0.00000000
-0.36439228,-2.15402913,-0.92049074,-0.69704342,0.01265096,0.00000000,0.00000000,-0.48123133,2.17000008,1.39195180,0.64625794,0.07216552,0.00000000,0.00000000
-0.38476858,-2.16206717,-0.91346675,-0.72601610,0.02062283,0.00000000,0.00000000,-0.47279185,2.17000008,1.39261103,0.64206737,0.08416054,0.00000000,0.00000000
-0.39472017,-2.16770077,-0.90276068,-0.75008160,0.03642479,0.00000000,0.00000000,-0.45660275,2.17000008,1.39330006,0.64027345,0.09160809,0.00000000,0.00000000
-0.39590764,-2.16975260,-0.89221346,-0.76586688,0.05554999,0.00000000,0.00000000,-0.43418556,2.17000008,1.39252150,0.64106286,0.10213757,0.00000000,0.00000000
-0.38352162,-2.16999149,-0.88371950,-0.76621479,0.06702952,0.00000000,0.00000000,-0.40849704,2.17000008,1.38964367,0.64335567,0.11438307,0.00000000,0.00000000
-0.36009479,-2.17000008,-0.87591243,-0.75611240,0.07590954,0.00000000,0.00000000,-0.38195810,2.17000008,1.38429725,0.64621770,0.12861215,0.00000000,0.00000000
-0.32572037,-2.17000008,-0.86976832,-0.73520744,0.08162104,0.00000000,0.00000000,-0.35445845,2.17000008,1.37687826,0.64997166,0.13876535,0.00000000,0.00000000
-0.28221056,-2.17000008,-0.86711401,-0.70357090,0.09226914,0.00000000,0.00000000,-0.32884619,2.17000008,1.36937690,0.65212625,0.14890642,0.00000000,0.00000000
-0.23142533,-2.17000008,-0.86996073,-0.66231155,0.10004432,0.00000000,0.00000000,-0.30429947,2.17000008,1.36385643,0.65287852,0.15442257,0.00000000,0.00000000
-0.17480919,-2.16996551,-0.87970477,-0.61238611,0.10584866,0.00000000,0.00000000,-0.27955204,2.17000008,1.36209583,0.65296173,0.16085371,0.00000000,0.00000000
-0.11850141,-2.16914749,-0.89707047,-0.55842751,0.11549934,0.00000000,0.00000000,-0.25252217,2.17000008,1.36363447,0.65398920,0.16810051,0.00000000,0.00000000
-0.06832851,-2.16294098,-0.92083722,-0.50743198,0.11985858,0.00000000,0.00000000,-0.21885347,2.17000008,1.36865127,0.65831202,0.17253308,0.00000000,0.00000000
-0.02435869,-2.14572501,-0.94832498,-0.46400753,0.13097849,0.00000000,0.00000000,-0.17517753,2.17000008,1.37717581,0.66738516,0.15737538,0.00000000,0.00000000
0.01592695,-2.12266016,-0.97658110,-0.43011859,0.13660227,0.00000000,0.00000000,-0.12072800,2.16998458,1.38753235,0.68195921,0.14329192,0.00000000,0.00000000
0.05384829,-2.09895015,-1.00384653,-0.40430832,0.14024037,0.00000000,0.00000000,-0.05836476,2.16977811,1.39882910,0.70048130,0.11682919,0.00000000,0.00000000
0.09335085,-2.08249712,-1.02745342,-0.38356984,0.14210524,0.00000000,0.00000000,0.00512291,2.16945982,1.40733159,0.72017401,0.09145717,0.00000000,0.00000000
0.13621169,-2.07568145,-1.04636467,-0.36565250,0.13884206,0.00000000,0.00000000,0.06297288,2.16977811,1.41161227,0.73821503,0.06314893,0.00000000,0.00000000
0.17760833,-2.07418895,-1.06184089,-0.35055500,0.13122919,0.00000000,0.00000000,0.11216156,2.16996312,1.41395128,0.75331992,0.04105477,0.00000000,0.00000000
0.21310866,-2.07436895,-1.07499576,-0.33874622,0.11731648,0.00000000,0.00000000,0.15186603,2.16964936,1.41605103,0.76559365,0.02017036,0.00000000,0.00000000
0.24133021,-2.07616091,-1.08597362,-0.33075151,0.10164193,0.00000000,0.00000000,0.18106109,2.16863298,1.41808546,0.77517402,0.00995837,0.00000000,0.00000000
0.26301292,-2.08051205,-1.09452975,-0.32652509,0.08260833,0.00000000,0.00000000,0.19879824,2.16781235,1.41964555,0.78263789,-0.01365582,0.00000000,0.00000000
0.27961400,-2.08695650,-1.10060930,-0.32537460,0.05979759,0.00000000,0.00000000,0.20446712,2.16817760,1.42053843,0.78862572,-0.03891759,0.00000000,0.00000000
0.29175490,-2.09430289,-1.10437107,-0.32695687,0.02708140,0.00000000,0.00000000,0.19747436,2.16925526,1.42113209,0.79246616,-0.06652877,0.00000000,0.00000000
0.29836369,-2.10145831,-1.10611749,-0.33188444,0.00394738,0.00000000,0.00000000,0.17688818,2.16986799,1.42207885,0.79161352,-0.09512568,0.00000000,0.00000000
0.29703593,-2.10695529,-1.10635114,-0.34130368,-0.01830302,0.00000000,0.00000000,0.14177716,2.16999340,1.42339444,0.78336751,-0.11634551,0.00000000,0.00000000
0.28522536,-2.10906291,-1.10565376,-0.35622707,-0.04391830,0.00000000,0.00000000,0.09222701,2.17000008,1.42381632,0.76686341,-0.13256714,0.00000000,0.00000000
0.26157674,-2.10723948,-1.10427976,-0.37734380,-0.07631657,0.00000000,0.00000000,0.03119183,2.17000008,1.42181981,0.74412370,-0.14815907,0.00000000,0.00000000
0.22638294,-2.10372949,-1.10171092,-0.40505064,-0.10221622,0.00000000,0.00000000,-0.03578035,2.17000008,1.41671765,0.71885580,-0.15035392,0.00000000,0.00000000
0.18120869,-2.10150909,-1.09703445,-0.43887979,-0.12953892,0.00000000,0.00000000,-0.10225849,2.17000008,1.40882361,0.69489443,-0.14555828,0.00000000,0.00000000
0.12705216,-2.10142922,-1.08983803,-0.47779673,-0.15490203,0.00000000,0.00000000,-0.16294743,2.17000008,1.39869690,0.67518508,-0.14263204,0.00000000,0.00000000
0.06400968,-2.10317254,-1.08018363,-0.52127320,-0.17746694,0.00000000,0.00000000,-0.21471317,2.17000008,1.38637090,0.66167128,-0.13941407,0.00000000,0.00000000
-0.00518237,-2.10789394,-1.06753552,-0.56842518,-0.21102592,0.00000000,0.00000000,-0.25802952,2.17000008,1.37159026,0.65392846,-0.13242716,0.00000000,0.00000000
-0.07505924,-2.11550474,-1.05140507,-0.61619747,-0.23606515,0.00000000,0.00000000,-0.29599771,2.17000008,1.35470498,0.64920533,-0.12358490,0.00000000,0.00000000
-0.13984327,-2.12541652,-1.03138340,-0.66124940,-0.25997740,0.00000000,0.00000000,-0.33101234,2.17000008,1.33726203,0.64454854,-0.11138493,0.00000000,0.00000000
-0.19302970,-2.13871241,-1.00632966,-0.70100057,-0.28256676,0.00000000,0.00000000,-0.36204657,2.17000008,1.32213962,0.63879651,-0.09712109,0.00000000,0.00000000
-0.23265022,-2.15380263,-0.97705436,-0.73467857,-0.29552287,0.00000000,0.00000000,-0.38483992,2.17000008,1.31248331,0.63307887,-0.08075351,0.00000000,0.00000000
-0.26514369,-2.16378760,-0.94860393,-0.76389307,-0.30153856,0.00000000,0.00000000,-0.39664772,2.17000008,1.30856645,0.62905997,-0.07303777,0.00000000,0.00000000
-0.29103258,-2.16795492,-0.92256951,-0.78849792,-0.31082380,0.00000000,0.00000000,-0.39849663,2.17000008,1.30851126,0.62719202,-0.06463464,0.00000000,0.00000000
-0.30926269,-2.16957188,-0.89911443,-0.80647522,-0.32392067,0.00000000,0.00000000,-0.39219615,2.17000008,1.31048501,0.62769562,-0.06257916,0.00000000,0.00000000
-0.31740177,-2.16997504,-0.88000804,-0.81278962,-0.32895938,0.00000000,0.00000000,-0.38045743,2.17000008,1.31300247,0.63012922,-0.05645937,0.00000000,0.00000000
-0.31505173,-2.17000008,-0.86505634,-0.80872136,-0.33240750,0.00000000,0.00000000,-0.36566079,2.17000008,1.31522095,0.63393676,-0.04724741,0.00000000,0.00000000
-0.30397874,-2.17000008,-0.85458010,-0.79300201,-0.33511832,0.00000000,0.00000000,-0.34796742,2.17000008,1.31675625,0.63971353,-0.03501529,0.00000000,0.00000000
-0.27902570,-2.17000008,-0.84981215,-0.75968188,-0.34058654,0.00000000,0.00000000,-0.32900494,2.17000008,1.31799901,0.64652956,-0.02978040,0.00000000,0.00000000
-0.24236186,-2.17000008,-0.85007918,-0.71400499,-0.34396744,0.00000000,0.00000000,-0.30957219,2.17000008,1.32095194,0.65341157,-0.03433030,0.00000000,0.00000000
-0.19717984,-2.16993928,-0.85548198,-0.65991282,-0.34589925,0.00000000,0.00000000,-0.28908777,2.17000008,1.32782936,0.66021991,-0.03810348,0.00000000,0.00000000
-0.14880377,-2.16870737,-0.86713904,-0.60057348,-0.34495142,0.00000000,0.00000000,-0.26767665,2.17000008,1.33916998,0.66585124,-0.03856718,0.00000000,0.00000000
-0.10546133,-2.16094637,-0.88493770,-0.54262537,-0.34661496,0.00000000,0.00000000,-0.24214981,2.17000008,1.35466444,0.67160428,-0.04673292,0.00000000,0.00000000
-0.06949432,-2.14013100,-0.90667212,-0.49107391,-0.34921068,0.00000000,0.00000000,-0.20736741,2.17000008,1.37452686,0.68044353,-0.05825108,0.00000000,0.00000000
-0.03793354,-2.11010408,-0.92949623,-0.44793591,-0.34817424,0.00000000,0.00000000,-0.16184624,2.16997504,1.39706659,0.69404286,-0.07224748,0.00000000,0.00000000
-0.00651916,-2.07696486,-0.95114368,-0.41269985,-0.34250277,0.00000000,0.00000000,-0.10830068,2.16956401,1.41922390,0.71215165,-0.08503467,0.00000000,0.00000000
0.02687072,-2.04627347,-0.96996111,-0.38360038,-0.32325065,0.00000000,0.00000000,-0.05278337,2.16790676,1.43828559,0.73198807,-0.08838969,0.00000000,0.00000000
0.06434181,-2.02099776,-0.98494971,-0.35626188,-0.30885226,0.00000000,0.00000000,-0.00202722,2.16506767,1.45261049,0.74990970,-0.09926748,0.00000000,0.00000000
0.10542104,-1.99952245,-0.99647290,-0.32769591,-0.29382852,0.00000000,0.00000000,0.04159577,2.16161561,1.46249664,0.76507372,-0.10715782,0.00000000,0.00000000
0.14490165,-1.98117459,-1.00540221,-0.29980093,-0.28220406,0.00000000,0.00000000,0.07922225,2.15706587,1.46964371,0.77877563,-0.11944403,0.00000000,0.00000000
0.17893039,-1.96754479,-1.01211524,-0.27542436,-0.27480686,0.00000000,0.00000000,0.11028141,2.15319443,1.47444987,0.79134899,-0.12028889,0.00000000,0.00000000
0.20603280,-1.96062732,-1.01667726,-0.25665402,-0.27236587,0.00000000,0.00000000,0.13305570,2.15211844,1.47678471,0.80219489,-0.11717823,0.00000000,0.00000000
0.22665815,-1.95995259,-1.01929355,-0.24375923,-0.26171657,0.00000000,0.00000000,0.14683399,2.15261412,1.47798181,0.81073517,-0.11285184,0.00000000,0.00000000
0.24179146,-1.96398067,-1.02022743,-0.23624912,-0.25142080,0.00000000,0.00000000,0.14997657,2.15308523,1.47911274,0.81560141,-0.10926176,0.00000000,0.00000000
0.25116318,-1.97325695,-1.01954341,-0.23498288,-0.24588822,0.00000000,0.00000000,0.13846052,2.15455008,1.47938049,0.81416595,-0.10959379,0.00000000,0.00000000
0.25361261,-1.98791778,-1.01735735,-0.24089031,-0.24630433,0.00000000,0.00000000,0.11086009,2.15794277,1.47790778,0.80562675,-0.10917789,0.00000000,0.00000000
0.24866275,-2.00454736,-1.01408577,-0.25290531,-0.23722462,0.00000000,0.00000000,0.07116305,2.16152906,1.47521472,0.79246187,-0.12339959,0.00000000,0.00000000
0.23445868,-2.02033329,-1.01016665,-0.27069396,-0.22741684,0.00000000,0.00000000,0.02133151,2.16566420,1.46978438,0.77598840,-0.13446735,0.00000000,0.00000000
0.20962428,-2.03353953,-1.00589609,-0.29412532,-0.21950622,0.00000000,0.00000000,-0.03621307,2.16896248,1.46055198,0.75722378,-0.14145923,0.00000000,0.00000000
0.17381583,-2.04532027,-1.00110579,-0.32366142,-0.20631300,0.00000000,0.00000000,-0.09656185,2.16993761,1.44764042,0.73825890,-0.14951323,0.00000000,0.00000000
0.12811211,-2.05747724,-0.99537414,-0.35973346,-0.18879662,0.00000000,0.00000000,-0.15466942,2.17000008,1.43150222,0.72163260,-0.16186035,0.00000000,0.00000000
0.07310312,-2.07042241,-0.98846972,-0.40274742,-0.16826870,0.00000000,0.00000000,-0.20699885,2.17000008,1.41244602,0.70918620,-0.17856644,0.00000000,0.00000000
0.01023827,-2.08370113,-0.98014641,-0.45162359,-0.14303184,0.00000000,0.00000000,-0.25334239,2.17000008,1.39039230,0.70062816,-0.20449409,0.00000000,0.00000000
-0.05980223,-2.09768081,-0.97022426,-0.50524163,-0.13118072,0.00000000,0.00000000,-0.29608271,2.17000008,1.36547053,0.69382119,-0.22720847,0.00000000,0.00000000
-0.12954912,-2.11380100,-0.95727468,-0.55988991,-0.13069922,0.00000000,0.00000000,-0.33608240,2.17000008,1.33900380,0.68700039,-0.24519478,0.00000000,0.00000000
-0.19080317,-2.13247275,-0.93987644,-0.61221564,-0.12684011,0.00000000,0.00000000,-0.37261581,2.17000008,1.31372178,0.67894310,-0.26763552,0.00000000,0.00000000
-0.24037670,-2.15127897,-0.91849011,-0.66123277,-0.11054098,0.00000000,0.00000000,-0.40257850,2.17000008,1.29305589,0.66990542,-0.29144263,0.00000000,0.00000000
-0.27968436,-2.16512370,-0.89594746,-0.70563608,-0.09301431,0.00000000,0.00000000,-0.42281109,2.17000008,1.27847838,0.66135114,-0.31498891,0.00000000,0.00000000
-0.30583572,-2.16955805,-0.87466824,-0.73964322,-0.07590376,0.00000000,0.00000000,-0.43333229,2.17000008,1.26937819,0.65406227,-0.34713858,0.00000000,0.00000000
-0.32151797,-2.16998816,-0.85479182,-0.76726913,-0.06019500,0.00000000,0.00000000,-0.43470672,2.17000008,1.26495528,0.64892852,-0.38348934,0.00000000,0.00000000
-0.33237964,-2.17000008,-0.83712173,-0.79265338,-0.04577630,0.00000000,0.00000000,-0.42801297,2.17000008,1.26446593,0.64644837,-0.41655838,0.00000000,0.00000000
-0.33222219,-2.17000008,-0.82280099,-0.80663615,-0.02711038,0.00000000,0.00000000,-0.41546521,2.17000008,1.26692402,0.64621782,-0.45650283,0.00000000,0.00000000
-0.31903136,-2.17000008,-0.81245804,-0.80491793,0.00125386,0.00000000,0.00000000,-0.39890370,2.17000008,1.27157724,0.64770961,-0.49082819,0.00000000,0.00000000
-0.29163498,-2.17000008,-0.80626053,-0.78584003,0.01977125,0.00000000,0.00000000,-0.37820971,2.17000008,1.27887142,0.65091056,-0.52358162,0.00000000,0.00000000
-0.25155240,-2.17000008,-0.80502874,-0.75100708,0.04020114,0.00000000,0.00000000,-0.35526329,2.17000008,1.28922904,0.65454310,-0.55028111,0.00000000,0.00000000
-0.20655873,-2.17000008,-0.81241339,-0.70457906,0.04570772,0.00000000,0.00000000,-0.33390015,2.17000008,1.30370581,0.65614665,-0.56681454,0.00000000,0.00000000
-0.15931378,-2.16987729,-0.82830805,-0.65039384,0.05463116,0.00000000,0.00000000,-0.31320313,2.17000008,1.32069314,0.65776777,-0.58331823,0.00000000,0.00000000
-0.11380501,-2.16778159,-0.85152549,-0.59398496,0.06984022,0.00000000,0.00000000,-0.28878716,2.17000008,1.33695281,0.66387421,-0.60515285,0.00000000,0.00000000
-0.07399072,-2.15830231,-0.88001525,-0.54196721,0.08026818,0.00000000,0.00000000,-0.25492299,2.17000008,1.35277653,0.67769253,-0.64035618,0.00000000,0.00000000
-0.03996083,-2.13836169,-0.91122639,-0.49837044,0.08312154,0.00000000,0.00000000,-0.20795555,2.17000008,1.36899960,0.70097607,-0.67257947,0.00000000,0.00000000
-0.00924650,-2.11145210,-0.94281596,-0.46440217,0.08478277,0.00000000,0.00000000,-0.14978728,2.17000008,1.38433397,0.73278964,-0.70542312,0.00000000,0.00000000
0.02251511,-2.08277535,-0.97253537,-0.43913352,0.07907019,0.00000000,0.00000000,-0.08993823,2.16997457,1.39771199,0.76671529,-0.73515034,0.00000000,0.00000000
0.06030998,-2.05714297,-0.99832737,-0.41981262,0.07605904,0.00000000,0.00000000,-0.03632860,2.16955304,1.40808189,0.79777706,-0.76315802,0.00000000,0.00000000
0.10671375,-2.03589106,-1.01945448,-0.40169281,0.07839661,0.00000000,0.00000000,0.00736485,2.16771698,1.41510963,0.82389796,-0.79007715,0.00000000,0.00000000
0.15519531,-2.01970863,-1.03665519,-0.38405350,0.07174637,0.00000000,0.00000000,0.04235607,2.16347551,1.42015111,0.84584463,-0.81778145,0.00000000,0.00000000
0.19932494,-2.00730038,-1.05102277,-0.36776540,0.05162066,0.00000000,0.00000000,0.07007307,2.15754533,1.42449665,0.86456782,-0.83651841,0.00000000,0.00000000
0.23620459,-2.00042820,-1.06254542,-0.35474232,0.02943022,0.00000000,0.00000000,0.08937171,2.15407300,1.42716384,0.87978441,-0.85622108,0.00000000,0.00000000
0.26670876,-1.99963200,-1.07103014,-0.34508264,0.00537476,0.00000000,0.00000000,0.09967347,2.15325332,1.42871916,0.89097840,-0.86437869,0.00000000,0.00000000
0.29192850,-2.00340843,-1.07665741,-0.33829176,-0.01755127,0.00000000,0.00000000,0.09919488,2.15387106,1.42990017,0.89673823,-0.87380964,0.00000000,0.00000000
0.31173083,-2.01025319,-1.07974005,-0.33459193,-0.03363236,0.00000000,0.00000000,0.08523913,2.15550685,1.43056488,0.89529723,-0.88695014,0.00000000,0.00000000
0.32417831,-2.01972938,-1.08058703,-0.33552536,-0.04864699,0.00000000,0.00000000,0.05680913,2.15840721,1.42999458,0.88614970,-0.89783502,0.00000000,0.00000000
0.32643881,-2.03018498,-1.07980585,-0.34259865,-0.07030176,0.00000000,0.00000000,0.01556646,2.16210270,1.42748547,0.87035280,-0.91190320,0.00000000,0.00000000
0.31611663,-2.03884435,-1.07814598,-0.35656878,-0.08809154,0.00000000,0.00000000,-0.03682702,2.16579151,1.42183423,0.84881020,-0.92420894,0.00000000,0.00000000
0.29136330,-2.04475760,-1.07596982,-0.37823075,-0.10565442,0.00000000,0.00000000,-0.09772947,2.16860032,1.41186619,0.82291555,-0.94554037,0.00000000,0.00000000
0.25208020,-2.04920006,-1.07304573,-0.40775388,-0.11231094,0.00000000,0.00000000,-0.16173500,2.16973829,1.39721680,0.79598737,-0.97479862,0.00000000,0.00000000
0.19793138,-2.05406547,-1.06902397,-0.44561228,-0.12683134,0.00000000,0.00000000,-0.22237898,2.16997099,1.37775266,0.77234292,-1.00812292,0.00000000,0.00000000
0.12992913,-2.06300306,-1.06294489,-0.49244121,-0.14625822,0.00000000,0.00000000,-0.27505830,2.16999912,1.35433161,0.75468922,-1.03989720,0.00000000,0.00000000
0.05327091,-2.07702208,-1.05376935,-0.54558152,-0.15857345,0.00000000,0.00000000,-0.31929299,2.17000008,1.32760859,0.74298459,-1.05932117,0.00000000,0.00000000
-0.02376375,-2.09489679,-1.04057229,-0.59995365,-0.17078027,0.00000000,0.00000000,-0.35846740,2.17000008,1.29844236,0.73428774,-1.08153188,0.00000000,0.00000000
-0.09572990,-2.11408710,-1.02335119,-0.65126812,-0.17712404,0.00000000,0.00000000,-0.39574811,2.17000008,1.27059662,0.72413212,-1.10298395,0.00000000,0.00000000
-0.15642808,-2.13488054,-1.00116575,-0.69705075,-0.17460975,0.00000000,0.00000000,-0.42966464,2.17000008,1.24822998,0.71121675,-1.12196815,0.00000000,0.00000000
-0.20146486,-2.15435767,-0.97457373,-0.73590094,-0.16650526,0.00000000,0.00000000,-0.45733157,2.17000008,1.23482895,0.69576460,-1.14043975,0.00000000,0.00000000
-0.23485191,-2.16550970,-0.94738245,-0.76896191,-0.16173594,0.00000000,0.00000000,-0.47388539,2.17000008,1.23169398,0.68022579,-1.16575825,0.00000000,0.00000000
-0.26188880,-2.16913462,-0.92114216,-0.79960400,-0.15487970,0.00000000,0.00000000,-0.47857490,2.17000008,1.23769069,0.66574699,-1.18461084,0.00000000,0.00000000
-0.28318280,-2.16988802,-0.89572966,-0.82695931,-0.15306146,0.00000000,0.00000000,-0.47283769,2.17000008,1.25032449,0.65313464,-1.20535123,0.00000000,0.00000000
-0.29901999,-2.16999483,-0.87445980,-0.84606630,-0.14937785,0.00000000,0.00000000,-0.45952332,2.17000008,1.26643777,0.64271986,-1.22643960,0.00000000,0.00000000
-0.30351210,-2.17000008,-0.85905188,-0.84949237,-0.14202081,0.00000000,0.00000000,-0.44050264,2.17000008,1.28445876,0.63469344,-1.24762940,0.00000000,0.00000000
-0.29419547,-2.17000008,-0.84924638,-0.83403504,-0.13758288,0.00000000,0.00000000,-0.41744727,2.17000008,1.30252671,0.62955618,-1.27270198,0.00000000,0.00000000
-0.27013099,-2.17000008,-0.84406161,-0.80110282,-0.13787861,0.00000000,0.00000000,-0.39081326,2.17000008,1.31903505,0.62844598,-1.29574645,0.00000000,0.00000000
-0.23640148,-2.17000008,-0.84353417,-0.75911170,-0.14905429,0.00000000,0.00000000,-0.36455315,2.17000008,1.33433199,0.62890697,-1.31584322,0.00000000,0.00000000
-0.19429471,-2.17000008,-0.84885895,-0.70886791,-0.15211326,0.00000000,0.00000000,-0.34128609,2.17000008,1.34922147,0.62902439,-1.33304179,0.00000000,0.00000000
-0.14822337,-2.16988754,-0.86127865,-0.65305203,-0.15320346,0.00000000,0.00000000,-0.31850174,2.16999507,1.36388683,0.62999249,-1.34914327,0.00000000,0.00000000
-0.10644092,-2.16796088,-0.88143921,-0.59779286,-0.15307640,0.00000000,0.00000000,-0.29138651,2.16982031,1.37797785,0.63474935,-1.35941231,0.00000000,0.00000000
-0.07163990,-2.15916348,-0.90766388,-0.54785866,-0.15367058,0.00000000,0.00000000,-0.25520554,2.16797042,1.39228702,0.64601088,-1.36336422,0.00000000,0.00000000
-0.04230797,-2.14042521,-0.93684042,-0.50656915,-0.15003267,0.00000000,0.00000000,-0.20708360,2.16166568,1.40627766,0.66586536,-1.35779428,0.00000000,0.00000000
-0.01589997,-2.11567807,-0.96627152,-0.47535270,-0.14569233,0.00000000,0.00000000,-0.14945002,2.15153098,1.41860640,0.69299698,-1.35833323,0.00000000,0.00000000
0.01184764,-2.09102154,-0.99346495,-0.45334479,-0.14041252,0.00000000,0.00000000,-0.08960151,2.13907790,1.42808831,0.72273767,-1.36063492,0.00000000,0.00000000
0.04846611,-2.06903648,-1.01644564,-0.43481278,-0.13678090,0.00000000,0.00000000,-0.03553900,2.12423563,1.43455398,0.74990416,-1.35732639,0.00000000,0.00000000
0.09503531,-2.05123210,-1.03463840,-0.41506076,-0.13323922,0.00000000,0.00000000,0.00996981,2.10813689,1.43831468,0.77308571,-1.34137928,0.00000000,0.00000000
0.14290014,-2.03972650,-1.04874122,-0.39531821,-0.13197264,0.00000000,0.00000000,0.04793399,2.09331560,1.43975961,0.79344028,-1.31494606,0.00000000,0.00000000
0.18631323,-2.03370786,-1.05964005,-0.37666136,-0.13966177,0.00000000,0.00000000,0.07926974,2.08110523,1.43971431,0.81152910,-1.28860807,0.00000000,0.00000000
0.22502616,-2.03156877,-1.06767988,-0.35848743,-0.14078750,0.00000000,0.00000000,0.10277428,2.07234597,1.43877661,0.82643622,-1.26277733,0.00000000,0.00000000
0.25880402,-2.03289652,-1.07299149,-0.34134856,-0.14529817,0.00000000,0.00000000,0.11591627,2.06785583,1.43676138,0.83654606,-1.24392772,0.00000000,0.00000000
0.28775719,-2.03707170,-1.07576454,-0.32601807,-0.15035853,0.00000000,0.00000000,0.11657550,2.06688690,1.43389869,0.84032530,-1.23556149,0.00000000,0.00000000
0.31001589,-2.04378486,-1.07637727,-0.31473574,-0.15177146,0.00000000,0.00000000,0.10369616,2.06893396,1.43047595,0.83690995,-1.22341192,0.00000000,0.00000000
0.32195732,-2.05204988,-1.07548201,-0.31035191,-0.15105213,0.00000000,0.00000000,0.07717501,2.07437682,1.42595077,0.82643515,-1.21001518,0.00000000,0.00000000
0.32072675,-2.05998731,-1.07374299,-0.31460074,-0.15040803,0.00000000,0.00000000,0.03736179,2.08364868,1.41905677,0.80951047,-1.19565427,0.00000000,0.00000000
0.30489534,-2.06606674,-1.07155824,-0.32805711,-0.15480575,0.00000000,0.00000000,-0.01435189,2.09675789,1.40820003,0.78754240,-1.18036306,0.00000000,0.00000000
0.27443489,-2.07102656,-1.06873178,-0.35061947,-0.15303570,0.00000000,0.00000000,-0.07431153,2.11328316,1.39217269,0.76329339,-1.16790318,0.00000000,0.00000000
0.23147534,-2.07484174,-1.06492567,-0.38009089,-0.15931009,0.00000000,0.00000000,-0.13492161,2.12812400,1.37271380,0.74051964,-1.15664268,0.00000000,0.00000000
0.17656048,-2.07878137,-1.05972087,-0.41531634,-0.16044860,0.00000000,0.00000000,-0.19151750,2.13996410,1.34998810,0.72146350,-1.14382923,0.00000000,0.00000000
0.10981447,-2.08506036,-1.05261517,-0.45592737,-0.16956006,0.00000000,0.00000000,-0.24190614,2.15040255,1.32314217,0.70745820,-1.12768960,0.00000000,0.00000000
0.03407310,-2.09417248,-1.04320979,-0.49984226,-0.17783161,0.00000000,0.00000000,-0.28559652,2.15880084,1.29247844,0.69833851,-1.11177731,0.00000000,0.00000000
-0.04524451,-2.10627079,-1.03077102,-0.54394031,-0.19076462,0.00000000,0.00000000,-0.32373253,2.16409922,1.25833476,0.69287312,-1.08746982,0.00000000,0.00000000
-0.11919432,-2.12489939,-1.01306939,-0.58528465,-0.20217735,0.00000000,0.00000000,-0.35780311,2.16840839,1.22112083,0.68976724,-1.04772019,0.00000000,0.00000000
-0.17815597,-2.14642096,-0.98972976,-0.61904693,-0.21289928,0.00000000,0.00000000,-0.38849905,2.16989970,1.18742037,0.68421566,-1.00833583,0.00000000,0.00000000
-0.22088604,-2.16208649,-0.96356565,-0.64375532,-0.21949221,0.00000000,0.00000000,-0.41098043,2.17000008,1.16429114,0.67569435,-0.97981548,0.00000000,0.00000000
-0.25662580,-2.16863680,-0.93812543,-0.66513777,-0.23167728,0.00000000,0.00000000,-0.42031994,2.17000008,1.15353572,0.66742921,-0.95992202,0.00000000,0.00000000
-0.28644660,-2.16992807,-0.91391635,-0.68496752,-0.25062463,0.00000000,0.00000000,-0.41682604,2.17000008,1.15349364,0.66078681,-0.94962871,0.00000000,0.00000000
-0.30827838,-2.17000008,-0.89164007,-0.70084584,-0.25925130,0.00000000,0.00000000,-0.40299866,2.17000008,1.16166186,0.65609407,-0.94020700,0.00000000,0.00000000
-0.32129303,-2.17000008,-0.87233227,-0.71051109,-0.27130511,0.00000000,0.00000000,-0.38237000,2.17000008,1.17617476,0.65255946,-0.92594922,0.00000000,0.00000000
-0.32384986,-2.17000008,-0.85601246,-0.71258801,-0.29024863,0.00000000,0.00000000,-0.35712546,2.17000008,1.19478834,0.65052420,-0.91274643,0.00000000,0.00000000
-0.31377447,-2.17000008,-0.84233940,-0.70586258,-0.30642831,0.00000000,0.00000000,-0.32972771,2.17000008,1.21606064,0.64926696,-0.89233166,0.00000000,0.00000000
-0.29049316,-2.17000008,-0.83172667,-0.68938494,-0.32978532,0.00000000,0.00000000,-0.30426851,2.17000008,1.23909593,0.64677685,-0.87712795,0.00000000,0.00000000
-0.25598979,-2.17000008,-0.82553124,-0.66307944,-0.35575661,0.00000000,0.00000000,-0.28315902,2.17000008,1.26327550,0.64271468,-0.86506784,0.00000000,0.00000000
-0.21333495,-2.17000008,-0.82519644,-0.62766087,-0.36950892,0.00000000,0.00000000,-0.26396611,2.16997862,1.28837359,0.63934749,-0.85245085,0.00000000,0.00000000
-0.16618393,-2.16996360,-0.83174038,-0.58467603,-0.37939081,0.00000000,0.00000000,-0.24556324,2.16960430,1.31390738,0.63688517,-0.84251291,0.00000000,0.00000000
-0.12077250,-2.16913390,-0.84573090,-0.53801572,-0.39137152,0.00000000,0.00000000,-0.22545458,2.16780996,1.33842123,0.63644522,-0.82090759,0.00000000,0.00000000
-0.08251632,-2.16302323,-0.86606210,-0.49364790,-0.40550482,0.00000000,0.00000000,-0.19873127,2.16412091,1.36039460,0.64150590,-0.80134153,0.00000000,0.00000000
-0.05137447,-2.14498162,-0.89020503,-0.45545131,-0.43170410,0.00000000,0.00000000,-0.16157211,2.15953684,1.37905109,0.65464997,-0.79058361,0.00000000,0.00000000
-0.02236916,-2.11763000,-0.91528016,-0.42360702,-0.44837603,0.00000000,0.00000000,-0.11451484,2.15401053,1.39427209,0.67510766,-0.78325844,0.00000000,0.00000000
0.01008210,-2.08693027,-0.93878841,-0.39662424,-0.46692938,0.00000000,0.00000000,-0.06349610,2.14835238,1.40538061,0.69923681,-0.77812517,0.00000000,0.00000000
0.04638069,-2.05899191,-0.95922410,-0.37415859,-0.46973106,0.00000000,0.00000000,-0.01617214,2.14340830,1.41186154,0.72273421,-0.78842390,0.00000000,0.00000000
0.08363579,-2.03850579,-0.97595584,-0.35557315,-0.47524500,0.00000000,0.00000000,0.02336822,2.14024544,1.41391015,0.74381131,-0.80376095,0.00000000,0.00000000
0.11975806,-2.02311182,-0.98963207,-0.33851928,-0.47981814,0.00000000,0.00000000,0.05520651,2.13877940,1.41306317,0.76295906,-0.81987023,0.00000000,0.00000000
0.15268520,-2.01135755,-1.00080657,-0.32280120,-0.48351765,0.00000000,0.00000000,0.08036108,2.13826847,1.41110778,0.78064066,-0.82733148,0.00000000,0.00000000
0.18119885,-2.00505638,-1.00938463,-0.30985194,-0.48926809,0.00000000,0.00000000,0.09863742,2.13936615,1.40883207,0.79641610,-0.83744532,0.00000000,0.00000000
0.20564933,-2.00451136,-1.01534295,-0.30000323,-0.49103901,0.00000000,0.00000000,0.10905176,2.14164329,1.40713847,0.80903727,-0.84392160,0.00000000,0.00000000
0.22680503,-2.00925136,-1.01874316,-0.29325482,-0.49728379,0.00000000,0.00000000,0.10935161,2.14447880,1.40647340,0.81659055,-0.85567975,0.00000000,0.00000000
0.24400970,-2.01882195,-1.01977777,-0.29046145,-0.50308883,0.00000000,0.00000000,0.09727661,2.14780283,1.40659750,0.81743801,-0.86993957,0.00000000,0.00000000
0.25454164,-2.03220296,-1.01890945,-0.29332408,-0.49575084,0.00000000,0.00000000,0.07203435,2.15172839,1.40675998,0.81105566,-0.89268667,0.00000000,0.00000000
0.25551733,-2.04674745,-1.01682687,-0.30293015,-0.47688115,0.00000000,0.00000000,0.03438501,2.15614963,1.40601671,0.79791236,-0.91181290,0.00000000,0.00000000
0.24520579,-2.05923629,-1.01416409,-0.31933114,-0.46035686,0.00000000,0.00000000,-0.01438392,2.16100001,1.40287149,0.77896398,-0.92525190,0.00000000,0.00000000
0.22331280,-2.06921911,-1.01094580,-0.34247974,-0.44358647,0.00000000,0.00000000,-0.07153129,2.16583109,1.39605284,0.75604022,-0.94042408,0.00000000,0.00000000
0.19100903,-2.07864666,-1.00657964,-0.37199473,-0.43878996,0.00000000,0.00000000,-0.13179711,2.16905308,1.38565576,0.73212695,-0.95920575,0.00000000,0.00000000
0.14872199,-2.08871818,-1.00062275,-0.40730244,-0.42835912,0.00000000,0.00000000,-0.18886465,2.16989589,1.37242436,0.71073377,-0.97413731,0.00000000,0.00000000
0.09598472,-2.10015631,-0.99283332,-0.44808888,-0.41837081,0.00000000,0.00000000,-0.23846890,2.16979146,1.35634959,0.69461554,-1.00109076,0.00000000,0.00000000
0.03398611,-2.11335421,-0.98291779,-0.49322620,-0.40645623,0.00000000,0.00000000,-0.28027272,2.16969061,1.33668852,0.68435615,-1.02848864,0.00000000,0.00000000
-0.03308699,-2.12647271,-0.97077000,-0.53933764,-0.38562876,0.00000000,0.00000000,-0.31703281,2.16988659,1.31302941,0.67815280,-1.04562521,0.00000000,0.00000000
-0.09931909,-2.13850045,-0.95593172,-0.58305252,-0.36309406,0.00000000,0.00000000,-0.35090292,2.16999245,1.28684127,0.67364949,-1.05543756,0.00000000,0.00000000
-0.15601383,-2.15099692,-0.93667638,-0.62151146,-0.34186733,0.00000000,0.00000000,-0.38097480,2.17000008,1.26243758,0.66943216,-1.06022084,0.00000000,0.00000000
-0.19770689,-2.16392469,-0.91238898,-0.65422463,-0.33599061,0.00000000,0.00000000,-0.40404513,2.17000008,1.24506879,0.66535008,-1.06150162,0.00000000,0.00000000
-0.23428002,-2.16925478,-0.88914615,-0.68533361,-0.33329818,0.00000000,0.00000000,-0.41826054,2.17000008,1.23659801,0.66153854,-1.06304717,0.00000000,0.00000000
-0.26687148,-2.16997051,-0.86898333,-0.71411729,-0.33291161,0.00000000,0.00000000,-0.42406973,2.17000008,1.23542917,0.65814990,-1.05722606,0.00000000,0.00000000
-0.29271209,-2.17000008,-0.85195965,-0.73828781,-0.33556595,0.00000000,0.00000000,-0.42238152,2.17000008,1.23882806,0.65618885,-1.05907393,0.00000000,0.00000000
-0.31027487,-2.17000008,-0.83869869,-0.75521636,-0.34093177,0.00000000,0.00000000,-0.41525516,2.17000008,1.24535918,0.65553820,-1.04955244,0.00000000,0.00000000
-0.31568706,-2.17000008,-0.82839203,-0.76266795,-0.33570823,0.00000000,0.00000000,-0.40383461,2.17000008,1.25363624,0.65686536,-1.04475892,0.00000000,0.00000000
-0.30780959,-2.17000008,-0.82056367,-0.76037031,-0.33747062,0.00000000,0.00000000,-0.38963291,2.17000008,1.26273000,0.65999413,-1.04300487,0.00000000,0.00000000
-0.28772959,-2.17000008,-0.81657368,-0.74649829,-0.33592272,0.00000000,0.00000000,-0.37408787,2.17000008,1.27229941,0.66422009,-1.03845835,0.00000000,0.00000000
-0.25763360,-2.17000008,-0.81761575,-0.72124118,-0.33676410,0.00000000,0.00000000,-0.35765588,2.17000008,1.28279841,0.66904402,-1.01970780,0.00000000,0.00000000
-0.21964464,-2.17000008,-0.82439727,-0.68623865,-0.34540248,0.00000000,0.00000000,-0.34053028,2.17000008,1.29656458,0.67303342,-0.99831092,0.00000000,0.00000000
-0.17588253,-2.17000008,-0.83771080,-0.64273834,-0.35229024,0.00000000,0.00000000,-0.32292756,2.17000008,1.31484532,0.67499548,-0.98409063,0.00000000,0.00000000
-0.13171883,-2.16983557,-0.85789067,-0.59495407,-0.36031884,0.00000000,0.00000000,-0.30349103,2.17000008,1.33591521,0.67619598,-0.96283376,0.00000000,0.00000000
-0.09261797,-2.16711664,-0.88371462,-0.54931873,-0.36471367,0.00000000,0.00000000,-0.27774271,2.16981626,1.35906851,0.67990166,-0.93467450,0.00000000,0.00000000
-0.05875641,-2.15584970,-0.91275084,-0.50986904,-0.38088676,0.00000000,0.00000000,-0.24135751,2.16698194,1.38412893,0.68924570,-0.91815525,0.00000000,0.00000000
-0.02792526,-2.13458490,-0.94321883,-0.47733206,-0.40466198,0.00000000,0.00000000,-0.19370508,2.15761733,1.41002584,0.70562345,-0.89515424,0.00000000,0.00000000
0.00413484,-2.10867095,-0.97267097,-0.45123377,-0.42418921,0.00000000,0.00000000,-0.13774817,2.14548302,1.43383873,0.72906172,-0.87086421,0.00000000,0.00000000
0.04137924,-2.08477020,-0.99868435,-0.43028215,-0.44482315,0.00000000,0.00000000,-0.08216748,2.13350129,1.45357645,0.75426817,-0.84958625,0.00000000,0.00000000
0.08150641,-2.06550384,-1.02083814,-0.41314414,-0.48016793,0.00000000,0.00000000,-0.03336694,2.12205696,1.46900260,0.77699816,-0.83713019,0.00000000,0.00000000
0.12011596,-2.04806948,-1.04019308,-0.39738274,-0.51538801,0.00000000,0.00000000,0.00801737,2.11079764,1.48113060,0.79690748,-0.83090675,0.00000000,0.00000000
0.15526313,-2.03051400,-1.05732191,-0.38163429,-0.54356652,0.00000000,0.00000000,0.04272141,2.09949303,1.49111962,0.81471020,-0.82542074,0.00000000,0.00000000
0.18590246,-2.01703119,-1.07147479,-0.36796355,-0.56621498,0.00000000,0.00000000,0.06983525,2.09012866,1.49883366,0.83043104,-0.82324946,0.00000000,0.00000000
0.21214484,-2.00843859,-1.08248329,-0.35703599,-0.58924466,0.00000000,0.00000000,0.08861161,2.08343482,1.50449014,0.84427023,-0.81717455,0.00000000,0.00000000
0.23446217,-2.00402832,-1.09047186,-0.34890357,-0.61063176,0.00000000,0.00000000,0.09821250,2.07980299,1.50819242,0.85631800,-0.79824370,0.00000000,0.00000000
0.25206867,-2.00452971,-1.09543765,-0.34486750,-0.63190365,0.00000000,0.00000000,0.09650247,2.08044815,1.50932753,0.86499172,-0.78885025,0.00000000,0.00000000
0.26447532,-2.00936103,-1.09758341,-0.34548002,-0.65696031,0.00000000,0.00000000,0.08064619,2.08479452,1.50817752,0.86707348,-0.77987736,0.00000000,0.00000000
0.27081278,-2.01749039,-1.09721494,-0.35122624,-0.66891503,0.00000000,0.00000000,0.05072428,2.09212780,1.50462854,0.86199117,-0.76607382,0.00000000,0.00000000
0.26987287,-2.02700353,-1.09480131,-0.36236203,-0.68816185,0.00000000,0.00000000,0.00784109,2.10219979,1.49763286,0.85050529,-0.75436693,0.00000000,0.00000000
0.25991529,-2.03671598,-1.09069884,-0.37950358,-0.71651804,0.00000000,0.00000000,-0.04652963,2.11487269,1.48555219,0.83363879,-0.74688268,0.00000000,0.00000000
0.23966782,-2.04681683,-1.08491576,-0.40312302,-0.74160987,0.00000000,0.00000000,-0.10781011,2.12851429,1.46784842,0.81385231,-0.74572158,0.00000000,0.00000000
0.20891017,-2.05727839,-1.07736814,-0.43262345,-0.75441378,0.00000000,0.00000000,-0.16986319,2.14089179,1.44487441,0.79427332,-0.74294251,0.00000000,0.00000000
0.16685030,-2.06937718,-1.06778681,-0.46827543,-0.76388842,0.00000000,0.00000000,-0.22779019,2.15187478,1.41646469,0.77760345,-0.74829596,0.00000000,0.00000000
0.11394180,-2.08307219,-1.05614471,-0.50957614,-0.76892298,0.00000000,0.00000000,-0.27944833,2.16072965,1.38305414,0.76474190,-0.76138693,0.00000000,0.00000000
0.05261372,-2.09570336,-1.04284012,-0.55451250,-0.76457870,0.00000000,0.00000000,-0.32567894,2.16660690,1.34501803,0.75477189,-0.76980817,0.00000000,0.00000000
-0.01252629,-2.10809398,-1.02701783,-0.60184205,-0.75477529,0.00000000,0.00000000,-0.36911079,2.16934347,1.30321312,0.74560732,-0.78551722,0.00000000,0.00000000
-0.07479884,-2.12222409,-1.00699186,-0.64979774,-0.74601424,0.00000000,0.00000000,-0.41068590,2.16996336,1.26075757,0.73541331,-0.80500668,0.00000000,0.00000000
-0.12612131,-2.14098310,-0.98040664,-0.69630879,-0.73228341,0.00000000,0.00000000,-0.44760820,2.17000008,1.22230768,0.72438431,-0.82459044,0.00000000,0.00000000
-0.16713184,-2.15910769,-0.94952029,-0.73932308,-0.70844889,0.00000000,0.00000000,-0.47499469,2.17000008,1.19322968,0.71332520,-0.84482592,0.00000000,0.00000000
-0.20458266,-2.16802883,-0.92010081,-0.77752739,-0.68135697,0.00000000,0.00000000,-0.49074131,2.17000008,1.17523086,0.70206094,-0.85958350,0.00000000,0.00000000
-0.23860572,-2.16989422,-0.89529413,-0.80711275,-0.65114564,0.00000000,0.00000000,-0.49637252,2.17000008,1.16688693,0.69005841,-0.87416631,0.00000000,0.00000000
-0.26666632,-2.17000008,-0.87606710,-0.82524818,-0.62527752,0.00000000,0.00000000,-0.49212024,2.17000008,1.16609693,0.67980015,-0.89274567,0.00000000,0.00000000
-0.28436926,-2.17000008,-0.86164063,-0.83055985,-0.60365242,0.00000000,0.00000000,-0.47958389,2.17000008,1.17079091,0.67263657,-0.91896629,0.00000000,0.00000000
-0.28714722,-2.17000008,-0.84996450,-0.82300395,-0.58823413,0.00000000,0.00000000,-0.46098560,2.17000008,1.17966115,0.66874629,-0.95212680,0.00000000,0.00000000
-0.27692321,-2.17000008,-0.84244788,-0.80302715,-0.56919879,0.00000000,0.00000000,-0.43940896,2.17000008,1.19216001,0.66694140,-0.99011546,0.00000000,0.00000000
-0.25623211,-2.17000008,-0.84065324,-0.77121550,-0.56448686,0.00000000,0.00000000,-0.41651273,2.17000008,1.20764244,0.66728282,-1.02218282,0.00000000,0.00000000
-0.22700100,-2.17000008,-0.84519237,-0.72919190,-0.55834949,0.00000000,0.00000000,-0.39328659,2.17000008,1.22528160,0.67085999,-1.04578555,0.00000000,0.00000000
-0.18918616,-2.16992211,-0.85596722,-0.67801803,-0.55075037,0.00000000,0.00000000,-0.37117383,2.17000008,1.24485791,0.67759371,-1.06818843,0.00000000,0.00000000
-0.14664525,-2.16853213,-0.87332565,-0.62085176,-0.53624994,0.00000000,0.00000000,-0.34957683,2.17000008,1.26528871,0.68792921,-1.08177781,0.00000000,0.00000000
-0.10679984,-2.16151142,-0.89622098,-0.56543565,-0.52427250,0.00000000,0.00000000,-0.32326025,2.17000008,1.28447950,0.70553565,-1.09412956,0.00000000,0.00000000
-0.07254837,-2.14473772,-0.92212355,-0.51787442,-0.52368271,0.00000000,0.00000000,-0.28628430,2.17000008,1.30260265,0.73322332,-1.10856235,0.00000000,0.00000000
-0.04323441,-2.12018299,-0.94926006,-0.48013330,-0.52499437,0.00000000,0.00000000,-0.23735487,2.17000008,1.32005453,0.77052575,-1.12036860,0.00000000,0.00000000
-0.01463074,-2.09216714,-0.97569084,-0.45120251,-0.53404355,0.00000000,0.00000000,-0.17998290,2.17000008,1.33542645,0.81484222,-1.12841427,0.00000000,0.00000000
0.01762107,-2.06393409,-0.99969333,-0.42867330,-0.54785252,0.00000000,0.00000000,-0.12095667,2.17000008,1.34786916,0.86061734,-1.13221574,0.00000000,0.00000000
0.05417295,-2.04101396,-1.01965833,-0.41078001,-0.55127537,0.00000000,0.00000000,-0.06756303,2.17000008,1.35706341,0.90160918,-1.13225234,0.00000000,0.00000000
0.09494022,-2.02537465,-1.03497887,-0.39392364,-0.56181496,0.00000000,0.00000000,-0.02314097,2.17000008,1.36305416,0.93510324,-1.13056350,0.00000000,0.00000000
0.13609980,-2.01419497,-1.04669178,-0.37660450,-0.57609010,0.00000000,0.00000000,0.01341246,2.17000008,1.36702311,0.96180820,-1.13045430,0.00000000,0.00000000
0.17325559,-2.00735497,-1.05540383,-0.36048865,-0.59474337,0.00000000,0.00000000,0.04195945,2.17000008,1.36925125,0.98216295,-1.12665606,0.00000000,0.00000000
0.20448451,-2.00594497,-1.06117404,-0.34718007,-0.61608452,0.00000000,0.00000000,0.06089887,2.17000008,1.36962497,0.99571848,-1.10919249,0.00000000,0.00000000
0.22977114,-2.00924730,-1.06418324,-0.33697730,-0.63716626,0.00000000,0.00000000,0.06945378,2.17000008,1.36889517,1.00220132,-1.08810496,0.00000000,0.00000000
0.25027743,-2.01562905,-1.06466210,-0.32942376,-0.65782738,0.00000000,0.00000000,0.06677440,2.17000008,1.36826968,1.00096107,-1.05801904,0.00000000,0.00000000
0.26664770,-2.02408910,-1.06281137,-0.32470980,-0.67526621,0.00000000,0.00000000,0.05137851,2.17000008,1.36849380,0.99087441,-1.02944696,0.00000000,0.00000000
0.27595007,-2.03508186,-1.05895007,-0.32547686,-0.68010873,0.00000000,0.00000000,0.02157453,2.17000008,1.36831546,0.97105694,-0.99951971,0.00000000,0.00000000
0.27484721,-2.04716921,-1.05372465,-0.33362472,-0.68202543,0.00000000,0.00000000,-0.02238312,2.17000008,1.36618221,0.94184381,-0.96918231,0.00000000,0.00000000
0.26188698,-2.05797601,-1.04770994,-0.34935004,-0.67246616,0.00000000,0.00000000,-0.07844009,2.17000008,1.36118865,0.90467316,-0.94225615,0.00000000,0.00000000
0.23701139,-2.06706929,-1.04093051,-0.37233156,-0.67363334,0.00000000,0.00000000,-0.14137159,2.17000008,1.35303342,0.86322141,-0.91347539,0.00000000,0.00000000
0.20087719,-2.07564092,-1.03299141,-0.40216088,-0.67224795,0.00000000,0.00000000,-0.20396312,2.17000008,1.34192634,0.82281590,-0.88825744,0.00000000,0.00000000
0.15339135,-2.08467555,-1.02361321,-0.43877265,-0.67638803,0.00000000,0.00000000,-0.26111123,2.17000008,1.32725656,0.78772348,-0.87321401,0.00000000,0.00000000
0.09440151,-2.09502482,-1.01260889,-0.48278946,-0.68059272,0.00000000,0.00000000,-0.31089115,2.17000008,1.30894899,0.75965142,-0.85651881,0.00000000,0.00000000
0.02781828,-2.10619521,-0.99958009,-0.53281069,-0.68762285,0.00000000,0.00000000,-0.35420591,2.17000008,1.28783059,0.73817003,-0.83191240,0.00000000,0.00000000
-0.03950608,-2.11814451,-0.98359227,-0.58615887,-0.70160657,0.00000000,0.00000000,-0.39391747,2.17000008,1.26431561,0.72189164,-0.80794638,0.00000000,0.00000000
-0.10227533,-2.13128567,-0.96382856,-0.64096278,-0.71401066,0.00000000,0.00000000,-0.43169919,2.17000008,1.24017203,0.70892227,-0.78308243,0.00000000,0.00000000
-0.15726615,-2.14561796,-0.93987340,-0.69545490,-0.72290629,0.00000000,0.00000000,-0.46529028,2.17000008,1.21959198,0.69753015,-0.76400232,0.00000000,0.00000000
-0.20282163,-2.15921116,-0.91226715,-0.74710834,-0.74241352,0.00000000,0.00000000,-0.48994094,2.17000008,1.20764947,0.68649215,-0.73694521,0.00000000,0.00000000
-0.23841055,-2.16764092,-0.88354766,-0.79202753,-0.76323956,0.00000000,0.00000000,-0.50260055,2.17000008,1.20550132,0.67602944,-0.71155494,0.00000000,0.00000000
-0.26573101,-2.16986227,-0.85742044,-0.82681578,-0.78414726,0.00000000,0.00000000,-0.50519240,2.17000008,1.21105385,0.66554350,-0.68451130,0.00000000,0.00000000
-0.28280106,-2.17000008,-0.83415562,-0.84813392,-0.80386060,0.00000000,0.00000000,-0.49902037,2.17000008,1.22174573,0.65580195,-0.65250927,0.00000000,0.00000000
-0.28943944,-2.17000008,-0.81484801,-0.85308498,-0.81970775,0.00000000,0.00000000,-0.48463482,2.17000008,1.23532164,0.64830917,-0.63828009,0.00000000,0.00000000
-0.28849721,-2.17000008,-0.80261099,-0.84132338,-0.84501731,0.00000000,0.00000000,-0.46355560,2.17000008,1.24994993,0.64380664,-0.62563616,0.00000000,0.00000000
-0.27544385,-2.17000008,-0.79544389,-0.81182599,-0.86176187,0.00000000,0.00000000,-0.43869936,2.17000008,1.26404190,0.64204651,-0.62210083,0.00000000,0.00000000
-0.25268656,-2.17000008,-0.79145199,-0.77370304,-0.88108093,0.00000000,0.00000000,-0.41409707,2.17000008,1.27676129,0.64152730,-0.62224281,0.00000000,0.00000000
-0.22088888,-2.17000008,-0.79211193,-0.72697192,-0.91048390,0.00000000,0.00000000,-0.39171496,2.17000008,1.28882933,0.64134765,-0.62590349,0.00000000,0.00000000
-0.18049020,-2.17000008,-0.79868186,-0.67089498,-0.94720095,0.00000000,0.00000000,-0.36942938,2.17000008,1.30064094,0.64484513,-0.62922603,0.00000000,0.00000000
-0.13591753,-2.16972971,-0.81209695,-0.60855299,-0.98218822,0.00000000,0.00000000,-0.34610960,2.17000008,1.31121957,0.65483439,-0.62557054,0.00000000,0.00000000
-0.09540781,-2.16540885,-0.83224297,-0.54690099,-1.01108062,0.00000000,0.00000000,-0.31703556,2.17000008,1.31932259,0.67389983,-0.62964851,0.00000000,0.00000000
-0.06336761,-2.14923596,-0.85710365,-0.49243110,-1.03676391,0.00000000,0.00000000,-0.27701920,2.16998386,1.32617736,0.70280868,-0.62377191,0.00000000,0.00000000
-0.03743485,-2.12281799,-0.88396823,-0.44727939,-1.05819607,0.00000000,0.00000000,-0.22459531,2.16977024,1.33179104,0.74107718,-0.60643244,0.00000000,0.00000000
-0.01379635,-2.09325695,-0.91023463,-0.41212511,-1.07847416,0.00000000,0.00000000,-0.16331816,2.16944075,1.33421981,0.78636128,-0.59265167,0.00000000,0.00000000
0.01266819,-2.06660366,-0.93361467,-0.38538635,-1.09636092,0.00000000,0.00000000,-0.10140190,2.16977024,1.33194959,0.83296132,-0.58649689,0.00000000,0.00000000
0.04911538,-2.04455233,-0.95262909,-0.36076942,-1.10229373,0.00000000,0.00000000,-0.04636083,2.16998434,1.32543719,0.87525392,-0.57994545,0.00000000,0.00000000
0.09175973,-2.02863026,-0.96751356,-0.33657125,-1.10931444,0.00000000,0.00000000,-0.00179548,2.17000008,1.31615198,0.91045159,-0.57628816,0.00000000,0.00000000
0.13014045,-2.01832938,-0.97969806,-0.31573313,-1.11434174,0.00000000,0.00000000,0.03409412,2.17000008,1.30593336,0.93935090,-0.57554871,0.00000000,0.00000000
0.16162387,-2.01164079,-0.98986757,-0.29838270,-1.12664056,0.00000000,0.00000000,0.06257525,2.17000008,1.29628718,0.96233833,-0.58550632,0.00000000,0.00000000
0.18688554,-2.00819421,-0.99806613,-0.28415960,-1.13216507,0.00000000,0.00000000,0.08338642,2.17000008,1.28794074,0.97896612,-0.59693587,0.00000000,0.00000000
0.20639621,-2.00822139,-1.00428522,-0.27340251,-1.13495946,0.00000000,0.00000000,0.09554835,2.17000008,1.28132331,0.98841107,-0.60958117,0.00000000,0.00000000
0.22101066,-2.01150322,-1.00854790,-0.26649964,-1.13371396,0.00000000,0.00000000,0.09702361,2.17000008,1.27683294,0.98919034,-0.63103479,0.00000000,0.00000000
0.23144574,-2.01698971,-1.01100743,-0.26372430,-1.13805366,0.00000000,0.00000000,0.08557636,2.17000008,1.27477944,0.97970515,-0.64893240,0.00000000,0.00000000
0.23648186,-2.02367640,-1.01197493,-0.26616064,-1.13548231,0.00000000,0.00000000,0.06063389,2.17000008,1.27484739,0.95953017,-0.66105330,0.00000000,0.00000000
0.23368293,-2.03010535,-1.01189733,-0.27505574,-1.13507736,0.00000000,0.00000000,0.02296584,2.17000008,1.27592421,0.92924172,-0.66448069,0.00000000,0.00000000
0.22112888,-2.03461218,-1.01115394,-0.29098767,-1.12915492,0.00000000,0.00000000,-0.02692921,2.17000008,1.27627683,0.88951623,-0.65559649,0.00000000,0.00000000
0.19801255,-2.03782725,-1.00963461,-0.31443277,-1.12750530,0.00000000,0.00000000,-0.08730891,2.17000008,1.27419817,0.84250402,-0.64839703,0.00000000,0.00000000
0.16420217,-2.04409552,-1.00653231,-0.34665507,-1.12693226,0.00000000,0.00000000,-0.15153359,2.17000008,1.26933444,0.79420877,-0.63615620,0.00000000,0.00000000
0.11957340,-2.05544710,-1.00136864,-0.38770816,-1.12621605,0.00000000,0.00000000,-0.21141385,2.16990352,1.26247036,0.75134367,-0.62396872,0.00000000,0.00000000
0.06510125,-2.06879091,-0.99438888,-0.43487135,-1.12311208,0.00000000,0.00000000,-0.25995672,2.16861296,1.25652528,0.71786940,-0.61443251,0.00000000,0.00000000
0.00331010,-2.08447218,-0.98507828,-0.48660451,-1.11616766,0.00000000,0.00000000,-0.29682893,2.16662550,1.25170100,0.69373518,-0.60966200,0.00000000,0.00000000
-0.06343826,-2.10124636,-0.97339016,-0.54168046,-1.10737896,0.00000000,0.00000000,-0.32582489,2.16861296,1.24359071,0.68029201,-0.61154658,0.00000000,0.00000000
-0.12630676,-2.11921668,-0.95785165,-0.59624809,-1.10216081,0.00000000,0.00000000,-0.36066821,2.16990376,1.23265648,0.66877925,-0.60430795,0.00000000,0.00000000
-0.17871378,-2.13739657,-0.93772256,-0.64714795,-1.10210192,0.00000000,0.00000000,-0.39969367,2.17000008,1.22285867,0.65604675,-0.58856118,0.00000000,0.00000000
-0.22146975,-2.15402484,-0.91420996,-0.69531411,-1.11298096,0.00000000,0.00000000,-0.43262106,2.17000008,1.21940601,0.64350188,-0.57359737,0.00000000,0.00000000
-0.25563672,-2.16614556,-0.88933063,-0.74042010,-1.11894763,0.00000000,0.00000000,-0.45363411,2.17000008,1.22302234,0.63306820,-0.55178702,0.00000000,0.00000000
-0.28084803,-2.16976619,-0.86623037,-0.77738249,-1.12715340,0.00000000,0.00000000,-0.46351153,2.17000008,1.23176742,0.62481141,-0.52273589,0.00000000,0.00000000
-0.29900935,-2.17000008,-0.84710258,-0.80347741,-1.12307417,0.00000000,0.00000000,-0.46407941,2.17000008,1.24347746,0.61896825,-0.49395108,0.00000000,0.00000000
-0.30935425,-2.17000008,-0.83240885,-0.81693918,-1.12086844,0.00000000,0.00000000,-0.45678687,2.17000008,1.25619292,0.61639017,-0.45753270,0.00000000,0.00000000
-0.30954453,-2.17000008,-0.82111514,-0.81789112,-1.12453079,0.00000000,0.00000000,-0.44406760,2.17000008,1.26804423,0.61743921,-0.41278359,0.00000000,0.00000000
-0.29595038,-2.17000008,-0.81201810,-0.80514133,-1.13510597,0.00000000,0.00000000,-0.42674336,2.17000008,1.27763224,0.62325191,-0.36346674,0.00000000,0.00000000
-0.26723224,-2.17000008,-0.80516583,-0.78023815,-1.13378310,0.00000000,0.00000000,-0.40580046,2.17000008,1.28424454,0.63418931,-0.31265885,0.00000000,0.00000000
-0.22711785,-2.17000008,-0.80200315,-0.74600756,-1.13990092,0.00000000,0.00000000,-0.38194907,2.17000008,1.28849411,0.64970666,-0.27284214,0.00000000,0.00000000
-0.18042855,-2.17000008,-0.80600965,-0.70137882,-1.14417875,0.00000000,0.00000000,-0.35977176,2.17000008,1.29262459,0.66526449,-0.24005766,0.00000000,0.00000000
-0.13391672,-2.16978645,-0.81970060,-0.64807934,-1.15210104,0.00000000,0.00000000,-0.33854145,2.17000008,1.29856813,0.67997015,-0.21844994,0.00000000,0.00000000
-0.09367965,-2.16631365,-0.84146017,-0.59423077,-1.15244579,0.00000000,0.00000000,-0.31107023,2.17000008,1.30460536,0.69914544,-0.19611143,0.00000000,0.00000000
-0.06214480,-2.15260172,-0.86852735,-0.54640955,-1.14725506,0.00000000,0.00000000,-0.27185497,2.17000008,1.31159079,0.72559577,-0.17858838,0.00000000,0.00000000
-0.03739366,-2.12795281,-0.89828968,-0.50700206,-1.15633976,0.00000000,0.00000000,-0.22022964,2.17000008,1.32149994,0.75844485,-0.16344550,0.00000000,0.00000000
-0.01491325,-2.09725571,-0.92796797,-0.47601920,-1.16814125,0.00000000,0.00000000,-0.16128451,2.17000008,1.33347118,0.79440159,-0.14674738,0.00000000,0.00000000
0.01209368,-2.06629062,-0.95460731,-0.45112717,-1.18341434,0.00000000,0.00000000,-0.10405278,2.16999221,1.34526193,0.82848930,-0.13599257,0.00000000,0.00000000
0.04982791,-2.03808475,-0.97626382,-0.42717260,-1.19552934,0.00000000,0.00000000,-0.05473444,2.16984677,1.35453367,0.85779947,-0.12983468,0.00000000,0.00000000
0.09478851,-2.01317430,-0.99329817,-0.40180594,-1.20543444,0.00000000,0.00000000,-0.01268739,2.16900969,1.36071205,0.88322258,-0.12777090,0.00000000,0.00000000
0.13772100,-1.99296463,-1.00682318,-0.37776825,-1.20425487,0.00000000,0.00000000,0.02404352,2.16687036,1.36469376,0.90631521,-0.12420481,0.00000000,0.00000000
0.17495367,-1.97794926,-1.01733577,-0.35675824,-1.20594323,0.00000000,0.00000000,0.05544860,2.16466022,1.36716771,0.92747694,-0.11150493,0.00000000,0.00000000
0.20538959,-1.96943235,-1.02484667,-0.34030351,-1.21050477,0.00000000,0.00000000,0.07951798,2.16480064,1.36786044,0.94581699,-0.10302556,0.00000000,0.00000000
0.23023093,-1.96585786,-1.02960801,-0.32775396,-1.21137559,0.00000000,0.00000000,0.09399812,2.16644669,1.36784554,0.95953166,-0.09894360,0.00000000,0.00000000
0.25010878,-1.96645069,-1.03180373,-0.31925583,-1.20951247,0.00000000,0.00000000,0.09595844,2.16828513,1.36783230,0.96632594,-0.08644533,0.00000000,0.00000000
0.26419026,-1.97177386,-1.03156567,-0.31646061,-1.20663047,0.00000000,0.00000000,0.08296208,2.16958070,1.36775410,0.96438283,-0.07514634,0.00000000,0.00000000
0.27136987,-1.98170555,-1.02914035,-0.32087350,-1.19952726,0.00000000,0.00000000,0.05451397,2.16993666,1.36705554,0.95323950,-0.06729488,0.00000000,0.00000000
0.26928484,-1.99593902,-1.02484763,-0.33432168,-1.19035935,0.00000000,0.00000000,0.01136984,2.16998434,1.36420763,0.93341160,-0.06325046,0.00000000,0.00000000
0.25716159,-2.01144004,-1.01917505,-0.35606843,-1.18385112,0.00000000,0.00000000,-0.04389327,2.16999912,1.35863042,0.90601271,-0.06036954,0.00000000,0.00000000
0.23373516,-2.02555847,-1.01255918,-0.38505572,-1.17205822,0.00000000,0.00000000,-0.10653611,2.17000008,1.35047126,0.87319607,-0.05066639,0.00000000,0.00000000
0.19886190,-2.03687620,-1.00515890,-0.41988951,-1.16120934,0.00000000,0.00000000,-0.17037140,2.17000008,1.34068036,0.83807445,-0.04086325,0.00000000,0.00000000
0.15019102,-2.04800344,-0.99676287,-0.46226621,-1.16056168,0.00000000,0.00000000,-0.22982346,2.17000008,1.32856369,0.80451351,-0.03047483,0.00000000,0.00000000
0.08656134,-2.06200790,-0.98692715,-0.51374388,-1.15761411,0.00000000,0.00000000,-0.28128174,2.16996861,1.31365848,0.77534944,-0.01373958,0.00000000,0.00000000
0.01424351,-2.07834649,-0.97479594,-0.57096082,-1.15588522,0.00000000,0.00000000,-0.32622522,2.16955018,1.29614222,0.75009555,0.00219203,0.00000000,0.00000000
-0.05671169,-2.09631705,-0.95879358,-0.62951964,-1.14209044,0.00000000,0.00000000,-0.36891022,2.16890550,1.27602887,0.72735482,0.01610040,0.00000000,0.00000000
-0.12017344,-2.11777353,-0.93735451,-0.68769419,-1.12352800,0.00000000,0.00000000,-0.41321239,2.16955018,1.25331485,0.70643163,0.03187628,0.00000000,0.00000000
-0.17288454,-2.14024878,-0.91102791,-0.74236274,-1.09991562,0.00000000,0.00000000,-0.46105489,2.16996908,1.23268735,0.68424749,0.05710544,0.00000000,0.00000000
-0.21493992,-2.15745282,-0.88255155,-0.79033834,-1.07863808,0.00000000,0.00000000,-0.49718738,2.17000008,1.22252071,0.66572976,0.08627354,0.00000000,0.00000000
-0.24653506,-2.16664743,-0.85331768,-0.83213192,-1.06297493,0.00000000,0.00000000,-0.51440191,2.17000008,1.22220016,0.65439582,0.10405778,0.00000000,0.00000000
-0.26979592,-2.16954780,-0.82516652,-0.86842728,-1.04440033,0.00000000,0.00000000,-0.51828760,2.17000008,1.22992563,0.64651400,0.11006051,0.00000000,0.00000000
-0.28669778,-2.16997957,-0.80173886,-0.89307213,-1.01460350,0.00000000,0.00000000,-0.51196063,2.17000008,1.24391711,0.64117593,0.10956072,0.00000000,0.00000000
-0.29357174,-2.17000008,-0.78252101,-0.90129983,-0.99260008,0.00000000,0.00000000,-0.49605393,2.17000008,1.26205504,0.63971704,0.10982779,0.00000000,0.00000000
-0.28621754,-2.17000008,-0.76697409,-0.88989472,-0.96881402,0.00000000,0.00000000,-0.47288069,2.17000008,1.28265977,0.64200252,0.11908582,0.00000000,0.00000000
-0.26996878,-2.17000008,-0.75967979,-0.86035240,-0.94810820,0.00000000,0.00000000,-0.44452575,2.17000008,1.30452001,0.64767075,0.11907037,0.00000000,0.00000000
-0.24432924,-2.17000008,-0.75916123,-0.81704766,-0.92532134,0.00000000,0.00000000,-0.41363984,2.17000008,1.32642055,0.65588135,0.11802676,0.00000000,0.00000000
-0.20818134,-2.17000008,-0.76282835,-0.76447499,-0.90534270,0.00000000,0.00000000,-0.38124159,2.17000008,1.34936142,0.66557503,0.11223678,0.00000000,0.00000000
-0.16504711,-2.16999793,-0.77249038,-0.70433044,-0.88171870,0.00000000,0.00000000,-0.34852684,2.17000008,1.37506759,0.67502457,0.11055402,0.00000000,0.00000000
-0.11940101,-2.16971803,-0.78910363,-0.63993734,-0.86322570,0.00000000,0.00000000,-0.31379676,2.16998839,1.40248370,0.68542582,0.10835589,0.00000000,0.00000000
-0.07727286,-2.16566586,-0.81201667,-0.57764840,-0.84572196,0.00000000,0.00000000,-0.27358049,2.16966462,1.42874444,0.69989651,0.09869996,0.00000000,0.00000000
-0.04104945,-2.15091872,-0.83917683,-0.52261156,-0.83307189,0.00000000,0.00000000,-0.22364639,2.16690898,1.45434272,0.72063333,0.09198945,0.00000000,0.00000000
-0.01004281,-2.12724638,-0.86846823,-0.47720334,-0.81501681,0.00000000,0.00000000,-0.16413760,2.16026378,1.47787011,0.74758625,0.08394121,0.00000000,0.00000000
0.01777405,-2.10062718,-0.89781791,-0.44226301,-0.80072826,0.00000000,0.00000000,-0.10174397,2.15654826,1.49437344,0.77829891,0.06915572,0.00000000,0.00000000
0.04666071,-2.07490158,-0.92533481,-0.41622332,-0.78274846,0.00000000,0.00000000,-0.04211368,2.15567088,1.50368774,0.80973524,0.05698502,0.00000000,0.00000000
0.08400162,-2.05060744,-0.94944060,-0.39387691,-0.76736897,0.00000000,0.00000000,0.01257268,2.14930034,1.51064181,0.83925211,0.03508690,0.00000000,0.00000000
0.12890302,-2.03355241,-0.96892464,-0.37429807,-0.76004320,0.00000000,0.00000000,0.05662697,2.14384699,1.51239467,0.86542404,0.00338205,0.00000000,0.00000000
0.17190787,-2.02478981,-0.98479319,-0.35830355,-0.75960380,0.00000000,0.00000000,0.09063090,2.14261103,1.50831580,0.88993555,-0.02867662,0.00000000,0.00000000
0.21034119,-2.02004075,-0.99809760,-0.34407240,-0.76210141,0.00000000,0.00000000,0.11611111,2.14380240,1.50100780,0.91322190,-0.06571659,0.00000000,0.00000000
0.24285902,-2.01896882,-1.00897717,-0.33223647,-0.76338786,0.00000000,0.00000000,0.13209461,2.14783406,1.49140596,0.93384480,-0.09757657,0.00000000,0.00000000
0.26885656,-2.02098322,-1.01756501,-0.32335272,-0.77509612,0.00000000,0.00000000,0.13862488,2.15339613,1.48113835,0.95011383,-0.12892181,0.00000000,0.00000000
0.28864780,-2.02535772,-1.02396107,-0.31777224,-0.79454261,0.00000000,0.00000000,0.13380046,2.15877962,1.47150719,0.95950580,-0.16600345,0.00000000,0.00000000
0.30072698,-2.03224897,-1.02835226,-0.31734103,-0.81243360,0.00000000,0.00000000,0.11492039,2.16319752,1.46241081,0.95978260,-0.19784747,0.00000000,0.00000000
0.30195364,-2.04159307,-1.03113067,-0.32463342,-0.82341027,0.00000000,0.00000000,0.08032285,2.16690683,1.45241511,0.94984019,-0.22762215,0.00000000,0.00000000
0.29033625,-2.05144405,-1.03283834,-0.34059912,-0.83393979,0.00000000,0.00000000,0.03087660,2.16930079,1.44029546,0.93004054,-0.25443271,0.00000000,0.00000000
0.26576349,-2.05941820,-1.03383839,-0.36451784,-0.84238267,0.00000000,0.00000000,-0.03067227,2.16995859,1.42533445,0.90165812,-0.28326991,0.00000000,0.00000000
0.23009031,-2.06547499,-1.03378534,-0.39488399,-0.84892702,0.00000000,0.00000000,-0.09926234,2.17000008,1.40792572,0.86736232,-0.30595568,0.00000000,0.00000000
0.18471563,-2.07195950,-1.03187299,-0.43083528,-0.85678613,0.00000000,0.00000000,-0.16814563,2.17000008,1.38882756,0.83112866,-0.32667285,0.00000000,0.00000000
0.12887190,-2.08041167,-1.02777541,-0.47211355,-0.86360669,0.00000000,0.00000000,-0.23181470,2.16998243,1.36758661,0.79706639,-0.34635746,0.00000000,0.00000000
0.06199268,-2.09049058,-1.02167237,-0.51790684,-0.86631000,0.00000000,0.00000000,-0.28747806,2.16974568,1.34376740,0.76779091,-0.36369717,0.00000000,0.00000000
-0.01159738,-2.10339499,-1.01279688,-0.56646067,-0.86870152,0.00000000,0.00000000,-0.33600497,2.16937280,1.31747639,0.74345118,-0.37925273,0.00000000,0.00000000
-0.08263934,-2.11791277,-1.00013030,-0.61390078,-0.87056875,0.00000000,0.00000000,-0.38019511,2.16972113,1.28921854,0.72355789,-0.38163170,0.00000000,0.00000000
-0.14437699,-2.13570786,-0.98215938,-0.65850145,-0.87122232,0.00000000,0.00000000,-0.42228687,2.16997194,1.26125324,0.70698369,-0.37721965,0.00000000,0.00000000
-0.19482350,-2.15382075,-0.95976508,-0.69744301,-0.86839044,0.00000000,0.00000000,-0.45934373,2.16999960,1.23918521,0.69247460,-0.37497368,0.00000000,0.00000000
-0.23279686,-2.16575480,-0.93526137,-0.72854912,-0.85915792,0.00000000,0.00000000,-0.48582402,2.17000008,1.22773397,0.68021363,-0.36817640,0.00000000,0.00000000
-0.26476070,-2.16952944,-0.91217130,-0.75482726,-0.84735453,0.00000000,0.00000000,-0.49958625,2.17000008,1.22691464,0.67038161,-0.35309270,0.00000000,0.00000000
-0.29138312,-2.16998243,-0.89099884,-0.77718389,-0.83978778,0.00000000,0.00000000,-0.50196481,2.17000008,1.23431325,0.66290832,-0.33824545,0.00000000,0.00000000
-0.30857611,-2.17000008,-0.87125617,-0.79236537,-0.82561046,0.00000000,0.00000000,-0.49455789,2.17000008,1.24719334,0.65854520,-0.32272729,0.00000000,0.00000000
-0.31404123,-2.17000008,-0.85383272,-0.79637063,-0.80527133,0.00000000,0.00000000,-0.47872576,2.17000008,1.26309741,0.65833056,-0.30967617,0.00000000,0.00000000
-0.30886081,-2.17000008,-0.84045112,-0.78802425,-0.77988291,0.00000000,0.00000000,-0.45725274,2.17000008,1.28041875,0.66175181,-0.29263291,0.00000000,0.00000000
-0.29262117,-2.17000008,-0.83069861,-0.76942557,-0.73937774,0.00000000,0.00000000,-0.43329459,2.17000008,1.29825711,0.66765153,-0.26587614,0.00000000,0.00000000
-0.26241478,-2.17000008,-0.82335085,-0.74148834,-0.69285852,0.00000000,0.00000000,-0.40843317,2.17000008,1.31613660,0.67589450,-0.25179428,0.00000000,0.00000000
-0.22106700,-2.17000008,-0.82011819,-0.70497966,-0.65789062,0.00000000,0.00000000,-0.38312712,2.17000008,1.33541000,0.68656552,-0.26274553,0.00000000,0.00000000
-0.17268330,-2.17000008,-0.82309335,-0.66105622,-0.62789589,0.00000000,0.00000000,-0.35638782,2.17000008,1.35798502,0.70103031,-0.27510521,0.00000000,0.00000000
-0.12085297,-2.16989994,-0.83324796,-0.61153853,-0.59464753,0.00000000,0.00000000,-0.32619688,2.17000008,1.38303399,0.72103119,-0.27981579,0.00000000,0.00000000
-0.07229253,-2.16815543,-0.85098642,-0.56108606,-0.56664538,0.00000000,0.00000000,-0.29067391,2.17000008,1.40736663,0.74700832,-0.29079947,0.00000000,0.00000000
-0.03147948,-2.15984011,-0.87480670,-0.51545525,-0.53825104,0.00000000,0.00000000,-0.24875183,2.17000008,1.43006015,0.77777112,-0.30303258,0.00000000,0.00000000
0.00161086,-2.14104247,-0.90189421,-0.47867155,-0.51652628,0.00000000,0.00000000,-0.19907655,2.17000008,1.44969463,0.81323826,-0.31686139,0.00000000,0.00000000
0.03034133,-2.11367798,-0.92992324,-0.45078272,-0.49783102,0.00000000,0.00000000,-0.14228657,2.17000008,1.46582294,0.85219550,-0.32844216,0.00000000,0.00000000
0.05993695,-2.08285952,-0.95652717,-0.42958465,-0.47952771,0.00000000,0.00000000,-0.08425767,2.16997790,1.47819495,0.89034617,-0.35047051,0.00000000,0.00000000
0.09213197,-2.05604124,-0.97950119,-0.41361114,-0.45716405,0.00000000,0.00000000,-0.03200395,2.16962552,1.48657286,0.92341709,-0.38353464,0.00000000,0.00000000
0.12587290,-2.03527641,-0.99833268,-0.39968395,-0.43507552,0.00000000,0.00000000,0.01241876,2.16834855,1.49119103,0.95084149,-0.42195651,0.00000000,0.00000000
0.15800227,-2.01864243,-1.01375806,-0.38633889,-0.42235845,0.00000000,0.00000000,0.04929555,2.16662621,1.49317682,0.97334743,-0.45832178,0.00000000,0.00000000
0.18623079,-2.00704169,-1.02587950,-0.37456757,-0.41454744,0.00000000,0.00000000,0.07829206,2.16576767,1.49325597,0.99099332,-0.49119753,0.00000000,0.00000000
0.21001051,-2.00087571,-1.03468430,-0.36494663,-0.40615290,0.00000000,0.00000000,0.09848205,2.16643071,1.49171352,1.00329542,-0.52636391,0.00000000,0.00000000
0.22948068,-1.99883544,-1.04041755,-0.35736564,-0.39306730,0.00000000,0.00000000,0.10906059,2.16790199,1.48911023,1.00977099,-0.56847262,0.00000000,0.00000000
0.24465740,-2.00057316,-1.04318154,-0.35235360,-0.38713869,0.00000000,0.00000000,0.10813613,2.16898918,1.48577011,1.00925195,-0.60733330,0.00000000,0.00000000
0.25459838,-2.00680351,-1.04299986,-0.35129359,-0.37293383,0.00000000,0.00000000,0.09258390,2.16973209,1.48102677,0.99978817,-0.63439929,0.00000000,0.00000000
0.25824517,-2.01616263,-1.04027545,-0.35461247,-0.36033198,0.00000000,0.00000000,0.06182002,2.16984963,1.47468889,0.98089761,-0.65798753,0.00000000,0.00000000
0.25257939,-2.02761054,-1.03555167,-0.36380062,-0.35742518,0.00000000,0.00000000,0.01696876,2.16967297,1.46532953,0.95338631,-0.68508810,0.00000000,0.00000000
0.23509963,-2.03999043,-1.02933478,-0.37996536,-0.35230675,0.00000000,0.00000000,-0.03997996,2.16986561,1.45143592,0.91846406,-0.70849025,0.00000000,0.00000000
0.20636892,-2.05176187,-1.02185047,-0.40240714,-0.34566998,0.00000000,0.00000000,-0.10458700,2.16999102,1.43383932,0.87842113,-0.71819466,0.00000000,0.00000000
0.16580620,-2.06478572,-1.01285088,-0.43279147,-0.33292961,0.00000000,0.00000000,-0.17006403,2.17000008,1.41437709,0.83731651,-0.73361301,0.00000000,0.00000000
0.11340116,-2.07617807,-1.00303936,-0.47102255,-0.33284169,0.00000000,0.00000000,-0.22954541,2.17000008,1.39543557,0.79948515,-0.75612116,0.00000000,0.00000000
0.05109367,-2.08645988,-0.99210620,-0.51691324,-0.33187947,0.00000000,0.00000000,-0.28194845,2.17000008,1.37543607,0.76674139,-0.77880484,0.00000000,0.00000000
-0.01665317,-2.09784150,-0.97899717,-0.56913894,-0.33218768,0.00000000,0.00000000,-0.33070859,2.17000008,1.35259163,0.73796064,-0.80507618,0.00000000,0.00000000
-0.08557057,-2.11083817,-0.96313620,-0.62584823,-0.32341442,0.00000000,0.00000000,-0.37792262,2.17000008,1.32690752,0.71257323,-0.83416033,0.00000000,0.00000000
-0.14877523,-2.12708855,-0.94274843,-0.68359113,-0.32011628,0.00000000,0.00000000,-0.42272037,2.17000008,1.29967415,0.69121498,-0.86259580,0.00000000,0.00000000
-0.19505224,-2.14615583,-0.91534930,-0.73532897,-0.31422839,0.00000000,0.00000000,-0.46105212,2.17000008,1.27600825,0.67389017,-0.88505226,0.00000000,0.00000000
-0.23571594,-2.16229463,-0.88568926,-0.78465700,-0.30967805,0.00000000,0.00000000,-0.48774481,2.17000008,1.26094913,0.66052824,-0.90426558,0.00000000,0.00000000
-0.27181435,-2.16886616,-0.85717225,-0.83249551,-0.30433378,0.00000000,0.00000000,-0.50128829,2.17000008,1.25516844,0.65078551,-0.92012352,0.00000000,0.00000000
-0.29470924,-2.16994619,-0.83006775,-0.87046206,-0.29696834,0.00000000,0.00000000,-0.50283813,2.17000008,1.25647521,0.64457381,-0.92945170,0.00000000,0.00000000
-0.31119862,-2.17000008,-0.80792361,-0.89577341,-0.29799110,0.00000000,0.00000000,-0.49426234,2.17000008,1.26271045,0.64186937,-0.93397278,0.00000000,0.00000000
-0.31843549,-2.17000008,-0.79081810,-0.90510279,-0.30444235,0.00000000,0.00000000,-0.47832686,2.17000008,1.27207518,0.64212281,-0.93779629,0.00000000,0.00000000
-0.31379226,-2.17000008,-0.77830625,-0.89733857,-0.31551152,0.00000000,0.00000000,-0.45739219,2.17000008,1.28299785,0.64508009,-0.94203281,0.00000000,0.00000000
-0.29537141,-2.17000008,-0.76964331,-0.87261271,-0.31683227,0.00000000,0.00000000,-0.43413481,2.17000008,1.29372811,0.65031177,-0.94904333,0.00000000,0.00000000
-0.26568022,-2.17000008,-0.76621050,-0.83328617,-0.32393447,0.00000000,0.00000000,-0.41006258,2.17000008,1.30287492,0.65812176,-0.95660448,0.00000000,0.00000000
-0.22962533,-2.17000008,-0.76932245,-0.78447688,-0.32623297,0.00000000,0.00000000,-0.38549268,2.17000008,1.31131911,0.66856104,-0.96747053,0.00000000,0.00000000
-0.18937576,-2.17000008,-0.77953535,-0.72897750,-0.31732589,0.00000000,0.00000000,-0.36045867,2.17000008,1.32012415,0.68169886,-0.98271686,0.00000000,0.00000000
-0.14869472,-2.16975570,-0.79721272,-0.67029083,-0.30838871,0.00000000,0.00000000,-0.33272600,2.17000008,1.32841277,0.69981533,-0.99306065,0.00000000,0.00000000
-0.11423691,-2.16587949,-0.82224518,-0.61399961,-0.30014914,0.00000000,0.00000000,-0.29920867,2.17000008,1.33583784,0.72402775,-0.99546379,0.00000000,0.00000000
-0.08898427,-2.15160012,-0.85285014,-0.56491143,-0.29375246,0.00000000,0.00000000,-0.25700086,2.17000008,1.34472442,0.75358987,-0.99913287,0.00000000,0.00000000
-0.07173334,-2.12752533,-0.88665450,-0.52523035,-0.28184974,0.00000000,0.00000000,-0.20494919,2.17000008,1.35634840,0.78787559,-0.99951804,0.00000000,0.00000000
-0.05797446,-2.09651661,-0.92162043,-0.49366236,-0.27171770,0.00000000,0.00000000,-0.14640191,2.17000008,1.37046659,0.82460970,-0.99589986,0.00000000,0.00000000
-0.03852627,-2.06453943,-0.95429909,-0.46727362,-0.26439714,0.00000000,0.00000000,-0.08845084,2.17000008,1.38569236,0.85960013,-0.98837972,0.00000000,0.00000000
-0.00767297,-2.03587508,-0.98238134,-0.44357419,-0.25936025,0.00000000,0.00000000,-0.03801911,2.17000008,1.40068924,0.88867205,-0.96887207,0.00000000,0.00000000
0.02974907,-2.01149559,-1.00612998,-0.42309204,-0.25462690,0.00000000,0.00000000,0.00338174,2.16999459,1.41417289,0.91142976,-0.95637876,0.00000000,0.00000000
0.06535717,-1.99012768,-1.02684295,-0.40666285,-0.25472012,0.00000000,0.00000000,0.03892378,2.16989136,1.42638135,0.93039536,-0.94483054,0.00000000,0.00000000
0.09721582,-1.97400367,-1.04416955,-0.39449856,-0.25382289,0.00000000,0.00000000,0.06884584,2.16930079,1.43692732,0.94664222,-0.93394953,0.00000000,0.00000000
0.12556285,-1.96477389,-1.05765355,-0.38616550,-0.25389722,0.00000000,0.00000000,0.09119468,2.16814923,1.44515085,0.95973688,-0.92880392,0.00000000,0.00000000
0.15165691,-1.96176457,-1.06723773,-0.38004273,-0.25605831,0.00000000,0.00000000,0.10400459,2.16745162,1.45104456,0.96862608,-0.93208724,0.00000000,0.00000000
0.17722011,-1.96371841,-1.07296205,-0.37461933,-0.25580016,0.00000000,0.00000000,0.10468340,2.16712546,1.45531523,0.97126257,-0.94181520,0.00000000,0.00000000
0.20276137,-1.97033572,-1.07486546,-0.36990315,-0.25835869,0.00000000,0.00000000,0.09023069,2.16691923,1.45816636,0.96536487,-0.94532382,0.00000000,0.00000000
0.22570962,-1.98185182,-1.07325780,-0.36818752,-0.25567481,0.00000000,0.00000000,0.05966664,2.16738749,1.45866454,0.95033604,-0.95349920,0.00000000,0.00000000
0.24169371,-1.99730849,-1.06886721,-0.37267444,-0.25894988,0.00000000,0.00000000,0.01417985,2.16858768,1.45560336,0.92702997,-0.94958103,0.00000000,0.00000000
0.24624217,-2.01353860,-1.06283736,-0.38587388,-0.26074407,0.00000000,0.00000000,-0.04380108,2.16965675,1.44795763,0.89685369,-0.95215231,0.00000000,0.00000000
0.23703033,-2.02882552,-1.05575645,-0.40894562,-0.26885399,0.00000000,0.00000000,-0.10953598,2.16997957,1.43572867,0.86250693,-0.95282727,0.00000000,0.00000000
0.21395089,-2.04476047,-1.04722083,-0.44196203,-0.28186420,0.00000000,0.00000000,-0.17664607,2.17000008,1.41954553,0.82787633,-0.94798923,0.00000000,0.00000000
0.17722708,-2.06129241,-1.03708088,-0.48378235,-0.29756898,0.00000000,0.00000000,-0.23935196,2.17000008,1.39992583,0.79665166,-0.94945347,0.00000000,0.00000000
0.12718390,-2.07628131,-1.02568328,-0.53251052,-0.31184554,0.00000000,0.00000000,-0.29477996,2.17000008,1.37748098,0.77041501,-0.95244116,0.00000000,0.00000000
0.06706373,-2.08896232,-1.01266420,-0.58530229,-0.31938925,0.00000000,0.00000000,-0.34378958,2.17000008,1.35193777,0.74849468,-0.95060456,0.00000000,0.00000000
0.00268230,-2.10066652,-0.99673629,-0.63907409,-0.32059622,0.00000000,0.00000000,-0.38821957,2.17000008,1.32392788,0.72936612,-0.94949156,0.00000000,0.00000000
-0.05996104,-2.11346674,-0.97642130,-0.69165689,-0.31683582,0.00000000,0.00000000,-0.42868757,2.17000008,1.29615116,0.71170354,-0.94200444,0.00000000,0.00000000
-0.11395155,-2.12949991,-0.95010221,-0.74125278,-0.30608603,0.00000000,0.00000000,-0.46413767,2.17000008,1.27280164,0.69466990,-0.94264662,0.00000000,0.00000000
-0.15681742,-2.14710259,-0.91858166,-0.78674686,-0.29977262,0.00000000,0.00000000,-0.49151933,2.17000008,1.25841558,0.67805874,-0.94945008,0.00000000,0.00000000
-0.19302274,-2.16088605,-0.88603735,-0.82843781,-0.29301792,0.00000000,0.00000000,-0.50727856,2.17000008,1.25396180,0.66321129,-0.94566453,0.00000000,0.00000000
-0.22457287,-2.16760445,-0.85598463,-0.86511010,-0.28713414,0.00000000,0.00000000,-0.51095319,2.17000008,1.25724375,0.65119588,-0.93723512,0.00000000,0.00000000
-0.24909869,-2.16936541,-0.82945770,-0.89305222,-0.28387132,0.00000000,0.00000000,-0.50413585,2.17000008,1.26544559,0.64257592,-0.92891097,0.00000000,0.00000000
-0.26478302,-2.16944599,-0.80673504,-0.90919071,-0.28054267,0.00000000,0.00000000,-0.48850423,2.17000008,1.27584493,0.63813275,-0.91307193,0.00000000,0.00000000
-0.27205548,-2.16979265,-0.78856570,-0.91304070,-0.27881500,0.00000000,0.00000000,-0.46697137,2.17000008,1.28631747,0.63750714,-0.89341682,0.00000000,0.00000000
-0.26902491,-2.16998577,-0.77674842,-0.90221202,-0.26904109,0.00000000,0.00000000,-0.44159776,2.17000008,1.29510117,0.64091337,-0.87803859,0.00000000,0.00000000
-0.25215265,-2.17000008,-0.76998693,-0.87519366,-0.25642481,0.00000000,0.00000000,-0.41439211,2.17000008,1.30146849,0.64832145,-0.86199069,0.00000000,0.00000000
-0.22376974,-2.17000008,-0.76923311,-0.83329910,-0.24644552,0.00000000,0.00000000,-0.38795513,2.17000008,1.30636573,0.65867066,-0.84688348,0.00000000,0.00000000
-0.18898031,-2.17000008,-0.77661735,-0.78048289,-0.24508780,0.00000000,0.00000000,-0.36354411,2.17000008,1.31105101,0.67203689,-0.83940530,0.00000000,0.00000000
-0.15017499,-2.16996169,-0.79236710,-0.71980929,-0.24692641,0.00000000,0.00000000,-0.33998072,2.17000008,1.31568301,0.69018531,-0.82213628,0.00000000,0.00000000
-0.11338586,-2.16910172,-0.81629050,-0.65665787,-0.24076179,0.00000000,0.00000000,-0.31218857,2.17000008,1.31970143,0.71569598,-0.80864668,0.00000000,0.00000000
-0.08337245,-2.16284871,-0.84650773,-0.59758729,-0.24193279,0.00000000,0.00000000,-0.27494791,2.17000008,1.32478905,0.74948531,-0.80111450,0.00000000,0.00000000
-0.05944090,-2.14428735,-0.88015980,-0.54603446,-0.24288534,0.00000000,0.00000000,-0.22576824,2.17000008,1.33196139,0.79089576,-0.79049397,0.00000000,0.00000000
-0.03850848,-2.11566067,-0.91445249,-0.50314140,-0.24611245,0.00000000,0.00000000,-0.16600268,2.17000008,1.34023106,0.83779615,-0.77994686,0.00000000,0.00000000
-0.01481567,-2.08282971,-0.94657391,-0.46771398,-0.25408387,0.00000000,0.00000000,-0.10168913,2.17000008,1.34841895,0.88556319,-0.76333219,0.00000000,0.00000000
0.01933573,-2.05118728,-0.97383600,-0.43644166,-0.26923448,0.00000000,0.00000000,-0.04257471,2.17000008,1.35594273,0.92770839,-0.75014162,0.00000000,0.00000000
0.06115203,-2.02618527,-0.99547321,-0.40990850,-0.28375390,0.00000000,0.00000000,0.00670744,2.17000008,1.36218441,0.96176893,-0.75186861,0.00000000,0.00000000
0.10183622,-2.00716829,-1.01299751,-0.38861650,-0.29991251,0.00000000,0.00000000,0.04780298,2.17000008,1.36776924,0.98932242,-0.75163150,0.00000000,0.00000000
0.14022206,-1.99345434,-1.02683055,-0.37025613,-0.31681234,0.00000000,0.00000000,0.08184472,2.17000008,1.37366974,1.01159728,-0.75149041,0.00000000,0.00000000
0.17634827,-1.98516691,-1.03707349,-0.35388729,-0.32349461,0.00000000,0.00000000,0.10711624,2.17000008,1.37933981,1.02811956,-0.75323200,0.00000000,0.00000000
0.20935208,-1.98124111,-1.04416370,-0.33955324,-0.32616919,0.00000000,0.00000000,0.12206720,2.17000008,1.38505304,1.03802037,-0.76000541,0.00000000,0.00000000
0.23935209,-1.98137653,-1.04827642,-0.32745358,-0.32791579,0.00000000,0.00000000,0.12424271,2.17000008,1.39137948,1.03960860,-0.76813626,0.00000000,0.00000000
0.26566637,-1.98603833,-1.04954445,-0.31885010,-0.32735360,0.00000000,0.00000000,0.11155042,2.17000008,1.39853203,1.03150165,-0.78370392,0.00000000,0.00000000
0.28540441,-1.99582100,-1.04830039,-0.31625104,-0.32482055,0.00000000,0.00000000,0.08337400,2.17000008,1.40569592,1.01346588,-0.80124205,0.00000000,0.00000000
0.29576421,-2.00951195,-1.04510391,-0.32132149,-0.31997725,0.00000000,0.00000000,0.04057268,2.17000008,1.41157699,0.98620331,-0.81947643,0.00000000,0.00000000
0.29459998,-2.02310777,-1.04083312,-0.33410794,-0.31361356,0.00000000,0.00000000,-0.01537329,2.17000008,1.41470480,0.95074862,-0.83919990,0.00000000,0.00000000
0.28086397,-2.03437304,-1.03592706,-0.35436386,-0.30637243,0.00000000,0.00000000,-0.08134389,2.16998434,1.41422153,0.90911645,-0.84985435,0.00000000,0.00000000
0.25394833,-2.04371476,-1.03033793,-0.38214794,-0.29844904,0.00000000,0.00000000,-0.15167116,2.16975784,1.41005659,0.86502886,-0.86007011,0.00000000,0.00000000
0.21212906,-2.05145931,-1.02421308,-0.41797814,-0.29041934,0.00000000,0.00000000,-0.21979187,2.16916132,1.40190649,0.82322699,-0.88246799,0.00000000,0.00000000
0.15501000,-2.06055021,-1.01703274,-0.46355668,-0.29177013,0.00000000,0.00000000,-0.28065854,2.16881752,1.38862240,0.78809863,-0.90415663,0.00000000,0.00000000
0.08812629,-2.07280779,-1.00755405,-0.51830775,-0.28609201,0.00000000,0.00000000,-0.33241659,2.16900826,1.37011170,0.76139438,-0.92367524,0.00000000,0.00000000
0.01958504,-2.08623195,-0.99490261,-0.57918793,-0.27241042,0.00000000,0.00000000,-0.37988862,2.16969299,1.34636152,0.74047649,-0.94626248,0.00000000,0.00000000
-0.04503193,-2.10074711,-0.97807413,-0.64436078,-0.26047954,0.00000000,0.00000000,-0.42865294,2.16998005,1.31892085,0.72208637,-0.97432780,0.00000000,0.00000000
-0.09879980,-2.11686182,-0.95546860,-0.70948756,-0.24709295,0.00000000,0.00000000,-0.47687697,2.17000008,1.29184091,0.70521975,-1.00756931,0.00000000,0.00000000
-0.14220582,-2.13604069,-0.92692852,-0.77316254,-0.22780402,0.00000000,0.00000000,-0.51830930,2.17000008,1.27101803,0.69000834,-1.04209876,0.00000000,0.00000000
-0.17921168,-2.15381289,-0.89558429,-0.83484095,-0.21410325,0.00000000,0.00000000,-0.54541814,2.17000008,1.26044154,0.67863792,-1.06981146,0.00000000,0.00000000
-0.20972414,-2.16614866,-0.86385196,-0.89112639,-0.20334658,0.00000000,0.00000000,-0.55755830,2.17000008,1.25971007,0.67101926,-1.09590828,0.00000000,0.00000000
-0.23256978,-2.16976738,-0.83542460,-0.93495762,-0.18607655,0.00000000,0.00000000,-0.55781358,2.17000008,1.26663995,0.66582602,-1.12884438,0.00000000,0.00000000
-0.24737935,-2.17000008,-0.81217450,-0.96244043,-0.17796530,0.00000000,0.00000000,-0.54835892,2.17000008,1.27875733,0.66292453,-1.15893638,0.00000000,0.00000000
-0.25319096,-2.17000008,-0.79495829,-0.97105956,-0.16906726,0.00000000,0.00000000,-0.53148061,2.17000008,1.29373884,0.66233140,-1.18546236,0.00000000,0.00000000
-0.25001496,-2.17000008,-0.78530020,-0.95863163,-0.15998061,0.00000000,0.00000000,-0.50909722,2.17000008,1.30983770,0.66415489,-1.21070981,0.00000000,0.00000000
-0.23582050,-2.17000008,-0.78308582,-0.92387682,-0.14716725,0.00000000,0.00000000,-0.48174143,2.17000008,1.32572269,0.66930872,-1.23802984,0.00000000,0.00000000
-0.20834643,-2.17000008,-0.78675652,-0.86964291,-0.13329726,0.00000000,0.00000000,-0.45160958,2.16997671,1.34061885,0.67743909,-1.27436721,0.00000000,0.00000000
-0.17245127,-2.17000008,-0.79703474,-0.80501407,-0.12346807,0.00000000,0.00000000,-0.42378852,2.16964984,1.35492408,0.68574572,-1.30387819,0.00000000,0.00000000
-0.13334961,-2.16989827,-0.81494737,-0.73591405,-0.11676593,0.00000000,0.00000000,-0.39504015,2.16896343,1.36888587,0.69695663,-1.33591187,0.00000000,0.00000000
-0.09450676,-2.16811681,-0.83952981,-0.66724479,-0.10853732,0.00000000,0.00000000,-0.36102408,2.16912508,1.38009596,0.71584874,-1.36954153,0.00000000,0.00000000
-0.06017868,-2.15955496,-0.86893773,-0.60513210,-0.08826400,0.00000000,0.00000000,-0.31920964,2.16967964,1.38910961,0.74417531,-1.41186416,0.00000000,0.00000000
-0.02974604,-2.14030719,-0.90099102,-0.55199713,-0.08105544,0.00000000,0.00000000,-0.26614431,2.16889834,1.39902198,0.78259677,-1.45265341,0.00000000,0.00000000
-0.00077794,-2.11371827,-0.93334734,-0.50852430,-0.06096364,0.00000000,0.00000000,-0.20147859,2.16731167,1.40802228,0.83131337,-1.48831034,0.00000000,0.00000000
0.02946411,-2.08479071,-0.96384960,-0.47432989,-0.05608123,0.00000000,0.00000000,-0.13299915,2.16878295,1.41102028,0.88577604,-1.51681626,0.00000000,0.00000000
0.06427319,-2.05724692,-0.99074870,-0.44772765,-0.05272743,0.00000000,0.00000000,-0.06991471,2.16986942,1.40850496,0.93811554,-1.53923774,0.00000000,0.00000000
0.10535438,-2.03607321,-1.01249874,-0.42718771,-0.05161440,0.00000000,0.00000000,-0.01674227,2.16999483,1.40176976,0.98439568,-1.55568087,0.00000000,0.00000000
0.15251744,-2.01838374,-1.02971196,-0.40758455,-0.05478581,0.00000000,0.00000000,0.02709639,2.16997838,1.39314365,1.02436101,-1.57054710,0.00000000,0.00000000
0.19761369,-2.00529599,-1.04327857,-0.39016518,-0.06250536,0.00000000,0.00000000,0.06260300,2.16989470,1.38378584,1.05851746,-1.59227467,0.00000000,0.00000000
0.23563938,-1.99730027,-1.05374110,-0.37667781,-0.06470115,0.00000000,0.00000000,0.08931094,2.16975999,1.37416947,1.08635867,-1.60987532,0.00000000,0.00000000
0.26749325,-1.99334621,-1.06120217,-0.36637107,-0.06905845,0.00000000,0.00000000,0.10567375,2.16973352,1.36477733,1.10645628,-1.62705398,0.00000000,0.00000000
0.29385650,-1.99344504,-1.06561053,-0.35945320,-0.07551716,0.00000000,0.00000000,0.10968012,2.16991043,1.35575819,1.11722469,-1.63536096,0.00000000,0.00000000
0.31431916,-1.99706304,-1.06717372,-0.35678229,-0.07198667,0.00000000,0.00000000,0.09962759,2.16999435,1.34748983,1.11731303,-1.64865053,0.00000000,0.00000000
0.32717764,-2.00326324,-1.06632364,-0.35970259,-0.06638309,0.00000000,0.00000000,0.07492367,2.17000008,1.34021437,1.10593700,-1.66661108,0.00000000,0.00000000
0.33001974,-2.01090717,-1.06359053,-0.36968613,-0.06607477,0.00000000,0.00000000,0.03621479,2.17000008,1.33376527,1.08291042,-1.68267560,0.00000000,0.00000000
0.32153022,-2.01693606,-1.05971467,-0.38658214,-0.07096586,0.00000000,0.00000000,-0.01478604,2.17000008,1.32818902,1.04838610,-1.68492317,0.00000000,0.00000000
0.30025411,-2.01989985,-1.05512106,-0.41053298,-0.07814119,0.00000000,0.00000000,-0.07506779,2.17000008,1.32316613,1.00347781,-1.67607808,0.00000000,0.00000000
0.26443669,-2.02163339,-1.04962099,-0.44278705,-0.09374543,0.00000000,0.00000000,-0.13917217,2.17000008,1.31812954,0.95169926,-1.67285740,0.00000000,0.00000000
0.21343561,-2.02367115,-1.04302275,-0.48393866,-0.10922784,0.00000000,0.00000000,-0.19942655,2.17000008,1.31346309,0.89864558,-1.67076838,0.00000000,0.00000000
0.14706823,-2.02886343,-1.03472006,-0.53519583,-0.12966023,0.00000000,0.00000000,-0.25044799,2.16997647,1.30832648,0.84941167,-1.66879272,0.00000000,0.00000000
0.07111848,-2.03962350,-1.02319932,-0.59474939,-0.16308239,0.00000000,0.00000000,-0.29489517,2.16966200,1.30022717,0.80509609,-1.65335429,0.00000000,0.00000000
-0.00498157,-2.05217361,-1.00796902,-0.65586561,-0.18259715,0.00000000,0.00000000,-0.34034467,2.16917706,1.28757060,0.76477212,-1.62865937,0.00000000,0.00000000
-0.07575044,-2.06899929,-0.98740536,-0.71583873,-0.20916428,0.00000000,0.00000000,-0.38679314,2.16966200,1.27014351,0.73214221,-1.60697436,0.00000000,0.00000000
-0.13468227,-2.09284663,-0.96001226,-0.77271497,-0.22317491,0.00000000,0.00000000,-0.43436000,2.16997671,1.25177097,0.70641410,-1.59320116,0.00000000,0.00000000
-0.18166102,-2.11755395,-0.92916322,-0.82374132,-0.23851840,0.00000000,0.00000000,-0.48169333,2.17000008,1.23819435,0.68386954,-1.58591640,0.00000000,0.00000000
-0.21889180,-2.14070082,-0.89682478,-0.86881262,-0.25088936,0.00000000,0.00000000,-0.51828629,2.17000008,1.23337543,0.66484910,-1.58500576,0.00000000,0.00000000
-0.24858379,-2.15852261,-0.86528748,-0.90665597,-0.26765209,0.00000000,0.00000000,-0.53720951,2.17000008,1.23649526,0.65211123,-1.58355081,0.00000000,0.00000000
-0.27086240,-2.16767979,-0.83606833,-0.93606907,-0.28354669,0.00000000,0.00000000,-0.54155904,2.17000008,1.24527717,0.64435971,-1.57027543,0.00000000,0.00000000
-0.28420657,-2.16986823,-0.80954492,-0.95529783,-0.30209211,0.00000000,0.00000000,-0.53486264,2.17000008,1.25723720,0.64079052,-1.56381607,0.00000000,0.00000000
-0.28658295,-2.17000008,-0.78650963,-0.96050107,-0.31944937,0.00000000,0.00000000,-0.51903057,2.17000008,1.26995242,0.64197469,-1.55654562,0.00000000,0.00000000
-0.27807286,-2.17000008,-0.76923734,-0.94785362,-0.33012560,0.00000000,0.00000000,-0.49622965,2.17000008,1.28149247,0.64802700,-1.55076647,0.00000000,0.00000000
-0.25795987,-2.17000008,-0.75848788,-0.91505301,-0.34453428,0.00000000,0.00000000,-0.46832860,2.17000008,1.29053974,0.65886402,-1.53865874,0.00000000,0.00000000
-0.22716589,-2.17000008,-0.75495023,-0.86275524,-0.36443573,0.00000000,0.00000000,-0.43778256,2.17000008,1.29703069,0.67309111,-1.52583718,0.00000000,0.00000000
-0.18761441,-2.17000008,-0.75835776,-0.79749215,-0.37102678,0.00000000,0.00000000,-0.40728998,2.17000008,1.30270553,0.68813121,-1.50807250,0.00000000,0.00000000
-0.14281939,-2.16989732,-0.76847798,-0.72559953,-0.37673080,0.00000000,0.00000000,-0.37546259,2.17000008,1.30911040,0.70416808,-1.49638236,0.00000000,0.00000000
-0.09812850,-2.16803169,-0.78506988,-0.65265393,-0.37399703,0.00000000,0.00000000,-0.33763066,2.17000008,1.31540108,0.72451138,-1.47468472,0.00000000,0.00000000
-0.05939616,-2.15836334,-0.80752492,-0.58445603,-0.36198992,0.00000000,0.00000000,-0.28991720,2.17000008,1.32338691,0.75023538,-1.45703709,0.00000000,0.00000000
-0.02810144,-2.13556957,-0.83446181,-0.52427614,-0.34261385,0.00000000,0.00000000,-0.23095484,2.17000008,1.33574009,0.78028566,-1.43265593,0.00000000,0.00000000
-0.00153817,-2.10450315,-0.86315942,-0.47413221,-0.31256258,0.00000000,0.00000000,-0.16174912,2.17000008,1.35171187,0.81380606,-1.40935540,0.00000000,0.00000000
0.02448210,-2.07226968,-0.89090872,-0.43456084,-0.27162927,0.00000000,0.00000000,-0.08892552,2.16997218,1.36925089,0.84684783,-1.39399958,0.00000000,0.00000000
0.05500974,-2.04275203,-0.91568017,-0.40357715,-0.23568922,0.00000000,0.00000000,-0.02167605,2.16940498,1.38795257,0.87358016,-1.38676631,0.00000000,0.00000000
0.09252437,-2.01783276,-0.93641925,-0.37820446,-0.19422546,0.00000000,0.00000000,0.03533577,2.16579938,1.40727675,0.89184213,-1.37571418,0.00000000,0.00000000
0.13506909,-1.99813294,-0.95312929,-0.35550743,-0.15659870,0.00000000,0.00000000,0.08313145,2.15637374,1.42651284,0.90356553,-1.36121929,0.00000000,0.00000000
0.17352857,-1.98302341,-0.96710610,-0.33653057,-0.12079240,0.00000000,0.00000000,0.12098245,2.14447594,1.44380927,0.91037881,-1.34843266,0.00000000,0.00000000
0.20522735,-1.97391987,-0.97844827,-0.32227921,-0.08186200,0.00000000,0.00000000,0.14785856,2.13459516,1.45741773,0.91458064,-1.32727432,0.00000000,0.00000000
0.23244318,-1.97107935,-0.98685074,-0.31175205,-0.03945357,0.00000000,0.00000000,0.16262347,2.12792587,1.46717668,0.91767222,-1.30430675,0.00000000,0.00000000
0.25608042,-1.97392249,-0.99234778,-0.30458120,0.00448638,0.00000000,0.00000000,0.16460484,2.12500811,1.47293174,0.92019475,-1.27524352,0.00000000,0.00000000
0.27502662,-1.98133993,-0.99529213,-0.30149311,0.05070613,0.00000000,0.00000000,0.15253581,2.12443471,1.47550130,0.91880709,-1.24730217,0.00000000,0.00000000
0.28652197,-1.99188709,-0.99626434,-0.30409139,0.10561547,0.00000000,0.00000000,0.12367226,2.12491083,1.47534895,0.90885442,-1.21091926,0.00000000,0.00000000
0.28822669,-2.00398564,-0.99578518,-0.31363624,0.14553636,0.00000000,0.00000000,0.07781947,2.12682533,1.47167969,0.88930309,-1.17017663,0.00000000,0.00000000
0.27631357,-2.01741290,-0.99428207,-0.33247811,0.17767185,0.00000000,0.00000000,0.01700269,2.13248825,1.46201861,0.86168247,-1.12909031,0.00000000,0.00000000
0.25079831,-2.03012586,-0.99201381,-0.35969207,0.21476305,0.00000000,0.00000000,-0.05338262,2.13947868,1.44636524,0.82875830,-1.08190811,0.00000000,0.00000000
0.21270801,-2.04110909,-0.98894238,-0.39367315,0.25156894,0.00000000,0.00000000,-0.12688671,2.14520049,1.42535686,0.79394144,-1.03640592,0.00000000,0.00000000
0.16124682,-2.05039263,-0.98513365,-0.43421647,0.28668886,0.00000000,0.00000000,-0.19755900,2.14964151,1.39906049,0.76109946,-0.99797302,0.00000000,0.00000000
0.09740291,-2.06108809,-0.97973210,-0.48241597,0.32216573,0.00000000,0.00000000,-0.26137066,2.15363312,1.36753690,0.73332548,-0.97222948,0.00000000,0.00000000
0.02694479,-2.07810998,-0.97062141,-0.53895754,0.35711104,0.00000000,0.00000000,-0.31818780,2.15788579,1.33073449,0.71117705,-0.94117212,0.00000000,0.00000000
-0.04340154,-2.09655929,-0.95768315,-0.59881914,0.39865911,0.00000000,0.00000000,-0.37050638,2.16321993,1.28830814,0.69342971,-0.90678322,0.00000000,0.00000000
-0.10825378,-2.11793327,-0.93929881,-0.65975237,0.42890158,0.00000000,0.00000000,-0.41882572,2.16825151,1.24172628,0.67915100,-0.87049401,0.00000000,0.00000000
-0.16081476,-2.14140868,-0.91425002,-0.71836287,0.45383710,0.00000000,0.00000000,-0.46096140,2.16989183,1.19673717,0.66674399,-0.83091116,0.00000000,0.00000000
-0.19966620,-2.15960121,-0.88475037,-0.77188641,0.47490251,0.00000000,0.00000000,-0.49279231,2.17000008,1.16105580,0.65503269,-0.79000932,0.00000000,0.00000000
-0.23388296,-2.16806269,-0.85548246,-0.82364678,0.49065325,0.00000000,0.00000000,-0.51171833,2.17000008,1.13774490,0.64419389,-0.75636333,0.00000000,0.00000000
-0.26594046,-2.16989374,-0.82897198,-0.87111175,0.50972116,0.00000000,0.00000000,-0.51821035,2.17000008,1.12646472,0.63383251,-0.72361642,0.00000000,0.00000000
-0.29228291,-2.17000008,-0.80668825,-0.90753150,0.53191572,0.00000000,0.00000000,-0.51264691,2.17000008,1.12519407,0.62519777,-0.69546103,0.00000000,0.00000000
-0.30959836,-2.17000008,-0.78934348,-0.92814547,0.55107546,0.00000000,0.00000000,-0.49659112,2.17000008,1.13128388,0.61957687,-0.66891742,0.00000000,0.00000000
-0.31509322,-2.17000008,-0.77674294,-0.93018275,0.56941408,0.00000000,0.00000000,-0.47275284,2.17000008,1.14247704,0.61719084,-0.64078492,0.00000000,0.00000000
-0.30644724,-2.17000008,-0.76847386,-0.91324294,0.58596802,0.00000000,0.00000000,-0.44295722,2.17000008,1.15718377,0.61871541,-0.62232059,0.00000000,0.00000000
-0.28544471,-2.17000008,-0.76497716,-0.88069099,0.59993178,0.00000000,0.00000000,-0.41010374,2.17000008,1.17419207,0.62410611,-0.59972584,0.00000000,0.00000000
-0.25654250,-2.17000008,-0.76723623,-0.83775115,0.61200607,0.00000000,0.00000000,-0.37858778,2.17000008,1.19319594,0.63151640,-0.58843428,0.00000000,0.00000000
-0.22052650,-2.17000008,-0.77603060,-0.78568923,0.62970215,0.00000000,0.00000000,-0.34858295,2.16999722,1.21454000,0.64166290,-0.58248425,0.00000000,0.00000000
-0.17917031,-2.16994762,-0.79244554,-0.72548991,0.64624286,0.00000000,0.00000000,-0.31642604,2.16996193,1.23918545,0.65660328,-0.58314049,0.00000000,0.00000000
-0.13633554,-2.16888738,-0.81645560,-0.66077608,0.65884048,0.00000000,0.00000000,-0.28256583,2.16990709,1.26526177,0.67479217,-0.58765811,0.00000000,0.00000000
-0.09826821,-2.16222286,-0.84664017,-0.59912688,0.66000575,0.00000000,0.00000000,-0.24373734,2.16996193,1.29107857,0.69776756,-0.59398961,0.00000000,0.00000000
-0.06689106,-2.14421368,-0.88046408,-0.54592222,0.66331702,0.00000000,0.00000000,-0.19681889,2.16998959,1.31740141,0.72508121,-0.59207040,0.00000000,0.00000000
-0.04053340,-2.11771798,-0.91540354,-0.50294548,0.66340262,0.00000000,0.00000000,-0.14112951,2.16983056,1.34350979,0.75604755,-0.59649980,0.00000000,0.00000000
-0.01495665,-2.08761859,-0.94920146,-0.46912000,0.66171849,0.00000000,0.00000000,-0.08068212,2.16875744,1.36730230,0.78833127,-0.59334606,0.00000000,0.00000000
0.01616514,-2.05797625,-0.97964376,-0.44137636,0.65709996,0.00000000,0.00000000,-0.02308821,2.16526628,1.38726509,0.81758231,-0.60019886,0.00000000,0.00000000
0.05408512,-2.03217745,-1.00568390,-0.41795415,0.65894097,0.00000000,0.00000000,0.02636281,2.15901160,1.40296853,0.84107298,-0.61140651,0.00000000,0.00000000
0.09210791,-2.01209259,-1.02787268,-0.39960760,0.66918904,0.00000000,0.00000000,0.06831767,2.15174031,1.41459310,0.86005783,-0.62734872,0.00000000,0.00000000
0.12665148,-1.99728012,-1.04678583,-0.38520232,0.68552679,0.00000000,0.00000000,0.10301159,2.14414001,1.42355919,0.87510276,-0.63961536,0.00000000,0.00000000
0.15833768,-1.98786402,-1.06232285,-0.37290272,0.70279884,0.00000000,0.00000000,0.12894295,2.13755798,1.43055034,0.88578111,-0.64722764,0.00000000,0.00000000
0.18813340,-1.98452258,-1.07426631,-0.36195654,0.72225797,0.00000000,0.00000000,0.14522155,2.13315248,1.43596363,0.89219874,-0.65870941,0.00000000,0.00000000
0.21623135,-1.98765600,-1.08257568,-0.35252553,0.74029869,0.00000000,0.00000000,0.15102535,2.13111401,1.44028151,0.89457566,-0.66507679,0.00000000,0.00000000
0.24221927,-1.99758255,-1.08730018,-0.34529233,0.75947642,0.00000000,0.00000000,0.14493743,2.13148999,1.44359899,0.89270318,-0.67383343,0.00000000,0.00000000
0.26469150,-2.01317382,-1.08884442,-0.34095672,0.78462571,0.00000000,0.00000000,0.12633225,2.13382435,1.44607377,0.88617551,-0.69219965,0.00000000,0.00000000
0.28085503,-2.03187799,-1.08797371,-0.34039432,0.81704408,0.00000000,0.00000000,0.09479130,2.13687325,1.44800282,0.87355036,-0.71406823,0.00000000,0.00000000
0.28814343,-2.05059576,-1.08548939,-0.34412768,0.85466218,0.00000000,0.00000000,0.05112896,2.14039111,1.44879651,0.85464007,-0.73856205,0.00000000,0.00000000
0.28398126,-2.06737447,-1.08197415,-0.35309830,0.88587147,0.00000000,0.00000000,-0.00367294,2.14532518,1.44661498,0.83001995,-0.76333457,0.00000000,0.00000000
0.26682848,-2.08133388,-1.07771873,-0.36795589,0.91312331,0.00000000,0.00000000,-0.06657112,2.15112472,1.44033957,0.80126649,-0.78797549,0.00000000,0.00000000
0.23613182,-2.09228277,-1.07279217,-0.38885507,0.93569452,0.00000000,0.00000000,-0.13232987,2.15619802,1.42978394,0.77107418,-0.80613154,0.00000000,0.00000000
0.19152266,-2.10092020,-1.06714547,-0.41609484,0.95835894,0.00000000,0.00000000,-0.19624607,2.16031218,1.41449988,0.74235153,-0.82333320,0.00000000,0.00000000
0.13337281,-2.10753512,-1.06077158,-0.44999188,0.98593843,0.00000000,0.00000000,-0.25597984,2.16380119,1.39416647,0.71672964,-0.83967066,0.00000000,0.00000000
0.06553002,-2.11311269,-1.05306172,-0.49005803,1.01679409,0.00000000,0.00000000,-0.31149110,2.16684294,1.36879206,0.69457829,-0.85778910,0.00000000,0.00000000
-0.00540118,-2.12107730,-1.04241693,-0.53520393,1.04095495,0.00000000,0.00000000,-0.36278942,2.16921258,1.33925819,0.67592913,-0.86786383,0.00000000,0.00000000
-0.07394799,-2.13185000,-1.02805209,-0.58329815,1.06515062,0.00000000,0.00000000,-0.40919557,2.16995192,1.30935240,0.65957606,-0.88279301,0.00000000,0.00000000
-0.13377649,-2.14629745,-1.00851238,-0.63100845,1.07931972,0.00000000,0.00000000,-0.44884613,2.17000008,1.28513360,0.64391249,-0.89819515,0.00000000,0.00000000
-0.18194681,-2.16169810,-0.98419815,-0.67553395,1.09059906,0.00000000,0.00000000,-0.47711119,2.17000008,1.27053046,0.63018417,-0.91126215,0.00000000,0.00000000
-0.22358958,-2.16866112,-0.96023196,-0.71737087,1.09383905,0.00000000,0.00000000,-0.49169898,2.17000008,1.26539874,0.61972892,-0.92134506,0.00000000,0.00000000
-0.25863597,-2.16990566,-0.93679446,-0.75662011,1.08913147,0.00000000,0.00000000,-0.49443889,2.17000008,1.26840734,0.61195433,-0.93540972,0.00000000,0.00000000
-0.28608027,-2.16999769,-0.91395491,-0.79119533,1.07921386,0.00000000,0.00000000,-0.48727313,2.17000008,1.27828348,0.60649371,-0.95178562,0.00000000,0.00000000
-0.30614588,-2.17000008,-0.89572001,-0.81543821,1.06948340,0.00000000,0.00000000,-0.47209412,2.17000008,1.29285705,0.60356915,-0.96802181,0.00000000,0.00000000
-0.31600612,-2.17000008,-0.88196307,-0.82680094,1.04817498,0.00000000,0.00000000,-0.44987699,2.17000008,1.30988514,0.60429531,-0.98165238,0.00000000,0.00000000
-0.30827284,-2.17000008,-0.86926633,-0.82387871,1.02784348,0.00000000,0.00000000,-0.42273751,2.17000008,1.32801676,0.60852039,-0.99181730,0.00000000,0.00000000
-0.28535685,-2.17000008,-0.85925686,-0.80679345,1.00161743,0.00000000,0.00000000,-0.39112052,2.17000008,1.34661317,0.61717618,-0.99745411,0.00000000,0.00000000
-0.24918900,-2.17000008,-0.85358715,-0.77569133,0.96506453,0.00000000,0.00000000,-0.35677814,2.17000008,1.36611044,0.63047969,-0.99938250,0.00000000,0.00000000
-0.20535444,-2.17000008,-0.85475510,-0.73402953,0.92209899,0.00000000,0.00000000,-0.32324672,2.17000008,1.38763046,0.64708799,-0.99865097,0.00000000,0.00000000
-0.15647224,-2.17000008,-0.86404073,-0.68362790,0.87903267,0.00000000,0.00000000,-0.29207292,2.17000008,1.41198266,0.66584104,-1.00179195,0.00000000,0.00000000
-0.10598423,-2.16971350,-0.88108468,-0.62821317,0.84350359,0.00000000,0.00000000,-0.26002181,2.17000008,1.43867469,0.68844408,-1.00247383,0.00000000,0.00000000
-0.05888690,-2.16517138,-0.90370983,-0.57515025,0.81968838,0.00000000,0.00000000,-0.22098731,2.16996574,1.46724904,0.71788675,-1.00438797,0.00000000,0.00000000
-0.01705148,-2.14876246,-0.93003976,-0.52848518,0.78977948,0.00000000,0.00000000,-0.17378798,2.16950917,1.49819028,0.75302249,-1.00241780,0.00000000,0.00000000
0.02057215,-2.12476087,-0.95727062,-0.49084291,0.74858952,0.00000000,0.00000000,-0.11831734,2.16878414,1.52688026,0.79408401,-1.01187181,0.00000000,0.00000000
0.05723375,-2.10118556,-0.98250872,-0.46232745,0.70909709,0.00000000,0.00000000,-0.05966182,2.16913939,1.54938447,0.83749115,-1.02191365,0.00000000,0.00000000
0.09567966,-2.07962847,-1.00480831,-0.43931225,0.67744631,0.00000000,0.00000000,-0.00467515,2.16829753,1.56705499,0.87726337,-1.02335095,0.00000000,0.00000000
0.13784137,-2.06280065,-1.02320743,-0.41826606,0.62234443,0.00000000,0.00000000,0.04220087,2.16593909,1.57966125,0.91035491,-0.97688377,0.00000000,0.00000000
0.17791660,-2.04816651,-1.03908300,-0.39855322,0.57190388,0.00000000,0.00000000,0.08199379,2.16246152,1.58749938,0.93767405,-0.92978752,0.00000000,0.00000000
0.21135195,-2.03731632,-1.05273414,-0.38204694,0.52236331,0.00000000,0.00000000,0.11450465,2.15916419,1.59119606,0.95937264,-0.88232970,0.00000000,0.00000000
0.23800702,-2.03087354,-1.06403816,-0.36868677,0.47280622,0.00000000,0.00000000,0.13794009,2.15751362,1.59134734,0.97454029,-0.83417481,0.00000000,0.00000000
0.25856447,-2.02773046,-1.07314563,-0.35786641,0.43026373,0.00000000,0.00000000,0.15162091,2.15787482,1.58879924,0.98298383,-0.78475893,0.00000000,0.00000000
0.27366978,-2.02852941,-1.07990324,-0.35000739,0.38979369,0.00000000,0.00000000,0.15492436,2.15971589,1.58455122,0.98442096,-0.73294860,0.00000000,0.00000000
0.28403547,-2.03416705,-1.08412230,-0.34556177,0.34496033,0.00000000,0.00000000,0.14727421,2.16271973,1.57923055,0.97842723,-0.67715430,0.00000000,0.00000000
0.28860548,-2.04459095,-1.08596921,-0.34559137,0.30813256,0.00000000,0.00000000,0.13090619,2.16636276,1.57303011,0.96640325,-0.61894476,0.00000000,0.00000000
0.28769439,-2.05545068,-1.08624244,-0.34904870,0.27059209,0.00000000,0.00000000,0.11481117,2.16913557,1.56756115,0.95460927,-0.56430078,0.00000000,0.00000000
