l_joint1,l_joint2,l_joint3,l_joint4,l_joint5,l_joint6,l_joint7,r_joint1,r_joint2,r_joint3,r_joint4,r_joint5,r_joint6,r_joint7
0.30912834,-2.17000008,-1.35919642,-0.88560307,-0.04318561,0.00000000,0.00000000,-3.00999999,-0.52741760,1.08341217,-1.47135758,0.06565861,0.00000000,0.00000000
0.31387782,-2.17000008,-1.35832143,-0.88504398,-0.04045972,0.00000000,0.00000000,-3.00999999,-0.52934349,1.08250427,-1.47310662,0.09502754,0.00000000,0.00000000
0.32025591,-2.17000008,-1.36242342,-0.88255149,-0.04571580,0.00000000,0.00000000,-3.00999999,-0.53225964,1.08228230,-1.47661030,0.13234210,0.00000000,0.00000000
0.32425836,-2.17000008,-1.36980593,-0.87961727,-0.05946295,0.00000000,0.00000000,-3.00999999,-0.53511453,1.08337998,-1.48063111,0.16525452,0.00000000,0.00000000
0.32843024,-2.17000008,-1.37494731,-0.87634522,-0.06401804,0.00000000,0.00000000,-3.00999999,-0.53832048,1.08533275,-1.48466218,0.19531468,0.00000000,0.00000000
0.33154476,-2.17000008,-1.37918091,-0.87264365,-0.06605201,0.00000000,0.00000000,-3.00999999,-0.54182470,1.08853841,-1.48897207,0.23118430,0.00000000,0.00000000
0.33484161,-2.16995645,-1.38169670,-0.86828965,-0.06982850,0.00000000,0.00000000,-3.00999999,-0.54549193,1.09301651,-1.49360812,0.26583549,0.00000000,0.00000000
0.33684051,-2.16937494,-1.38461280,-0.86343366,-0.07650875,0.00000000,0.00000000,-3.00999999,-0.54907787,1.09913933,-1.49876702,0.30450135,0.00000000,0.00000000
0.33605275,-2.16847968,-1.38839889,-0.85912073,-0.08337665,0.00000000,0.00000000,-3.00999999,-0.55237007,1.10735536,-1.50464559,0.34669882,0.00000000,0.00000000
0.33615956,-2.16937399,-1.38589740,-0.85660845,-0.09108704,0.00000000,0.00000000,-3.00999999,-0.55569714,1.11757231,-1.51131487,0.39128155,0.00000000,0.00000000
0.33607376,-2.16995621,-1.37812281,-0.85579193,-0.10771696,0.00000000,0.00000000,-3.00999999,-0.55870336,1.13083053,-1.51948118,0.44205293,0.00000000,0.00000000
0.33384994,-2.17000008,-1.36942649,-0.85576510,-0.11114472,0.00000000,0.00000000,-3.00999999,-0.56093878,1.14874017,-1.53020537,0.49512661,0.00000000,0.00000000
0.32985154,-2.17000008,-1.36123860,-0.85586166,-0.10326920,0.00000000,0.00000000,-3.00999999,-0.56191474,1.17298102,-1.54462433,0.54409629,0.00000000,0.00000000
0.32448459,-2.17000008,-1.35405731,-0.85590976,-0.09908150,0.00000000,0.00000000,-3.00999999,-0.56071180,1.20544088,-1.56396472,0.59126991,0.00000000,0.00000000
0.31810015,-2.17000008,-1.34853220,-0.85573518,-0.09978574,0.00000000,0.00000000,-3.00999999,-0.55590403,1.24808574,-1.58918858,0.63622171,0.00000000,0.00000000
0.31235069,-2.17000008,-1.34493732,-0.85479760,-0.11164694,0.00000000,0.00000000,-3.00964737,-0.54571569,1.30247724,-1.62055552,0.65976322,0.00000000,0.00000000
0.30840075,-2.17000008,-1.34314013,-0.85282266,-0.12511916,0.00000000,0.00000000,-3.00388002,-0.52854490,1.36903572,-1.65662122,0.67335021,0.00000000,0.00000000
0.30439469,-2.17000008,-1.34369767,-0.85018373,-0.14563797,0.00000000,0.00000000,-2.98065376,-0.50400978,1.44603145,-1.69374907,0.68911254,0.00000000,0.00000000
0.30004364,-2.17000008,-1.34502399,-0.84698218,-0.16829455,0.00000000,0.00000000,-2.93673348,-0.47286785,1.52928758,-1.72715819,0.69844693,0.00000000,0.00000000
0.29456371,-2.17000008,-1.34740686,-0.84286606,-0.18383020,0.00000000,0.00000000,-2.87633157,-0.43658358,1.61475074,-1.75357747,0.69811982,0.00000000,0.00000000
0.28751126,-2.17000008,-1.35084581,-0.83773297,-0.20231371,0.00000000,0.00000000,-2.80498958,-0.39734289,1.69856203,-1.77069247,0.69478595,0.00000000,0.00000000
0.27972817,-2.17000008,-1.35415709,-0.83167779,-0.22265263,0.00000000,0.00000000,-2.72744131,-0.35746217,1.77739704,-1.77684343,0.69714260,0.00000000,0.00000000
0.27216536,-2.17000008,-1.35633719,-0.82496595,-0.24199210,0.00000000,0.00000000,-2.64720631,-0.31914419,1.84828365,-1.77180696,0.68889654,0.00000000,0.00000000
0.26393872,-2.17000008,-1.35849810,-0.81797200,-0.25575095,0.00000000,0.00000000,-2.56680489,-0.28382167,1.90845990,-1.75666237,0.67936271,0.00000000,0.00000000
0.25183105,-2.17000008,-1.36359227,-0.81167066,-0.27223477,0.00000000,0.00000000,-2.48725510,-0.25223857,1.95584512,-1.73388433,0.65942299,0.00000000,0.00000000
0.24056168,-2.17000008,-1.36706173,-0.80633533,-0.29294172,0.00000000,0.00000000,-2.40917516,-0.22523479,1.98895073,-1.70607674,0.63152003,0.00000000,0.00000000
0.23198968,-2.17000008,-1.36734056,-0.80226982,-0.31532416,0.00000000,0.00000000,-2.33332443,-0.20279405,2.00487638,-1.67791283,0.60041970,0.00000000,0.00000000
0.22591786,-2.17000008,-1.36625445,-0.79922545,-0.32896870,0.00000000,0.00000000,-2.26088905,-0.18408403,1.99971604,-1.65576017,0.57339746,0.00000000,0.00000000
0.22229002,-2.17000008,-1.36594784,-0.79685467,-0.34820354,0.00000000,0.00000000,-2.19416761,-0.16850798,1.97080660,-1.64274573,0.53237289,0.00000000,0.00000000
0.22068813,-2.17000008,-1.36634064,-0.79520738,-0.36988127,0.00000000,0.00000000,-2.13474154,-0.15515096,1.91753459,-1.63961315,0.49214059,0.00000000,0.00000000
0.22030701,-2.17000008,-1.36830246,-0.79404581,-0.38605097,0.00000000,0.00000000,-2.08415246,-0.14405933,1.84022295,-1.64809251,0.44919714,0.00000000,0.00000000
0.22026926,-2.17000008,-1.37047243,-0.79398388,-0.40550113,0.00000000,0.00000000,-2.04641891,-0.13619743,1.74388480,-1.66681755,0.41203105,0.00000000,0.00000000
0.21981211,-2.17000008,-1.37105715,-0.79586995,-0.42553452,0.00000000,0.00000000,-2.02512360,-0.13011174,1.64216554,-1.69093215,0.38271046,0.00000000,0.00000000
0.22140810,-2.17000008,-1.37040377,-0.79846537,-0.43988648,0.00000000,0.00000000,-2.01645446,-0.12175167,1.55415726,-1.71152377,0.34996915,0.00000000,0.00000000
0.22534983,-2.17000008,-1.37006140,-0.80077308,-0.44966224,0.00000000,0.00000000,-2.00784683,-0.10841756,1.49405348,-1.72472584,0.31592402,0.00000000,0.00000000
0.22935355,-2.17000008,-1.36957264,-0.80346370,-0.45843312,0.00000000,0.00000000,-1.99564481,-0.09187447,1.46408153,-1.72798181,0.29293001,0.00000000,0.00000000
0.23219939,-2.17000008,-1.36809492,-0.80686772,-0.46322003,0.00000000,0.00000000,-1.97944629,-0.07418105,1.46297228,-1.71958411,0.28096902,0.00000000,0.00000000
0.23430903,-2.17000008,-1.36520123,-0.81046808,-0.45458126,0.00000000,0.00000000,-1.95853829,-0.05652092,1.48924112,-1.69861972,0.27583277,0.00000000,0.00000000
0.23629162,-2.17000008,-1.36116016,-0.81332302,-0.45595464,0.00000000,0.00000000,-1.93323135,-0.03956130,1.53992093,-1.66443253,0.26490948,0.00000000,0.00000000
0.23875396,-2.17000008,-1.35602093,-0.81480265,-0.46409991,0.00000000,0.00000000,-1.90498853,-0.02398497,1.60735798,-1.61901081,0.25023532,0.00000000,0.00000000
0.23918672,-2.17000008,-1.35278285,-0.81528074,-0.46912766,0.00000000,0.00000000,-1.87562048,-0.01111781,1.67620981,-1.57276785,0.24271724,0.00000000,0.00000000
0.23904204,-2.17000008,-1.35202467,-0.81449819,-0.46962598,0.00000000,0.00000000,-1.84967029,-0.00251136,1.72946680,-1.53895235,0.24295111,0.00000000,0.00000000
0.23981458,-2.17000008,-1.35477149,-0.81221092,-0.47116557,0.00000000,0.00000000,-1.83192563,0.00216284,1.75886655,-1.52164221,0.24391437,0.00000000,0.00000000
0.24176449,-2.17000008,-1.36191189,-0.80906439,-0.46482527,0.00000000,0.00000000,-1.82445216,0.00409003,1.76224065,-1.52023113,0.25126472,0.00000000,0.00000000
0.24747232,-2.17000008,-1.36794364,-0.80655611,-0.45570529,0.00000000,0.00000000,-1.82837510,0.00352285,1.73885798,-1.53369546,0.25308332,0.00000000,0.00000000
0.25537631,-2.17000008,-1.37371755,-0.80469894,-0.44368923,0.00000000,0.00000000,-1.84286284,0.00085396,1.68944621,-1.56217337,0.25871223,0.00000000,0.00000000
0.26128072,-2.16997862,-1.38340378,-0.80352277,-0.43100309,0.00000000,0.00000000,-1.86488330,-0.00314015,1.61734533,-1.60531116,0.26963949,0.00000000,0.00000000
0.26296553,-2.16969156,-1.39702582,-0.80366236,-0.42686573,0.00000000,0.00000000,-1.88938963,-0.00602598,1.53287530,-1.65693748,0.28982344,0.00000000,0.00000000
0.26405293,-2.16922903,-1.41021991,-0.80463678,-0.41653898,0.00000000,0.00000000,-1.91190743,-0.00408384,1.45370936,-1.70472550,0.30621940,0.00000000,0.00000000
0.26706472,-2.16963291,-1.41900361,-0.80641711,-0.39791018,0.00000000,0.00000000,-1.92988503,0.00323506,1.39256084,-1.74169385,0.32912263,0.00000000,0.00000000
0.26978520,-2.16995430,-1.42361701,-0.80960363,-0.38293001,0.00000000,0.00000000,-1.94167304,0.01439676,1.35458493,-1.76634502,0.35183057,0.00000000,0.00000000
0.27121326,-2.16999865,-1.42465460,-0.81410694,-0.36787656,0.00000000,0.00000000,-1.94659972,0.02788004,1.34092975,-1.77815032,0.36874253,0.00000000,0.00000000
0.27136272,-2.17000008,-1.42239857,-0.81952566,-0.34397537,0.00000000,0.00000000,-1.94470143,0.04251989,1.35092223,-1.77647829,0.38071805,0.00000000,0.00000000
0.27066588,-2.17000008,-1.41740835,-0.82516170,-0.32708374,0.00000000,0.00000000,-1.93655372,0.05751301,1.38255835,-1.76078022,0.38368919,0.00000000,0.00000000
0.26886770,-2.17000008,-1.41106606,-0.83052319,-0.30327836,0.00000000,0.00000000,-1.92338991,0.07247243,1.43216729,-1.73114526,0.38864738,0.00000000,0.00000000
0.26716667,-2.17000008,-1.40356064,-0.83503318,-0.28187785,0.00000000,0.00000000,-1.90736175,0.08722183,1.49351072,-1.68936670,0.39374810,0.00000000,0.00000000
0.26511776,-2.17000008,-1.39597833,-0.83910507,-0.25286764,0.00000000,0.00000000,-1.89086676,0.10141955,1.55719185,-1.64160728,0.41200846,0.00000000,0.00000000
0.26286182,-2.17000008,-1.38914323,-0.84291333,-0.23492160,0.00000000,0.00000000,-1.87635314,0.11421034,1.61202812,-1.59941554,0.43528697,0.00000000,0.00000000
0.26141858,-2.17000008,-1.38353729,-0.84633547,-0.21550657,0.00000000,0.00000000,-1.86788332,0.12458239,1.64843988,-1.57331789,0.46047723,0.00000000,0.00000000
0.26228663,-2.17000008,-1.38010144,-0.84905434,-0.18557437,0.00000000,0.00000000,-1.86884761,0.13248484,1.66206479,-1.56698918,0.49500379,0.00000000,0.00000000
0.26785618,-2.17000008,-1.37829411,-0.85070872,-0.16144693,0.00000000,0.00000000,-1.88056684,0.13747367,1.65205121,-1.58128309,0.52172178,0.00000000,0.00000000
0.27652901,-2.17000008,-1.37899971,-0.85122097,-0.13775449,0.00000000,0.00000000,-1.90275025,0.13687842,1.61911130,-1.61746609,0.55109638,0.00000000,0.00000000
0.28434595,-2.17000008,-1.38162303,-0.85148054,-0.11998356,0.00000000,0.00000000,-1.93062770,0.12835325,1.56980109,-1.67451775,0.58870673,0.00000000,0.00000000
0.28662351,-2.17000008,-1.38926518,-0.85204810,-0.10755514,0.00000000,0.00000000,-1.95353937,0.11599608,1.52333272,-1.74008691,0.63022125,0.00000000,0.00000000
0.28731802,-2.17000008,-1.39870334,-0.85147786,-0.09676196,0.00000000,0.00000000,-1.97189033,0.10201426,1.49345708,-1.79479241,0.66597849,0.00000000,0.00000000
0.28730646,-2.16998649,-1.40849662,-0.85037571,-0.09318540,0.00000000,0.00000000,-1.98557949,0.08709279,1.48635483,-1.83306587,0.69966567,0.00000000,0.00000000
0.28640315,-2.16980577,-1.41800010,-0.84965825,-0.09147224,0.00000000,0.00000000,-1.99497700,0.07142457,1.50325286,-1.85450637,0.72563642,0.00000000,0.00000000
0.28484061,-2.16952705,-1.42620587,-0.84996110,-0.08009478,0.00000000,0.00000000,-2.00315738,0.05481925,1.54171038,-1.85730982,0.74354011,0.00000000,0.00000000
0.28461540,-2.16980577,-1.43092442,-0.85091066,-0.07434645,0.00000000,0.00000000,-2.01521254,0.03698675,1.59542847,-1.83940423,0.76242638,0.00000000,0.00000000
0.28367245,-2.16998672,-1.43350232,-0.85286516,-0.07781734,0.00000000,0.00000000,-2.03454995,0.01764447,1.65495038,-1.80325735,0.78147560,0.00000000,0.00000000
0.28166339,-2.17000008,-1.43509591,-0.85514992,-0.06979513,0.00000000,0.00000000,-2.06279111,-0.00328668,1.71000695,-1.75529730,0.80104536,0.00000000,0.00000000
0.27964535,-2.16998434,-1.43553698,-0.85681671,-0.07447979,0.00000000,0.00000000,-2.10001993,-0.02576372,1.75309825,-1.70183539,0.82364887,0.00000000,0.00000000
0.27931726,-2.16977525,-1.43370366,-0.85701412,-0.07606045,0.00000000,0.00000000,-2.14389777,-0.05001219,1.78109729,-1.64746857,0.84359652,0.00000000,0.00000000
0.28060722,-2.16945314,-1.42849612,-0.85568112,-0.07792336,0.00000000,0.00000000,-2.19028783,-0.07651293,1.79407740,-1.59525335,0.85548127,0.00000000,0.00000000
0.28308359,-2.16977525,-1.41884232,-0.85299850,-0.07076584,0.00000000,0.00000000,-2.23537326,-0.10559368,1.79367137,-1.54625463,0.85802275,0.00000000,0.00000000
0.28439179,-2.16998458,-1.40604818,-0.84929514,-0.06843897,0.00000000,0.00000000,-2.27662778,-0.13699692,1.78237212,-1.50006139,0.85787278,0.00000000,0.00000000
0.28376809,-2.17000008,-1.39091539,-0.84457165,-0.07108133,0.00000000,0.00000000,-2.31223750,-0.16978818,1.76380372,-1.45560241,0.85215509,0.00000000,0.00000000
0.28076577,-2.17000008,-1.37442911,-0.83923620,-0.07861207,0.00000000,0.00000000,-2.34105420,-0.20303817,1.74118936,-1.41235209,0.85011929,0.00000000,0.00000000
0.27203581,-2.17000008,-1.36025405,-0.83495778,-0.08258399,0.00000000,0.00000000,-2.36223078,-0.23532674,1.71802819,-1.36988056,0.84552008,0.00000000,0.00000000
0.26326403,-2.17000008,-1.34560466,-0.83125383,-0.08509471,0.00000000,0.00000000,-2.37556863,-0.26458144,1.69706798,-1.32815003,0.83469063,0.00000000,0.00000000
0.25604817,-2.17000008,-1.32958889,-0.82880908,-0.08426242,0.00000000,0.00000000,-2.38163328,-0.28915119,1.67888916,-1.28758276,0.82422072,0.00000000,0.00000000
0.24810424,-2.17000008,-1.31483924,-0.82798111,-0.07759469,0.00000000,0.00000000,-2.38113308,-0.30777991,1.66343474,-1.24881136,0.82047826,0.00000000,0.00000000
0.24052888,-2.17000008,-1.30305612,-0.82796478,-0.06226350,0.00000000,0.00000000,-2.37255573,-0.31663275,1.65336215,-1.21558118,0.82620400,0.00000000,0.00000000
0.23313595,-2.17000008,-1.29567194,-0.82829374,-0.05015354,0.00000000,0.00000000,-2.35615349,-0.31443641,1.64845157,-1.19779241,0.83453339,0.00000000,0.00000000
0.22836907,-2.17000008,-1.29005480,-0.82908940,-0.04854980,0.00000000,0.00000000,-2.34005952,-0.31112328,1.63929677,-1.20318353,0.85649347,0.00000000,0.00000000
0.22765405,-2.17000008,-1.28507805,-0.83047301,-0.04740679,0.00000000,0.00000000,-2.32633233,-0.30978924,1.62359226,-1.23417830,0.88046885,0.00000000,0.00000000
0.22919364,-2.16997957,-1.28398108,-0.83176523,-0.04866706,0.00000000,0.00000000,-2.31343102,-0.31050023,1.60176861,-1.29188871,0.89909017,0.00000000,0.00000000
0.23386653,-2.16970825,-1.28622866,-0.83267313,-0.04813296,0.00000000,0.00000000,-2.29786038,-0.31465468,1.57441354,-1.37725592,0.91888297,0.00000000,0.00000000
0.24318203,-2.16929007,-1.28815770,-0.83381593,-0.04443876,0.00000000,0.00000000,-2.27190375,-0.32184196,1.54655647,-1.48467624,0.94039893,0.00000000,0.00000000
0.25412294,-2.16968632,-1.28749621,-0.83656234,-0.04280331,0.00000000,0.00000000,-2.24435544,-0.33006167,1.52327597,-1.58919990,0.96482044,0.00000000,0.00000000
0.26293918,-2.16966629,-1.28860450,-0.83946276,-0.04916902,0.00000000,0.00000000,-2.22174382,-0.33795753,1.50653625,-1.67745364,0.99553746,0.00000000,0.00000000
0.26895747,-2.16923714,-1.29163384,-0.84197783,-0.05870227,0.00000000,0.00000000,-2.20505309,-0.34476706,1.49650264,-1.74557102,1.01921129,0.00000000,0.00000000
0.27615827,-2.16968632,-1.29258668,-0.84325206,-0.05509383,0.00000000,0.00000000,-2.19402814,-0.34946117,1.49296308,-1.79148567,1.03759325,0.00000000,0.00000000
0.27894560,-2.16997790,-1.29630315,-0.84389240,-0.05411239,0.00000000,0.00000000,-2.18788600,-0.35091949,1.49552119,-1.81443965,1.05420852,0.00000000,0.00000000
0.27814451,-2.16999483,-1.30224156,-0.84317791,-0.04252183,0.00000000,0.00000000,-2.18583798,-0.34899497,1.50340152,-1.81439114,1.06255031,0.00000000,0.00000000
0.27513793,-2.16998720,-1.30824018,-0.84159213,-0.04343107,0.00000000,0.00000000,-2.18697524,-0.34375551,1.51557565,-1.79192197,1.07069445,0.00000000,0.00000000
0.27469817,-2.16999483,-1.31005859,-0.83889109,-0.04441518,0.00000000,0.00000000,-2.19047356,-0.33555922,1.53080130,-1.74847698,1.08075464,0.00000000,0.00000000
0.27512601,-2.16999984,-1.30976665,-0.83516264,-0.04870392,0.00000000,0.00000000,-2.19557047,-0.32473764,1.54775226,-1.68674946,1.08053684,0.00000000,0.00000000
0.26998502,-2.17000008,-1.31369030,-0.83120805,-0.06365569,0.00000000,0.00000000,-2.20192337,-0.31141952,1.56504619,-1.61080146,1.07899034,0.00000000,0.00000000
0.26357228,-2.17000008,-1.31680310,-0.82659143,-0.07927890,0.00000000,0.00000000,-2.20812941,-0.29660076,1.58086145,-1.52735758,1.06231797,0.00000000,0.00000000
0.25584507,-2.16997051,-1.31787241,-0.82243586,-0.09563860,0.00000000,0.00000000,-2.21081424,-0.28213343,1.59282184,-1.45045614,1.03442228,0.00000000,0.00000000
0.24866721,-2.16957474,-1.31822741,-0.81847143,-0.10528345,0.00000000,0.00000000,-2.21239853,-0.27164504,1.59729409,-1.39718950,1.00231671,0.00000000,0.00000000
0.24398728,-2.16896534,-1.31768572,-0.81498772,-0.11024859,0.00000000,0.00000000,-2.21528220,-0.26546320,1.59518027,-1.37226856,0.97478396,0.00000000,0.00000000
0.24102654,-2.16957474,-1.31481636,-0.81403643,-0.11421356,0.00000000,0.00000000,-2.21901345,-0.26314807,1.58788133,-1.37590122,0.95735013,0.00000000,0.00000000
0.24234104,-2.16997051,-1.31236887,-0.81404293,-0.13184547,0.00000000,0.00000000,-2.22353482,-0.26564741,1.57489717,-1.40814352,0.93708748,0.00000000,0.00000000
0.24792533,-2.17000008,-1.30899751,-0.81463605,-0.14879572,0.00000000,0.00000000,-2.22511816,-0.27346292,1.55603814,-1.47009981,0.91314811,0.00000000,0.00000000
0.25486094,-2.17000008,-1.30650520,-0.81498641,-0.15975077,0.00000000,0.00000000,-2.21831965,-0.28506452,1.53387558,-1.55611491,0.89296758,0.00000000,0.00000000
0.25951928,-2.17000008,-1.30576408,-0.81540567,-0.17255010,0.00000000,0.00000000,-2.20739102,-0.29680172,1.51429164,-1.64391160,0.87181467,0.00000000,0.00000000
0.26159048,-2.17000008,-1.30538166,-0.81593406,-0.18458310,0.00000000,0.00000000,-2.19773936,-0.30768630,1.49963760,-1.71949434,0.85616422,0.00000000,0.00000000
0.26366854,-2.17000008,-1.30397797,-0.81547403,-0.20231007,0.00000000,0.00000000,-2.19056773,-0.31756988,1.49050999,-1.77757740,0.84877259,0.00000000,0.00000000
0.26386830,-2.17000008,-1.30270267,-0.81458473,-0.22652990,0.00000000,0.00000000,-2.18511081,-0.32551172,1.48722327,-1.81548536,0.83894074,0.00000000,0.00000000
0.26444960,-2.17000008,-1.29907358,-0.81338501,-0.24879891,0.00000000,0.00000000,-2.18085670,-0.33097506,1.48931730,-1.83195698,0.84123355,0.00000000,0.00000000
0.26493847,-2.17000008,-1.29542196,-0.81109518,-0.26183513,0.00000000,0.00000000,-2.17787790,-0.33335701,1.49580181,-1.82667446,0.84389418,0.00000000,0.00000000
0.25861087,-2.17000008,-1.29736853,-0.80915499,-0.27165857,0.00000000,0.00000000,-2.17597365,-0.33213553,1.50568461,-1.80037332,0.84318757,0.00000000,0.00000000
0.25177425,-2.17000008,-1.29953492,-0.80639321,-0.27040255,0.00000000,0.00000000,-2.17527986,-0.32783756,1.51771641,-1.75473583,0.84921378,0.00000000,0.00000000
0.24541590,-2.17000008,-1.30106139,-0.80269682,-0.26268521,0.00000000,0.00000000,-2.17594194,-0.32086259,1.53081012,-1.69273710,0.84628600,0.00000000,0.00000000
0.23879480,-2.17000008,-1.30278432,-0.79822803,-0.25914633,0.00000000,0.00000000,-2.17798185,-0.31164655,1.54368424,-1.61871099,0.85036069,0.00000000,0.00000000
0.23135407,-2.17000008,-1.30404186,-0.79377598,-0.25723490,0.00000000,0.00000000,-2.17885876,-0.30071157,1.55525029,-1.54044664,0.86510682,0.00000000,0.00000000
0.22370757,-2.17000008,-1.30452061,-0.78966939,-0.26144308,0.00000000,0.00000000,-2.17434692,-0.28960112,1.56372023,-1.47337532,0.88471377,0.00000000,0.00000000
0.21728218,-2.17000008,-1.30415845,-0.78620231,-0.26397771,0.00000000,0.00000000,-2.17099190,-0.28120381,1.56619275,-1.43031645,0.90754098,0.00000000,0.00000000
0.21351707,-2.17000008,-1.30305111,-0.78417522,-0.27460280,0.00000000,0.00000000,-2.17185760,-0.27551875,1.56361532,-1.41442752,0.92116225,0.00000000,0.00000000
0.21290153,-2.17000008,-1.30109560,-0.78475344,-0.28014663,0.00000000,0.00000000,-2.17712402,-0.27233458,1.55676353,-1.42560780,0.93714625,0.00000000,0.00000000
0.21600789,-2.17000008,-1.29981017,-0.78682065,-0.29300663,0.00000000,0.00000000,-2.18607020,-0.27159533,1.54614508,-1.46429205,0.95472836,0.00000000,0.00000000
0.22233024,-2.17000008,-1.30044675,-0.78866929,-0.30538088,0.00000000,0.00000000,-2.19809008,-0.27417630,1.53115427,-1.53107524,0.97472572,0.00000000,0.00000000
0.22993511,-2.17000008,-1.30293262,-0.79002565,-0.32039025,0.00000000,0.00000000,-2.20955086,-0.28088322,1.51127148,-1.62551224,0.98967892,0.00000000,0.00000000
0.23774515,-2.17000008,-1.30601668,-0.79156119,-0.33250219,0.00000000,0.00000000,-2.21404243,-0.28954515,1.49038994,-1.73840463,1.00675941,0.00000000,0.00000000
0.24401765,-2.17000008,-1.30863297,-0.79422319,-0.34916744,0.00000000,0.00000000,-2.22117543,-0.29844344,1.47038376,-1.84631097,1.01617801,0.00000000,0.00000000
0.24924219,-2.17000008,-1.31057143,-0.79758751,-0.36123103,0.00000000,0.00000000,-2.23746657,-0.30594644,1.45223916,-1.93735266,1.03136718,0.00000000,0.00000000
0.25404623,-2.17000008,-1.31215191,-0.80097085,-0.38207030,0.00000000,0.00000000,-2.26404953,-0.31088805,1.43668008,-2.00776887,1.04881322,0.00000000,0.00000000
0.25885299,-2.17000008,-1.31357813,-0.80389190,-0.40688345,0.00000000,0.00000000,-2.29999804,-0.31286660,1.42466640,-2.05605412,1.06312227,0.00000000,0.00000000
0.26344499,-2.17000008,-1.31508589,-0.80616045,-0.43464094,0.00000000,0.00000000,-2.34384322,-0.31191030,1.41661775,-2.08203816,1.08732164,0.00000000,0.00000000
0.26683173,-2.17000008,-1.31707931,-0.80777079,-0.47430056,0.00000000,0.00000000,-2.39447665,-0.30810538,1.41224766,-2.08633399,1.11080968,0.00000000,0.00000000
0.26927879,-2.17000008,-1.31955004,-0.80823296,-0.51027381,0.00000000,0.00000000,-2.45095634,-0.30093712,1.41114199,-2.07026362,1.13823497,0.00000000,0.00000000
0.27024928,-2.17000008,-1.32262087,-0.80738568,-0.54132736,0.00000000,0.00000000,-2.51212287,-0.28978625,1.41298842,-2.03593707,1.17165446,0.00000000,0.00000000
0.27037433,-2.17000008,-1.32423794,-0.80566072,-0.56529135,0.00000000,0.00000000,-2.57616019,-0.27449724,1.41752851,-1.98645926,1.20912218,0.00000000,0.00000000
0.26966158,-2.16998434,-1.32301414,-0.80378586,-0.59127313,0.00000000,0.00000000,-2.64090657,-0.25632706,1.42461860,-1.92571688,1.24012566,0.00000000,0.00000000
0.26787087,-2.16977549,-1.31955349,-0.80176830,-0.62620395,0.00000000,0.00000000,-2.70373964,-0.23680061,1.43569636,-1.85720742,1.25847018,0.00000000,0.00000000
0.26488286,-2.16945314,-1.31323469,-0.80036479,-0.65147948,0.00000000,0.00000000,-2.76131248,-0.21780664,1.45308721,-1.78458250,1.27731967,0.00000000,0.00000000
0.26208663,-2.16977549,-1.30292380,-0.79997700,-0.68166900,0.00000000,0.00000000,-2.80876231,-0.20086136,1.48018444,-1.71269476,1.29615557,0.00000000,0.00000000
0.25805825,-2.16998458,-1.29297280,-0.79922026,-0.70477688,0.00000000,0.00000000,-2.84029961,-0.18593453,1.52080369,-1.64712584,1.30770802,0.00000000,0.00000000
0.25290209,-2.17000008,-1.28617513,-0.79744172,-0.72932780,0.00000000,0.00000000,-2.85129094,-0.17265478,1.57673430,-1.59255791,1.31330121,0.00000000,0.00000000
0.25108004,-2.17000008,-1.28028810,-0.79460227,-0.72955412,0.00000000,0.00000000,-2.83868122,-0.16076222,1.64682341,-1.55193841,1.31931865,0.00000000,0.00000000
0.25228778,-2.17000008,-1.27629101,-0.79048151,-0.73258263,0.00000000,0.00000000,-2.80149293,-0.14908063,1.72652292,-1.52623951,1.32449937,0.00000000,0.00000000
0.25215834,-2.17000008,-1.27831030,-0.78479987,-0.73013663,0.00000000,0.00000000,-2.74160981,-0.13493615,1.80861509,-1.51505625,1.33548117,0.00000000,0.00000000
0.25382757,-2.17000008,-1.28215408,-0.77787828,-0.72574192,0.00000000,0.00000000,-2.66431928,-0.11689979,1.88435638,-1.51666427,1.34411609,0.00000000,0.00000000
0.25674891,-2.17000008,-1.28862619,-0.76960003,-0.71547270,0.00000000,0.00000000,-2.57539725,-0.09451255,1.94657254,-1.52854526,1.34451580,0.00000000,0.00000000
0.25618306,-2.17000008,-1.30247641,-0.75997806,-0.70825028,0.00000000,0.00000000,-2.47960091,-0.06843434,1.99099731,-1.54722607,1.34416533,0.00000000,0.00000000
0.25281280,-2.16996217,-1.32176375,-0.74955988,-0.70144725,0.00000000,0.00000000,-2.38147187,-0.04079231,2.01517677,-1.56901097,1.33714497,0.00000000,0.00000000
0.25017333,-2.16942763,-1.33939266,-0.74017656,-0.68883318,0.00000000,0.00000000,-2.28464365,-0.01454601,2.01836133,-1.59068668,1.31863916,0.00000000,0.00000000
0.24811465,-2.16825795,-1.35335004,-0.73232108,-0.68531203,0.00000000,0.00000000,-2.19239116,0.00821622,2.00076413,-1.61007810,1.29843688,0.00000000,0.00000000
0.24627510,-2.16841412,-1.36188281,-0.72712368,-0.68246186,0.00000000,0.00000000,-2.10809302,0.02612786,1.96271431,-1.62617779,1.26923788,0.00000000,0.00000000
0.24474771,-2.16918826,-1.36603105,-0.72406894,-0.68205875,0.00000000,0.00000000,-2.03414273,0.03945399,1.90502119,-1.63936985,1.23965216,0.00000000,0.00000000
0.24328339,-2.16816092,-1.36901855,-0.72148454,-0.66839474,0.00000000,0.00000000,-1.97114766,0.04926182,1.82905757,-1.65141046,1.20951784,0.00000000,0.00000000
0.24220954,-2.16687942,-1.36852312,-0.72110313,-0.64993715,0.00000000,0.00000000,-1.91922402,0.05508815,1.73635340,-1.66325164,1.19098127,0.00000000,0.00000000
0.24072614,-2.16792917,-1.36324573,-0.72492522,-0.63974077,0.00000000,0.00000000,-1.87596250,0.05623322,1.63143957,-1.67539632,1.17737770,0.00000000,0.00000000
0.23919639,-2.16771317,-1.35653067,-0.72996432,-0.62690872,0.00000000,0.00000000,-1.83510232,0.05407086,1.52515984,-1.69003594,1.16216886,0.00000000,0.00000000
0.23593476,-2.16909266,-1.34675086,-0.73724103,-0.61237013,0.00000000,0.00000000,-1.79596317,0.04914903,1.42807996,-1.70221245,1.14930093,0.00000000,0.00000000
0.23398635,-2.16993713,-1.33547997,-0.74359244,-0.59586126,0.00000000,0.00000000,-1.75681221,0.04410024,1.35029840,-1.70182943,1.14285648,0.00000000,0.00000000
0.23289849,-2.17000008,-1.32551157,-0.74718606,-0.57916886,0.00000000,0.00000000,-1.71537900,0.04169647,1.29715502,-1.68447411,1.13385880,0.00000000,0.00000000
0.23051676,-2.17000008,-1.31805229,-0.74835199,-0.56622338,0.00000000,0.00000000,-1.67109740,0.04343236,1.26950514,-1.64936864,1.12198663,0.00000000,0.00000000
0.22797364,-2.17000008,-1.31253469,-0.74697393,-0.55738586,0.00000000,0.00000000,-1.62219930,0.05023802,1.26728547,-1.59796882,1.10293305,0.00000000,0.00000000
0.22558677,-2.17000008,-1.30946898,-0.74315816,-0.53962016,0.00000000,0.00000000,-1.56876540,0.06331021,1.28837299,-1.53192401,1.08078134,0.00000000,0.00000000
0.22210626,-2.17000008,-1.30927217,-0.73795515,-0.52460402,0.00000000,0.00000000,-1.51767111,0.08054935,1.32253480,-1.45760727,1.05695570,0.00000000,0.00000000
0.21987060,-2.17000008,-1.30935204,-0.73265821,-0.50365537,0.00000000,0.00000000,-1.47761440,0.09393647,1.35175419,-1.39452314,1.03452682,0.00000000,0.00000000
0.21999139,-2.17000008,-1.31174135,-0.72724777,-0.47729531,0.00000000,0.00000000,-1.44776785,0.10152873,1.36767519,-1.35507846,1.01257706,0.00000000,0.00000000
0.21920645,-2.16997862,-1.31948817,-0.72169137,-0.45213822,0.00000000,0.00000000,-1.42739010,0.10325092,1.36630201,-1.34147954,1.00065458,0.00000000,0.00000000
0.22088847,-2.16969252,-1.32771206,-0.71668994,-0.41646752,0.00000000,0.00000000,-1.41812003,0.09800511,1.34485781,-1.35255587,0.99610847,0.00000000,0.00000000
0.22560544,-2.16925168,-1.33497667,-0.71326315,-0.37675589,0.00000000,0.00000000,-1.42025924,0.08500738,1.30336452,-1.38572359,0.99140710,0.00000000,0.00000000
0.23124166,-2.16969252,-1.33971691,-0.71341074,-0.33275437,0.00000000,0.00000000,-1.43502498,0.06608018,1.24621952,-1.42976153,0.98321152,0.00000000,0.00000000
0.23644111,-2.16997862,-1.34334910,-0.71493191,-0.30043730,0.00000000,0.00000000,-1.45326614,0.04799931,1.18830419,-1.47172868,0.97029394,0.00000000,0.00000000
0.24041870,-2.17000008,-1.34566224,-0.71697420,-0.26362729,0.00000000,0.00000000,-1.46674919,0.03549900,1.14367366,-1.50445282,0.95018911,0.00000000,0.00000000
0.24223393,-2.17000008,-1.34579337,-0.71969652,-0.22127075,0.00000000,0.00000000,-1.47383034,0.02903754,1.11795890,-1.52464032,0.92794907,0.00000000,0.00000000
0.24100944,-2.17000008,-1.34465003,-0.72223437,-0.17809841,0.00000000,0.00000000,-1.47434986,0.02839051,1.11294270,-1.53090310,0.89691466,0.00000000,0.00000000
0.23745389,-2.17000008,-1.34221244,-0.72405767,-0.13421631,0.00000000,0.00000000,-1.46894133,0.03354487,1.12852228,-1.52235699,0.85988164,0.00000000,0.00000000
0.23329037,-2.17000008,-1.33727825,-0.72553170,-0.10470971,0.00000000,0.00000000,-1.45909452,0.04436903,1.16256309,-1.49875546,0.81410462,0.00000000,0.00000000
0.22986890,-2.17000008,-1.33051205,-0.72628498,-0.08557118,0.00000000,0.00000000,-1.44705689,0.06065439,1.21019423,-1.46141732,0.77942204,0.00000000,0.00000000
0.22796832,-2.17000008,-1.32370782,-0.72556341,-0.06454628,0.00000000,0.00000000,-1.43611860,0.08063250,1.26205575,-1.41532040,0.74508071,0.00000000,0.00000000
0.22489242,-2.17000008,-1.32118344,-0.72294885,-0.04028275,0.00000000,0.00000000,-1.42805147,0.09870803,1.30579841,-1.37449372,0.71905285,0.00000000,0.00000000
0.22139530,-2.17000008,-1.32271254,-0.71857393,-0.02143927,0.00000000,0.00000000,-1.42628622,0.10957690,1.33142459,-1.35408425,0.70792401,0.00000000,0.00000000
0.22024372,-2.17000008,-1.32638955,-0.71252930,-0.00783612,0.00000000,0.00000000,-1.43262351,0.11237704,1.33588564,-1.35822093,0.69950348,0.00000000,0.00000000
0.22218217,-2.17000008,-1.33145702,-0.70640534,0.00337627,0.00000000,0.00000000,-1.44588399,0.10733669,1.31940842,-1.38598645,0.68867099,0.00000000,0.00000000
0.22371581,-2.17000008,-1.33661270,-0.70557898,0.01305992,0.00000000,0.00000000,-1.46423447,0.09488072,1.28382814,-1.43330622,0.68064696,0.00000000,0.00000000
0.22642717,-2.17000008,-1.34112811,-0.70826900,0.01889340,0.00000000,0.00000000,-1.48516107,0.07762317,1.23533523,-1.49194074,0.67013735,0.00000000,0.00000000
0.23050307,-2.17000008,-1.34528494,-0.71108663,0.02586016,0.00000000,0.00000000,-1.50594199,0.05955781,1.18456399,-1.55107951,0.65486288,0.00000000,0.00000000
0.23414330,-2.17000008,-1.34794819,-0.71459383,0.02470623,0.00000000,0.00000000,-1.52421606,0.04299945,1.14166105,-1.60254073,0.63913548,0.00000000,0.00000000
0.23601691,-2.17000008,-1.34911287,-0.71876001,0.00415843,0.00000000,0.00000000,-1.53860271,0.02917384,1.11377156,-1.64134765,0.62442911,0.00000000,0.00000000
0.23695511,-2.17000008,-1.34799707,-0.72270674,-0.01079689,0.00000000,0.00000000,-1.54942214,0.01920436,1.10501075,-1.66401458,0.61928493,0.00000000,0.00000000
0.23686470,-2.17000008,-1.34468174,-0.72599685,-0.02727713,0.00000000,0.00000000,-1.55701768,0.01306287,1.11694431,-1.66923702,0.61026233,0.00000000,0.00000000
0.23568273,-2.17000008,-1.33990419,-0.72852641,-0.04366050,0.00000000,0.00000000,-1.56188607,0.01058039,1.14991653,-1.65651846,0.60437983,0.00000000,0.00000000
0.23301125,-2.17000008,-1.33548284,-0.72969025,-0.05639819,0.00000000,0.00000000,-1.56456161,0.01200672,1.20378685,-1.62579858,0.60487217,0.00000000,0.00000000
0.22890082,-2.17000008,-1.33273971,-0.72891700,-0.07107059,0.00000000,0.00000000,-1.56519127,0.01825756,1.27782297,-1.57773006,0.61003673,0.00000000,0.00000000
0.22508518,-2.16999030,-1.33171904,-0.72599065,-0.07920077,0.00000000,0.00000000,-1.56760561,0.02844949,1.36561751,-1.51793790,0.61410475,0.00000000,0.00000000
0.22265820,-2.16986227,-1.33213627,-0.72182071,-0.09607578,0.00000000,0.00000000,-1.58280885,0.03507058,1.44963348,-1.46349907,0.61284244,0.00000000,0.00000000
0.22380108,-2.16966438,-1.33223999,-0.71828216,-0.11410950,0.00000000,0.00000000,-1.60978961,0.03727697,1.52476573,-1.42963374,0.61125201,0.00000000,0.00000000
0.22742943,-2.16986227,-1.33134794,-0.71735090,-0.12664045,0.00000000,0.00000000,-1.64907300,0.03519628,1.58837819,-1.41878891,0.60926670,0.00000000,0.00000000
0.23142393,-2.16999054,-1.33381510,-0.71684641,-0.14151293,0.00000000,0.00000000,-1.70201886,0.02768495,1.63758659,-1.42659128,0.60160804,0.00000000,0.00000000
0.23685330,-2.17000008,-1.33614254,-0.71667236,-0.15128632,0.00000000,0.00000000,-1.76984930,0.01418005,1.67173278,-1.44303608,0.59252733,0.00000000,0.00000000
0.24214722,-2.17000008,-1.33883071,-0.71638530,-0.16822484,0.00000000,0.00000000,-1.84755003,-0.00405739,1.69261849,-1.46282768,0.58744758,0.00000000,0.00000000
0.24586761,-2.17000008,-1.34184802,-0.71614563,-0.19025484,0.00000000,0.00000000,-1.93116617,-0.02568005,1.70402801,-1.48250890,0.58577532,0.00000000,0.00000000
0.24770583,-2.17000008,-1.34345484,-0.71653992,-0.21028303,0.00000000,0.00000000,-2.02068377,-0.05152670,1.70790350,-1.49872279,0.58559746,0.00000000,0.00000000
0.24807930,-2.17000008,-1.34246480,-0.71767485,-0.23091732,0.00000000,0.00000000,-2.11539340,-0.08260031,1.70548809,-1.50969434,0.59026521,0.00000000,0.00000000
0.24730706,-2.17000008,-1.33824050,-0.71957183,-0.24549550,0.00000000,0.00000000,-2.21335816,-0.11925105,1.69841468,-1.51404727,0.60111785,0.00000000,0.00000000
0.24539056,-2.17000008,-1.33073437,-0.72229201,-0.25203022,0.00000000,0.00000000,-2.31145597,-0.16123615,1.68836808,-1.51076043,0.60991704,0.00000000,0.00000000
0.24263011,-2.17000008,-1.32064605,-0.72583508,-0.26159009,0.00000000,0.00000000,-2.40518165,-0.20716527,1.67701685,-1.49971962,0.61898082,0.00000000,0.00000000
0.23916240,-2.17000008,-1.31028318,-0.72937632,-0.27965248,0.00000000,0.00000000,-2.48902965,-0.25449005,1.66635120,-1.48188639,0.63538855,0.00000000,0.00000000
0.23538511,-2.17000008,-1.29959166,-0.73282349,-0.29155773,0.00000000,0.00000000,-2.55857801,-0.30085450,1.65761268,-1.45876300,0.64129680,0.00000000,0.00000000
0.23019736,-2.17000008,-1.29023373,-0.73573458,-0.31542891,0.00000000,0.00000000,-2.60996866,-0.34329051,1.65186465,-1.43263268,0.64913958,0.00000000,0.00000000
0.22564782,-2.17000008,-1.28249657,-0.73754996,-0.33772549,0.00000000,0.00000000,-2.64036751,-0.37926313,1.65022099,-1.40643322,0.66416270,0.00000000,0.00000000
0.22391659,-2.17000008,-1.27494240,-0.73882407,-0.36389545,0.00000000,0.00000000,-2.64855814,-0.40734783,1.65327299,-1.38313878,0.68727583,0.00000000,0.00000000
0.22481711,-2.17000008,-1.26744735,-0.74024826,-0.38605800,0.00000000,0.00000000,-2.63813472,-0.42678219,1.66062903,-1.36288106,0.71290487,0.00000000,0.00000000
0.22413135,-2.17000008,-1.26303566,-0.74113095,-0.41630021,0.00000000,0.00000000,-2.61687088,-0.43752384,1.67110753,-1.34144771,0.73421031,0.00000000,0.00000000
0.22175881,-2.17000008,-1.26111138,-0.74102521,-0.45856348,0.00000000,0.00000000,-2.58642125,-0.44023111,1.68322384,-1.31981397,0.75203985,0.00000000,0.00000000
0.21724224,-2.17000008,-1.26112330,-0.74019796,-0.50704318,0.00000000,0.00000000,-2.54734135,-0.43504843,1.69586742,-1.29982865,0.76235420,0.00000000,0.00000000
0.21125168,-2.17000008,-1.26068771,-0.73971319,-0.55919743,0.00000000,0.00000000,-2.50461316,-0.42442778,1.70642042,-1.28133547,0.77512121,0.00000000,0.00000000
0.20481217,-2.17000008,-1.25876570,-0.74034297,-0.59860408,0.00000000,0.00000000,-2.46718884,-0.41658983,1.70700479,-1.26901543,0.77750516,0.00000000,0.00000000
0.20155618,-2.17000008,-1.25689995,-0.74076605,-0.63763964,0.00000000,0.00000000,-2.43475246,-0.41097486,1.69832742,-1.27652490,0.77449632,0.00000000,0.00000000
0.20288441,-2.17000008,-1.25597596,-0.74128836,-0.67456329,0.00000000,0.00000000,-2.40543723,-0.40590090,1.68309605,-1.30946636,0.77011120,0.00000000,0.00000000
0.20601249,-2.17000008,-1.25888598,-0.74202400,-0.72575647,0.00000000,0.00000000,-2.38105512,-0.40525922,1.65972662,-1.36720085,0.75909936,0.00000000,0.00000000
0.21290360,-2.16999412,-1.26103950,-0.74465090,-0.77618796,0.00000000,0.00000000,-2.35832524,-0.41264534,1.62798345,-1.44873726,0.74635917,0.00000000,0.00000000
0.22125822,-2.16991544,-1.26341200,-0.74760425,-0.82319993,0.00000000,0.00000000,-2.33287644,-0.42222038,1.59667706,-1.54389012,0.72889715,0.00000000,0.00000000
0.22779892,-2.16979408,-1.26634514,-0.75122881,-0.87643611,0.00000000,0.00000000,-2.31199050,-0.43348324,1.56786096,-1.63174665,0.71236223,0.00000000,0.00000000
0.23407921,-2.16991568,-1.26653004,-0.75640869,-0.92152530,0.00000000,0.00000000,-2.29849887,-0.44555241,1.54343736,-1.70298815,0.69158530,0.00000000,0.00000000
0.24005979,-2.16999435,-1.26529884,-0.76175135,-0.98136878,0.00000000,0.00000000,-2.29057002,-0.45591944,1.52534485,-1.75501633,0.67720389,0.00000000,0.00000000
0.24529372,-2.17000008,-1.26336634,-0.76614088,-1.03005660,0.00000000,0.00000000,-2.28587055,-0.46295083,1.51427078,-1.78615892,0.66444403,0.00000000,0.00000000
0.24805449,-2.17000008,-1.26191819,-0.76888013,-1.08880842,0.00000000,0.00000000,-2.28244352,-0.46579260,1.51016247,-1.79575789,0.64563882,0.00000000,0.00000000
0.24784619,-2.17000008,-1.26125348,-0.76942146,-1.13974237,0.00000000,0.00000000,-2.27904677,-0.46444172,1.51270604,-1.78397417,0.62871933,0.00000000,0.00000000
0.24439546,-2.17000008,-1.26108670,-0.76802325,-1.18869674,0.00000000,0.00000000,-2.27512550,-0.45924616,1.52137053,-1.75154412,0.60877544,0.00000000,0.00000000
0.23824522,-2.17000008,-1.26047826,-0.76534116,-1.22813654,0.00000000,0.00000000,-2.27078605,-0.45079583,1.53513980,-1.70009458,0.58888984,0.00000000,0.00000000
0.23079683,-2.17000008,-1.25850046,-0.76189107,-1.26606405,0.00000000,0.00000000,-2.26620054,-0.43966746,1.55253649,-1.63272572,0.57113838,0.00000000,0.00000000
0.22173212,-2.17000008,-1.25542367,-0.75851655,-1.29495585,0.00000000,0.00000000,-2.26101971,-0.42607105,1.57185149,-1.55412912,0.56016153,0.00000000,0.00000000
0.21147135,-2.17000008,-1.25096452,-0.75592953,-1.31507874,0.00000000,0.00000000,-2.25232339,-0.40996030,1.59196401,-1.47150457,0.55719751,0.00000000,0.00000000
0.20177723,-2.17000008,-1.24522102,-0.75392544,-1.34329784,0.00000000,0.00000000,-2.23843217,-0.39352918,1.60970628,-1.39670503,0.56095427,0.00000000,0.00000000
0.19400904,-2.17000008,-1.23984492,-0.75180030,-1.36095130,0.00000000,0.00000000,-2.22755122,-0.38258111,1.61827731,-1.34243953,0.55857718,0.00000000,0.00000000
0.18918708,-2.16999841,-1.23639727,-0.74948394,-1.38108480,0.00000000,0.00000000,-2.22214079,-0.37752604,1.61770582,-1.31301308,0.55514199,0.00000000,0.00000000
0.18719687,-2.16997814,-1.23619783,-0.74721086,-1.39104021,0.00000000,0.00000000,-2.22117233,-0.37684217,1.61035562,-1.30886877,0.54743373,0.00000000,0.00000000
0.18876363,-2.16994619,-1.23955154,-0.74471694,-1.40518010,0.00000000,0.00000000,-2.22333908,-0.37998199,1.59754586,-1.33051968,0.54483426,0.00000000,0.00000000
0.19443177,-2.16997814,-1.24266672,-0.74317777,-1.41845047,0.00000000,0.00000000,-2.22770357,-0.38929182,1.57732844,-1.37826204,0.54900807,0.00000000,0.00000000
0.20338282,-2.16999865,-1.24502289,-0.74227560,-1.42943251,0.00000000,0.00000000,-2.22819424,-0.40388939,1.55134547,-1.44856703,0.55223715,0.00000000,0.00000000
0.21125235,-2.17000008,-1.24681354,-0.74272478,-1.43397343,0.00000000,0.00000000,-2.22366643,-0.41851857,1.52648699,-1.52315974,0.56007892,0.00000000,0.00000000
0.21653710,-2.17000008,-1.24830258,-0.74426961,-1.42610884,0.00000000,0.00000000,-2.21814251,-0.43161988,1.50548339,-1.58916426,0.56549525,0.00000000,0.00000000
0.22034661,-2.17000008,-1.24813330,-0.74671483,-1.42105925,0.00000000,0.00000000,-2.21356535,-0.44321632,1.48950624,-1.64072299,0.56663901,0.00000000,0.00000000
0.22365274,-2.17000008,-1.24589181,-0.74932534,-1.41275358,0.00000000,0.00000000,-2.20931482,-0.45254955,1.47970831,-1.67486310,0.56547695,0.00000000,0.00000000
0.22516012,-2.17000008,-1.24336922,-0.75111437,-1.39848900,0.00000000,0.00000000,-2.20503473,-0.45866913,1.47642958,-1.68994069,0.55044937,0.00000000,0.00000000
0.22356343,-2.17000008,-1.24235058,-0.75133723,-1.38524354,0.00000000,0.00000000,-2.20075917,-0.46093711,1.47924972,-1.68535459,0.53485757,0.00000000,0.00000000
0.21933980,-2.17000008,-1.24282873,-0.74980038,-1.37503707,0.00000000,0.00000000,-2.19676971,-0.45928788,1.48725069,-1.66139495,0.53283566,0.00000000,0.00000000
0.21445815,-2.17000008,-1.24329340,-0.74687380,-1.35913444,0.00000000,0.00000000,-2.19327354,-0.45417997,1.49914002,-1.61944175,0.53481799,0.00000000,0.00000000
0.21005976,-2.17000008,-1.24265647,-0.74314344,-1.34206235,0.00000000,0.00000000,-2.18991113,-0.44622189,1.51352358,-1.56230652,0.53245747,0.00000000,0.00000000
0.20371081,-2.17000008,-1.24254239,-0.73923653,-1.31968236,0.00000000,0.00000000,-2.18612885,-0.43572581,1.52943695,-1.49368489,0.52327549,0.00000000,0.00000000
0.19734450,-2.17000008,-1.24070156,-0.73584855,-1.29634309,0.00000000,0.00000000,-2.18247890,-0.42379674,1.54541647,-1.41695905,0.51947117,0.00000000,0.00000000
0.18950015,-2.17000008,-1.23871672,-0.73298752,-1.28580761,0.00000000,0.00000000,-2.17824125,-0.41062832,1.56087267,-1.33807480,0.52417183,0.00000000,0.00000000
0.18210268,-2.17000008,-1.23599267,-0.73077053,-1.27166212,0.00000000,0.00000000,-2.17077756,-0.39551094,1.57649374,-1.27071357,0.53511733,0.00000000,0.00000000
0.17811128,-2.16998553,-1.23146319,-0.72946614,-1.25603044,0.00000000,0.00000000,-2.16545844,-0.38371643,1.58658254,-1.22495127,0.54704458,0.00000000,0.00000000
0.17667826,-2.16979194,-1.22890925,-0.72729909,-1.24449646,0.00000000,0.00000000,-2.16581726,-0.37518963,1.59083962,-1.20270610,0.55104285,0.00000000,0.00000000
0.17656262,-2.16949368,-1.22932839,-0.72491646,-1.23612010,0.00000000,0.00000000,-2.17170787,-0.36834759,1.59035695,-1.20417285,0.55455548,0.00000000,0.00000000
0.17794751,-2.16979194,-1.22909951,-0.72559816,-1.21959639,0.00000000,0.00000000,-2.18361735,-0.36440477,1.58373463,-1.22936833,0.54919404,0.00000000,0.00000000
0.18081576,-2.16998434,-1.23167157,-0.72643805,-1.20872939,0.00000000,0.00000000,-2.20013785,-0.36281890,1.57182515,-1.27927423,0.53945428,0.00000000,0.00000000
0.18625349,-2.16998243,-1.23684049,-0.72657675,-1.19939995,0.00000000,0.00000000,-2.22007513,-0.36470526,1.55398762,-1.35493910,0.53303510,0.00000000,0.00000000
0.19385621,-2.16995716,-1.24225473,-0.72691560,-1.19133496,0.00000000,0.00000000,-2.24090886,-0.37132484,1.52953506,-1.45521212,0.53137207,0.00000000,0.00000000
0.20135608,-2.16998243,-1.24522138,-0.72932619,-1.17250741,0.00000000,0.00000000,-2.25623631,-0.37849241,1.50421166,-1.57099557,0.53060287,0.00000000,0.00000000
0.20692524,-2.16999912,-1.24614334,-0.73366034,-1.15205264,0.00000000,0.00000000,-2.27330208,-0.38547909,1.47913492,-1.68229926,0.53924555,0.00000000,0.00000000
0.21088293,-2.17000008,-1.24603796,-0.73873883,-1.13058484,0.00000000,0.00000000,-2.29593158,-0.39136237,1.45596457,-1.77908409,0.54867721,0.00000000,0.00000000
0.21506263,-2.17000008,-1.24486268,-0.74346179,-1.09879315,0.00000000,0.00000000,-2.32376575,-0.39473164,1.43605733,-1.85759592,0.55605191,0.00000000,0.00000000
0.21894646,-2.17000008,-1.24388337,-0.74701923,-1.07614994,0.00000000,0.00000000,-2.35624790,-0.39419118,1.42005146,-1.91555321,0.56236649,0.00000000,0.00000000
0.22172649,-2.17000008,-1.24391973,-0.74907982,-1.05869472,0.00000000,0.00000000,-2.39311719,-0.38866940,1.40813065,-1.95214295,0.56804174,0.00000000,0.00000000
0.22370048,-2.17000008,-1.24423635,-0.74995840,-1.05323732,0.00000000,0.00000000,-2.43361783,-0.37751988,1.40049469,-1.96799898,0.57719278,0.00000000,0.00000000
0.22307959,-2.17000008,-1.24624932,-0.75008452,-1.05444765,0.00000000,0.00000000,-2.47553968,-0.36017308,1.39752531,-1.96570039,0.58597034,0.00000000,0.00000000
0.22114705,-2.17000008,-1.24941123,-0.74939495,-1.04287040,0.00000000,0.00000000,-2.51533246,-0.33694345,1.39921188,-1.94959712,0.60503417,0.00000000,0.00000000
0.21935803,-2.17000008,-1.25304782,-0.74774134,-1.02981699,0.00000000,0.00000000,-2.54866743,-0.30872321,1.40591407,-1.92450285,0.61293292,0.00000000,0.00000000
0.21921244,-2.17000008,-1.25629318,-0.74504608,-1.01831222,0.00000000,0.00000000,-2.57127452,-0.27634534,1.41804111,-1.89456856,0.62675697,0.00000000,0.00000000
0.22091413,-2.17000008,-1.25799429,-0.74176532,-1.00495589,0.00000000,0.00000000,-2.58052683,-0.24017930,1.43539488,-1.86204708,0.63809413,0.00000000,0.00000000
0.22351511,-2.17000008,-1.25961494,-0.73704708,-0.98580676,0.00000000,0.00000000,-2.57433105,-0.20059071,1.45813310,-1.82748747,0.63790500,0.00000000,0.00000000
0.22653747,-2.17000008,-1.26166844,-0.73040694,-0.95949930,0.00000000,0.00000000,-2.55166602,-0.15835333,1.48605120,-1.79048645,0.63892359,0.00000000,0.00000000
0.22855170,-2.17000008,-1.26477432,-0.72167885,-0.92740625,0.00000000,0.00000000,-2.51260495,-0.11397858,1.51822782,-1.75047731,0.64537144,0.00000000,0.00000000
0.22803383,-2.17000008,-1.26921535,-0.71085393,-0.89288926,0.00000000,0.00000000,-2.45867753,-0.06797788,1.55265594,-1.70707381,0.64934140,0.00000000,0.00000000
0.22530824,-2.17000008,-1.27401471,-0.69798821,-0.85029399,0.00000000,0.00000000,-2.39297223,-0.02187002,1.58624768,-1.66027570,0.64914000,0.00000000,0.00000000
0.22112472,-2.17000008,-1.27799845,-0.68334699,-0.81350577,0.00000000,0.00000000,-2.31899238,0.02253545,1.61605966,-1.61082613,0.64592445,0.00000000,0.00000000
0.21568951,-2.17000008,-1.27982366,-0.66777784,-0.78581011,0.00000000,0.00000000,-2.24122214,0.06345040,1.63920009,-1.55948281,0.64699394,0.00000000,0.00000000
0.20953053,-2.17000008,-1.27787161,-0.65248060,-0.75252479,0.00000000,0.00000000,-2.16478515,0.09909873,1.65289354,-1.50724697,0.64503658,0.00000000,0.00000000
0.20303485,-2.17000008,-1.27324998,-0.63753897,-0.71878207,0.00000000,0.00000000,-2.09241867,0.12911727,1.65620458,-1.45599151,0.63883549,0.00000000,0.00000000
0.19656730,-2.17000008,-1.26700234,-0.62337863,-0.67608684,0.00000000,0.00000000,-2.02502704,0.15393396,1.64964640,-1.40741074,0.63388860,0.00000000,0.00000000
0.19106638,-2.17000008,-1.25977540,-0.61054230,-0.63053149,0.00000000,0.00000000,-1.96094823,0.17480525,1.63494003,-1.36399651,0.63491786,0.00000000,0.00000000
0.18739021,-2.17000008,-1.25317347,-0.59898812,-0.58187008,0.00000000,0.00000000,-1.89736664,0.19301452,1.61303449,-1.33073092,0.63151366,0.00000000,0.00000000
0.18528639,-2.17000008,-1.24914086,-0.58898693,-0.52580214,0.00000000,0.00000000,-1.83453798,0.20743893,1.58136547,-1.31553304,0.62237477,0.00000000,0.00000000
0.18480147,-2.17000008,-1.24794698,-0.58105564,-0.47367182,0.00000000,0.00000000,-1.77674377,0.21603847,1.53634107,-1.32456994,0.60579062,0.00000000,0.00000000
0.18533351,-2.17000008,-1.24978578,-0.57565498,-0.42412534,0.00000000,0.00000000,-1.72696280,0.21839766,1.47665453,-1.35806406,0.59646142,0.00000000,0.00000000
0.18638769,-2.17000008,-1.25436521,-0.57325518,-0.37862048,0.00000000,0.00000000,-1.68759429,0.21482763,1.40270412,-1.41131723,0.59226513,0.00000000,0.00000000
0.18796912,-2.17000008,-1.26147366,-0.57358885,-0.33314750,0.00000000,0.00000000,-1.66006911,0.20666143,1.31734407,-1.47649002,0.59696031,0.00000000,0.00000000
0.18999068,-2.17000008,-1.27067876,-0.57619381,-0.28637034,0.00000000,0.00000000,-1.64099562,0.19680020,1.22872770,-1.54165602,0.60514688,0.00000000,0.00000000
0.19262826,-2.16995478,-1.28034747,-0.58086300,-0.25287679,0.00000000,0.00000000,-1.62027097,0.19076569,1.15185893,-1.59544504,0.62057936,0.00000000,0.00000000
0.19507071,-2.16928053,-1.28957689,-0.58715785,-0.22256765,0.00000000,0.00000000,-1.59541917,0.18987653,1.09311748,-1.63148654,0.62602693,0.00000000,0.00000000
0.19681767,-2.16741371,-1.29795885,-0.59403235,-0.19774881,0.00000000,0.00000000,-1.56717527,0.19412386,1.05363917,-1.64702547,0.64011604,0.00000000,0.00000000
0.19826238,-2.16690278,-1.30214357,-0.60251796,-0.17628089,0.00000000,0.00000000,-1.53657985,0.20371532,1.03309131,-1.64041543,0.65412879,0.00000000,0.00000000
0.19938691,-2.16894865,-1.30106044,-0.61248094,-0.15806080,0.00000000,0.00000000,-1.50427186,0.21866950,1.03052664,-1.61117542,0.68016094,0.00000000,0.00000000
0.19920678,-2.16993046,-1.29682481,-0.62222904,-0.14044519,0.00000000,0.00000000,-1.47088802,0.23913360,1.04412496,-1.56004643,0.70076334,0.00000000,0.00000000
0.19823045,-2.17000008,-1.28949559,-0.63152516,-0.12715758,0.00000000,0.00000000,-1.43860722,0.26491597,1.06938648,-1.48939621,0.71949482,0.00000000,0.00000000
0.19694515,-2.17000008,-1.28044176,-0.63966089,-0.12305266,0.00000000,0.00000000,-1.41025007,0.29415485,1.09836328,-1.40626407,0.72743958,0.00000000,0.00000000
0.19532228,-2.17000008,-1.27274668,-0.64533681,-0.13560928,0.00000000,0.00000000,-1.38687539,0.32157719,1.12201488,-1.32572937,0.73233515,0.00000000,0.00000000
0.19367906,-2.17000008,-1.26872730,-0.64803481,-0.14461769,0.00000000,0.00000000,-1.36888134,0.34025580,1.13328898,-1.26655638,0.72187507,0.00000000,0.00000000
0.19299895,-2.17000008,-1.26838005,-0.64849973,-0.15603104,0.00000000,0.00000000,-1.35752261,0.34842798,1.12966371,-1.23555517,0.70430964,0.00000000,0.00000000
0.19416843,-2.17000008,-1.27086306,-0.64789844,-0.17386724,0.00000000,0.00000000,-1.35233974,0.34636000,1.11149132,-1.23355258,0.69310486,0.00000000,0.00000000
0.19681838,-2.17000008,-1.27602696,-0.64727169,-0.18994457,0.00000000,0.00000000,-1.35155571,0.33378568,1.07971954,-1.25986207,0.67986810,0.00000000,0.00000000
0.19986176,-2.17000008,-1.28427804,-0.64708120,-0.20288789,0.00000000,0.00000000,-1.35352659,0.31186467,1.03617275,-1.30902553,0.66912878,0.00000000,0.00000000
0.20319650,-2.16987610,-1.29545152,-0.64684474,-0.20644714,0.00000000,0.00000000,-1.35680616,0.28613412,0.98590070,-1.36876667,0.64897716,0.00000000,0.00000000
0.20679377,-2.16810584,-1.30863750,-0.64582169,-0.21249449,0.00000000,0.00000000,-1.35867357,0.26263219,0.93743080,-1.42725766,0.61699897,0.00000000,0.00000000
0.20987099,-2.16401958,-1.32120895,-0.64423597,-0.22346617,0.00000000,0.00000000,-1.35676348,0.24455190,0.89894146,-1.47525489,0.59252799,0.00000000,0.00000000
0.21267760,-2.16350985,-1.32801962,-0.64405119,-0.22868113,0.00000000,0.00000000,-1.35131598,0.23299013,0.87444723,-1.50610685,0.55834401,0.00000000,0.00000000
0.21455963,-2.16591311,-1.32859504,-0.64523649,-0.24020718,0.00000000,0.00000000,-1.34233105,0.22801885,0.86560011,-1.51719236,0.53116786,0.00000000,0.00000000
0.21418066,-2.16818285,-1.32427216,-0.64717853,-0.25079906,0.00000000,0.00000000,-1.32976627,0.22918949,0.87270260,-1.50814331,0.51070601,0.00000000,0.00000000
0.21203946,-2.16958189,-1.31574678,-0.64906245,-0.26607004,0.00000000,0.00000000,-1.31347716,0.23603456,0.89530826,-1.48011005,0.49654248,0.00000000,0.00000000
0.20869289,-2.16997528,-1.30462778,-0.65024984,-0.26786342,0.00000000,0.00000000,-1.29400349,0.24770485,0.93116504,-1.43614960,0.47706455,0.00000000,0.00000000
0.20453165,-2.17000008,-1.29301167,-0.65020865,-0.26698932,0.00000000,0.00000000,-1.27297056,0.26275969,0.97564149,-1.38134563,0.45413378,0.00000000,0.00000000
0.19989571,-2.17000008,-1.28353333,-0.64801103,-0.27110812,0.00000000,0.00000000,-1.25164044,0.27929285,1.02292156,-1.32301426,0.44008425,0.00000000,0.00000000
0.19522244,-2.17000008,-1.27781737,-0.64346927,-0.28137842,0.00000000,0.00000000,-1.23201561,0.29465866,1.06697214,-1.26866424,0.43746847,0.00000000,0.00000000
0.19134648,-2.17000008,-1.27529109,-0.63768560,-0.28493726,0.00000000,0.00000000,-1.22091055,0.30477202,1.09965158,-1.22631025,0.43618399,0.00000000,0.00000000
0.18943781,-2.17000008,-1.27513301,-0.63167155,-0.29093242,0.00000000,0.00000000,-1.21848154,0.30781153,1.11888039,-1.20732868,0.44824412,0.00000000,0.00000000
0.18995120,-2.17000008,-1.27674472,-0.62653977,-0.29330942,0.00000000,0.00000000,-1.22405505,0.30376962,1.12443686,-1.21584046,0.46641517,0.00000000,0.00000000
0.19258028,-2.17000008,-1.27988458,-0.62308842,-0.28974068,0.00000000,0.00000000,-1.23786724,0.29224393,1.11567652,-1.25107849,0.48130581,0.00000000,0.00000000
0.19636469,-2.17000008,-1.28458226,-0.62180388,-0.29822868,0.00000000,0.00000000,-1.26121664,0.27362996,1.09213948,-1.30804622,0.49127287,0.00000000,0.00000000
0.20057802,-2.17000008,-1.29145563,-0.62187338,-0.30347976,0.00000000,0.00000000,-1.29299319,0.25004819,1.05618179,-1.37918603,0.49986947,0.00000000,0.00000000
0.20450555,-2.17000008,-1.30024266,-0.62271643,-0.30983368,0.00000000,0.00000000,-1.32901371,0.22495975,1.01424742,-1.45569253,0.51696634,0.00000000,0.00000000
0.20777640,-2.17000008,-1.30988109,-0.62352288,-0.31438428,0.00000000,0.00000000,-1.36419404,0.20247741,0.97567052,-1.52884078,0.54113299,0.00000000,0.00000000
0.20986053,-2.16999936,-1.31844509,-0.62455416,-0.31346071,0.00000000,0.00000000,-1.39697981,0.18428846,0.94664693,-1.59197617,0.57333004,0.00000000,0.00000000
0.21086326,-2.16999245,-1.32428384,-0.62654263,-0.32023931,0.00000000,0.00000000,-1.42567027,0.17094323,0.93233812,-1.64096951,0.62080508,0.00000000,0.00000000
0.21118784,-2.16998148,-1.32717395,-0.62928617,-0.32298625,0.00000000,0.00000000,-1.44968295,0.16305770,0.93598741,-1.67262197,0.66363496,0.00000000,0.00000000
0.21140936,-2.16999245,-1.32625782,-0.63319880,-0.32437947,0.00000000,0.00000000,-1.47042799,0.16021390,0.95770174,-1.68470883,0.69399601,0.00000000,0.00000000
0.21187523,-2.16999960,-1.32178199,-0.63786554,-0.32139203,0.00000000,0.00000000,-1.48859227,0.16182357,0.99724543,-1.67661548,0.71512252,0.00000000,0.00000000
0.21266730,-2.17000008,-1.31484354,-0.64232624,-0.33540243,0.00000000,0.00000000,-1.50472534,0.16736189,1.05375266,-1.64872897,0.73766094,0.00000000,0.00000000
0.21320806,-2.17000008,-1.30812788,-0.64514434,-0.35024169,0.00000000,0.00000000,-1.51910210,0.17567064,1.12502170,-1.60342240,0.75795150,0.00000000,0.00000000
0.21370508,-2.17000008,-1.30318189,-0.64626402,-0.36128885,0.00000000,0.00000000,-1.53176093,0.18546616,1.20738196,-1.54547906,0.77512944,0.00000000,0.00000000
0.21469378,-2.17000008,-1.29939556,-0.64677376,-0.37085846,0.00000000,0.00000000,-1.54436517,0.19458646,1.29448748,-1.48159719,0.79888123,0.00000000,0.00000000
0.21586715,-2.17000008,-1.29651117,-0.64694148,-0.38075745,0.00000000,0.00000000,-1.56302691,0.19927184,1.37665570,-1.41872323,0.81381595,0.00000000,0.00000000
0.21708943,-2.17000008,-1.29540956,-0.64636737,-0.39384797,0.00000000,0.00000000,-1.58965003,0.19580550,1.44613326,-1.36844122,0.82010913,0.00000000,0.00000000
0.21863884,-2.17000008,-1.29652286,-0.64510274,-0.40401220,0.00000000,0.00000000,-1.62208951,0.18398333,1.50042415,-1.33655405,0.82910329,0.00000000,0.00000000
0.22065075,-2.17000008,-1.29899848,-0.64407593,-0.40824723,0.00000000,0.00000000,-1.66054618,0.16542298,1.53956378,-1.31846440,0.83781731,0.00000000,0.00000000
0.22288091,-2.17000008,-1.30138433,-0.64424604,-0.40256366,0.00000000,0.00000000,-1.70673513,0.14107305,1.56407678,-1.30822980,0.84739524,0.00000000,0.00000000
0.22508071,-2.17000008,-1.30237710,-0.64622962,-0.40334940,0.00000000,0.00000000,-1.76130700,0.11182995,1.57533479,-1.30158019,0.85840315,0.00000000,0.00000000
0.22688283,-2.16997004,-1.30387652,-0.64922041,-0.41107070,0.00000000,0.00000000,-1.82188594,0.07893965,1.57550633,-1.29707181,0.86580378,0.00000000,0.00000000
0.22809368,-2.16956854,-1.30630910,-0.65294170,-0.41437256,0.00000000,0.00000000,-1.88402534,0.04259991,1.56777453,-1.29337358,0.87362522,0.00000000,0.00000000
0.22845870,-2.16895008,-1.30748498,-0.65838063,-0.42239684,0.00000000,0.00000000,-1.94299781,0.00302743,1.55581439,-1.28784049,0.86801046,0.00000000,0.00000000
0.22682694,-2.16956854,-1.30589092,-0.66669190,-0.42892212,0.00000000,0.00000000,-1.99511659,-0.03875503,1.54292941,-1.27800322,0.85167003,0.00000000,0.00000000
0.22334646,-2.16997004,-1.30411673,-0.67528623,-0.43584549,0.00000000,0.00000000,-2.03829694,-0.08047632,1.53136110,-1.26271379,0.83188158,0.00000000,0.00000000
0.21913970,-2.17000008,-1.30192089,-0.68370330,-0.43282387,0.00000000,0.00000000,-2.07245016,-0.12079425,1.52203643,-1.24249840,0.81355888,0.00000000,0.00000000
0.21476303,-2.17000008,-1.29890263,-0.69197661,-0.42540619,0.00000000,0.00000000,-2.09832215,-0.15877020,1.51548147,-1.21884191,0.80763942,0.00000000,0.00000000
0.21018678,-2.17000008,-1.29530621,-0.69984078,-0.40410534,0.00000000,0.00000000,-2.11730027,-0.19297050,1.51230955,-1.19298279,0.80201787,0.00000000,0.00000000
0.20575188,-2.17000008,-1.29218328,-0.70677698,-0.38196713,0.00000000,0.00000000,-2.13016605,-0.22111344,1.51328444,-1.16641593,0.80601937,0.00000000,0.00000000
0.20135383,-2.17000008,-1.29090095,-0.71236128,-0.37100628,0.00000000,0.00000000,-2.13753319,-0.24071519,1.51901257,-1.14054263,0.79893452,0.00000000,0.00000000
0.19775414,-2.17000008,-1.29061937,-0.71701431,-0.35996172,0.00000000,0.00000000,-2.14067245,-0.25321358,1.52701652,-1.12072325,0.78472877,0.00000000,0.00000000
0.19657163,-2.17000008,-1.29149771,-0.72118723,-0.33595324,0.00000000,0.00000000,-2.13934231,-0.26394242,1.53223467,-1.12142265,0.77295732,0.00000000,0.00000000
0.19891688,-2.17000008,-1.29231954,-0.72646868,-0.30820364,0.00000000,0.00000000,-2.13564754,-0.27367985,1.53372657,-1.14783132,0.76145530,0.00000000,0.00000000
0.20519638,-2.17000008,-1.29295766,-0.73299772,-0.28947031,0.00000000,0.00000000,-2.13208532,-0.28253236,1.53167975,-1.19978011,0.73974073,0.00000000,0.00000000
0.21515544,-2.17000008,-1.29516292,-0.73950654,-0.26862609,0.00000000,0.00000000,-2.12716031,-0.29114473,1.52658784,-1.27826715,0.71098393,0.00000000,0.00000000
0.22688556,-2.17000008,-1.29910243,-0.74504966,-0.25829646,0.00000000,0.00000000,-2.11728191,-0.29986840,1.51961172,-1.37966442,0.68733865,0.00000000,0.00000000
0.23652126,-2.17000008,-1.30480492,-0.74999166,-0.24995454,0.00000000,0.00000000,-2.09958482,-0.30456766,1.51651943,-1.48871839,0.66308647,0.00000000,0.00000000
0.24450183,-2.17000008,-1.31041372,-0.75432700,-0.23259062,0.00000000,0.00000000,-2.07706213,-0.30601010,1.51739347,-1.59559917,0.63613665,0.00000000,0.00000000
0.25121900,-2.17000008,-1.31549478,-0.75772935,-0.21486059,0.00000000,0.00000000,-2.05382895,-0.30568835,1.52114034,-1.69433713,0.61216611,0.00000000,0.00000000
0.25566721,-2.17000008,-1.31991267,-0.76057273,-0.18981537,0.00000000,0.00000000,-2.03255606,-0.30421975,1.52750409,-1.78004777,0.59202027,0.00000000,0.00000000
0.25809494,-2.17000008,-1.32241714,-0.76324457,-0.15194544,0.00000000,0.00000000,-2.01603961,-0.30223447,1.53551030,-1.84840345,0.57471687,0.00000000,0.00000000
0.25904635,-2.17000008,-1.32262886,-0.76559442,-0.11542279,0.00000000,0.00000000,-2.00589037,-0.30006698,1.54442108,-1.89626598,0.56632322,0.00000000,0.00000000
0.25790900,-2.17000008,-1.32214725,-0.76714766,-0.08695058,0.00000000,0.00000000,-2.00236225,-0.29773277,1.55364037,-1.92188978,0.55031472,0.00000000,0.00000000
0.25569543,-2.17000008,-1.32095337,-0.76741213,-0.05912191,0.00000000,0.00000000,-2.00496650,-0.29526591,1.56255400,-1.92474842,0.52421951,0.00000000,0.00000000
0.25310871,-2.17000008,-1.31901884,-0.76616764,-0.04017922,0.00000000,0.00000000,-2.01283741,-0.29245952,1.57048702,-1.90530431,0.48945653,0.00000000,0.00000000
0.24950197,-2.17000008,-1.31715906,-0.76359415,-0.02787710,0.00000000,0.00000000,-2.02463222,-0.28890660,1.57662129,-1.86512113,0.44788694,0.00000000,0.00000000
0.24506135,-2.17000008,-1.31531668,-0.76003844,-0.00847523,0.00000000,0.00000000,-2.03891373,-0.28438109,1.58010948,-1.80684423,0.41393086,0.00000000,0.00000000
0.24098626,-2.17000008,-1.31287599,-0.75578952,0.02357191,0.00000000,0.00000000,-2.05437112,-0.27893591,1.58011210,-1.73435235,0.37192118,0.00000000,0.00000000
0.23766620,-2.17000008,-1.31026065,-0.75102866,0.05226537,0.00000000,0.00000000,-2.06958318,-0.27298597,1.57615995,-1.65277410,0.34060517,0.00000000,0.00000000
0.23256330,-2.17000008,-1.31060886,-0.74570733,0.08188785,0.00000000,0.00000000,-2.08225513,-0.26613417,1.56900799,-1.56839001,0.32009876,0.00000000,0.00000000
0.22662643,-2.17000008,-1.31144381,-0.74049681,0.11923955,0.00000000,0.00000000,-2.08944941,-0.25825822,1.55976224,-1.49310863,0.31187516,0.00000000,0.00000000
0.22150537,-2.17000008,-1.31197727,-0.73551232,0.15175757,0.00000000,0.00000000,-2.09416676,-0.25127351,1.54741395,-1.44251728,0.31904420,0.00000000,0.00000000
0.21905898,-2.17000008,-1.31069982,-0.73239470,0.19319907,0.00000000,0.00000000,-2.10055399,-0.24619912,1.53282607,-1.42005551,0.32185507,0.00000000,0.00000000
0.21943198,-2.17000008,-1.30805993,-0.73239517,0.23126957,0.00000000,0.00000000,-2.10879946,-0.24382016,1.51739573,-1.42542374,0.32705271,0.00000000,0.00000000
0.22251469,-2.17000008,-1.30541658,-0.73503304,0.27317631,0.00000000,0.00000000,-2.11631322,-0.24521521,1.50189161,-1.45971143,0.32697463,0.00000000,0.00000000
0.22817871,-2.16996312,-1.30540431,-0.73819393,0.31055811,0.00000000,0.00000000,-2.11777401,-0.25088906,1.48744833,-1.52456033,0.32502568,0.00000000,0.00000000
0.23560676,-2.16946864,-1.30857360,-0.74045187,0.33385724,0.00000000,0.00000000,-2.10803962,-0.26003641,1.47637296,-1.61454177,0.32828021,0.00000000,0.00000000
0.24247587,-2.16870737,-1.31284916,-0.74246490,0.34711069,0.00000000,0.00000000,-2.09173417,-0.27011207,1.47160447,-1.70870090,0.33266351,0.00000000,0.00000000
0.24820827,-2.16946888,-1.31346619,-0.74658257,0.36289158,0.00000000,0.00000000,-2.07588100,-0.28028727,1.47246158,-1.79297292,0.32927758,0.00000000,0.00000000
0.25272548,-2.16996336,-1.31115079,-0.75202364,0.37530294,0.00000000,0.00000000,-2.06389213,-0.28951684,1.47730112,-1.86096561,0.33332515,0.00000000,0.00000000
0.25606006,-2.17000008,-1.30761361,-0.75778615,0.38265005,0.00000000,0.00000000,-2.05738330,-0.29656887,1.48464382,-1.90851796,0.33539748,0.00000000,0.00000000
0.25791931,-2.17000008,-1.30548155,-0.76266122,0.38884062,0.00000000,0.00000000,-2.05677271,-0.30060083,1.49322331,-1.93333244,0.34698978,0.00000000,0.00000000
0.25923324,-2.17000008,-1.30561614,-0.76565582,0.40083092,0.00000000,0.00000000,-2.06150293,-0.30121368,1.50192022,-1.93474722,0.35854286,0.00000000,0.00000000
0.25985059,-2.17000008,-1.30897403,-0.76615417,0.41669390,0.00000000,0.00000000,-2.07069159,-0.29842848,1.50945735,-1.91331673,0.36632702,0.00000000,0.00000000
0.25948083,-2.17000008,-1.31554925,-0.76408333,0.41810262,0.00000000,0.00000000,-2.08361149,-0.29256383,1.51455855,-1.87066889,0.37696078,0.00000000,0.00000000
0.25838688,-2.16995406,-1.32403350,-0.75978506,0.41544011,0.00000000,0.00000000,-2.09982872,-0.28439444,1.51620400,-1.80963349,0.37682402,0.00000000,0.00000000
0.25646913,-2.16926360,-1.33245420,-0.75406224,0.41668868,0.00000000,0.00000000,-2.11861038,-0.27412811,1.51437259,-1.73446798,0.36692503,0.00000000,0.00000000
0.25265291,-2.16723704,-1.34068918,-0.74770939,0.41594538,0.00000000,0.00000000,-2.13777566,-0.26127222,1.51026881,-1.65051603,0.35854158,0.00000000,0.00000000
0.24791241,-2.16594481,-1.34481966,-0.74279696,0.40989628,0.00000000,0.00000000,-2.15584016,-0.24705221,1.50427794,-1.56291425,0.34824747,0.00000000,0.00000000
0.24302052,-2.16715264,-1.34270263,-0.74067348,0.40402955,0.00000000,0.00000000,-2.17058086,-0.23273106,1.49716437,-1.47955275,0.33966839,0.00000000,0.00000000
0.23872116,-2.16912532,-1.33713388,-0.74023116,0.41066155,0.00000000,0.00000000,-2.17931962,-0.21697812,1.49240112,-1.41308618,0.33052722,0.00000000,0.00000000
0.23502269,-2.16969419,-1.33313525,-0.73976976,0.41129521,0.00000000,0.00000000,-2.18628931,-0.20036672,1.48964953,-1.36865139,0.32214966,0.00000000,0.00000000
0.23399834,-2.16989422,-1.32884943,-0.74039865,0.42265728,0.00000000,0.00000000,-2.19567180,-0.18757634,1.48424339,-1.34997094,0.30924761,0.00000000,0.00000000
0.23445411,-2.16997910,-1.32877553,-0.74072540,0.44109389,0.00000000,0.00000000,-2.20646262,-0.17829873,1.47692978,-1.35874712,0.28449759,0.00000000,0.00000000
0.23707445,-2.16978502,-1.33308053,-0.73979354,0.46152055,0.00000000,0.00000000,-2.21696782,-0.17221880,1.46840787,-1.39566100,0.25593087,0.00000000,0.00000000
0.24129355,-2.16925097,-1.33992231,-0.73804039,0.49099526,0.00000000,0.00000000,-2.22358441,-0.17036735,1.45840454,-1.46177912,0.23063198,0.00000000,0.00000000
0.24673057,-2.16889501,-1.34444010,-0.73739874,0.51525205,0.00000000,0.00000000,-2.21956587,-0.17295387,1.44841874,-1.55419278,0.21495375,0.00000000,0.00000000
0.25128254,-2.16898823,-1.34522724,-0.73877913,0.55131185,0.00000000,0.00000000,-2.20395708,-0.17692451,1.44249904,-1.65829039,0.20573378,0.00000000,0.00000000
0.25410438,-2.16967392,-1.34283793,-0.74202991,0.59371483,0.00000000,0.00000000,-2.18339825,-0.18125512,1.44053519,-1.75984871,0.18995348,0.00000000,0.00000000
0.25608301,-2.16997862,-1.33890402,-0.74586052,0.63548428,0.00000000,0.00000000,-2.16328382,-0.18559268,1.44129741,-1.84969187,0.18472286,0.00000000,0.00000000
0.25695080,-2.17000008,-1.33411038,-0.75007814,0.67017835,0.00000000,0.00000000,-2.14685154,-0.18867500,1.44435823,-1.92154241,0.19251387,0.00000000,0.00000000
0.25670269,-2.17000008,-1.32991707,-0.75410664,0.70462233,0.00000000,0.00000000,-2.13609862,-0.18945257,1.44903064,-1.97180164,0.20187451,0.00000000,0.00000000
0.25623497,-2.17000008,-1.32748008,-0.75711936,0.73597443,0.00000000,0.00000000,-2.13182831,-0.18717825,1.45457757,-1.99904716,0.21622884,0.00000000,0.00000000
0.25533998,-2.17000008,-1.32691026,-0.75915545,0.75744045,0.00000000,0.00000000,-2.13414335,-0.18126996,1.46000051,-2.00325537,0.23135993,0.00000000,0.00000000
0.25413594,-2.17000008,-1.32787704,-0.76035726,0.77403647,0.00000000,0.00000000,-2.14210415,-0.17124656,1.46385133,-1.98583317,0.23701213,0.00000000,0.00000000
0.25395572,-2.17000008,-1.32912683,-0.76074165,0.78391534,0.00000000,0.00000000,-2.15318680,-0.15666142,1.46470857,-1.94984901,0.23696600,0.00000000,0.00000000
0.25357732,-2.17000008,-1.33245504,-0.75982487,0.78985190,0.00000000,0.00000000,-2.16411328,-0.13739823,1.46198118,-1.89968097,0.23262188,0.00000000,0.00000000
0.25283566,-2.17000008,-1.33581388,-0.75810444,0.79561889,0.00000000,0.00000000,-2.17219281,-0.11351467,1.45574450,-1.84026694,0.22200118,0.00000000,0.00000000
0.25226536,-2.17000008,-1.33669424,-0.75618374,0.80465710,0.00000000,0.00000000,-2.17489719,-0.08570442,1.44623768,-1.77755749,0.21545745,0.00000000,0.00000000
0.25131682,-2.17000008,-1.33624113,-0.75378716,0.80577815,0.00000000,0.00000000,-2.16961670,-0.05533461,1.43379772,-1.71847618,0.20298538,0.00000000,0.00000000
0.24867332,-2.17000008,-1.33721089,-0.75053108,0.81017244,0.00000000,0.00000000,-2.15399814,-0.02473056,1.41841662,-1.67068350,0.19568518,0.00000000,0.00000000
0.24707593,-2.17000008,-1.33746457,-0.74692833,0.80806392,0.00000000,0.00000000,-2.12716913,0.00362629,1.39981997,-1.64013958,0.18041484,0.00000000,0.00000000
0.24737702,-2.17000008,-1.33660972,-0.74362892,0.78535110,0.00000000,0.00000000,-2.08965588,0.02783392,1.37746263,-1.62984431,0.15898754,0.00000000,0.00000000
0.24821031,-2.16998076,-1.33759403,-0.74011111,0.76553178,0.00000000,0.00000000,-2.04287910,0.04711411,1.35114121,-1.63857460,0.12234749,0.00000000,0.00000000
0.24997915,-2.16972351,-1.33902049,-0.73719585,0.72885627,0.00000000,0.00000000,-1.98952818,0.06112436,1.32097101,-1.66135550,0.07854164,0.00000000,0.00000000
0.24985421,-2.16932678,-1.34342635,-0.73470712,0.68419874,0.00000000,0.00000000,-1.93351066,0.07021660,1.28731871,-1.69085371,0.04265319,0.00000000,0.00000000
0.24930944,-2.16971517,-1.34701753,-0.73355007,0.63625145,0.00000000,0.00000000,-1.87934756,0.07433175,1.25066924,-1.71945596,0.00205463,0.00000000,0.00000000
0.24624413,-2.16989756,-1.35254455,-0.73273355,0.59293491,0.00000000,0.00000000,-1.82696998,0.07430031,1.21489429,-1.74269617,-0.05018294,0.00000000,0.00000000
0.24328293,-2.16981125,-1.35602069,-0.73254526,0.55599380,0.00000000,0.00000000,-1.77760744,0.07189541,1.18424451,-1.75413430,-0.10230674,0.00000000,0.00000000
0.24150346,-2.16992331,-1.35517800,-0.73330826,0.51509500,0.00000000,0.00000000,-1.73167992,0.06912664,1.16291082,-1.74902701,-0.15414703,0.00000000,0.00000000
0.24062373,-2.16999483,-1.35094798,-0.73419064,0.47107133,0.00000000,0.00000000,-1.68810713,0.06787244,1.15470648,-1.72544038,-0.19755758,0.00000000,0.00000000
0.23989078,-2.17000008,-1.34515274,-0.73404688,0.42681497,0.00000000,0.00000000,-1.64426851,0.06942896,1.16271162,-1.68419325,-0.23775966,0.00000000,0.00000000
0.23877831,-2.17000008,-1.33923519,-0.73231655,0.39914316,0.00000000,0.00000000,-1.59847379,0.07467023,1.18793166,-1.62702012,-0.27139014,0.00000000,0.00000000
0.23563810,-2.17000008,-1.33421075,-0.72949314,0.37161601,0.00000000,0.00000000,-1.55530858,0.08456681,1.22620678,-1.55317247,-0.30031136,0.00000000,0.00000000
0.23148645,-2.17000008,-1.32977891,-0.72560227,0.34633580,0.00000000,0.00000000,-1.51525307,0.09839330,1.27316797,-1.46818697,-0.32564914,0.00000000,0.00000000
0.22726959,-2.17000008,-1.32489920,-0.72113472,0.30941108,0.00000000,0.00000000,-1.48214817,0.11260512,1.31963098,-1.38182950,-0.35130161,0.00000000,0.00000000
0.22420226,-2.17000008,-1.31999779,-0.71613926,0.26819932,0.00000000,0.00000000,-1.45750070,0.12392729,1.35754061,-1.30665791,-0.36864313,0.00000000,0.00000000
0.22245069,-2.17000008,-1.31693196,-0.71053755,0.22317529,0.00000000,0.00000000,-1.43840718,0.13040441,1.38229287,-1.25449145,-0.38620421,0.00000000,0.00000000
0.22259593,-2.17000008,-1.31409836,-0.70552725,0.18283336,0.00000000,0.00000000,-1.42517292,0.13070489,1.39037538,-1.22872090,-0.40094697,0.00000000,0.00000000
0.22393073,-2.17000008,-1.31337643,-0.70126379,0.15641737,0.00000000,0.00000000,-1.41772199,0.12408791,1.38029814,-1.22950923,-0.40352184,0.00000000,0.00000000
0.22489357,-2.17000008,-1.31368780,-0.70102620,0.13254155,0.00000000,0.00000000,-1.41643846,0.10972815,1.35116065,-1.25590396,-0.39879456,0.00000000,0.00000000
0.22543600,-2.17000008,-1.31506240,-0.70465642,0.12031325,0.00000000,0.00000000,-1.42180228,0.08805027,1.30358446,-1.30408752,-0.38549250,0.00000000,0.00000000
0.22702269,-2.17000008,-1.31785882,-0.70828545,0.12279199,0.00000000,0.00000000,-1.43577659,0.06226657,1.24082232,-1.36331475,-0.37694752,0.00000000,0.00000000
0.22915396,-2.16992021,-1.32047689,-0.71151143,0.13146548,0.00000000,0.00000000,-1.45594382,0.03796637,1.17170143,-1.42188072,-0.36355132,0.00000000,0.00000000
0.23107274,-2.16885304,-1.32226849,-0.71448863,0.13746887,0.00000000,0.00000000,-1.47596347,0.02062684,1.10960901,-1.47146118,-0.34002569,0.00000000,0.00000000
0.23293573,-2.16720986,-1.32184875,-0.71727955,0.14321987,0.00000000,0.00000000,-1.49247169,0.01137358,1.06332016,-1.50795829,-0.30557314,0.00000000,0.00000000
0.23603716,-2.16885304,-1.31676054,-0.72042608,0.15741697,0.00000000,0.00000000,-1.50479364,0.00975793,1.03684855,-1.52888095,-0.27208456,0.00000000,0.00000000
0.23539032,-2.16992044,-1.31251538,-0.72283685,0.17642377,0.00000000,0.00000000,-1.51203585,0.01391239,1.03097904,-1.53396225,-0.24588968,0.00000000,0.00000000
0.23185045,-2.17000008,-1.30954790,-0.72346300,0.19804928,0.00000000,0.00000000,-1.51363683,0.02264056,1.04570365,-1.52333224,-0.22752871,0.00000000,0.00000000
0.22839923,-2.17000008,-1.30491638,-0.72235453,0.20986480,0.00000000,0.00000000,-1.50964832,0.03551313,1.08049524,-1.49718249,-0.21737996,0.00000000,0.00000000
0.22356950,-2.17000008,-1.29971814,-0.71969265,0.21986738,0.00000000,0.00000000,-1.50153828,0.05218693,1.13268936,-1.45594919,-0.21097988,0.00000000,0.00000000
0.21904308,-2.17000008,-1.29378974,-0.71537703,0.21918513,0.00000000,0.00000000,-1.48990405,0.07266131,1.19856048,-1.40258408,-0.21043056,0.00000000,0.00000000
0.21540108,-2.17000008,-1.28775048,-0.70955098,0.22556211,0.00000000,0.00000000,-1.47637224,0.09560036,1.27016568,-1.34337378,-0.20013911,0.00000000,0.00000000
0.21270297,-2.17000008,-1.28414798,-0.70207804,0.22814879,0.00000000,0.00000000,-1.46335721,0.11694471,1.33627665,-1.29017305,-0.18786597,0.00000000,0.00000000
0.21184260,-2.17000008,-1.28190696,-0.69460243,0.23764281,0.00000000,0.00000000,-1.45502043,0.13069268,1.38587332,-1.25678742,-0.17798625,0.00000000,0.00000000
0.21233989,-2.17000008,-1.28139830,-0.68844223,0.24013650,0.00000000,0.00000000,-1.45203042,0.13571295,1.41507518,-1.24658883,-0.15900305,0.00000000,0.00000000
0.21413547,-2.17000008,-1.28263021,-0.68412960,0.23443978,0.00000000,0.00000000,-1.45422864,0.13277604,1.42308414,-1.25775790,-0.14629044,0.00000000,0.00000000
0.21664864,-2.17000008,-1.28601193,-0.68216527,0.22623977,0.00000000,0.00000000,-1.46091259,0.12299567,1.41014981,-1.28861451,-0.13736330,0.00000000,0.00000000
0.21981847,-2.17000008,-1.29223931,-0.68181992,0.20588043,0.00000000,0.00000000,-1.47098863,0.10782664,1.37746525,-1.33725023,-0.13412026,0.00000000,0.00000000
0.22426479,-2.17000008,-1.29991925,-0.68277699,0.17099905,0.00000000,0.00000000,-1.48421943,0.08932879,1.32756817,-1.39877415,-0.13504487,0.00000000,0.00000000
0.23045622,-2.17000008,-1.30700493,-0.68460131,0.14368707,0.00000000,0.00000000,-1.50060189,0.07071202,1.26628196,-1.46476364,-0.13862011,0.00000000,0.00000000
0.23799807,-2.17000008,-1.31246173,-0.68678749,0.11597750,0.00000000,0.00000000,-1.51830459,0.05506167,1.20342362,-1.52690434,-0.14323950,0.00000000,0.00000000
0.24579939,-2.17000008,-1.31659555,-0.68852955,0.08819953,0.00000000,0.00000000,-1.53428745,0.04432278,1.14993060,-1.57868874,-0.15751107,0.00000000,0.00000000
0.25197628,-2.17000008,-1.32019794,-0.68937981,0.05839298,0.00000000,0.00000000,-1.54629529,0.03838987,1.11295545,-1.61669230,-0.17035380,0.00000000,0.00000000
0.25529087,-2.17000008,-1.32329345,-0.68968254,0.03509221,0.00000000,0.00000000,-1.55340600,0.03607045,1.09542859,-1.63955617,-0.18025734,0.00000000,0.00000000
0.25603417,-2.17000008,-1.32534242,-0.68980628,0.00471765,0.00000000,0.00000000,-1.55563605,0.03648197,1.09814107,-1.64657760,-0.18821013,0.00000000,0.00000000
0.25476688,-2.17000008,-1.32634616,-0.68965054,-0.01718954,0.00000000,0.00000000,-1.55340409,0.03925136,1.12099087,-1.63735557,-0.19006814,0.00000000,0.00000000
0.25213876,-2.17000008,-1.32637084,-0.68889648,-0.03405372,0.00000000,0.00000000,-1.54749393,0.04447479,1.16333914,-1.61157119,-0.19071662,0.00000000,0.00000000
0.24901356,-2.17000008,-1.32517958,-0.68733817,-0.04768315,0.00000000,0.00000000,-1.53820729,0.05245059,1.22439051,-1.56972122,-0.19105747,0.00000000,0.00000000
0.24523085,-2.17000008,-1.32445896,-0.68427825,-0.06459667,0.00000000,0.00000000,-1.52450597,0.06345437,1.30295861,-1.51428819,-0.19489144,0.00000000,0.00000000
0.24163648,-2.17000008,-1.32416391,-0.67989135,-0.06939897,0.00000000,0.00000000,-1.50990200,0.07652543,1.39383698,-1.44931459,-0.20138307,0.00000000,0.00000000
0.23915023,-2.17000008,-1.32272446,-0.67544979,-0.08528808,0.00000000,0.00000000,-1.50719631,0.08654345,1.48380125,-1.38317180,-0.20217666,0.00000000,0.00000000
0.23847665,-2.17000008,-1.32030046,-0.67151868,-0.09385600,0.00000000,0.00000000,-1.51771343,0.09048048,1.56500947,-1.33091152,-0.20634460,0.00000000,0.00000000
0.23978363,-2.17000008,-1.31758499,-0.66839206,-0.10479086,0.00000000,0.00000000,-1.54032767,0.08706120,1.63185096,-1.29927421,-0.20759527,0.00000000,0.00000000
0.24213152,-2.17000008,-1.31525505,-0.66720325,-0.10698359,0.00000000,0.00000000,-1.57551467,0.07499028,1.67932320,-1.28436553,-0.20666580,0.00000000,0.00000000
0.24417998,-2.17000008,-1.31473982,-0.66811347,-0.10182732,0.00000000,0.00000000,-1.62072814,0.05657975,1.70788431,-1.27742410,-0.20604979,0.00000000,0.00000000
0.24622034,-2.16997361,-1.31531167,-0.67033595,-0.09755310,0.00000000,0.00000000,-1.67527950,0.03313946,1.71917570,-1.27285349,-0.20229194,0.00000000,0.00000000
0.24746861,-2.16962171,-1.31896651,-0.67203152,-0.10042715,0.00000000,0.00000000,-1.73688340,0.00509646,1.71536458,-1.26989865,-0.19760425,0.00000000,0.00000000
0.24722683,-2.16907954,-1.32470357,-0.67321372,-0.10339346,0.00000000,0.00000000,-1.80209374,-0.02723598,1.70024598,-1.26791191,-0.20633188,0.00000000,0.00000000
0.24539395,-2.16962171,-1.32792258,-0.67615592,-0.09681895,0.00000000,0.00000000,-1.86742115,-0.06331697,1.67908740,-1.26524436,-0.20907427,0.00000000,0.00000000
0.24180973,-2.16995668,-1.32870221,-0.68024880,-0.09064157,0.00000000,0.00000000,-1.92969716,-0.10172431,1.65685391,-1.26072848,-0.20571269,0.00000000,0.00000000
0.23617911,-2.16975307,-1.32714748,-0.68524504,-0.09181742,0.00000000,0.00000000,-1.98685443,-0.14107624,1.63731384,-1.25392640,-0.20490350,0.00000000,0.00000000
0.22875623,-2.16937947,-1.32227671,-0.69151527,-0.09485958,0.00000000,0.00000000,-2.03790021,-0.18028414,1.62264895,-1.24505603,-0.19917245,0.00000000,0.00000000
0.22085410,-2.16946983,-1.31371987,-0.69893426,-0.10412402,0.00000000,0.00000000,-2.08193159,-0.21790883,1.61383259,-1.23521495,-0.19543801,0.00000000,0.00000000
0.21290995,-2.16929340,-1.30289674,-0.70690030,-0.11645529,0.00000000,0.00000000,-2.11914611,-0.25261050,1.61040866,-1.22484171,-0.20089124,0.00000000,0.00000000
0.20564625,-2.16971684,-1.28874779,-0.71637809,-0.12267849,0.00000000,0.00000000,-2.15129328,-0.28373677,1.61086762,-1.21325111,-0.21084666,0.00000000,0.00000000
0.19914843,-2.16998053,-1.27324605,-0.72625434,-0.13189889,0.00000000,0.00000000,-2.17953897,-0.30972672,1.61452961,-1.20004845,-0.22616838,0.00000000,0.00000000
0.19312230,-2.17000008,-1.25909925,-0.73531622,-0.14390086,0.00000000,0.00000000,-2.20345116,-0.32811797,1.62208629,-1.18603277,-0.23859631,0.00000000,0.00000000
0.18696645,-2.17000008,-1.24691617,-0.74349576,-0.15381318,0.00000000,0.00000000,-2.22272849,-0.33676052,1.63409054,-1.17227972,-0.24397543,0.00000000,0.00000000
0.18119080,-2.17000008,-1.23812413,-0.75025582,-0.15882863,0.00000000,0.00000000,-2.23890805,-0.33625337,1.64904344,-1.16381085,-0.24517731,0.00000000,0.00000000
0.17792502,-2.17000008,-1.23394775,-0.75524902,-0.15891685,0.00000000,0.00000000,-2.25558901,-0.33439061,1.65954518,-1.17412472,-0.24826223,0.00000000,0.00000000
0.17764543,-2.17000008,-1.23374355,-0.75917166,-0.15997294,0.00000000,0.00000000,-2.27064300,-0.33468294,1.66150737,-1.21081746,-0.25625804,0.00000000,0.00000000
0.18138961,-2.17000008,-1.23519337,-0.76380718,-0.16539286,0.00000000,0.00000000,-2.28288460,-0.34016708,1.65234160,-1.27517474,-0.26070586,0.00000000,0.00000000
0.18878196,-2.17000008,-1.24082112,-0.76806772,-0.17191109,0.00000000,0.00000000,-2.28830957,-0.34979653,1.63466716,-1.36650705,-0.25530672,0.00000000,0.00000000
0.20014679,-2.17000008,-1.24914956,-0.77122599,-0.18552548,0.00000000,0.00000000,-2.28201699,-0.35768887,1.61659765,-1.47592926,-0.25233665,0.00000000,0.00000000
0.21339895,-2.17000008,-1.25889349,-0.77301216,-0.19675696,0.00000000,0.00000000,-2.26991081,-0.36430326,1.59986043,-1.58691466,-0.23821604,0.00000000,0.00000000
0.22539452,-2.17000008,-1.27032626,-0.77344376,-0.22223003,0.00000000,0.00000000,-2.25692868,-0.36995184,1.58616960,-1.68949080,-0.22068521,0.00000000,0.00000000
0.23486689,-2.17000008,-1.28259325,-0.77299595,-0.25161666,0.00000000,0.00000000,-2.24523759,-0.37458253,1.57674241,-1.77844489,-0.20154752,0.00000000,0.00000000
0.24193341,-2.17000008,-1.29447818,-0.77202135,-0.28576773,0.00000000,0.00000000,-2.23644733,-0.37832275,1.57214081,-1.84976757,-0.17550324,0.00000000,0.00000000
0.24760161,-2.17000008,-1.30410576,-0.77093363,-0.30233258,0.00000000,0.00000000,-2.23160529,-0.38136303,1.57264066,-1.90059960,-0.15086107,0.00000000,0.00000000
0.25217912,-2.17000008,-1.31044948,-0.77029461,-0.31748903,0.00000000,0.00000000,-2.23093987,-0.38370493,1.57777357,-1.92939389,-0.13517839,0.00000000,0.00000000
0.25509694,-2.17000008,-1.31398523,-0.77029246,-0.32975096,0.00000000,0.00000000,-2.23405766,-0.38488075,1.58656728,-1.93564689,-0.12039027,0.00000000,0.00000000
0.25674108,-2.17000008,-1.31520355,-0.77049392,-0.34654835,0.00000000,0.00000000,-2.24053812,-0.38439551,1.59824634,-1.91972697,-0.09564708,0.00000000,0.00000000
0.25723833,-2.17000008,-1.31450343,-0.77049088,-0.36333823,0.00000000,0.00000000,-2.25018692,-0.38163897,1.61180520,-1.88295686,-0.07896005,0.00000000,0.00000000
0.25651717,-2.17000008,-1.31212902,-0.77011186,-0.37831506,0.00000000,0.00000000,-2.26282167,-0.37632123,1.62576473,-1.82800341,-0.05204680,0.00000000,0.00000000
0.25364029,-2.17000008,-1.31011105,-0.76878810,-0.39227268,0.00000000,0.00000000,-2.27775073,-0.36842877,1.63843119,-1.75948167,-0.02923557,0.00000000,0.00000000
0.24836054,-2.17000008,-1.30939269,-0.76635844,-0.40710357,0.00000000,0.00000000,-2.29202724,-0.35845467,1.64811623,-1.68579912,-0.00834415,0.00000000,0.00000000
0.24190933,-2.16994548,-1.30936408,-0.76318341,-0.42121696,0.00000000,0.00000000,-2.30046678,-0.34769112,1.65320086,-1.62272656,0.01344786,0.00000000,0.00000000
0.23640348,-2.16921687,-1.30849588,-0.75984174,-0.43399224,0.00000000,0.00000000,-2.30471826,-0.33842641,1.65235054,-1.58617771,0.04533498,0.00000000,0.00000000
0.23168099,-2.16809464,-1.30623937,-0.75759232,-0.44678620,0.00000000,0.00000000,-2.30895185,-0.33149973,1.64663601,-1.57973611,0.08202432,0.00000000,0.00000000
0.22784798,-2.16921663,-1.30005801,-0.75917172,-0.45203224,0.00000000,0.00000000,-2.31335998,-0.32812613,1.63612008,-1.60341465,0.10742747,0.00000000,0.00000000
0.22741370,-2.16994572,-1.29197800,-0.76177341,-0.45374811,0.00000000,0.00000000,-2.31231308,-0.32896245,1.62093055,-1.65778208,0.12590024,0.00000000,0.00000000
0.22968931,-2.17000008,-1.28447843,-0.76345181,-0.44952062,0.00000000,0.00000000,-2.29988503,-0.33254480,1.60372341,-1.73610461,0.14888413,0.00000000,0.00000000
0.23096104,-2.17000008,-1.28029335,-0.76374000,-0.44875655,0.00000000,0.00000000,-2.27987337,-0.33634546,1.58940947,-1.82007480,0.16886260,0.00000000,0.00000000
0.23149659,-2.17000008,-1.27838981,-0.76249367,-0.44617578,0.00000000,0.00000000,-2.25791430,-0.33946598,1.58003139,-1.89727318,0.18213727,0.00000000,0.00000000
0.23210733,-2.17000008,-1.27771831,-0.75988644,-0.43517157,0.00000000,0.00000000,-2.23769522,-0.34165987,1.57555330,-1.96081448,0.18621619,0.00000000,0.00000000
0.23343813,-2.17000008,-1.27786732,-0.75608778,-0.43338597,0.00000000,0.00000000,-2.22142053,-0.34264338,1.57555115,-2.00593543,0.19377315,0.00000000,0.00000000
0.23493077,-2.17000008,-1.27850211,-0.75167739,-0.43658626,0.00000000,0.00000000,-2.21026540,-0.34247762,1.57919085,-2.02968955,0.21660763,0.00000000,0.00000000
0.23637825,-2.17000008,-1.27858651,-0.74727023,-0.43975672,0.00000000,0.00000000,-2.20452523,-0.34120306,1.58582842,-2.03070426,0.25141156,0.00000000,0.00000000
0.23693027,-2.17000008,-1.27821362,-0.74291945,-0.44496956,0.00000000,0.00000000,-2.20396590,-0.33836666,1.59471643,-2.00873733,0.28546432,0.00000000,0.00000000
0.23582023,-2.17000008,-1.27780092,-0.73840821,-0.44354168,0.00000000,0.00000000,-2.20802402,-0.33319625,1.60483801,-1.96438813,0.32433712,0.00000000,0.00000000
0.23221987,-2.17000008,-1.27755499,-0.73379654,-0.44307324,0.00000000,0.00000000,-2.21601987,-0.32526433,1.61516464,-1.89909303,0.34654859,0.00000000,0.00000000
0.22586289,-2.17000008,-1.27746415,-0.72919220,-0.43766284,0.00000000,0.00000000,-2.22727895,-0.31454584,1.62478900,-1.81538427,0.36229461,0.00000000,0.00000000
0.21648890,-2.16999674,-1.27792311,-0.72473806,-0.43350190,0.00000000,0.00000000,-2.24064541,-0.30111367,1.63303685,-1.71727395,0.36715239,0.00000000,0.00000000
0.20323272,-2.16995430,-1.27997839,-0.72066861,-0.42218399,0.00000000,0.00000000,-2.25267553,-0.28517795,1.64006984,-1.61183512,0.37355447,0.00000000,0.00000000
0.18898517,-2.16984200,-1.28211927,-0.71711516,-0.41003063,0.00000000,0.00000000,-2.25837374,-0.26894215,1.64502609,-1.51342869,0.37958416,0.00000000,0.00000000
0.17805839,-2.16928577,-1.28185344,-0.71460068,-0.39485756,0.00000000,0.00000000,-2.26027727,-0.25798553,1.64374411,-1.43900728,0.37190762,0.00000000,0.00000000
0.17151968,-2.16837120,-1.27930534,-0.71332383,-0.38150832,0.00000000,0.00000000,-2.26251268,-0.25270462,1.63848531,-1.39239848,0.36494306,0.00000000,0.00000000
0.16804814,-2.16933179,-1.27280486,-0.71634829,-0.35795403,0.00000000,0.00000000,-2.26523590,-0.25099134,1.63298225,-1.37314034,0.36013961,0.00000000,0.00000000
0.16764265,-2.16995382,-1.26505148,-0.72278500,-0.34001923,0.00000000,0.00000000,-2.26744032,-0.25119585,1.62907839,-1.38131523,0.34407684,0.00000000,0.00000000
0.17033346,-2.17000008,-1.25903428,-0.72941285,-0.30896977,0.00000000,0.00000000,-2.26859593,-0.25375283,1.62571716,-1.41751122,0.32518613,0.00000000,0.00000000
0.17685831,-2.17000008,-1.25358486,-0.73586458,-0.26960850,0.00000000,0.00000000,-2.26806498,-0.26052448,1.61970985,-1.48268521,0.30154178,0.00000000,0.00000000
0.18563400,-2.17000008,-1.25035751,-0.74115026,-0.22989890,0.00000000,0.00000000,-2.26253128,-0.27062020,1.61047459,-1.57300782,0.28926048,0.00000000,0.00000000
0.19280255,-2.17000008,-1.25077510,-0.74534243,-0.19113041,0.00000000,0.00000000,-2.25061655,-0.27963269,1.60256755,-1.67142165,0.27458742,0.00000000,0.00000000
0.19807193,-2.17000008,-1.25304043,-0.74892652,-0.14643432,0.00000000,0.00000000,-2.23829436,-0.28614944,1.59745884,-1.76348412,0.25645685,0.00000000,0.00000000
0.20373601,-2.17000008,-1.25477314,-0.75162077,-0.09464190,0.00000000,0.00000000,-2.23185039,-0.29025108,1.59468806,-1.84064007,0.23625943,0.00000000,0.00000000
0.20727807,-2.17000008,-1.25824201,-0.75301844,-0.04002835,0.00000000,0.00000000,-2.23451281,-0.29160631,1.59399831,-1.89796865,0.21756722,0.00000000,0.00000000
0.20667619,-2.17000008,-1.26464140,-0.75347638,0.00245389,0.00000000,0.00000000,-2.24738312,-0.29014671,1.59489894,-1.93356597,0.20093934,0.00000000,0.00000000
0.20710400,-2.17000008,-1.27055073,-0.75245923,0.02788621,0.00000000,0.00000000,-2.27072668,-0.28620496,1.59678423,-1.94742787,0.17600739,0.00000000,0.00000000
0.20879695,-2.17000008,-1.27440786,-0.75123829,0.05134866,0.00000000,0.00000000,-2.30292749,-0.28021011,1.59897685,-1.94191027,0.15232387,0.00000000,0.00000000
0.21059328,-2.17000008,-1.27599430,-0.75079340,0.07226960,0.00000000,0.00000000,-2.34032226,-0.27270588,1.60069084,-1.92215121,0.13931064,0.00000000,0.00000000
0.21272047,-2.17000008,-1.27533710,-0.75103879,0.08665619,0.00000000,0.00000000,-2.37914896,-0.26454669,1.60089111,-1.89431095,0.12522884,0.00000000,0.00000000
0.21433358,-2.17000008,-1.27365351,-0.75171775,0.09469178,0.00000000,0.00000000,-2.41679192,-0.25625005,1.59847355,-1.86372948,0.10617796,0.00000000,0.00000000
0.21520354,-2.17000008,-1.27295208,-0.75206268,0.10108029,0.00000000,0.00000000,-2.45026731,-0.24816705,1.59305358,-1.83567500,0.09591615,0.00000000,0.00000000
0.21560355,-2.17000008,-1.27340364,-0.75188744,0.10810176,0.00000000,0.00000000,-2.47713041,-0.24141943,1.58566737,-1.81339872,0.08701911,0.00000000,0.00000000
0.21546535,-2.17000008,-1.27477252,-0.75131965,0.10698316,0.00000000,0.00000000,-2.49354291,-0.23728997,1.57976961,-1.79989803,0.08065523,0.00000000,0.00000000
