l_joint1,l_joint2,l_joint3,l_joint4,l_joint5,l_joint6,l_joint7,r_joint1,r_joint2,r_joint3,r_joint4,r_joint5,r_joint6,r_joint7
0.01822189,-2.17000008,-1.24346268,-0.47519740,-0.03459736,0.00000000,0.00000000,-0.21221669,2.17000008,1.38920498,0.55009389,0.04765650,0.00000000,0.00000000
0.05028588,-2.16987443,-1.24957216,-0.44751918,-0.05667700,0.00000000,0.00000000,-0.20740460,2.17000008,1.39629424,0.56122297,0.05595935,0.00000000,0.00000000
0.08870877,-2.16786957,-1.26272225,-0.41114646,-0.07611181,0.00000000,0.00000000,-0.19978417,2.17000008,1.40809798,0.58026516,0.06959783,0.00000000,0.00000000
0.12109878,-2.16055989,-1.27974498,-0.37812638,-0.10449468,0.00000000,0.00000000,-0.18751337,2.17000008,1.42064691,0.60818517,0.08613066,0.00000000,0.00000000
0.14562185,-2.15097904,-1.29629421,-0.35339844,-0.11791336,0.00000000,0.00000000,-0.17067428,2.17000008,1.43047321,0.64494342,0.10284442,0.00000000,0.00000000
0.16532636,-2.14512348,-1.31017768,-0.33695844,-0.13661423,0.00000000,0.00000000,-0.15265462,2.16996861,1.43670475,0.68639004,0.12627111,0.00000000,0.00000000
0.18359128,-2.14101243,-1.32173777,-0.32660583,-0.16139498,0.00000000,0.00000000,-0.13406298,2.16954923,1.44220388,0.72841847,0.14695324,0.00000000,0.00000000
0.20146433,-2.13924623,-1.33079648,-0.32113090,-0.18584901,0.00000000,0.00000000,-0.11504189,2.16890335,1.44622052,0.77024293,0.17005761,0.00000000,0.00000000
0.21911968,-2.14203334,-1.33677113,-0.31956407,-0.21330488,0.00000000,0.00000000,-0.09766845,2.16954947,1.44391251,0.81202370,0.18045020,0.00000000,0.00000000
0.23961626,-2.14709044,-1.33977044,-0.31851959,-0.23582210,0.00000000,0.00000000,-0.08116104,2.16996884,1.43704927,0.85168248,0.19738452,0.00000000,0.00000000
0.26233757,-2.15388489,-1.33968055,-0.31726766,-0.25949070,0.00000000,0.00000000,-0.06650989,2.17000008,1.42806089,0.88410538,0.20361139,0.00000000,0.00000000
0.28164786,-2.16068029,-1.33677995,-0.31802294,-0.28032970,0.00000000,0.00000000,-0.05388024,2.17000008,1.41802740,0.90697992,0.21215495,0.00000000,0.00000000
0.29479295,-2.16601372,-1.33118546,-0.32163098,-0.28209227,0.00000000,0.00000000,-0.04117333,2.17000008,1.40844345,0.92170841,0.23231857,0.00000000,0.00000000
0.30381694,-2.16912508,-1.32287014,-0.32715955,-0.28433657,0.00000000,0.00000000,-0.02981632,2.17000008,1.39933062,0.92836577,0.24870558,0.00000000,0.00000000
0.31103972,-2.16994858,-1.31256235,-0.33323398,-0.29584980,0.00000000,0.00000000,-0.02208619,2.17000008,1.39192927,0.92550141,0.26300213,0.00000000,0.00000000
0.31774613,-2.17000008,-1.30149961,-0.33864987,-0.29332128,0.00000000,0.00000000,-0.02021839,2.17000008,1.38739026,0.91137570,0.27123919,0.00000000,0.00000000
0.32222506,-2.17000008,-1.29102707,-0.34410992,-0.30799374,0.00000000,0.00000000,-0.02217149,2.17000008,1.38506854,0.88871235,0.27916074,0.00000000,0.00000000
0.32274106,-2.17000008,-1.28268588,-0.35029340,-0.33170843,0.00000000,0.00000000,-0.02788283,2.17000008,1.38429904,0.85766727,0.28050792,0.00000000,0.00000000
0.31814682,-2.17000008,-1.27807140,-0.35746622,-0.35099134,0.00000000,0.00000000,-0.03790709,2.16998911,1.38362122,0.81825101,0.28062290,0.00000000,0.00000000
0.30783308,-2.17000008,-1.27836609,-0.36599261,-0.37724063,0.00000000,0.00000000,-0.05351679,2.16984296,1.38067579,0.77146471,0.28052104,0.00000000,0.00000000
0.29235265,-2.17000008,-1.28406465,-0.37602347,-0.39500010,0.00000000,0.00000000,-0.07471419,2.16961765,1.37395942,0.72035366,0.29618445,0.00000000,0.00000000
0.27171233,-2.17000008,-1.29469228,-0.38859046,-0.41952562,0.00000000,0.00000000,-0.09921812,2.16984296,1.36413121,0.66840804,0.32098463,0.00000000,0.00000000
0.24543250,-2.16996002,-1.31009996,-0.40411875,-0.44386962,0.00000000,0.00000000,-0.12123987,2.16998911,1.35730433,0.61690277,0.35233524,0.00000000,0.00000000
0.21326031,-2.16929245,-1.32846975,-0.42383474,-0.46641153,0.00000000,0.00000000,-0.14069764,2.17000008,1.35325778,0.56636149,0.38034084,0.00000000,0.00000000
0.17602706,-2.16645122,-1.34664488,-0.44955981,-0.49907038,0.00000000,0.00000000,-0.16098414,2.17000008,1.34858274,0.51847827,0.40016454,0.00000000,0.00000000
0.13470176,-2.16129494,-1.36186516,-0.48296544,-0.52969694,0.00000000,0.00000000,-0.18349715,2.17000008,1.34089804,0.47662792,0.41340801,0.00000000,0.00000000
0.09089730,-2.15622401,-1.37275410,-0.52386051,-0.56610006,0.00000000,0.00000000,-0.20845443,2.17000008,1.32986045,0.44285625,0.41621587,0.00000000,0.00000000
0.04664835,-2.15350056,-1.37842369,-0.57038182,-0.60728866,0.00000000,0.00000000,-0.23569712,2.17000008,1.31667686,0.41700619,0.41498992,0.00000000,0.00000000
0.00462206,-2.15474200,-1.37798929,-0.61923248,-0.65632629,0.00000000,0.00000000,-0.26430312,2.17000008,1.30339372,0.39764801,0.40333399,0.00000000,0.00000000
-0.03260695,-2.15959716,-1.37135577,-0.66674972,-0.68654484,0.00000000,0.00000000,-0.29184651,2.17000008,1.29255891,0.38289061,0.38296989,0.00000000,0.00000000
-0.06496723,-2.16492701,-1.35995424,-0.71099538,-0.69939059,0.00000000,0.00000000,-0.31510529,2.17000008,1.28597474,0.37114906,0.35635084,0.00000000,0.00000000
-0.09173225,-2.16847706,-1.34487367,-0.75046790,-0.69613546,0.00000000,0.00000000,-0.33165562,2.17000008,1.28401923,0.36164349,0.32548073,0.00000000,0.00000000
-0.11152326,-2.16977620,-1.32685423,-0.78361595,-0.69304478,0.00000000,0.00000000,-0.34094170,2.17000008,1.28619719,0.35389450,0.29048464,0.00000000,0.00000000
-0.12424804,-2.16998959,-1.30772877,-0.80930430,-0.69574136,0.00000000,0.00000000,-0.34404802,2.17000008,1.29153633,0.34740126,0.24106242,0.00000000,0.00000000
-0.12948249,-2.17000008,-1.28919101,-0.82602346,-0.71033835,0.00000000,0.00000000,-0.34245345,2.17000008,1.29907274,0.34169266,0.18893898,0.00000000,0.00000000
-0.12687482,-2.17000008,-1.27225924,-0.83267242,-0.73939294,0.00000000,0.00000000,-0.33717921,2.17000008,1.30754697,0.33722651,0.13187967,0.00000000,0.00000000
-0.11688140,-2.17000008,-1.25742233,-0.82898068,-0.76773506,0.00000000,0.00000000,-0.32964286,2.17000008,1.31552005,0.33480775,0.08377034,0.00000000,0.00000000
-0.09963276,-2.17000008,-1.24479365,-0.81396449,-0.78900176,0.00000000,0.00000000,-0.32077739,2.17000008,1.32215214,0.33501080,0.03439470,0.00000000,0.00000000
-0.07595161,-2.17000008,-1.23444808,-0.78710133,-0.81133407,0.00000000,0.00000000,-0.30567983,2.17000008,1.32747281,0.34132773,-0.00475820,0.00000000,0.00000000
-0.04723860,-2.17000008,-1.22668386,-0.74900120,-0.82426882,0.00000000,0.00000000,-0.28077462,2.17000008,1.33207250,0.35690495,-0.03621116,0.00000000,0.00000000
-0.01540744,-2.17000008,-1.22204065,-0.70228148,-0.83195871,0.00000000,0.00000000,-0.25451893,2.17000008,1.33697569,0.37674737,-0.06085695,0.00000000,0.00000000
0.01872050,-2.17000008,-1.22119951,-0.64991820,-0.84463960,0.00000000,0.00000000,-0.23098035,2.17000008,1.34278595,0.39866024,-0.07750172,0.00000000,0.00000000
0.04887426,-2.17000008,-1.22587550,-0.59763896,-0.87178904,0.00000000,0.00000000,-0.20812528,2.17000008,1.34989250,0.42402264,-0.08734319,0.00000000,0.00000000
0.06743987,-2.17000008,-1.23727524,-0.55169910,-0.91685778,0.00000000,0.00000000,-0.18386094,2.17000008,1.35877430,0.45362833,-0.09318579,0.00000000,0.00000000
0.09422999,-2.16998029,-1.25099576,-0.50440216,-0.95572871,0.00000000,0.00000000,-0.15601239,2.17000008,1.37080050,0.48712087,-0.10674459,0.00000000,0.00000000
0.12845023,-2.16965413,-1.26587093,-0.45843059,-0.98692089,0.00000000,0.00000000,-0.12415482,2.16999125,1.38623297,0.52369958,-0.10665870,0.00000000,0.00000000
0.15554322,-2.16835833,-1.28139257,-0.42402607,-1.00824893,0.00000000,0.00000000,-0.09030491,2.16981840,1.40197206,0.56368518,-0.11138294,0.00000000,0.00000000
0.17878675,-2.16669106,-1.29364562,-0.40117377,-1.02013648,0.00000000,0.00000000,-0.05698446,2.16885829,1.41432238,0.60740340,-0.11035866,0.00000000,0.00000000
0.20255136,-2.16685963,-1.30133390,-0.38641602,-1.02665293,0.00000000,0.00000000,-0.02623647,2.16744852,1.42050254,0.65430123,-0.09952603,0.00000000,0.00000000
0.22665182,-2.16865110,-1.30470204,-0.37775892,-1.04672444,0.00000000,0.00000000,0.00083360,2.16803932,1.41894662,0.70297861,-0.08746422,0.00000000,0.00000000
0.25199503,-2.16975832,-1.30445492,-0.37225983,-1.06408465,0.00000000,0.00000000,0.02409953,2.16947222,1.41094923,0.75096744,-0.08233327,0.00000000,0.00000000
0.27769879,-2.16998744,-1.30168784,-0.36813489,-1.08705938,0.00000000,0.00000000,0.04306727,2.16996717,1.39979100,0.79398513,-0.07622828,0.00000000,0.00000000
0.29924083,-2.17000008,-1.29721606,-0.36667392,-1.10226798,0.00000000,0.00000000,0.05835874,2.17000008,1.38812304,0.82967705,-0.06438573,0.00000000,0.00000000
0.31447038,-2.17000008,-1.29142070,-0.36835852,-1.11637282,0.00000000,0.00000000,0.07095662,2.17000008,1.37690341,0.85772324,-0.05609117,0.00000000,0.00000000
0.32422969,-2.17000008,-1.28454292,-0.37202120,-1.12360740,0.00000000,0.00000000,0.08061334,2.17000008,1.36662745,0.87708426,-0.04976234,0.00000000,0.00000000
0.33014107,-2.17000008,-1.27715433,-0.37594491,-1.12110686,0.00000000,0.00000000,0.08607685,2.17000008,1.35786724,0.88616955,-0.04506172,0.00000000,0.00000000
0.33343661,-2.17000008,-1.26929855,-0.37936324,-1.13687921,0.00000000,0.00000000,0.08678955,2.17000008,1.35105407,0.88439566,-0.05575695,0.00000000,0.00000000
0.33709380,-2.17000008,-1.26066077,-0.38076192,-1.14504933,0.00000000,0.00000000,0.08262597,2.17000008,1.34747696,0.87084472,-0.07161815,0.00000000,0.00000000
0.34122962,-2.17000008,-1.25118947,-0.38050491,-1.14583325,0.00000000,0.00000000,0.07315949,2.17000008,1.34735012,0.84465206,-0.08276457,0.00000000,0.00000000
0.34065959,-2.17000008,-1.24189043,-0.38194859,-1.13779211,0.00000000,0.00000000,0.05753179,2.17000008,1.34870136,0.80568880,-0.09796417,0.00000000,0.00000000
0.33186558,-2.17000008,-1.23523867,-0.38666257,-1.13757002,0.00000000,0.00000000,0.03611200,2.17000008,1.35016811,0.75549448,-0.12826873,0.00000000,0.00000000
0.31605518,-2.17000008,-1.23366249,-0.39390308,-1.12865257,0.00000000,0.00000000,0.01060480,2.17000008,1.35154629,0.69811916,-0.14632358,0.00000000,0.00000000
0.29440251,-2.17000008,-1.23864114,-0.40356380,-1.11314714,0.00000000,0.00000000,-0.01795792,2.17000008,1.35304332,0.63825798,-0.14994346,0.00000000,0.00000000
0.26588869,-2.17000008,-1.25044441,-0.41651070,-1.09943974,0.00000000,0.00000000,-0.04989237,2.17000008,1.35413492,0.57855135,-0.15877718,0.00000000,0.00000000
0.22943757,-2.16987514,-1.26707578,-0.43462759,-1.08676350,0.00000000,0.00000000,-0.08319936,2.16999054,1.35384130,0.52202314,-0.16320521,0.00000000,0.00000000
0.18587478,-2.16810060,-1.28463745,-0.46009281,-1.06413996,0.00000000,0.00000000,-0.11470821,2.16986585,1.35123706,0.47277018,-0.16676950,0.00000000,0.00000000
0.13830659,-2.16399956,-1.30060780,-0.49293020,-1.03314018,0.00000000,0.00000000,-0.14484206,2.16967344,1.34523749,0.43294299,-0.15843402,0.00000000,0.00000000
0.08936228,-2.16215563,-1.31191015,-0.53346616,-0.99664140,0.00000000,0.00000000,-0.17590415,2.16986585,1.33423913,0.40303344,-0.16184355,0.00000000,0.00000000
0.04078563,-2.16011620,-1.31857562,-0.57905596,-0.95544076,0.00000000,0.00000000,-0.20852675,2.16999102,1.31891847,0.38235053,-0.15491219,0.00000000,0.00000000
-0.00477781,-2.15972257,-1.31957972,-0.62633622,-0.91347724,0.00000000,0.00000000,-0.24286577,2.17000008,1.30056286,0.36956942,-0.15219627,0.00000000,0.00000000
-0.04455762,-2.16312933,-1.31398797,-0.67217350,-0.86688203,0.00000000,0.00000000,-0.27803257,2.17000008,1.28166819,0.36255535,-0.15248758,0.00000000,0.00000000
-0.07755615,-2.16726637,-1.30299544,-0.71288162,-0.82361311,0.00000000,0.00000000,-0.30984873,2.17000008,1.26618397,0.35895064,-0.15000990,0.00000000,0.00000000
-0.10476292,-2.16946697,-1.28860652,-0.74669617,-0.76666206,0.00000000,0.00000000,-0.33324108,2.17000008,1.25729978,0.35725611,-0.13293414,0.00000000,0.00000000
-0.12649567,-2.16997051,-1.27268231,-0.77272922,-0.71145099,0.00000000,0.00000000,-0.34593669,2.17000008,1.25591266,0.35667029,-0.11152577,0.00000000,0.00000000
-0.14188150,-2.17000008,-1.25648308,-0.78994668,-0.64110577,0.00000000,0.00000000,-0.34948191,2.17000008,1.26126623,0.35608822,-0.08879701,0.00000000,0.00000000
-0.15074860,-2.17000008,-1.24151373,-0.79767513,-0.56735271,0.00000000,0.00000000,-0.34699166,2.17000008,1.27178514,0.35481399,-0.04674798,0.00000000,0.00000000
-0.15272151,-2.17000008,-1.22861826,-0.79528922,-0.49544248,0.00000000,0.00000000,-0.33977857,2.17000008,1.28536773,0.35425371,-0.01920625,0.00000000,0.00000000
-0.14676380,-2.17000008,-1.21814501,-0.78176403,-0.44541726,0.00000000,0.00000000,-0.32862571,2.17000008,1.29966736,0.35667968,0.01993546,0.00000000,0.00000000
-0.13454774,-2.17000008,-1.21102417,-0.75815910,-0.41459563,0.00000000,0.00000000,-0.31514260,2.17000008,1.31293273,0.36308327,0.04890547,0.00000000,0.00000000
-0.11550007,-2.17000008,-1.20676851,-0.72381788,-0.40366006,0.00000000,0.00000000,-0.29890129,2.17000008,1.32470322,0.37337646,0.08884665,0.00000000,0.00000000
-0.08917405,-2.17000008,-1.20512629,-0.67879701,-0.38630134,0.00000000,0.00000000,-0.27940887,2.17000008,1.33497250,0.38793129,0.14529243,0.00000000,0.00000000
-0.05723402,-2.17000008,-1.20560682,-0.62695080,-0.37930134,0.00000000,0.00000000,-0.25823721,2.17000008,1.34432566,0.40661466,0.20811798,0.00000000,0.00000000
-0.02051952,-2.17000008,-1.20886052,-0.57118809,-0.37775528,0.00000000,0.00000000,-0.23717639,2.17000008,1.35481727,0.42853969,0.24355038,0.00000000,0.00000000
0.01849700,-2.17000008,-1.21767378,-0.51357621,-0.38095281,0.00000000,0.00000000,-0.21560079,2.17000008,1.36810660,0.45466846,0.26835042,0.00000000,0.00000000
0.05413998,-2.16977811,-1.23318708,-0.45975015,-0.38629305,0.00000000,0.00000000,-0.19141026,2.17000008,1.38483548,0.48691490,0.27398708,0.00000000,0.00000000
0.08480558,-2.16638446,-1.25071573,-0.41754141,-0.39509791,0.00000000,0.00000000,-0.16370934,2.17000008,1.40457320,0.52534539,0.27015182,0.00000000,0.00000000
0.11299200,-2.15568161,-1.26744723,-0.38704112,-0.40840921,0.00000000,0.00000000,-0.13384676,2.17000008,1.42638230,0.56786007,0.25286946,0.00000000,0.00000000
0.14202370,-2.14495969,-1.28065848,-0.36602119,-0.44312683,0.00000000,0.00000000,-0.10247041,2.17000008,1.44651985,0.61396676,0.22230929,0.00000000,0.00000000
0.17291296,-2.14100575,-1.28883147,-0.35284895,-0.47104469,0.00000000,0.00000000,-0.06991280,2.17000008,1.46103716,0.66325265,0.19530503,0.00000000,0.00000000
0.20552568,-2.14204764,-1.29240084,-0.34470317,-0.48700389,0.00000000,0.00000000,-0.03712917,2.17000008,1.46913862,0.71273541,0.14868727,0.00000000,0.00000000
0.24116623,-2.14625716,-1.29159367,-0.33836129,-0.49412182,0.00000000,0.00000000,-0.00666904,2.17000008,1.47074640,0.75789630,0.09959524,0.00000000,0.00000000
0.28116491,-2.15273857,-1.28641224,-0.33166477,-0.50103801,0.00000000,0.00000000,0.01888996,2.17000008,1.46683967,0.79468656,0.05213590,0.00000000,0.00000000
0.32216176,-2.15958905,-1.27728963,-0.32551682,-0.51178569,0.00000000,0.00000000,0.04006315,2.17000008,1.45989656,0.82112134,-0.01499483,0.00000000,0.00000000
0.35689086,-2.16548634,-1.26474237,-0.32370123,-0.51913524,0.00000000,0.00000000,0.06086414,2.17000008,1.45248711,0.83758408,-0.08325705,0.00000000,0.00000000
0.38363099,-2.16901708,-1.24922764,-0.32687905,-0.52009165,0.00000000,0.00000000,0.08178255,2.17000008,1.44646716,0.84347206,-0.11790401,0.00000000,0.00000000
0.40357628,-2.16994286,-1.23181379,-0.33384603,-0.53361154,0.00000000,0.00000000,0.09638028,2.17000008,1.44105697,0.83725721,-0.14485653,0.00000000,0.00000000
0.41822815,-2.17000008,-1.21424651,-0.34270382,-0.54984772,0.00000000,0.00000000,0.10358332,2.17000008,1.43532908,0.82198006,-0.16266052,0.00000000,0.00000000
0.42862278,-2.17000008,-1.19825757,-0.35178912,-0.55363894,0.00000000,0.00000000,0.10361733,2.17000008,1.42942393,0.80011982,-0.18722482,0.00000000,0.00000000
0.43436250,-2.17000008,-1.18504190,-0.36066228,-0.55518270,0.00000000,0.00000000,0.09605350,2.17000008,1.42351747,0.77191156,-0.20702426,0.00000000,0.00000000
0.43369523,-2.17000008,-1.17568314,-0.36975068,-0.54134768,0.00000000,0.00000000,0.08101523,2.17000008,1.41663218,0.73730606,-0.22524324,0.00000000,0.00000000
0.42433545,-2.17000008,-1.17173505,-0.37954313,-0.52829719,0.00000000,0.00000000,0.06023525,2.17000008,1.40707695,0.69785339,-0.23718122,0.00000000,0.00000000
0.40627718,-2.17000008,-1.17467272,-0.38954267,-0.51711643,0.00000000,0.00000000,0.03552797,2.17000008,1.39445615,0.65560442,-0.23521788,0.00000000,0.00000000
0.38095132,-2.17000008,-1.18521380,-0.39931947,-0.50517040,0.00000000,0.00000000,0.00740095,2.16996002,1.37936103,0.61206412,-0.22356549,0.00000000,0.00000000
0.34833518,-2.17000008,-1.20234847,-0.41063941,-0.48235446,0.00000000,0.00000000,-0.02363173,2.16942716,1.36377203,0.56774354,-0.22166404,0.00000000,0.00000000
0.30648383,-2.16989899,-1.22428060,-0.42627937,-0.46368492,0.00000000,0.00000000,-0.05552506,2.16860604,1.34945631,0.52333653,-0.21332538,0.00000000,0.00000000
0.25388613,-2.16825008,-1.24932599,-0.44831184,-0.43478930,0.00000000,0.00000000,-0.08681767,2.16942692,1.33382189,0.48218155,-0.20689146,0.00000000,0.00000000
0.19116940,-2.16178703,-1.27315891,-0.48025391,-0.40805826,0.00000000,0.00000000,-0.11935026,2.16996050,1.31649482,0.44568667,-0.21171400,0.00000000,0.00000000
0.12370312,-2.15186930,-1.29271829,-0.52082217,-0.37374213,0.00000000,0.00000000,-0.15238988,2.17000008,1.29809082,0.41571382,-0.22006848,0.00000000,0.00000000
0.05600523,-2.14431739,-1.30584192,-0.56696934,-0.34377009,0.00000000,0.00000000,-0.18551651,2.17000008,1.27775979,0.39380968,-0.23272625,0.00000000,0.00000000
-0.00940958,-2.14096284,-1.31157112,-0.61511999,-0.32510146,0.00000000,0.00000000,-0.22017752,2.17000008,1.25659716,0.37841457,-0.23579228,0.00000000,0.00000000
-0.06837385,-2.14310384,-1.30892372,-0.66039670,-0.33159295,0.00000000,0.00000000,-0.25587767,2.17000008,1.23630142,0.36863318,-0.23307668,0.00000000,0.00000000
-0.11740115,-2.14996862,-1.29805636,-0.69887996,-0.33499706,0.00000000,0.00000000,-0.28991958,2.17000008,1.21939981,0.36323634,-0.24137007,0.00000000,0.00000000
-0.15648243,-2.15797234,-1.28083193,-0.72946781,-0.35824984,0.00000000,0.00000000,-0.31563362,2.17000008,1.20842171,0.36274895,-0.25764078,0.00000000,0.00000000
-0.18668512,-2.16435957,-1.25920916,-0.75288904,-0.39216620,0.00000000,0.00000000,-0.33079708,2.17000008,1.20453024,0.36537421,-0.28564799,0.00000000,0.00000000
-0.20747891,-2.16785860,-1.23484409,-0.76939565,-0.42185757,0.00000000,0.00000000,-0.33720967,2.17000008,1.20705140,0.36914060,-0.32962230,0.00000000,0.00000000
-0.21730372,-2.16952825,-1.20871055,-0.77842814,-0.44091108,0.00000000,0.00000000,-0.33599776,2.17000008,1.21464765,0.37394109,-0.35799131,0.00000000,0.00000000
-0.21654685,-2.16997218,-1.18306613,-0.77842581,-0.46160552,0.00000000,0.00000000,-0.32898238,2.17000008,1.22599208,0.37959686,-0.38226518,0.00000000,0.00000000
-0.20645830,-2.17000008,-1.16003609,-0.76730716,-0.49058837,0.00000000,0.00000000,-0.31676498,2.17000008,1.23980820,0.38665310,-0.41320100,0.00000000,0.00000000
-0.18567249,-2.17000008,-1.13981700,-0.74276245,-0.52597994,0.00000000,0.00000000,-0.29912531,2.17000008,1.25343716,0.39750907,-0.44133532,0.00000000,0.00000000
-0.15666097,-2.17000008,-1.12343907,-0.70651335,-0.56206435,0.00000000,0.00000000,-0.27964380,2.17000008,1.26494980,0.41200247,-0.47037312,0.00000000,0.00000000
-0.12235457,-2.17000008,-1.11267495,-0.66025662,-0.60151279,0.00000000,0.00000000,-0.26108506,2.17000008,1.27393115,0.42902717,-0.49961045,0.00000000,0.00000000
-0.08603134,-2.17000008,-1.10882986,-0.60642737,-0.63780349,0.00000000,0.00000000,-0.24326326,2.17000008,1.27990305,0.44906870,-0.52146286,0.00000000,0.00000000
-0.05159292,-2.17000008,-1.11212814,-0.54875970,-0.66536874,0.00000000,0.00000000,-0.22272022,2.17000008,1.28407943,0.47292560,-0.54781926,0.00000000,0.00000000
-0.02097246,-2.16985846,-1.12270129,-0.49033925,-0.70881194,0.00000000,0.00000000,-0.20066971,2.16995168,1.29157686,0.49718142,-0.56406081,0.00000000,0.00000000
0.00732660,-2.16764522,-1.13952136,-0.43343168,-0.73317158,0.00000000,0.00000000,-0.17414320,2.16920972,1.30585098,0.52360672,-0.57474273,0.00000000,0.00000000
0.03278692,-2.16011596,-1.15989745,-0.38184005,-0.74560934,0.00000000,0.00000000,-0.14587981,2.16690469,1.32187700,0.55607951,-0.57130092,0.00000000,0.00000000
0.05590357,-2.15115547,-1.17909873,-0.34099531,-0.77177781,0.00000000,0.00000000,-0.11655516,2.16557574,1.33229685,0.59874785,-0.54221743,0.00000000,0.00000000
0.09121900,-2.14604783,-1.19372547,-0.30486280,-0.80680472,0.00000000,0.00000000,-0.08583024,2.16766691,1.33436763,0.65168834,-0.51687980,0.00000000,0.00000000
0.13668421,-2.14387822,-1.20448375,-0.27238646,-0.84299159,0.00000000,0.00000000,-0.05773125,2.16953230,1.32964051,0.70898592,-0.49408504,0.00000000,0.00000000
0.18808371,-2.14471602,-1.21201229,-0.24396639,-0.87960619,0.00000000,0.00000000,-0.03387655,2.16997433,1.32152522,0.76501596,-0.47668016,0.00000000,0.00000000
0.23986664,-2.14800167,-1.21685028,-0.22059265,-0.91269207,0.00000000,0.00000000,-0.01206208,2.17000008,1.31290519,0.81651020,-0.45461699,0.00000000,0.00000000
0.28488341,-2.15281129,-1.21954167,-0.20439155,-0.93608159,0.00000000,0.00000000,0.01015660,2.17000008,1.30631781,0.86099470,-0.41520125,0.00000000,0.00000000
0.32122096,-2.15937734,-1.22014844,-0.19549450,-0.95333803,0.00000000,0.00000000,0.03238222,2.17000008,1.30307388,0.89603657,-0.37855104,0.00000000,0.00000000
0.35087907,-2.16588354,-1.21878946,-0.19207332,-0.97300756,0.00000000,0.00000000,0.05195022,2.17000008,1.30343187,0.91965318,-0.35421017,0.00000000,0.00000000
0.37543765,-2.16922903,-1.21591091,-0.19266149,-0.98163670,0.00000000,0.00000000,0.06687731,2.17000008,1.30800951,0.93139023,-0.33874071,0.00000000,0.00000000
0.39372954,-2.16995811,-1.21225607,-0.19747806,-0.97716641,0.00000000,0.00000000,0.07468092,2.17000008,1.31628823,0.93136048,-0.32840922,0.00000000,0.00000000
0.40492085,-2.17000008,-1.20888162,-0.20620745,-0.99109846,0.00000000,0.00000000,0.07380037,2.17000008,1.32759333,0.91986454,-0.31265932,0.00000000,0.00000000
0.40947038,-2.17000008,-1.20672405,-0.21795861,-1.01605713,0.00000000,0.00000000,0.06526734,2.17000008,1.34242845,0.89695090,-0.30190551,0.00000000,0.00000000
0.40562093,-2.17000008,-1.20626402,-0.23380964,-1.04181194,0.00000000,0.00000000,0.05071734,2.17000008,1.35998046,0.86251593,-0.30094871,0.00000000,0.00000000
0.38840875,-2.17000008,-1.20757139,-0.25741500,-1.06974840,0.00000000,0.00000000,0.02945787,2.17000008,1.37675047,0.81676346,-0.29531741,0.00000000,0.00000000
0.36133358,-2.17000008,-1.21231925,-0.28414246,-1.09192371,0.00000000,0.00000000,0.00548333,2.16997457,1.39132488,0.76286626,-0.28141701,0.00000000,0.00000000
0.32757306,-2.17000008,-1.22138107,-0.31110442,-1.10886919,0.00000000,0.00000000,-0.02111133,2.16952443,1.40159237,0.70397371,-0.25782594,0.00000000,0.00000000
0.28977075,-2.16996527,-1.23470199,-0.33726689,-1.13139439,0.00000000,0.00000000,-0.05143224,2.16753078,1.40652025,0.64307207,-0.22930515,0.00000000,0.00000000
0.24700870,-2.16940689,-1.25102413,-0.36440292,-1.16083050,0.00000000,0.00000000,-0.08925378,2.16575694,1.40487790,0.58161741,-0.21803150,0.00000000,0.00000000
0.19526568,-2.16734767,-1.26824725,-0.39645049,-1.18592179,0.00000000,0.00000000,-0.12731236,2.16829038,1.39631462,0.52587056,-0.21219823,0.00000000,0.00000000
0.13753174,-2.16511941,-1.28324783,-0.43502110,-1.21258521,0.00000000,0.00000000,-0.14376926,2.16984606,1.38597238,0.48713464,-0.22057311,0.00000000,0.00000000
0.07889631,-2.16506481,-1.29383624,-0.48040465,-1.24457932,0.00000000,0.00000000,-0.16583236,2.16999722,1.37579715,0.45013282,-0.22509781,0.00000000,0.00000000
0.02137743,-2.16488051,-1.29980946,-0.53097701,-1.26854801,0.00000000,0.00000000,-0.19093223,2.17000008,1.36350715,0.42012733,-0.22183235,0.00000000,0.00000000
-0.03393393,-2.16433764,-1.30061638,-0.58432704,-1.27156448,0.00000000,0.00000000,-0.21420330,2.17000008,1.34883153,0.40090743,-0.22437426,0.00000000,0.00000000
-0.08461531,-2.16476703,-1.29533100,-0.63731617,-1.26681137,0.00000000,0.00000000,-0.24048235,2.17000008,1.33398902,0.38720369,-0.22384392,0.00000000,0.00000000
-0.12874459,-2.16663694,-1.28354502,-0.68685299,-1.25829470,0.00000000,0.00000000,-0.27116406,2.17000008,1.32257676,0.37382549,-0.22785245,0.00000000,0.00000000
-0.16228172,-2.16903782,-1.26565659,-0.72847450,-1.24394381,0.00000000,0.00000000,-0.30012009,2.17000008,1.31743097,0.36090735,-0.25772539,0.00000000,0.00000000
-0.18364777,-2.16992283,-1.24393344,-0.75800908,-1.22771037,0.00000000,0.00000000,-0.31742299,2.17000008,1.31989920,0.35162956,-0.29543698,0.00000000,0.00000000
-0.20100154,-2.16999865,-1.22177660,-0.77853018,-1.22048354,0.00000000,0.00000000,-0.32322252,2.17000008,1.32893968,0.34525633,-0.33512306,0.00000000,0.00000000
-0.21362323,-2.17000008,-1.20053649,-0.79086876,-1.21847618,0.00000000,0.00000000,-0.32228479,2.17000008,1.34283566,0.33963886,-0.37797445,0.00000000,0.00000000
-0.21790704,-2.17000008,-1.18120313,-0.79318404,-1.21532631,0.00000000,0.00000000,-0.31679785,2.16996813,1.35986364,0.33460623,-0.41049892,0.00000000,0.00000000
-0.21210214,-2.17000008,-1.16524899,-0.78323132,-1.22043824,0.00000000,0.00000000,-0.30711868,2.16946411,1.37800288,0.33143342,-0.42527297,0.00000000,0.00000000
-0.19549423,-2.17000008,-1.15373993,-0.75936300,-1.21054375,0.00000000,0.00000000,-0.29328540,2.16765857,1.39496243,0.33202440,-0.40679115,0.00000000,0.00000000
-0.16735519,-2.17000008,-1.14657319,-0.72084838,-1.19534039,0.00000000,0.00000000,-0.27478707,2.16529489,1.40870428,0.33868563,-0.39303729,0.00000000,0.00000000
-0.13121134,-2.17000008,-1.14407766,-0.67138714,-1.18612981,0.00000000,0.00000000,-0.25332400,2.16500664,1.41802657,0.35217083,-0.38206464,0.00000000,0.00000000
-0.08988584,-2.17000008,-1.14627552,-0.61525172,-1.19100797,0.00000000,0.00000000,-0.23084581,2.16771245,1.42275798,0.37227130,-0.37034488,0.00000000,0.00000000
-0.04435342,-2.17000008,-1.15247941,-0.55667889,-1.19291663,0.00000000,0.00000000,-0.20979500,2.16895676,1.42400920,0.39681751,-0.34977391,0.00000000,0.00000000
0.00425502,-2.17000008,-1.16255546,-0.49951869,-1.19523025,0.00000000,0.00000000,-0.18961428,2.16966820,1.42243183,0.42654625,-0.32259250,0.00000000,0.00000000
0.04599384,-2.16982365,-1.17941570,-0.45035648,-1.21386433,0.00000000,0.00000000,-0.17249666,2.16997790,1.42048812,0.45835966,-0.28298250,0.00000000,0.00000000
0.07304480,-2.16720581,-1.20393312,-0.41512832,-1.24247968,0.00000000,0.00000000,-0.15595354,2.17000008,1.41995478,0.49047595,-0.23813547,0.00000000,0.00000000
0.10299418,-2.15985250,-1.23049891,-0.38701397,-1.27478385,0.00000000,0.00000000,-0.13182764,2.16998577,1.42362690,0.52482611,-0.19927213,0.00000000,0.00000000
0.13557601,-2.15416145,-1.25521457,-0.36825114,-1.29367769,0.00000000,0.00000000,-0.10595480,2.16975284,1.42933071,0.55985779,-0.16508000,0.00000000,0.00000000
0.16927280,-2.15202713,-1.27698553,-0.35702246,-1.30514789,0.00000000,0.00000000,-0.07808329,2.16890359,1.43618524,0.59924299,-0.12511192,0.00000000,0.00000000
0.20502456,-2.15215421,-1.29549479,-0.34954563,-1.30463409,0.00000000,0.00000000,-0.05130865,2.16834545,1.43928838,0.64259291,-0.09388586,0.00000000,0.00000000
0.24159701,-2.15412045,-1.31043899,-0.34406716,-1.30174232,0.00000000,0.00000000,-0.02771679,2.16939020,1.43626404,0.68795967,-0.06940561,0.00000000,0.00000000
0.27896705,-2.15697932,-1.32153416,-0.33849084,-1.30384588,0.00000000,0.00000000,-0.00912407,2.16995883,1.42821074,0.73216063,-0.04245308,0.00000000,0.00000000
0.31562161,-2.16030121,-1.32853675,-0.33238268,-1.31355846,0.00000000,0.00000000,0.00390439,2.17000008,1.41796637,0.77205926,-0.01894021,0.00000000,0.00000000
0.34742033,-2.16385126,-1.33144820,-0.32783616,-1.31437695,0.00000000,0.00000000,0.01375468,2.17000008,1.40912318,0.80588800,0.00166261,0.00000000,0.00000000
0.37144488,-2.16754580,-1.33026588,-0.32676274,-1.32500601,0.00000000,0.00000000,0.02140838,2.17000008,1.40199733,0.83247107,0.00172721,0.00000000,0.00000000
0.38931811,-2.16954184,-1.32540345,-0.32842565,-1.33077848,0.00000000,0.00000000,0.02780602,2.17000008,1.39748800,0.85050035,0.00198910,0.00000000,0.00000000
0.40261450,-2.16997528,-1.31768370,-0.33207157,-1.32738459,0.00000000,0.00000000,0.03052346,2.17000008,1.39521158,0.85802978,0.00562991,0.00000000,0.00000000
0.41172034,-2.17000008,-1.30835366,-0.33753487,-1.31625724,0.00000000,0.00000000,0.02808409,2.17000008,1.39461792,0.85422623,-0.01060595,0.00000000,0.00000000
0.41551131,-2.17000008,-1.29879642,-0.34563279,-1.30124974,0.00000000,0.00000000,0.01930007,2.17000008,1.39509010,0.83879268,-0.03326676,0.00000000,0.00000000
0.41304323,-2.17000008,-1.29080033,-0.35658026,-1.29687488,0.00000000,0.00000000,0.00599164,2.17000008,1.39718592,0.81265503,-0.04879781,0.00000000,0.00000000
0.40266135,-2.17000008,-1.28638327,-0.37065396,-1.30295563,0.00000000,0.00000000,-0.01125093,2.17000008,1.39921021,0.77682292,-0.07911303,0.00000000,0.00000000
0.38442522,-2.17000008,-1.28763151,-0.38713014,-1.31794000,0.00000000,0.00000000,-0.03293654,2.17000008,1.39927888,0.73262185,-0.10282963,0.00000000,0.00000000
0.36047730,-2.17000008,-1.29598868,-0.40461728,-1.34309053,0.00000000,0.00000000,-0.05804370,2.17000008,1.39791083,0.68226987,-0.12895496,0.00000000,0.00000000
0.33282211,-2.16993451,-1.31056809,-0.42297891,-1.37538934,0.00000000,0.00000000,-0.08353709,2.16992998,1.39854407,0.62794411,-0.15696312,0.00000000,0.00000000
0.29793915,-2.16890478,-1.32827008,-0.44583926,-1.41413116,0.00000000,0.00000000,-0.10743743,2.16899252,1.40101814,0.57222903,-0.17074591,0.00000000,0.00000000
0.25275135,-2.16516113,-1.34504044,-0.47691393,-1.45127320,0.00000000,0.00000000,-0.13116495,2.16749358,1.40062833,0.51851356,-0.19393949,0.00000000,0.00000000
0.19994465,-2.15856075,-1.35824680,-0.51581079,-1.46877539,0.00000000,0.00000000,-0.15638760,2.16819310,1.39466858,0.47059184,-0.20826790,0.00000000,0.00000000
0.14520432,-2.15064692,-1.36648595,-0.55963278,-1.49019110,0.00000000,0.00000000,-0.18454325,2.16798544,1.38413191,0.42980623,-0.22273742,0.00000000,0.00000000
0.09119922,-2.14614367,-1.36803699,-0.60711074,-1.51127768,0.00000000,0.00000000,-0.21318591,2.16920090,1.36898136,0.39961079,-0.23980655,0.00000000,0.00000000
0.03935956,-2.14290571,-1.36382437,-0.65502775,-1.52351868,0.00000000,0.00000000,-0.24361223,2.16994476,1.35147548,0.37875551,-0.24421021,0.00000000,0.00000000
-0.00662415,-2.14202571,-1.35391402,-0.69922757,-1.53166449,0.00000000,0.00000000,-0.27785113,2.17000008,1.33405232,0.36416006,-0.23307966,0.00000000,0.00000000
-0.04530225,-2.14542651,-1.33897150,-0.73733151,-1.54217470,0.00000000,0.00000000,-0.31310263,2.17000008,1.31955862,0.35447001,-0.23180081,0.00000000,0.00000000
-0.07923553,-2.15150356,-1.32174444,-0.76888883,-1.54928839,0.00000000,0.00000000,-0.34154809,2.17000008,1.31103981,0.34998751,-0.23151545,0.00000000,0.00000000
-0.10944527,-2.15807509,-1.30466008,-0.79311639,-1.56214821,0.00000000,0.00000000,-0.35904187,2.17000008,1.30894291,0.34993258,-0.24276932,0.00000000,0.00000000
-0.13398184,-2.16376448,-1.28854835,-0.80893773,-1.57974041,0.00000000,0.00000000,-0.36783379,2.17000008,1.31188166,0.35230297,-0.25958014,0.00000000,0.00000000
-0.14833999,-2.16839886,-1.27260244,-0.81497735,-1.59316182,0.00000000,0.00000000,-0.36862221,2.17000008,1.31888425,0.35658360,-0.27596644,0.00000000,0.00000000
-0.15362376,-2.16990089,-1.25837398,-0.81144440,-1.59328306,0.00000000,0.00000000,-0.36426330,2.17000008,1.32890475,0.36145160,-0.31311920,0.00000000,0.00000000
-0.14936249,-2.17000008,-1.24608994,-0.79797369,-1.59432185,0.00000000,0.00000000,-0.35409617,2.17000008,1.34049249,0.36828795,-0.33643284,0.00000000,0.00000000
-0.13550085,-2.17000008,-1.23627317,-0.77439421,-1.61176538,0.00000000,0.00000000,-0.33859000,2.17000008,1.35197890,0.37817922,-0.36881647,0.00000000,0.00000000
-0.11327603,-2.17000008,-1.22966731,-0.74130428,-1.62512887,0.00000000,0.00000000,-0.31983829,2.17000008,1.36188555,0.39134714,-0.41585773,0.00000000,0.00000000
-0.08464681,-2.17000008,-1.22661114,-0.70056570,-1.63894367,0.00000000,0.00000000,-0.30024973,2.17000008,1.36980140,0.40751699,-0.46124637,0.00000000,0.00000000
-0.05072650,-2.17000008,-1.22685003,-0.65483356,-1.65652704,0.00000000,0.00000000,-0.28213266,2.17000008,1.37550771,0.42768267,-0.49765664,0.00000000,0.00000000
-0.01191146,-2.17000008,-1.23008895,-0.60655349,-1.69010198,0.00000000,0.00000000,-0.26379403,2.17000008,1.37880456,0.45542651,-0.53124642,0.00000000,0.00000000
0.02994453,-2.16999197,-1.23806560,-0.55761898,-1.71782231,0.00000000,0.00000000,-0.24506105,2.17000008,1.38039148,0.49109003,-0.56646997,0.00000000,0.00000000
0.07045221,-2.16983414,-1.25242054,-0.51074940,-1.73820245,0.00000000,0.00000000,-0.22598037,2.17000008,1.38044560,0.53413349,-0.60385883,0.00000000,0.00000000
0.10567229,-2.16877747,-1.27305067,-0.46869695,-1.75668561,0.00000000,0.00000000,-0.20672207,2.17000008,1.38106906,0.58204448,-0.63155329,0.00000000,0.00000000
0.13556834,-2.16469979,-1.29658794,-0.43296936,-1.77615511,0.00000000,0.00000000,-0.18388875,2.17000008,1.38449931,0.63236833,-0.66575176,0.00000000,0.00000000
0.16240093,-2.15693140,-1.31935394,-0.40320170,-1.79149806,0.00000000,0.00000000,-0.15347058,2.17000008,1.38839102,0.68561327,-0.69325274,0.00000000,0.00000000
0.18877098,-2.15071225,-1.33843732,-0.37892419,-1.80395746,0.00000000,0.00000000,-0.12101944,2.17000008,1.39085937,0.73813164,-0.72602636,0.00000000,0.00000000
0.21512809,-2.14816236,-1.35313368,-0.35938379,-1.82613277,0.00000000,0.00000000,-0.08898919,2.17000008,1.39097166,0.78705448,-0.75698107,0.00000000,0.00000000
0.24145241,-2.14966059,-1.36334026,-0.34364486,-1.84233701,0.00000000,0.00000000,-0.05745250,2.17000008,1.38881528,0.82988751,-0.77655208,0.00000000,0.00000000
0.26964343,-2.15373302,-1.36922157,-0.32930598,-1.85852039,0.00000000,0.00000000,-0.02885096,2.17000008,1.38546979,0.86249745,-0.79004931,0.00000000,0.00000000
0.29991689,-2.15899229,-1.37098670,-0.31495523,-1.88146472,0.00000000,0.00000000,-0.00940262,2.17000008,1.38139486,0.87932712,-0.79889578,0.00000000,0.00000000
0.32535106,-2.16422892,-1.36914444,-0.30382437,-1.90466213,0.00000000,0.00000000,0.00399082,2.17000008,1.37750435,0.88172042,-0.80204570,0.00000000,0.00000000
0.34165418,-2.16853762,-1.36413705,-0.29830679,-1.90794384,0.00000000,0.00000000,0.01610762,2.17000008,1.37503541,0.87429905,-0.80395478,0.00000000,0.00000000
0.35000578,-2.16990995,-1.35703766,-0.29743269,-1.90934324,0.00000000,0.00000000,0.02613098,2.17000008,1.37521946,0.85772502,-0.81785786,0.00000000,0.00000000
0.35195884,-2.17000008,-1.34949923,-0.29992029,-1.90893662,0.00000000,0.00000000,0.03179951,2.17000008,1.37720954,0.83228618,-0.82914275,0.00000000,0.00000000
0.34843376,-2.17000008,-1.34274828,-0.30571517,-1.90844858,0.00000000,0.00000000,0.03160221,2.17000008,1.37968373,0.79952246,-0.84827334,0.00000000,0.00000000
0.34238264,-2.17000008,-1.33716762,-0.31423944,-1.90411007,0.00000000,0.00000000,0.02590569,2.17000008,1.38391435,0.76073945,-0.86643004,0.00000000,0.00000000
0.33649939,-2.17000008,-1.33285677,-0.32480106,-1.89839149,0.00000000,0.00000000,0.01411989,2.17000008,1.38950372,0.71622980,-0.89382029,0.00000000,0.00000000
0.32730910,-2.17000008,-1.33052969,-0.33983138,-1.88638031,0.00000000,0.00000000,-0.00320925,2.17000008,1.39419758,0.66912293,-0.91115510,0.00000000,0.00000000
0.30390647,-2.17000008,-1.33016407,-0.36762780,-1.86471677,0.00000000,0.00000000,-0.02610500,2.17000008,1.39654624,0.62184572,-0.92779201,0.00000000,0.00000000
0.27475408,-2.17000008,-1.33163261,-0.40338859,-1.84553730,0.00000000,0.00000000,-0.05533373,2.16989613,1.39647913,0.57481855,-0.94588935,0.00000000,0.00000000
0.24493909,-2.16998434,-1.33681393,-0.44024548,-1.83205891,0.00000000,0.00000000,-0.08849148,2.16850734,1.39625514,0.52941704,-0.96943057,0.00000000,0.00000000
0.21103400,-2.16975212,-1.34361506,-0.47925609,-1.80414712,0.00000000,0.00000000,-0.11495098,2.16636872,1.39663804,0.49374306,-0.99441916,0.00000000,0.00000000
0.17138645,-2.16897798,-1.34846127,-0.52231622,-1.77603722,0.00000000,0.00000000,-0.13033888,2.16850710,1.39584637,0.47232008,-1.02513599,0.00000000,0.00000000
0.12841123,-2.16676784,-1.34922695,-0.56817025,-1.74918306,0.00000000,0.00000000,-0.15381077,2.16989660,1.39609694,0.45021996,-1.06367803,0.00000000,0.00000000
0.08176240,-2.16185951,-1.34611392,-0.61637157,-1.72950399,0.00000000,0.00000000,-0.18844451,2.17000008,1.39721215,0.42574078,-1.09217501,0.00000000,0.00000000
0.03264702,-2.15772796,-1.33793640,-0.66585189,-1.72551131,0.00000000,0.00000000,-0.21387736,2.17000008,1.39920688,0.41165376,-1.11676705,0.00000000,0.00000000
-0.01725003,-2.15441680,-1.32467210,-0.71464384,-1.72747552,0.00000000,0.00000000,-0.23679523,2.17000008,1.40209174,0.40230870,-1.12842953,0.00000000,0.00000000
-0.06423547,-2.15376973,-1.30510628,-0.75975585,-1.73165166,0.00000000,0.00000000,-0.26300567,2.17000008,1.40571856,0.39280462,-1.13778925,0.00000000,0.00000000
-0.10291520,-2.15990925,-1.27675545,-0.79792720,-1.73058963,0.00000000,0.00000000,-0.28940722,2.17000008,1.41066480,0.38333854,-1.14269209,0.00000000,0.00000000
-0.13346674,-2.16739511,-1.24247551,-0.82755798,-1.74171686,0.00000000,0.00000000,-0.31086215,2.17000008,1.41842449,0.37462702,-1.14691365,0.00000000,0.00000000
-0.15756050,-2.16983962,-1.20671237,-0.84769291,-1.74545705,0.00000000,0.00000000,-0.32508135,2.17000008,1.42953157,0.36636636,-1.15634549,0.00000000,0.00000000
-0.17471294,-2.17000008,-1.17150545,-0.85731173,-1.74373186,0.00000000,0.00000000,-0.33233094,2.16998100,1.44231653,0.35868692,-1.17567694,0.00000000,0.00000000
-0.18341032,-2.17000008,-1.13919711,-0.85447258,-1.73621821,0.00000000,0.00000000,-0.33406338,2.16967916,1.45387781,0.35258114,-1.19446957,0.00000000,0.00000000
-0.18350869,-2.17000008,-1.11204016,-0.83787698,-1.73972809,0.00000000,0.00000000,-0.33091688,2.16858768,1.46189976,0.34966740,-1.19905281,0.00000000,0.00000000
-0.17401645,-2.17000008,-1.09135115,-0.80493701,-1.74708569,0.00000000,0.00000000,-0.32381245,2.16739106,1.46523821,0.35039917,-1.21344399,0.00000000,0.00000000
-0.15804422,-2.17000008,-1.07694185,-0.75875002,-1.76066053,0.00000000,0.00000000,-0.31152830,2.16775274,1.46339035,0.35640711,-1.20863175,0.00000000,0.00000000
-0.13612813,-2.17000008,-1.06882513,-0.70080853,-1.79028928,0.00000000,0.00000000,-0.29338384,2.16925430,1.45642602,0.36927891,-1.20706272,0.00000000,0.00000000
-0.10906724,-2.17000008,-1.06785095,-0.63364995,-1.80746925,0.00000000,0.00000000,-0.27088144,2.16992235,1.44486690,0.38951799,-1.19576871,0.00000000,0.00000000
-0.07837495,-2.17000008,-1.07327771,-0.56289834,-1.81034565,0.00000000,0.00000000,-0.24703577,2.16999769,1.42944121,0.41651925,-1.18701565,0.00000000,0.00000000
-0.04574894,-2.17000008,-1.08543539,-0.49269983,-1.80396664,0.00000000,0.00000000,-0.22464895,2.17000008,1.41191185,0.44937414,-1.17459822,0.00000000,0.00000000
-0.01364352,-2.16983271,-1.10491526,-0.42653966,-1.81397581,0.00000000,0.00000000,-0.20214915,2.17000008,1.39612186,0.48872429,-1.16723347,0.00000000,0.00000000
0.01580435,-2.16726732,-1.12961292,-0.36939856,-1.82520473,0.00000000,0.00000000,-0.17563614,2.17000008,1.38559604,0.53595299,-1.15962350,0.00000000,0.00000000
0.04338856,-2.15896726,-1.15603960,-0.32437912,-1.83880830,0.00000000,0.00000000,-0.14475273,2.17000008,1.38076186,0.59052819,-1.15089953,0.00000000,0.00000000
0.07273977,-2.14870358,-1.18115461,-0.29104230,-1.84888053,0.00000000,0.00000000,-0.11301533,2.17000008,1.37868190,0.65027940,-1.12417388,0.00000000,0.00000000
0.10471357,-2.13942146,-1.20393670,-0.26712444,-1.86884928,0.00000000,0.00000000,-0.08316749,2.17000008,1.37552965,0.71313715,-1.08787251,0.00000000,0.00000000
0.13814177,-2.13321161,-1.22400999,-0.25054520,-1.87350821,0.00000000,0.00000000,-0.05571983,2.17000008,1.36924005,0.77658510,-1.07152545,0.00000000,0.00000000
0.17356873,-2.13160324,-1.24102724,-0.23824401,-1.87944698,0.00000000,0.00000000,-0.03185099,2.17000008,1.35983741,0.83554822,-1.05710042,0.00000000,0.00000000
0.21224873,-2.13312411,-1.25507534,-0.22654361,-1.88007224,0.00000000,0.00000000,-0.01316416,2.17000008,1.34974706,0.88406068,-1.06358933,0.00000000,0.00000000
0.25009143,-2.13623428,-1.26650500,-0.21566717,-1.85785198,0.00000000,0.00000000,0.00190125,2.17000008,1.34166408,0.91961479,-1.07508695,0.00000000,0.00000000
0.28162828,-2.14067507,-1.27555537,-0.20762575,-1.83390832,0.00000000,0.00000000,0.01579256,2.17000008,1.33703995,0.94212186,-1.09951115,0.00000000,0.00000000
0.30536076,-2.14753819,-1.28214002,-0.20322153,-1.80889869,0.00000000,0.00000000,0.02744186,2.17000008,1.33497107,0.95108926,-1.13076472,0.00000000,0.00000000
0.32344967,-2.15584326,-1.28631651,-0.20168471,-1.79270625,0.00000000,0.00000000,0.03636560,2.17000008,1.33565855,0.94688797,-1.16488576,0.00000000,0.00000000
0.33611572,-2.16362572,-1.28835237,-0.20368613,-1.76126182,0.00000000,0.00000000,0.04104062,2.17000008,1.33803189,0.92995679,-1.19243920,0.00000000,0.00000000
0.34359282,-2.16857433,-1.28876650,-0.20967712,-1.72567058,0.00000000,0.00000000,0.04075789,2.17000008,1.34148407,0.90124089,-1.21010947,0.00000000,0.00000000
0.34658006,-2.16991615,-1.28831470,-0.21971987,-1.69512331,0.00000000,0.00000000,0.03535688,2.17000008,1.34643829,0.86131078,-1.20949543,0.00000000,0.00000000
0.34290689,-2.17000008,-1.28707159,-0.23636888,-1.67966437,0.00000000,0.00000000,0.02336056,2.17000008,1.35171735,0.81010109,-1.21824634,0.00000000,0.00000000
0.32956496,-2.17000008,-1.28557575,-0.26175401,-1.66254127,0.00000000,0.00000000,0.00408255,2.17000008,1.35552037,0.74828249,-1.22370267,0.00000000,0.00000000
0.30868542,-2.17000008,-1.28650475,-0.29166880,-1.65433323,0.00000000,0.00000000,-0.01862792,2.17000008,1.35832906,0.67968893,-1.22528720,0.00000000,0.00000000
0.28155407,-2.17000008,-1.29127705,-0.32402936,-1.64289606,0.00000000,0.00000000,-0.04289172,2.17000008,1.35895026,0.60948354,-1.20889294,0.00000000,0.00000000
0.24865219,-2.17000008,-1.29943693,-0.35921267,-1.62988126,0.00000000,0.00000000,-0.06944739,2.17000008,1.35621071,0.54147357,-1.18003011,0.00000000,0.00000000
0.21009009,-2.17000008,-1.30999327,-0.39760548,-1.62433875,0.00000000,0.00000000,-0.09728877,2.16999578,1.34952080,0.47950566,-1.13179731,0.00000000,0.00000000
0.16565166,-2.16993690,-1.32115507,-0.43996099,-1.62063158,0.00000000,0.00000000,-0.12414021,2.16993880,1.33838820,0.42769760,-1.08086658,0.00000000,0.00000000
0.11629581,-2.16896892,-1.33105326,-0.48627791,-1.63367975,0.00000000,0.00000000,-0.14982082,2.16985059,1.32246602,0.38815123,-1.02181876,0.00000000,0.00000000
0.06419468,-2.16585445,-1.33780885,-0.53585660,-1.64071178,0.00000000,0.00000000,-0.17500788,2.16993856,1.30192637,0.36107522,-0.95746809,0.00000000,0.00000000
0.01179678,-2.16221857,-1.33986211,-0.58750153,-1.65516901,0.00000000,0.00000000,-0.20027217,2.16999578,1.27819085,0.34509400,-0.89448088,0.00000000,0.00000000
-0.03793237,-2.15990114,-1.33632898,-0.63874799,-1.67107356,0.00000000,0.00000000,-0.22690339,2.17000008,1.25373089,0.33695218,-0.83708322,0.00000000,0.00000000
-0.08075728,-2.16067600,-1.32627881,-0.68619412,-1.68383753,0.00000000,0.00000000,-0.25599277,2.17000008,1.23132801,0.33256602,-0.79485267,0.00000000,0.00000000
-0.11381923,-2.16477537,-1.30961609,-0.72774559,-1.67619777,0.00000000,0.00000000,-0.28528985,2.17000008,1.21376991,0.32934043,-0.74253446,0.00000000,0.00000000
-0.13915902,-2.16871786,-1.28855181,-0.76422799,-1.67150021,0.00000000,0.00000000,-0.30834648,2.17000008,1.20331371,0.32751083,-0.67768323,0.00000000,0.00000000
-0.15864877,-2.16992235,-1.26580811,-0.79596627,-1.65560055,0.00000000,0.00000000,-0.32111517,2.17000008,1.20054841,0.32795572,-0.61262476,0.00000000,0.00000000
-0.17207216,-2.17000008,-1.24377286,-0.82154900,-1.63986766,0.00000000,0.00000000,-0.32453212,2.17000008,1.20465493,0.33023956,-0.55299646,0.00000000,0.00000000
-0.17824650,-2.17000008,-1.22401953,-0.83877015,-1.62325644,0.00000000,0.00000000,-0.32236856,2.17000008,1.21439886,0.33296540,-0.49258524,0.00000000,0.00000000
-0.17584166,-2.17000008,-1.20659983,-0.84527254,-1.60577142,0.00000000,0.00000000,-0.31943542,2.17000008,1.22775578,0.33539772,-0.43816376,0.00000000,0.00000000
-0.16538234,-2.17000008,-1.19376945,-0.83891517,-1.59492767,0.00000000,0.00000000,-0.31250596,2.17000008,1.24305511,0.34205890,-0.36107323,0.00000000,0.00000000
-0.14743321,-2.17000008,-1.18612862,-0.81863582,-1.57727098,0.00000000,0.00000000,-0.29487443,2.17000008,1.26005590,0.35851914,-0.29025292,0.00000000,0.00000000
-0.12144752,-2.17000008,-1.18296564,-0.78358799,-1.56614411,0.00000000,0.00000000,-0.27474964,2.17000008,1.27753150,0.38103655,-0.22359002,0.00000000,0.00000000
-0.09081580,-2.17000008,-1.18582129,-0.73567277,-1.55232596,0.00000000,0.00000000,-0.25676927,2.17000008,1.29596543,0.40657595,-0.15096620,0.00000000,0.00000000
-0.05853991,-2.17000008,-1.19467270,-0.67843121,-1.55316603,0.00000000,0.00000000,-0.23938411,2.17000008,1.31615341,0.43657210,-0.07026012,0.00000000,0.00000000
-0.02536998,-2.17000008,-1.20795226,-0.61604494,-1.56614792,0.00000000,0.00000000,-0.22228386,2.17000008,1.33792675,0.47230279,0.00263916,0.00000000,0.00000000
0.00960728,-2.16991043,-1.22331750,-0.55311590,-1.59415889,0.00000000,0.00000000,-0.20645666,2.17000008,1.36099696,0.51311833,0.06857502,0.00000000,0.00000000
0.04541024,-2.16849780,-1.23802948,-0.49368909,-1.62660992,0.00000000,0.00000000,-0.19021109,2.17000008,1.38420689,0.55815977,0.11311617,0.00000000,0.00000000
0.07890248,-2.16349363,-1.25028992,-0.44099110,-1.66277587,0.00000000,0.00000000,-0.17003480,2.17000008,1.40713656,0.60565972,0.15879592,0.00000000,0.00000000
0.11024248,-2.15637589,-1.25889623,-0.39774543,-1.69341660,0.00000000,0.00000000,-0.14623025,2.17000008,1.42914736,0.65394384,0.19474506,0.00000000,0.00000000
0.14143100,-2.14974260,-1.26334453,-0.36395267,-1.72769630,0.00000000,0.00000000,-0.11976627,2.17000008,1.44861209,0.70076579,0.22614186,0.00000000,0.00000000
0.17432620,-2.14514494,-1.26347792,-0.33751300,-1.76143026,0.00000000,0.00000000,-0.09175974,2.17000008,1.46328759,0.74338835,0.26361409,0.00000000,0.00000000
0.21000814,-2.14460588,-1.25908506,-0.31712738,-1.79270899,0.00000000,0.00000000,-0.06389504,2.17000008,1.47226536,0.77860594,0.28267723,0.00000000,0.00000000
0.24869831,-2.14779830,-1.25040770,-0.30186298,-1.82452881,0.00000000,0.00000000,-0.03844474,2.17000008,1.47628427,0.80357689,0.29686671,0.00000000,0.00000000
0.29045323,-2.15392876,-1.23772717,-0.29121768,-1.85311544,0.00000000,0.00000000,-0.01861358,2.17000008,1.47690845,0.81717992,0.31090045,0.00000000,0.00000000
0.33088791,-2.16193414,-1.22157788,-0.28770539,-1.89029741,0.00000000,0.00000000,-0.00482201,2.17000008,1.47542739,0.82197809,0.32265595,0.00000000,0.00000000
0.36456379,-2.16809082,-1.20301425,-0.29351276,-1.91455936,0.00000000,0.00000000,0.00335087,2.17000008,1.47316551,0.81978840,0.32171878,0.00000000,0.00000000
0.39051270,-2.16988540,-1.18349707,-0.30727941,-1.93035841,0.00000000,0.00000000,0.00599855,2.17000008,1.47153449,0.81086022,0.31945616,0.00000000,0.00000000
0.41004780,-2.17000008,-1.16522229,-0.32512444,-1.94250143,0.00000000,0.00000000,0.00316740,2.17000008,1.47066498,0.79501939,0.32365170,0.00000000,0.00000000
0.42344555,-2.17000008,-1.15066290,-0.34364927,-1.94738543,0.00000000,0.00000000,-0.00478425,2.17000008,1.46951509,0.77240652,0.33825281,0.00000000,0.00000000
0.43021762,-2.17000008,-1.14179242,-0.36100563,-1.95315313,0.00000000,0.00000000,-0.01759783,2.17000008,1.46746457,0.74289340,0.34762993,0.00000000,0.00000000
0.42891830,-2.17000008,-1.13966131,-0.37763703,-1.95136452,0.00000000,0.00000000,-0.03622456,2.17000008,1.46394086,0.70557171,0.35176525,0.00000000,0.00000000
0.41947043,-2.17000008,-1.14522433,-0.39377052,-1.95556617,0.00000000,0.00000000,-0.05933250,2.17000008,1.45873594,0.66238654,0.35019159,0.00000000,0.00000000
0.40239379,-2.17000008,-1.15927744,-0.40999413,-1.95472860,0.00000000,0.00000000,-0.08607076,2.17000008,1.45108736,0.61566192,0.34207860,0.00000000,0.00000000
0.38022107,-2.17000008,-1.18234313,-0.42608622,-1.94790983,0.00000000,0.00000000,-0.11587315,2.17000008,1.44132471,0.56806898,0.32449380,0.00000000,0.00000000
0.35537910,-2.17000008,-1.21403778,-0.44214901,-1.94401824,0.00000000,0.00000000,-0.14748280,2.17000008,1.43077731,0.52291816,0.31501326,0.00000000,0.00000000
0.32706952,-2.16991997,-1.25264895,-0.45970821,-1.94180560,0.00000000,0.00000000,-0.17879847,2.17000008,1.41972125,0.48334792,0.31807569,0.00000000,0.00000000
0.29233786,-2.16859460,-1.29405665,-0.48247173,-1.94349694,0.00000000,0.00000000,-0.20776616,2.17000008,1.40714347,0.45082495,0.31782609,0.00000000,0.00000000
0.25008190,-2.16310120,-1.33420908,-0.51251519,-1.93789530,0.00000000,0.00000000,-0.23261388,2.17000008,1.39167356,0.42672282,0.32081676,0.00000000,0.00000000
0.20165610,-2.15306950,-1.37023759,-0.54926294,-1.92972612,0.00000000,0.00000000,-0.25392270,2.17000008,1.37288010,0.41066411,0.33572569,0.00000000,0.00000000
0.14948638,-2.14289045,-1.39982319,-0.59086305,-1.92229891,0.00000000,0.00000000,-0.27277660,2.17000008,1.35134232,0.40159896,0.33944094,0.00000000,0.00000000
0.09694473,-2.13691092,-1.42100132,-0.63440883,-1.90911114,0.00000000,0.00000000,-0.28937235,2.17000008,1.32796335,0.39938068,0.33660358,0.00000000,0.00000000
0.04612174,-2.13415718,-1.43372047,-0.67672354,-1.90366185,0.00000000,0.00000000,-0.30612409,2.17000008,1.30584073,0.40010497,0.34060532,0.00000000,0.00000000
0.00050316,-2.13652372,-1.43685186,-0.71444899,-1.91866970,0.00000000,0.00000000,-0.32345268,2.17000008,1.28841281,0.40060124,0.35392675,0.00000000,0.00000000
-0.03694824,-2.14384413,-1.43055248,-0.74515074,-1.92310297,0.00000000,0.00000000,-0.33829311,2.17000008,1.27822804,0.40061587,0.37066507,0.00000000,0.00000000
-0.06788437,-2.15257025,-1.41700900,-0.76984823,-1.92006731,0.00000000,0.00000000,-0.34574679,2.17000008,1.27657449,0.40171152,0.38939589,0.00000000,0.00000000
-0.09242526,-2.16131330,-1.39743137,-0.78897440,-1.92537665,0.00000000,0.00000000,-0.34422237,2.17000008,1.28326547,0.40433285,0.41475874,0.00000000,0.00000000
-0.10814401,-2.16744375,-1.37386692,-0.80043459,-1.91964817,0.00000000,0.00000000,-0.33690897,2.17000008,1.29595065,0.40819186,0.43746468,0.00000000,0.00000000
-0.11443243,-2.16964483,-1.34823143,-0.80383736,-1.91042233,0.00000000,0.00000000,-0.32673615,2.17000008,1.31146824,0.41468897,0.46092600,0.00000000,0.00000000
-0.11072517,-2.16998386,-1.32176137,-0.79871243,-1.89240849,0.00000000,0.00000000,-0.31005552,2.17000008,1.32892323,0.42781177,0.48520070,0.00000000,0.00000000
-0.09860619,-2.17000008,-1.29715014,-0.78551781,-1.89368129,0.00000000,0.00000000,-0.28191036,2.17000008,1.34689546,0.45258653,0.49376917,0.00000000,0.00000000
-0.07964686,-2.17000008,-1.27611780,-0.76411831,-1.90041614,0.00000000,0.00000000,-0.26337039,2.17000008,1.36397028,0.47792867,0.49043950,0.00000000,0.00000000
-0.05468597,-2.17000008,-1.26053333,-0.73263884,-1.89839697,0.00000000,0.00000000,-0.25594345,2.17000008,1.38004029,0.50150883,0.48593438,0.00000000,0.00000000
-0.02597382,-2.17000008,-1.25216532,-0.69182926,-1.89120805,0.00000000,0.00000000,-0.25358838,2.17000008,1.39343083,0.52638358,0.49180406,0.00000000,0.00000000
0.00495548,-2.17000008,-1.24945879,-0.64488101,-1.88135874,0.00000000,0.00000000,-0.24237148,2.17000008,1.40528512,0.56360412,0.50133836,0.00000000,0.00000000
0.03741817,-2.17000008,-1.25177300,-0.59477305,-1.86864555,0.00000000,0.00000000,-0.22893837,2.17000008,1.41452885,0.61045879,0.50309885,0.00000000,0.00000000
0.07071930,-2.16996241,-1.25878048,-0.54389030,-1.85764468,0.00000000,0.00000000,-0.21788794,2.17000008,1.42047894,0.66298878,0.50454062,0.00000000,0.00000000
0.10337622,-2.16929126,-1.27015615,-0.49449533,-1.86805081,0.00000000,0.00000000,-0.20704171,2.17000008,1.42559302,0.71814871,0.49746880,0.00000000,0.00000000
0.13412648,-2.16597748,-1.28335750,-0.45035654,-1.87640953,0.00000000,0.00000000,-0.19319955,2.17000008,1.43189311,0.77316666,0.49770868,0.00000000,0.00000000
0.16054314,-2.15916753,-1.29604244,-0.41546565,-1.88466799,0.00000000,0.00000000,-0.17546228,2.17000008,1.44022417,0.82456255,0.49788865,0.00000000,0.00000000
0.18206589,-2.15243959,-1.30647731,-0.39137709,-1.90349054,0.00000000,0.00000000,-0.15452158,2.17000008,1.45065856,0.86931157,0.49693251,0.00000000,0.00000000
0.20013016,-2.14826417,-1.31348109,-0.37717590,-1.91525853,0.00000000,0.00000000,-0.13155344,2.17000008,1.46148205,0.90576905,0.50192833,0.00000000,0.00000000
0.21688317,-2.14649081,-1.31658065,-0.37074885,-1.90389812,0.00000000,0.00000000,-0.10928551,2.17000008,1.47074342,0.93198115,0.52239227,0.00000000,0.00000000
0.23526795,-2.14806128,-1.31513441,-0.36947075,-1.89619684,0.00000000,0.00000000,-0.08924863,2.17000008,1.47738063,0.94706333,0.55671251,0.00000000,0.00000000
0.25759634,-2.15392065,-1.30855441,-0.37104702,-1.89450574,0.00000000,0.00000000,-0.07124861,2.17000008,1.48141611,0.95112574,0.60546440,0.00000000,0.00000000
0.28335217,-2.15977001,-1.29762232,-0.37366292,-1.89587867,0.00000000,0.00000000,-0.05660944,2.17000008,1.48404562,0.94374931,0.65672469,0.00000000,0.00000000
0.30767554,-2.16505671,-1.28265214,-0.37907985,-1.90604949,0.00000000,0.00000000,-0.04728029,2.17000008,1.48447096,0.92635232,0.69837409,0.00000000,0.00000000
0.32759860,-2.16884041,-1.26429057,-0.38796607,-1.91746414,0.00000000,0.00000000,-0.04168536,2.17000008,1.48263001,0.90284288,0.74246776,0.00000000,0.00000000
0.34207234,-2.16993046,-1.24428701,-0.39933893,-1.94495559,0.00000000,0.00000000,-0.03876295,2.17000008,1.47831559,0.87604249,0.79254997,0.00000000,0.00000000
0.35308474,-2.17000008,-1.22500134,-0.41001263,-1.96114731,0.00000000,0.00000000,-0.03889455,2.17000008,1.47238994,0.84721380,0.84710121,0.00000000,0.00000000
0.36143875,-2.17000008,-1.20890975,-0.41784763,-1.96715295,0.00000000,0.00000000,-0.04424538,2.17000008,1.46560061,0.81612235,0.89347833,0.00000000,0.00000000
0.36583248,-2.17000008,-1.19776094,-0.42306760,-1.97222960,0.00000000,0.00000000,-0.05751202,2.17000008,1.45776320,0.78159606,0.93055844,0.00000000,0.00000000
0.36700827,-2.17000008,-1.19289303,-0.42491466,-1.97828102,0.00000000,0.00000000,-0.07415780,2.17000008,1.45170581,0.74457723,0.95043725,0.00000000,0.00000000
0.35594434,-2.17000008,-1.19493973,-0.43046802,-1.99128580,0.00000000,0.00000000,-0.09484082,2.17000008,1.44509244,0.70552874,0.95286185,0.00000000,0.00000000
0.32923919,-2.17000008,-1.20493937,-0.44331208,-1.99913347,0.00000000,0.00000000,-0.11941091,2.17000008,1.43643785,0.66625613,0.95069319,0.00000000,0.00000000
0.30765894,-2.16988134,-1.22037780,-0.45454058,-2.00508881,0.00000000,0.00000000,-0.15038732,2.17000008,1.42331839,0.62828463,0.93951714,0.00000000,0.00000000
0.28877708,-2.16806722,-1.24098063,-0.46479887,-2.01516032,0.00000000,0.00000000,-0.18928182,2.17000008,1.40824258,0.59023345,0.91270012,0.00000000,0.00000000
0.26655319,-2.16225719,-1.26262903,-0.47883660,-2.02668357,0.00000000,0.00000000,-0.23603633,2.17000008,1.39093900,0.55184007,0.87698102,0.00000000,0.00000000
0.22767778,-2.15514898,-1.28219795,-0.50598925,-2.03234863,0.00000000,0.00000000,-0.26478222,2.17000008,1.37172186,0.52861297,0.84179503,0.00000000,0.00000000
0.17662381,-2.14772558,-1.29772723,-0.54391110,-2.03208733,0.00000000,0.00000000,-0.27311048,2.17000008,1.35128713,0.52132273,0.81202030,0.00000000,0.00000000
0.12100554,-2.13930130,-1.30850041,-0.58676487,-2.01953673,0.00000000,0.00000000,-0.28288367,2.17000008,1.33089113,0.51518524,0.77274692,0.00000000,0.00000000
0.06312176,-2.13209248,-1.31359398,-0.63204229,-2.00367665,0.00000000,0.00000000,-0.29901719,2.17000008,1.31036615,0.50897688,0.72922337,0.00000000,0.00000000
0.00391614,-2.12971830,-1.31164813,-0.67792290,-1.99721408,0.00000000,0.00000000,-0.31494898,2.17000008,1.29210901,0.50465786,0.68629444,0.00000000,0.00000000
-0.05417076,-2.13426566,-1.30162430,-0.72165370,-1.99170315,0.00000000,0.00000000,-0.32989675,2.17000008,1.27891099,0.50037497,0.64958054,0.00000000,0.00000000
-0.10305014,-2.14416885,-1.28351212,-0.75732589,-1.97044384,0.00000000,0.00000000,-0.34502810,2.17000008,1.27240849,0.49413070,0.61362338,0.00000000,0.00000000
-0.14110738,-2.15610504,-1.25898802,-0.78421199,-1.95902276,0.00000000,0.00000000,-0.35547563,2.17000008,1.27509248,0.48648670,0.59178203,0.00000000,0.00000000
-0.17074502,-2.16532850,-1.23091960,-0.80379438,-1.95404279,0.00000000,0.00000000,-0.35710087,2.17000008,1.28727877,0.47876894,0.58018214,0.00000000,0.00000000
-0.19257440,-2.16921854,-1.20159602,-0.81659400,-1.93674469,0.00000000,0.00000000,-0.34993407,2.17000008,1.30679369,0.47183377,0.57056433,0.00000000,0.00000000
-0.20609325,-2.16995955,-1.17276108,-0.82226080,-1.92113268,0.00000000,0.00000000,-0.33676121,2.17000008,1.33064163,0.46614915,0.56110948,0.00000000,0.00000000
-0.21097484,-2.17000008,-1.14612699,-0.81923860,-1.90360725,0.00000000,0.00000000,-0.32020506,2.16996050,1.35573971,0.46263233,0.54731679,0.00000000,0.00000000
-0.20706195,-2.17000008,-1.12283540,-0.80578732,-1.87235355,0.00000000,0.00000000,-0.30126929,2.16940355,1.37940264,0.46301180,0.54175961,0.00000000,0.00000000
-0.19449088,-2.17000008,-1.10330689,-0.78130430,-1.83988297,0.00000000,0.00000000,-0.28054166,2.16817927,1.39951873,0.46927321,0.52622211,0.00000000,0.00000000
-0.17413881,-2.17000008,-1.08847117,-0.74547029,-1.81393957,0.00000000,0.00000000,-0.25915113,2.16791272,1.41454363,0.48327184,0.50381535,0.00000000,0.00000000
-0.14745045,-2.17000008,-1.07958531,-0.69832987,-1.79919744,0.00000000,0.00000000,-0.23906848,2.16823053,1.42432034,0.50599426,0.49334797,0.00000000,0.00000000
-0.11519054,-2.17000008,-1.07604361,-0.64194930,-1.78628385,0.00000000,0.00000000,-0.21979117,2.16942549,1.42859709,0.53980774,0.46164012,0.00000000,0.00000000
-0.07911877,-2.17000008,-1.07760918,-0.57877773,-1.77910376,0.00000000,0.00000000,-0.20213671,2.16996217,1.42857456,0.58402133,0.43240833,0.00000000,0.00000000
-0.04112439,-2.16983628,-1.08505905,-0.51053745,-1.77866554,0.00000000,0.00000000,-0.18809471,2.17000008,1.42743099,0.63527757,0.41238517,0.00000000,0.00000000
-0.00030807,-2.16724634,-1.09604919,-0.44157675,-1.76666176,0.00000000,0.00000000,-0.17761703,2.17000008,1.42744756,0.69026041,0.39229327,0.00000000,0.00000000
0.04247564,-2.15803194,-1.10739899,-0.37807435,-1.76210165,0.00000000,0.00000000,-0.16780448,2.17000008,1.42937708,0.74457645,0.36751583,0.00000000,0.00000000
0.08220365,-2.14560390,-1.11746275,-0.32584885,-1.77415931,0.00000000,0.00000000,-0.15564817,2.17000008,1.43298554,0.79553032,0.33461884,0.00000000,0.00000000
0.11361912,-2.13600135,-1.12575400,-0.28880003,-1.78556335,0.00000000,0.00000000,-0.13770324,2.17000008,1.43827689,0.84170026,0.30068246,0.00000000,0.00000000
0.14063933,-2.12904501,-1.13229811,-0.26329672,-1.79100549,0.00000000,0.00000000,-0.11303622,2.17000008,1.44660687,0.88136214,0.27702254,0.00000000,0.00000000
0.16421725,-2.12504673,-1.13708210,-0.24674228,-1.81033576,0.00000000,0.00000000,-0.08667702,2.17000008,1.45355523,0.91190505,0.23704073,0.00000000,0.00000000
0.18467636,-2.12371683,-1.14010620,-0.23706815,-1.81855404,0.00000000,0.00000000,-0.06059588,2.17000008,1.45628142,0.93273401,0.21265000,0.00000000,0.00000000
0.20418100,-2.12486529,-1.14122868,-0.23169479,-1.82619309,0.00000000,0.00000000,-0.03566878,2.17000008,1.45378685,0.94373649,0.19335721,0.00000000,0.00000000
0.22539492,-2.13042951,-1.14008892,-0.22879650,-1.82036602,0.00000000,0.00000000,-0.01517237,2.17000008,1.44629085,0.94346184,0.17081024,0.00000000,0.00000000
0.24818702,-2.13652253,-1.13717270,-0.22649580,-1.81658804,0.00000000,0.00000000,-0.00075185,2.17000008,1.43603277,0.93132240,0.17149431,0.00000000,0.00000000
0.26614439,-2.14333653,-1.13263607,-0.22774550,-1.81361616,0.00000000,0.00000000,0.00945231,2.17000008,1.42488408,0.90920085,0.16686876,0.00000000,0.00000000
0.27420107,-2.15580440,-1.12597764,-0.23683295,-1.81567872,0.00000000,0.00000000,0.01502291,2.17000008,1.41287339,0.87884724,0.15946704,0.00000000,0.00000000
0.27486140,-2.16562438,-1.11799634,-0.25066614,-1.81898987,0.00000000,0.00000000,0.01725230,2.17000008,1.40140855,0.84265339,0.16073398,0.00000000,0.00000000
0.26993743,-2.16930723,-1.10935283,-0.26754937,-1.82950735,0.00000000,0.00000000,0.01552910,2.17000008,1.39118803,0.80243933,0.16437528,0.00000000,0.00000000
0.25948352,-2.16996479,-1.10095167,-0.28693026,-1.67032874,0.00000000,0.00000000,0.00827713,2.17000008,1.38254142,0.75929147,0.15056638,0.00000000,0.00000000
0.24413857,-2.17000008,-1.09373367,-0.30795074,-1.50758255,0.00000000,0.00000000,-0.00537428,2.17000008,1.37649655,0.71378559,0.14176331,0.00000000,0.00000000
0.22619794,-2.17000008,-1.08809197,-0.32915124,-1.35586464,0.00000000,0.00000000,-0.02594450,2.17000008,1.37361872,0.66617084,0.12311365,0.00000000,0.00000000
0.20777670,-2.17000008,-1.08412147,-0.34891182,-1.20173371,0.00000000,0.00000000,-0.05375966,2.17000008,1.37192512,0.61943847,0.11670957,0.00000000,0.00000000
0.19410676,-2.17000008,-1.08195424,-0.36265880,-1.05894315,0.00000000,0.00000000,-0.07895404,2.17000008,1.36932826,0.58710450,0.10227042,0.00000000,0.00000000
