l_joint1,l_joint2,l_joint3,l_joint4,l_joint5,l_joint6,l_joint7,r_joint1,r_joint2,r_joint3,r_joint4,r_joint5,r_joint6,r_joint7
-0.05818043,-2.16993999,-1.12406945,-1.26752830,0.06622374,0.00000000,0.00000000,-0.04271270,2.16996622,1.46132064,0.72084278,0.00997017,0.00000000,0.00000000
-0.07918875,-2.16913629,-1.13020742,-1.30409408,0.07797442,0.00000000,0.00000000,-0.07556039,2.16943955,1.46636522,0.68658847,0.00786438,0.00000000,0.00000000
-0.11350161,-2.16789913,-1.14061964,-1.36670589,0.09175406,0.00000000,0.00000000,-0.12454608,2.16763616,1.47610712,0.63481498,0.00517327,0.00000000,0.00000000
-0.14839037,-2.16913652,-1.14415824,-1.43778181,0.10846532,0.00000000,0.00000000,-0.15216999,2.16560888,1.48356628,0.60230565,-0.00010153,0.00000000,0.00000000
-0.19574133,-2.16993999,-1.15382302,-1.51298153,0.11871933,0.00000000,0.00000000,-0.16076657,2.16585708,1.48487842,0.59483075,-0.01208158,0.00000000,0.00000000
-0.25312448,-2.17000008,-1.17355227,-1.58323979,0.12612848,0.00000000,0.00000000,-0.15699475,2.16863441,1.48057294,0.60674334,-0.01435079,0.00000000,0.00000000
-0.31902385,-2.17000008,-1.20304978,-1.64573753,0.14249016,0.00000000,0.00000000,-0.15352793,2.16988897,1.47434318,0.62279236,-0.01899713,0.00000000,0.00000000
-0.38787591,-2.17000008,-1.23468733,-1.69889164,0.16618551,0.00000000,0.00000000,-0.14848472,2.16999841,1.46948850,0.63925493,-0.02542861,0.00000000,0.00000000
-0.45223668,-2.17000008,-1.25550616,-1.74353671,0.19287860,0.00000000,0.00000000,-0.13728712,2.16999745,1.46218276,0.65771782,-0.03138455,0.00000000,0.00000000
-0.50556719,-2.16995621,-1.25452220,-1.78341770,0.22317472,0.00000000,0.00000000,-0.12006336,2.16994739,1.44997978,0.67743796,-0.04838409,0.00000000,0.00000000
-0.54390097,-2.16899037,-1.22387159,-1.82587075,0.24382019,0.00000000,0.00000000,-0.09723169,2.16967821,1.43237221,0.69816411,-0.06663545,0.00000000,0.00000000
-0.56528497,-2.16186953,-1.16662467,-1.87074757,0.26197141,0.00000000,0.00000000,-0.07330720,2.16939688,1.40869880,0.71876442,-0.07152022,0.00000000,0.00000000
-0.56787485,-2.13743401,-1.10037231,-1.90280592,0.28601828,0.00000000,0.00000000,-0.05066634,2.16976452,1.38050079,0.73963100,-0.08715795,0.00000000,0.00000000
-0.55666125,-2.08685660,-1.04853976,-1.91215980,0.30927673,0.00000000,0.00000000,-0.03400718,2.16998386,1.35407972,0.75915486,-0.10868625,0.00000000,0.00000000
-0.53252918,-2.00512552,-1.02070355,-1.89727664,0.32696414,0.00000000,0.00000000,-0.02364580,2.16999531,1.33498609,0.77723503,-0.13511576,0.00000000,0.00000000
-0.49233440,-1.88837504,-1.01536286,-1.85627866,0.35279831,0.00000000,0.00000000,-0.01906222,2.16976237,1.32481849,0.79521167,-0.16646288,0.00000000,0.00000000
-0.43072459,-1.73425531,-1.02518213,-1.78599250,0.37855345,0.00000000,0.00000000,-0.02326417,2.16691685,1.31948757,0.81701428,-0.19297223,0.00000000,0.00000000
-0.34248871,-1.54432547,-1.04007602,-1.68506825,0.40309489,0.00000000,0.00000000,-0.03623385,2.15662766,1.31468487,0.84942156,-0.22181763,0.00000000,0.00000000
-0.22561944,-1.32482672,-1.05121326,-1.55508459,0.42883846,0.00000000,0.00000000,-0.05636042,2.13781333,1.30955780,0.89767241,-0.25624853,0.00000000,0.00000000
-0.08191513,-1.08590841,-1.05222976,-1.40000415,0.45582265,0.00000000,0.00000000,-0.08556183,2.10793543,1.30524135,0.96284479,-0.28030619,0.00000000,0.00000000
0.08304325,-0.84043330,-1.03925061,-1.22581279,0.48318273,0.00000000,0.00000000,-0.12933896,2.06124234,1.30410659,1.04271102,-0.32293639,0.00000000,0.00000000
0.26004300,-0.60212559,-1.01126730,-1.04001546,0.50211298,0.00000000,0.00000000,-0.19458063,1.98944116,1.31013286,1.13231289,-0.37107965,0.00000000,0.00000000
0.43762350,-0.38351858,-0.97008169,-0.85083437,0.50702924,0.00000000,0.00000000,-0.28671369,1.88263869,1.32914400,1.22433496,-0.41240835,0.00000000,0.00000000
0.60443199,-0.19475348,-0.91942960,-0.66652930,0.51474071,0.00000000,0.00000000,-0.40924558,1.73396218,1.36594796,1.30986321,-0.45411137,0.00000000,0.00000000
0.75101233,-0.04290894,-0.86391813,-0.49460426,0.51008165,0.00000000,0.00000000,-0.56253517,1.54217398,1.42239022,1.38033855,-0.50692368,0.00000000,0.00000000
0.87043178,0.06771532,-0.80803603,-0.34126025,0.51055980,0.00000000,0.00000000,-0.74343139,1.31152582,1.49711478,1.42861104,-0.55361211,0.00000000,0.00000000
0.95805049,0.13452406,-0.75558698,-0.21137935,0.51147538,0.00000000,0.00000000,-0.94572538,1.05082083,1.58589137,1.44917965,-0.59825581,0.00000000,0.00000000
1.01083350,0.15559720,-0.70952922,-0.10858385,0.50536060,0.00000000,0.00000000,-1.16053414,0.77222520,1.68242621,1.43836546,-0.64271957,0.00000000,0.00000000
1.02694988,0.12951089,-0.67205852,-0.03518379,0.49456257,0.00000000,0.00000000,-1.37708867,0.48985592,1.77945209,1.39458656,-0.69450504,0.00000000,0.00000000
1.00582850,0.05623187,-0.64468473,0.00791986,0.48107564,0.00000000,0.00000000,-1.58453250,0.21834163,1.86960113,1.31854212,-0.73348635,0.00000000,0.00000000
0.94820648,-0.06240715,-0.62820524,0.02104883,0.47107771,0.00000000,0.00000000,-1.77387750,-0.02884289,1.94636571,1.21312320,-0.76948440,0.00000000,0.00000000
0.85675240,-0.22314663,-0.62270999,0.00517687,0.45394915,0.00000000,0.00000000,-1.93950653,-0.24103662,2.00500441,1.08290088,-0.81191713,0.00000000,0.00000000
0.73633844,-0.42110738,-0.62761992,-0.03777551,0.44195834,0.00000000,0.00000000,-2.08001781,-0.41159210,2.04304028,0.93381763,-0.84743339,0.00000000,0.00000000
0.59424132,-0.64873916,-0.64174139,-0.10401278,0.42346463,0.00000000,0.00000000,-2.19883752,-0.53984135,2.06091166,0.77382427,-0.87039286,0.00000000,0.00000000
0.44051269,-0.89482611,-0.66339952,-0.18729571,0.40739831,0.00000000,0.00000000,-2.30546284,-0.63399506,2.06239009,0.61250484,-0.90454221,0.00000000,0.00000000
0.28755522,-1.14507210,-0.69070929,-0.27946693,0.39618859,0.00000000,0.00000000,-2.40982914,-0.70461041,2.05229592,0.45420969,-0.93313390,0.00000000,0.00000000
0.14834478,-1.38455546,-0.72187543,-0.37168080,0.38707611,0.00000000,0.00000000,-2.51391077,-0.75380951,2.03360820,0.29697198,-0.94917381,0.00000000,0.00000000
0.03406853,-1.59982014,-0.75543100,-0.45546186,0.39279643,0.00000000,0.00000000,-2.61564589,-0.78558528,2.00966191,0.14088038,-0.96482509,0.00000000,0.00000000
-0.04794282,-1.78052986,-0.79032928,-0.52362132,0.39144126,0.00000000,0.00000000,-2.71083784,-0.80541211,1.98352242,-0.01337985,-0.97818893,0.00000000,0.00000000
-0.09496133,-1.92119277,-0.82580233,-0.57090724,0.39623898,0.00000000,0.00000000,-2.79534292,-0.81684303,1.95724356,-0.16567932,-0.97282749,0.00000000,0.00000000
-0.10776763,-2.02173972,-0.86119211,-0.59416187,0.40342197,0.00000000,0.00000000,-2.86573315,-0.81977528,1.93253481,-0.31672129,-0.96159804,0.00000000,0.00000000
-0.08963338,-2.08626842,-0.89602113,-0.59278393,0.40035892,0.00000000,0.00000000,-2.91958690,-0.81263554,1.91139483,-0.46726242,-0.96405506,0.00000000,0.00000000
-0.04796740,-2.12273526,-0.93001956,-0.57043940,0.39642504,0.00000000,0.00000000,-2.95595956,-0.79560214,1.89582086,-0.61676621,-0.96216893,0.00000000,0.00000000
0.00637346,-2.14123178,-0.96303862,-0.53488982,0.40557238,0.00000000,0.00000000,-2.97567177,-0.77070785,1.88739717,-0.76295507,-0.94697297,0.00000000,0.00000000
0.06342741,-2.14912868,-0.99534893,-0.49414471,0.41662014,0.00000000,0.00000000,-2.98119998,-0.74024147,1.88717425,-0.90232712,-0.93778557,0.00000000,0.00000000
0.11753581,-2.15252328,-1.02666056,-0.45458078,0.42007071,0.00000000,0.00000000,-2.97686267,-0.70760214,1.89465070,-1.03032577,-0.93219608,0.00000000,0.00000000
0.16528912,-2.15426874,-1.05707002,-0.42039257,0.43361342,0.00000000,0.00000000,-2.96738672,-0.67599720,1.90755570,-1.14309704,-0.92169595,0.00000000,0.00000000
0.20469682,-2.15369964,-1.08726072,-0.39356187,0.43802500,0.00000000,0.00000000,-2.95578408,-0.64724970,1.92177486,-1.23935688,-0.91084427,0.00000000,0.00000000
0.23579159,-2.15134406,-1.11721647,-0.37499353,0.44214898,0.00000000,0.00000000,-2.94439697,-0.62256920,1.93122053,-1.32010460,-0.91147113,0.00000000,0.00000000
0.25852853,-2.14983916,-1.14635336,-0.36575240,0.44978938,0.00000000,0.00000000,-2.93382406,-0.60193986,1.92906272,-1.38915920,-0.90555376,0.00000000,0.00000000
0.27418604,-2.14859557,-1.17453730,-0.36460376,0.44661465,0.00000000,0.00000000,-2.92134023,-0.58345455,1.90954995,-1.45337653,-0.89743215,0.00000000,0.00000000
0.28205183,-2.14697337,-1.20173728,-0.37121657,0.42734408,0.00000000,0.00000000,-2.90526605,-0.56692731,1.86669159,-1.51900148,-0.90523821,0.00000000,0.00000000
0.28135270,-2.14646959,-1.22748017,-0.38594374,0.40698254,0.00000000,0.00000000,-2.88638568,-0.55116761,1.79857802,-1.58710432,-0.91508287,0.00000000,0.00000000
0.27455735,-2.14594555,-1.25154531,-0.40663999,0.38663948,0.00000000,0.00000000,-2.86858869,-0.53211743,1.71003699,-1.65012240,-0.92218375,0.00000000,0.00000000
0.26362759,-2.14666605,-1.27317381,-0.43209901,0.36359781,0.00000000,0.00000000,-2.85338664,-0.50509971,1.60705614,-1.70138800,-0.93699884,0.00000000,0.00000000
0.24975021,-2.14800501,-1.29207945,-0.46101403,0.35218289,0.00000000,0.00000000,-2.83795524,-0.46555227,1.49495101,-1.73784244,-0.95389754,0.00000000,0.00000000
0.23423652,-2.14801478,-1.30831158,-0.49156213,0.34605312,0.00000000,0.00000000,-2.81613183,-0.40950698,1.37876284,-1.75894332,-0.95978951,0.00000000,0.00000000
0.21788509,-2.14680052,-1.32150269,-0.52262735,0.34489542,0.00000000,0.00000000,-2.78093410,-0.33468899,1.26217151,-1.76567745,-0.97150403,0.00000000,0.00000000
0.20137128,-2.14499044,-1.33104968,-0.55316979,0.33680919,0.00000000,0.00000000,-2.72693753,-0.24163747,1.14621770,-1.76042330,-0.98020858,0.00000000,0.00000000
0.18546487,-2.14306521,-1.33634686,-0.58196580,0.32817584,0.00000000,0.00000000,-2.65146732,-0.13369456,1.02939391,-1.74742305,-0.98499870,0.00000000,0.00000000
0.16947071,-2.14096427,-1.33710039,-0.60840726,0.31185925,0.00000000,0.00000000,-2.55464029,-0.01639787,0.90905917,-1.73288524,-0.99567860,0.00000000,0.00000000
0.15249020,-2.13969755,-1.33267677,-0.63214481,0.29601815,0.00000000,0.00000000,-2.43895102,0.10269367,0.78225845,-1.72535920,-1.01333451,0.00000000,0.00000000
0.13578342,-2.14161563,-1.32187569,-0.65204871,0.27717307,0.00000000,0.00000000,-2.30812430,0.21527036,0.64702457,-1.73521340,-1.03331208,0.00000000,0.00000000
0.12046407,-2.14583158,-1.30489194,-0.66670787,0.25316224,0.00000000,0.00000000,-2.16578794,0.31487083,0.50353438,-1.77038479,-1.05599177,0.00000000,0.00000000
0.10419155,-2.15098882,-1.28257608,-0.67689866,0.22685936,0.00000000,0.00000000,-2.01639438,0.39752644,0.35183778,-1.83323348,-1.07228935,0.00000000,0.00000000
0.08470030,-2.15826225,-1.25501311,-0.68447173,0.21489920,0.00000000,0.00000000,-1.86755872,0.46734479,0.18886995,-1.91363263,-1.09040737,0.00000000,0.00000000
0.06506525,-2.16608524,-1.22319841,-0.68796712,0.21455258,0.00000000,0.00000000,-1.72298193,0.54560292,0.01477926,-1.98122311,-1.09598875,0.00000000,0.00000000
0.04950020,-2.16945386,-1.19042087,-0.68420291,0.20644133,0.00000000,0.00000000,-1.57519436,0.65236527,-0.16149351,-2.01550388,-1.09825194,0.00000000,0.00000000
0.03779340,-2.16997552,-1.15963221,-0.67282218,0.19842975,0.00000000,0.00000000,-1.41870320,0.79289752,-0.33299991,-2.01259732,-1.09902191,0.00000000,0.00000000
0.02899277,-2.17000008,-1.13206768,-0.65502352,0.19204424,0.00000000,0.00000000,-1.25302649,0.96318740,-0.49550223,-1.97363126,-1.09439564,0.00000000,0.00000000
0.02288857,-2.17000008,-1.10830224,-0.63246238,0.17987955,0.00000000,0.00000000,-1.08066773,1.15553474,-0.64478183,-1.90021038,-1.09838498,0.00000000,0.00000000
0.02131869,-2.17000008,-1.08818924,-0.60646898,0.16849098,0.00000000,0.00000000,-0.90635109,1.36002982,-0.77599639,-1.79466212,-1.10701001,0.00000000,0.00000000
0.02738181,-2.17000008,-1.07211363,-0.57785374,0.16175616,0.00000000,0.00000000,-0.73642206,1.56510103,-0.88383061,-1.66077447,-1.10792363,0.00000000,0.00000000
0.03874987,-2.17000008,-1.06182373,-0.54985720,0.15414073,0.00000000,0.00000000,-0.57804459,1.75783336,-0.96321929,-1.50405526,-1.11886096,0.00000000,0.00000000
0.05129139,-2.17000008,-1.05910492,-0.52570379,0.14735578,0.00000000,0.00000000,-0.43813628,1.92483473,-1.01038897,-1.33143759,-1.13014174,0.00000000,0.00000000
0.06374478,-2.17000008,-1.06513166,-0.50599712,0.14755306,0.00000000,0.00000000,-0.32210368,2.05345035,-1.02375782,-1.15066111,-1.13830185,0.00000000,0.00000000
0.07481310,-2.17000008,-1.08025122,-0.49204120,0.13655010,0.00000000,0.00000000,-0.23262556,2.13300514,-1.00440300,-0.96950471,-1.13968956,0.00000000,0.00000000
0.08209674,-2.17000008,-1.10320377,-0.48778203,0.12859468,0.00000000,0.00000000,-0.16859312,2.16392756,-0.95587420,-0.79527462,-1.14716685,0.00000000,0.00000000
0.08236016,-2.16999531,-1.13159907,-0.49844372,0.12656845,0.00000000,0.00000000,-0.12561902,2.16968679,-0.88338786,-0.63457090,-1.15715837,0.00000000,0.00000000
0.07204746,-2.16988444,-1.16367948,-0.52830464,0.12927075,0.00000000,0.00000000,-0.09838122,2.17000008,-0.79273677,-0.49303830,-1.17484367,0.00000000,0.00000000
0.05062816,-2.16896749,-1.19898856,-0.57743144,0.13557781,0.00000000,0.00000000,-0.08281430,2.17000008,-0.68923265,-0.37491727,-1.18714607,0.00000000,0.00000000
0.02616834,-2.16545439,-1.23599422,-0.63824391,0.14863308,0.00000000,0.00000000,-0.07685378,2.17000008,-0.57709855,-0.28266010,-1.18794549,0.00000000,0.00000000
0.00199609,-2.16037655,-1.27179766,-0.70569450,0.16300914,0.00000000,0.00000000,-0.07762378,2.17000008,-0.45984733,-0.21688816,-1.20243573,0.00000000,0.00000000
-0.02313356,-2.15811706,-1.30267739,-0.77935189,0.17138581,0.00000000,0.00000000,-0.07961321,2.17000008,-0.34067824,-0.17457846,-1.22798443,0.00000000,0.00000000
-0.04567640,-2.15430975,-1.32848489,-0.85309112,0.18231632,0.00000000,0.00000000,-0.07991996,2.17000008,-0.22160921,-0.14738178,-1.24325156,0.00000000,0.00000000
-0.06113360,-2.15008855,-1.34682858,-0.92385578,0.18732406,0.00000000,0.00000000,-0.07457420,2.16997027,-0.10383894,-0.12600966,-1.26436388,0.00000000,0.00000000
-0.08014147,-2.14775300,-1.35715222,-1.00235784,0.18864720,0.00000000,0.00000000,-0.06211446,2.16940546,0.01227162,-0.10347101,-1.28203046,0.00000000,0.00000000
-0.10015287,-2.14888382,-1.35738444,-1.09192741,0.19021019,0.00000000,0.00000000,-0.04502390,2.16621876,0.12695956,-0.07631342,-1.30175948,0.00000000,0.00000000
-0.11898469,-2.15336609,-1.34641063,-1.19341898,0.19497643,0.00000000,0.00000000,-0.02649537,2.15821052,0.24048290,-0.04243874,-1.31914556,0.00000000,0.00000000
-0.13750504,-2.15942740,-1.32468605,-1.30595410,0.20110510,0.00000000,0.00000000,-0.00922869,2.14668989,0.35288203,-0.00126382,-1.33463275,0.00000000,0.00000000
-0.15679765,-2.16503549,-1.29288697,-1.42464173,0.20261128,0.00000000,0.00000000,0.00645619,2.13366890,0.46392179,0.04685752,-1.33643544,0.00000000,0.00000000
-0.17431873,-2.16883659,-1.25074625,-1.53971601,0.21218976,0.00000000,0.00000000,0.02202787,2.12181592,0.57312673,0.10197428,-1.34811604,0.00000000,0.00000000
-0.18415368,-2.16993022,-1.19929636,-1.64084089,0.22318777,0.00000000,0.00000000,0.03700043,2.11385608,0.67971039,0.16339740,-1.36029923,0.00000000,0.00000000
-0.18532094,-2.17000008,-1.14151645,-1.72385347,0.24100600,0.00000000,0.00000000,0.04945203,2.11097956,0.78260428,0.22900578,-1.35469735,0.00000000,0.00000000
-0.17894043,-2.17000008,-1.08198678,-1.78694081,0.25068757,0.00000000,0.00000000,0.05737632,2.11276746,0.88065255,0.29580301,-1.34542370,0.00000000,0.00000000
-0.16680138,-2.17000008,-1.02651334,-1.82946610,0.25129265,0.00000000,0.00000000,0.05962599,2.11794710,0.97288281,0.36085528,-1.33690965,0.00000000,0.00000000
-0.15140069,-2.17000008,-0.98080969,-1.85285640,0.25054663,0.00000000,0.00000000,0.05676339,2.12458801,1.05882299,0.42203182,-1.33849394,0.00000000,0.00000000
-0.13559915,-2.17000008,-0.94923776,-1.86044371,0.24235308,0.00000000,0.00000000,0.05040465,2.13004255,1.13858676,0.47787946,-1.34041560,0.00000000,0.00000000
-0.12173595,-2.17000008,-0.93455094,-1.85573947,0.23383647,0.00000000,0.00000000,0.04200083,2.13165426,1.21261883,0.52725750,-1.32598519,0.00000000,0.00000000
-0.11182674,-2.16990972,-0.93752384,-1.84226656,0.23109041,0.00000000,0.00000000,0.03259730,2.12855697,1.28106868,0.56975991,-1.32251978,0.00000000,0.00000000
-0.10873570,-2.16864657,-0.95693231,-1.82487309,0.22973241,0.00000000,0.00000000,0.02322974,2.12225699,1.34349597,0.60618091,-1.31145394,0.00000000,0.00000000
-0.11484094,-2.16605711,-0.98673600,-1.81216717,0.23027438,0.00000000,0.00000000,0.01301424,2.11533928,1.39885211,0.63688731,-1.29841256,0.00000000,0.00000000
-0.12734166,-2.16679525,-1.00999415,-1.81529319,0.22312133,0.00000000,0.00000000,0.00184422,2.11335301,1.44497001,0.66347319,-1.28503299,0.00000000,0.00000000
-0.14069572,-2.16912651,-1.02059352,-1.82792270,0.21759495,0.00000000,0.00000000,-0.00980579,2.11770082,1.48133385,0.68656242,-1.27391016,0.00000000,0.00000000
-0.15277931,-2.16994572,-1.02155828,-1.83779848,0.20644070,0.00000000,0.00000000,-0.02034677,2.12842083,1.50811553,0.70624828,-1.26861203,0.00000000,0.00000000
-0.16074185,-2.17000008,-1.01470554,-1.83606851,0.20725544,0.00000000,0.00000000,-0.02830947,2.14259315,1.52691817,0.72169709,-1.27542555,0.00000000,0.00000000
-0.16203763,-2.17000008,-1.00408125,-1.81586361,0.20400378,0.00000000,0.00000000,-0.03330165,2.15458727,1.54068172,0.73144984,-1.27151835,0.00000000,0.00000000
-0.15632099,-2.17000008,-0.99360478,-1.77391648,0.20307566,0.00000000,0.00000000,-0.03627185,2.16259623,1.55075192,0.73439813,-1.25511074,0.00000000,0.00000000
-0.14449671,-2.17000008,-0.98604190,-1.70926929,0.20114404,0.00000000,0.00000000,-0.03824926,2.16732383,1.55729139,0.73010087,-1.24272096,0.00000000,0.00000000
-0.12806219,-2.17000008,-0.98355186,-1.62220228,0.20871089,0.00000000,0.00000000,-0.03930799,2.16947651,1.56042385,0.71883738,-1.22372222,0.00000000,0.00000000
-0.10885184,-2.17000008,-0.98820913,-1.51386440,0.21294104,0.00000000,0.00000000,-0.03935441,2.16997051,1.56051910,0.70106471,-1.20293963,0.00000000,0.00000000
-0.09058663,-2.17000008,-1.00294054,-1.38694620,0.20804170,0.00000000,0.00000000,-0.03872502,2.17000008,1.55829585,0.67733145,-1.18762958,0.00000000,0.00000000
-0.07410008,-2.17000008,-1.02860010,-1.24429250,0.20569688,0.00000000,0.00000000,-0.03936949,2.17000008,1.55413353,0.64809692,-1.16797769,0.00000000,0.00000000
-0.05067990,-2.17000008,-1.05794656,-1.09256530,0.20974152,0.00000000,0.00000000,-0.04176617,2.17000008,1.54992771,0.61479151,-1.15724552,0.00000000,0.00000000
-0.01909268,-2.17000008,-1.08276570,-0.95239198,0.21060376,0.00000000,0.00000000,-0.04616081,2.16990948,1.54936552,0.57790852,-1.15904248,0.00000000,0.00000000
0.01716598,-2.17000008,-1.10335767,-0.83220088,0.22062343,0.00000000,0.00000000,-0.05141283,2.16853642,1.55327618,0.54025990,-1.15836585,0.00000000,0.00000000
0.05461274,-2.16999888,-1.12341094,-0.73178411,0.23429684,0.00000000,0.00000000,-0.03813092,2.16425180,1.56005645,0.51780045,-1.16310704,0.00000000,0.00000000
0.09294216,-2.16984415,-1.14483345,-0.64904869,0.25519130,0.00000000,0.00000000,-0.02893851,2.15893149,1.56540370,0.49899939,-1.16927600,0.00000000,0.00000000
0.12674001,-2.16776443,-1.16823101,-0.58558398,0.26341224,0.00000000,0.00000000,-0.02632369,2.15159273,1.56867790,0.47992313,-1.17825091,0.00000000,0.00000000
0.15813477,-2.16229153,-1.19080365,-0.53885555,0.27472067,0.00000000,0.00000000,-0.02452466,2.13962054,1.57089126,0.46082345,-1.18390119,0.00000000,0.00000000
0.19165720,-2.15803289,-1.20890331,-0.50303054,0.27881187,0.00000000,0.00000000,-0.02160670,2.12438250,1.57169092,0.44162098,-1.18484449,0.00000000,0.00000000
0.22629926,-2.15468168,-1.22229087,-0.47406483,0.28262311,0.00000000,0.00000000,-0.01696779,2.11072993,1.56967843,0.42280179,-1.18746388,0.00000000,0.00000000
0.25952181,-2.15319157,-1.23082685,-0.45086077,0.28537500,0.00000000,0.00000000,-0.01022689,2.10160661,1.56407523,0.40484747,-1.19543254,0.00000000,0.00000000
0.28894615,-2.15478420,-1.23434615,-0.43355417,0.27765676,0.00000000,0.00000000,-0.00092991,2.09731364,1.55491364,0.38838255,-1.20933115,0.00000000,0.00000000
0.31300747,-2.15929437,-1.23309577,-0.42266273,0.27704665,0.00000000,0.00000000,0.01118030,2.09763288,1.54242122,0.37414634,-1.23192585,0.00000000,0.00000000
0.33300519,-2.16274285,-1.22808588,-0.41679993,0.27731213,0.00000000,0.00000000,0.02465027,2.09867311,1.52772367,0.36154827,-1.25848198,0.00000000,0.00000000
0.34738472,-2.16616964,-1.21933973,-0.41776231,0.29414472,0.00000000,0.00000000,0.03883509,2.10248995,1.51054859,0.35135436,-1.27926981,0.00000000,0.00000000
0.35503548,-2.16906428,-1.20744395,-0.42631212,0.32222858,0.00000000,0.00000000,0.05248589,2.10915041,1.49101329,0.34364393,-1.29526615,0.00000000,0.00000000
0.35557979,-2.16994333,-1.19406188,-0.44131789,0.35415292,0.00000000,0.00000000,0.06556145,2.11806035,1.46939039,0.33915275,-1.31603682,0.00000000,0.00000000
0.34905386,-2.17000008,-1.18090296,-0.46113682,0.37417808,0.00000000,0.00000000,0.07844686,2.12890720,1.44586134,0.33875993,-1.32436383,0.00000000,0.00000000
0.33663833,-2.17000008,-1.16938138,-0.48357826,0.38410801,0.00000000,0.00000000,0.08976121,2.14027166,1.42077065,0.34167027,-1.34408987,0.00000000,0.00000000
0.31950033,-2.17000008,-1.16068602,-0.50665623,0.38735670,0.00000000,0.00000000,0.09874458,2.15100431,1.39441097,0.34744185,-1.34704506,0.00000000,0.00000000
0.29851833,-2.17000008,-1.15518701,-0.52922809,0.39078856,0.00000000,0.00000000,0.10602605,2.16106224,1.36687291,0.35670674,-1.35233188,0.00000000,0.00000000
0.27406543,-2.17000008,-1.15314531,-0.55017400,0.41198388,0.00000000,0.00000000,0.11047065,2.16793990,1.33874977,0.36816344,-1.35324156,0.00000000,0.00000000
0.24657887,-2.17000008,-1.15461659,-0.56865084,0.43470222,0.00000000,0.00000000,0.11197184,2.16987729,1.31172383,0.37983674,-1.35794413,0.00000000,0.00000000
0.21788198,-2.17000008,-1.15943980,-0.58341420,0.45831469,0.00000000,0.00000000,0.11279227,2.17000008,1.28881359,0.38993543,-1.36197710,0.00000000,0.00000000
0.18923125,-2.17000008,-1.16607821,-0.59478468,0.48688054,0.00000000,0.00000000,0.11380315,2.17000008,1.27175355,0.39690802,-1.36359000,0.00000000,0.00000000
0.16147235,-2.17000008,-1.17312670,-0.60342085,0.51381105,0.00000000,0.00000000,0.11436485,2.17000008,1.26111472,0.39945725,-1.36633933,0.00000000,0.00000000
0.13562070,-2.17000008,-1.17929757,-0.61003655,0.54743493,0.00000000,0.00000000,0.11348818,2.17000008,1.25664568,0.39727840,-1.35919428,0.00000000,0.00000000
0.11138138,-2.16996646,-1.18421698,-0.61565685,0.57233292,0.00000000,0.00000000,0.11142033,2.17000008,1.25873983,0.38994920,-1.35874414,0.00000000,0.00000000
0.08820089,-2.16951680,-1.18944991,-0.62036663,0.60783577,0.00000000,0.00000000,0.11021006,2.17000008,1.26853502,0.37750086,-1.35697103,0.00000000,0.00000000
0.06645032,-2.16882420,-1.19545579,-0.62510002,0.63139033,0.00000000,0.00000000,0.11192818,2.17000008,1.28577363,0.36206433,-1.35303056,0.00000000,0.00000000
0.04810787,-2.16951656,-1.19750178,-0.63435781,0.64826983,0.00000000,0.00000000,0.11113566,2.17000008,1.30631578,0.34481907,-1.35602486,0.00000000,0.00000000
0.03460354,-2.16996670,-1.19561744,-0.64695144,0.66327119,0.00000000,0.00000000,0.10665083,2.16996145,1.32860065,0.32669917,-1.36251342,0.00000000,0.00000000
0.02477997,-2.17000008,-1.19153702,-0.66066885,0.68860710,0.00000000,0.00000000,0.09941037,2.16931319,1.35196161,0.30878770,-1.36534679,0.00000000,0.00000000
0.01741683,-2.17000008,-1.18620992,-0.67411715,0.71816111,0.00000000,0.00000000,0.09003688,2.16655922,1.37549889,0.29211468,-1.35308921,0.00000000,0.00000000
0.01239014,-2.17000008,-1.18059552,-0.68535531,0.75426328,0.00000000,0.00000000,0.07930180,2.16177464,1.39874387,0.27729231,-1.34459925,0.00000000,0.00000000
0.00930368,-2.17000008,-1.17563987,-0.69255191,0.78300774,0.00000000,0.00000000,0.06810456,2.15739393,1.42138100,0.26483563,-1.33516085,0.00000000,0.00000000
0.00729478,-2.17000008,-1.17250860,-0.69419241,0.80643553,0.00000000,0.00000000,0.05726411,2.15419149,1.44342470,0.25507045,-1.32906175,0.00000000,0.00000000
0.00592769,-2.17000008,-1.17183423,-0.68926722,0.82931656,0.00000000,0.00000000,0.04753039,2.15238738,1.46494484,0.24839856,-1.31693172,0.00000000,0.00000000
0.00549020,-2.17000008,-1.17360258,-0.67731154,0.85694027,0.00000000,0.00000000,0.03943791,2.15200257,1.48602033,0.24521266,-1.30991316,0.00000000,0.00000000
0.00568068,-2.17000008,-1.17786467,-0.65863836,0.88042402,0.00000000,0.00000000,0.03333738,2.15292454,1.50672817,0.24587472,-1.30063379,0.00000000,0.00000000
0.00601733,-2.17000008,-1.18481481,-0.63399637,0.90496713,0.00000000,0.00000000,0.02876163,2.15462470,1.52715814,0.25026411,-1.29562211,0.00000000,0.00000000
0.00618029,-2.17000008,-1.19416285,-0.60470116,0.92602980,0.00000000,0.00000000,0.02506571,2.15630817,1.54740095,0.25803727,-1.29957438,0.00000000,0.00000000
0.00576967,-2.17000008,-1.20503724,-0.57263851,0.94391817,0.00000000,0.00000000,0.02213541,2.15743351,1.56747699,0.26904801,-1.29987407,0.00000000,0.00000000
0.00480454,-2.16994500,-1.21621966,-0.53969592,0.94999635,0.00000000,0.00000000,0.02016758,2.15760827,1.58734941,0.28327844,-1.29788709,0.00000000,0.00000000
0.00450689,-2.16920805,-1.22608173,-0.50728595,0.96128851,0.00000000,0.00000000,0.01903661,2.15678287,1.60689580,0.30053231,-1.30582643,0.00000000,0.00000000
0.00580568,-2.16806674,-1.23335123,-0.47647485,0.96777201,0.00000000,0.00000000,0.01864572,2.15596318,1.62575805,0.32073149,-1.31464684,0.00000000,0.00000000
0.00755518,-2.16903973,-1.23738265,-0.44875446,0.97261578,0.00000000,0.00000000,0.02010752,2.15806341,1.64318466,0.34450597,-1.32025468,0.00000000,0.00000000
0.00567817,-2.16858363,-1.24035704,-0.42442375,0.96131086,0.00000000,0.00000000,0.02229907,2.16027522,1.65944242,0.37065762,-1.32880282,0.00000000,0.00000000
0.00234656,-2.16612053,-1.24218822,-0.40301812,0.94253647,0.00000000,0.00000000,0.02465805,2.16197157,1.67432773,0.39876461,-1.34538388,0.00000000,0.00000000
-0.00065035,-2.16514564,-1.24193883,-0.38525444,0.92342377,0.00000000,0.00000000,0.02683282,2.16403961,1.68728054,0.42823601,-1.37354398,0.00000000,0.00000000
-0.00320058,-2.16592193,-1.23977017,-0.37121892,0.91468126,0.00000000,0.00000000,0.02829209,2.16565871,1.69812810,0.45794562,-1.39022779,0.00000000,0.00000000
-0.00494475,-2.16736650,-1.23604691,-0.36035931,0.89792508,0.00000000,0.00000000,0.02826783,2.16662526,1.70659876,0.48671839,-1.39709437,0.00000000,0.00000000
-0.00549495,-2.16902161,-1.23094332,-0.35216972,0.89398760,0.00000000,0.00000000,0.02621248,2.16743040,1.71225512,0.51342648,-1.41652358,0.00000000,0.00000000
-0.00473038,-2.16983891,-1.22475111,-0.34606305,0.88514888,0.00000000,0.00000000,0.02155355,2.16854715,1.71469772,0.53696746,-1.42490113,0.00000000,0.00000000
-0.00297447,-2.16999197,-1.21786869,-0.34171417,0.88094300,0.00000000,0.00000000,0.01403655,2.16962719,1.71409643,0.55631316,-1.43430281,0.00000000,0.00000000
-0.00089445,-2.17000008,-1.21114707,-0.33854362,0.86849165,0.00000000,0.00000000,0.00360597,2.16997719,1.71139574,0.57046896,-1.43737423,0.00000000,0.00000000
0.00059323,-2.17000008,-1.20518982,-0.33643779,0.85843837,0.00000000,0.00000000,-0.00929320,2.17000008,1.70743060,0.57878119,-1.43656802,0.00000000,0.00000000
0.00167972,-2.17000008,-1.20058477,-0.33487386,0.84509718,0.00000000,0.00000000,-0.02420956,2.17000008,1.70323956,0.58098453,-1.42525470,0.00000000,0.00000000
0.00288971,-2.17000008,-1.19766247,-0.33369786,0.83269107,0.00000000,0.00000000,-0.04055696,2.17000008,1.69950449,0.57726008,-1.41735446,0.00000000,0.00000000
0.00603569,-2.17000008,-1.19626904,-0.33273780,0.81300086,0.00000000,0.00000000,-0.05873442,2.17000008,1.69645691,0.56759822,-1.40058112,0.00000000,0.00000000
0.01167439,-2.17000008,-1.19675696,-0.33167166,0.79637170,0.00000000,0.00000000,-0.07842670,2.17000008,1.69457877,0.55270123,-1.37831497,0.00000000,0.00000000
0.01852682,-2.17000008,-1.19942689,-0.33088386,0.78761423,0.00000000,0.00000000,-0.09895930,2.17000008,1.69367433,0.53359419,-1.35780084,0.00000000,0.00000000
0.02540734,-2.17000008,-1.20439017,-0.33077940,0.79417038,0.00000000,0.00000000,-0.11993451,2.17000008,1.69327128,0.51107430,-1.33634150,0.00000000,0.00000000
0.03211208,-2.17000008,-1.21130753,-0.33174726,0.80533952,0.00000000,0.00000000,-0.14060593,2.17000008,1.69309342,0.48617306,-1.31709504,0.00000000,0.00000000
0.03891089,-2.17000008,-1.21978152,-0.33387253,0.80093473,0.00000000,0.00000000,-0.16000690,2.17000008,1.69329274,0.46021706,-1.29271305,0.00000000,0.00000000
0.04617584,-2.17000008,-1.22938383,-0.33718809,0.78991610,0.00000000,0.00000000,-0.17741176,2.17000008,1.69402564,0.43452185,-1.27789581,0.00000000,0.00000000
0.05486235,-2.17000008,-1.23943913,-0.34162405,0.77532178,0.00000000,0.00000000,-0.19220014,2.16995168,1.69512773,0.41032720,-1.26865721,0.00000000,0.00000000
0.06495510,-2.16997528,-1.24921513,-0.34750500,0.74999803,0.00000000,0.00000000,-0.20327601,2.16919327,1.69571531,0.38886413,-1.24891484,0.00000000,0.00000000
0.07500868,-2.16960788,-1.25837648,-0.35535234,0.72593290,0.00000000,0.00000000,-0.20968483,2.16648006,1.69457734,0.37094969,-1.23843062,0.00000000,0.00000000
0.08562095,-2.16853905,-1.26643300,-0.36463365,0.69776106,0.00000000,0.00000000,-0.21094973,2.16203952,1.69060874,0.35692754,-1.22808838,0.00000000,0.00000000
0.09643585,-2.16752958,-1.27298772,-0.37558702,0.68036509,0.00000000,0.00000000,-0.20630729,2.15566063,1.68371379,0.34725079,-1.22528470,0.00000000,0.00000000
0.10738355,-2.16688418,-1.27779460,-0.38809428,0.65951413,0.00000000,0.00000000,-0.19551028,2.14718509,1.67414951,0.34199101,-1.22241282,0.00000000,0.00000000
0.11833826,-2.16699219,-1.28050447,-0.40207997,0.64610082,0.00000000,0.00000000,-0.17795677,2.13752484,1.66193616,0.34145370,-1.22746074,0.00000000,0.00000000
0.13000758,-2.16811180,-1.28066564,-0.41711065,0.63644010,0.00000000,0.00000000,-0.15284088,2.12628889,1.64731240,0.34617597,-1.24040747,0.00000000,0.00000000
0.14201784,-2.16949558,-1.27807617,-0.43324360,0.62551242,0.00000000,0.00000000,-0.12051634,2.11421394,1.63025153,0.35630947,-1.25311303,0.00000000,0.00000000
0.15474921,-2.16996861,-1.27311850,-0.44961640,0.61486703,0.00000000,0.00000000,-0.08367964,2.10595250,1.60987544,0.37114742,-1.27673018,0.00000000,0.00000000
0.16756517,-2.17000008,-1.26690328,-0.46576557,0.59504151,0.00000000,0.00000000,-0.04405291,2.10378575,1.58562112,0.39049181,-1.29772103,0.00000000,0.00000000
0.18010515,-2.17000008,-1.26067567,-0.48136762,0.57105339,0.00000000,0.00000000,-0.00327398,2.10764790,1.55727136,0.41353783,-1.31967807,0.00000000,0.00000000
0.19217280,-2.17000008,-1.25619328,-0.49562788,0.54383087,0.00000000,0.00000000,0.03676543,2.11621165,1.52489281,0.43849719,-1.34259737,0.00000000,0.00000000
0.20402102,-2.17000008,-1.25479734,-0.50780326,0.52808452,0.00000000,0.00000000,0.07424811,2.12790537,1.48871994,0.46318129,-1.37410176,0.00000000,0.00000000
0.21598738,-2.17000008,-1.25701344,-0.51766986,0.50743818,0.00000000,0.00000000,0.10680832,2.14139414,1.44911408,0.48512232,-1.40219331,0.00000000,0.00000000
0.22780590,-2.17000008,-1.26252317,-0.52582246,0.48936602,0.00000000,0.00000000,0.13239864,2.15452623,1.40688908,0.50226730,-1.43333006,0.00000000,0.00000000
0.23755014,-2.17000008,-1.27042568,-0.53401029,0.47146633,0.00000000,0.00000000,0.15068263,2.16486168,1.36320817,0.51382005,-1.46345067,0.00000000,0.00000000
0.24451761,-2.17000008,-1.28110611,-0.54211366,0.44765234,0.00000000,0.00000000,0.16373494,2.16919613,1.32030869,0.51968867,-1.49287260,0.00000000,0.00000000
0.24843475,-2.17000008,-1.29419351,-0.54996097,0.42493409,0.00000000,0.00000000,0.17316009,2.16996050,1.27999508,0.51974988,-1.51805925,0.00000000,0.00000000
0.25083753,-2.17000008,-1.30883491,-0.55687392,0.40009862,0.00000000,0.00000000,0.17979813,2.17000008,1.24358749,0.51355034,-1.53198314,0.00000000,0.00000000
0.25329617,-2.17000008,-1.32432997,-0.56235194,0.37560508,0.00000000,0.00000000,0.18407716,2.17000008,1.21191776,0.50044698,-1.53940666,0.00000000,0.00000000
0.25592566,-2.17000008,-1.34022009,-0.56669784,0.33916375,0.00000000,0.00000000,0.18662319,2.17000008,1.18546700,0.47997105,-1.55142927,0.00000000,0.00000000
0.25971013,-2.17000008,-1.35647130,-0.56947047,0.29612970,0.00000000,0.00000000,0.18820201,2.16998339,1.16396701,0.45306796,-1.55326772,0.00000000,0.00000000
0.26475573,-2.17000008,-1.37256682,-0.57095534,0.25571778,0.00000000,0.00000000,0.18953785,2.16945934,1.14641833,0.42153162,-1.56015372,0.00000000,0.00000000
0.26911616,-2.17000008,-1.38750863,-0.57276291,0.21922275,0.00000000,0.00000000,0.18943094,2.16455317,1.13021922,0.38777199,-1.56563103,0.00000000,0.00000000
0.27296197,-2.17000008,-1.40167642,-0.57446772,0.18987681,0.00000000,0.00000000,0.18713324,2.15094042,1.11390841,0.35290715,-1.56794500,0.00000000,0.00000000
0.27566016,-2.17000008,-1.41459048,-0.57655281,0.16010523,0.00000000,0.00000000,0.18084380,2.13574409,1.09528506,0.31867737,-1.56727445,0.00000000,0.00000000
0.27654970,-2.17000008,-1.42680633,-0.57915205,0.12552328,0.00000000,0.00000000,0.17122228,2.12193012,1.07368612,0.28626993,-1.55784130,0.00000000,0.00000000
0.27570844,-2.17000008,-1.43917918,-0.58206093,0.08969903,0.00000000,0.00000000,0.16005564,2.11015105,1.04910481,0.25669643,-1.53499115,0.00000000,0.00000000
0.27310571,-2.17000008,-1.45269465,-0.58516645,0.05737759,0.00000000,0.00000000,0.14959197,2.09984851,1.02176416,0.23079413,-1.51130009,0.00000000,0.00000000
0.26744106,-2.17000008,-1.46863520,-0.58879000,0.02290739,0.00000000,0.00000000,0.14174579,2.09201264,0.99170285,0.20967929,-1.48090637,0.00000000,0.00000000
0.25789681,-2.17000008,-1.48749518,-0.59301949,-0.00985445,0.00000000,0.00000000,0.13766070,2.08692145,0.95897955,0.19357523,-1.44895840,0.00000000,0.00000000
0.24464293,-2.16996932,-1.50847304,-0.59770417,-0.03360488,0.00000000,0.00000000,0.13792598,2.08411884,0.92366886,0.18190627,-1.41356850,0.00000000,0.00000000
0.22817776,-2.16946268,-1.52957940,-0.60289347,-0.06161883,0.00000000,0.00000000,0.14271954,2.08404899,0.88569105,0.17420463,-1.39263272,0.00000000,0.00000000
0.20924023,-2.16735673,-1.54806983,-0.60873204,-0.09287781,0.00000000,0.00000000,0.15174267,2.08712602,0.84488994,0.16982952,-1.38421357,0.00000000,0.00000000
0.18894099,-2.16345024,-1.56159472,-0.61500239,-0.12671135,0.00000000,0.00000000,0.16413864,2.09189510,0.80117178,0.16728073,-1.39709508,0.00000000,0.00000000
0.16738772,-2.15924931,-1.56889951,-0.62183940,-0.15556397,0.00000000,0.00000000,0.17754316,2.09632683,0.75433505,0.16428685,-1.40149009,0.00000000,0.00000000
0.14364037,-2.15761209,-1.56893206,-0.63012177,-0.18370616,0.00000000,0.00000000,0.18469499,2.09907365,0.70375532,0.15677543,-1.40446472,0.00000000,0.00000000
0.11862004,-2.16017294,-1.56131446,-0.63983059,-0.20950754,0.00000000,0.00000000,0.17240646,2.09441471,0.64870250,0.13655287,-1.40100348,0.00000000,0.00000000
0.09627202,-2.16375017,-1.54770255,-0.64922702,-0.23850425,0.00000000,0.00000000,0.12583797,2.06862450,0.58901113,0.09247068,-1.39018857,0.00000000,0.00000000
0.07821423,-2.16685772,-1.52927339,-0.65853852,-0.26489550,0.00000000,0.00000000,0.03778543,2.00356650,0.52568787,0.01636681,-1.37169111,0.00000000,0.00000000
0.06480475,-2.16922188,-1.50728810,-0.66853863,-0.28683448,0.00000000,0.00000000,-0.09462829,1.88807654,0.46028119,-0.09355628,-1.36217844,0.00000000,0.00000000
0.05653132,-2.16995239,-1.48487878,-0.67910069,-0.30661252,0.00000000,0.00000000,-0.27307075,1.71997607,0.39487404,-0.23498443,-1.36688101,0.00000000,0.00000000
0.05546154,-2.17000008,-1.46601319,-0.68906116,-0.31354204,0.00000000,0.00000000,-0.49404693,1.50538397,0.33255842,-0.40238872,-1.38336372,0.00000000,0.00000000
0.06394485,-2.17000008,-1.45293903,-0.69727027,-0.32138440,0.00000000,0.00000000,-0.74595624,1.25747609,0.27764368,-0.58690661,-1.41232979,0.00000000,0.00000000
0.06959385,-2.17000008,-1.44748652,-0.71120214,-0.32205677,0.00000000,0.00000000,-1.01023781,0.99429828,0.23537685,-0.77738845,-1.44765401,0.00000000,0.00000000
0.06543516,-2.17000008,-1.44814181,-0.73630315,-0.32540628,0.00000000,0.00000000,-1.26543283,0.73566335,0.21132709,-0.96287334,-1.48280680,0.00000000,0.00000000
0.07125553,-2.17000008,-1.45370078,-0.76061934,-0.31733835,0.00000000,0.00000000,-1.49201906,0.49886051,0.21066925,-1.13545990,-1.52488554,0.00000000,0.00000000
0.08523569,-2.16996026,-1.46345913,-0.78386742,-0.30251184,0.00000000,0.00000000,-1.67596042,0.29539046,0.23771052,-1.29170704,-1.56192720,0.00000000,0.00000000
0.10598256,-2.16923475,-1.47689486,-0.80606484,-0.28500679,0.00000000,0.00000000,-1.81025660,0.12972382,0.29521555,-1.43158889,-1.59801185,0.00000000,0.00000000
0.13008532,-2.16583133,-1.49323559,-0.82832426,-0.26802072,0.00000000,0.00000000,-1.90300512,-0.00292533,0.37589476,-1.55521429,-1.61574054,0.00000000,0.00000000
0.14079598,-2.16267538,-1.50505865,-0.86187971,-0.24519137,0.00000000,0.00000000,-1.98354399,-0.11623058,0.45343378,-1.66249335,-1.63779390,0.00000000,0.00000000
0.14834498,-2.16718435,-1.50582647,-0.90162814,-0.21853061,0.00000000,0.00000000,-2.06864858,-0.21791705,0.51039505,-1.75588977,-1.65454853,0.00000000,0.00000000
0.15235163,-2.16980743,-1.50333381,-0.94449008,-0.19733052,0.00000000,0.00000000,-2.15595841,-0.30270579,0.54964590,-1.83035028,-1.67716181,0.00000000,0.00000000
0.14821289,-2.17000008,-1.50377762,-0.99546015,-0.17461266,0.00000000,0.00000000,-2.23456645,-0.36587572,0.58497596,-1.88204610,-1.70363712,0.00000000,0.00000000
0.14720213,-2.17000008,-1.51513982,-1.05115509,-0.15245837,0.00000000,0.00000000,-2.29518199,-0.40802559,0.63054711,-1.91305983,-1.72933745,0.00000000,0.00000000
0.14366353,-2.17000008,-1.53570557,-1.11580014,-0.12310781,0.00000000,0.00000000,-2.33645535,-0.43388808,0.69466120,-1.92696655,-1.74948692,0.00000000,0.00000000
0.13156173,-2.17000008,-1.55962038,-1.19251359,-0.08311508,0.00000000,0.00000000,-2.36430860,-0.45086449,0.78002787,-1.92601037,-1.76379454,0.00000000,0.00000000
0.10944141,-2.17000008,-1.58785999,-1.27639806,-0.05880702,0.00000000,0.00000000,-2.38559127,-0.46558324,0.88579220,-1.91105211,-1.77589869,0.00000000,0.00000000
0.07550149,-2.17000008,-1.62095714,-1.36410940,-0.03208809,0.00000000,0.00000000,-2.40530133,-0.47992605,1.00834250,-1.88204169,-1.77891421,0.00000000,0.00000000
0.02697748,-2.16998196,-1.65706646,-1.45608306,0.00243096,0.00000000,0.00000000,-2.42684674,-0.49224347,1.14050865,-1.83993626,-1.78084362,0.00000000,0.00000000
-0.03645093,-2.16962767,-1.69175243,-1.55206907,0.03144141,0.00000000,0.00000000,-2.45243049,-0.50061297,1.27071404,-1.78797734,-1.79072070,0.00000000,0.00000000
-0.11261284,-2.16750550,-1.71972537,-1.65002000,0.04440327,0.00000000,0.00000000,-2.48489642,-0.50591028,1.38442302,-1.73149097,-1.80190659,0.00000000,0.00000000
-0.19833478,-2.16209865,-1.73754656,-1.74714386,0.06578001,0.00000000,0.00000000,-2.52904105,-0.51134205,1.46842349,-1.67595947,-1.80695379,0.00000000,0.00000000
-0.28937536,-2.15529943,-1.74385667,-1.84056652,0.08299822,0.00000000,0.00000000,-2.58818102,-0.51940113,1.51710951,-1.62301624,-1.80130291,0.00000000,0.00000000
-0.38032466,-2.15040970,-1.73782778,-1.92756534,0.09915453,0.00000000,0.00000000,-2.66027308,-0.53108895,1.53175175,-1.57192779,-1.80376172,0.00000000,0.00000000
-0.46537504,-2.14938235,-1.71894991,-2.00568962,0.11666697,0.00000000,0.00000000,-2.73738408,-0.54501557,1.51979411,-1.52142632,-1.80828571,0.00000000,0.00000000
-0.53973228,-2.15230680,-1.68635678,-2.07340169,0.13163371,0.00000000,0.00000000,-2.81438756,-0.55991793,1.48964262,-1.46877384,-1.82128596,0.00000000,0.00000000
-0.59905446,-2.15796709,-1.63839519,-2.12923670,0.15477484,0.00000000,0.00000000,-2.88642979,-0.57565665,1.44854295,-1.41340172,-1.84053946,0.00000000,0.00000000
-0.63930702,-2.16430616,-1.57331300,-2.17123151,0.18527542,0.00000000,0.00000000,-2.94718575,-0.59204018,1.40321279,-1.35709524,-1.84897351,0.00000000,0.00000000
-0.65783554,-2.16869259,-1.49094164,-2.19695425,0.21164091,0.00000000,0.00000000,-2.98852491,-0.60774910,1.36055589,-1.30349982,-1.86567712,0.00000000,0.00000000
-0.65353817,-2.16977286,-1.39350390,-2.20331979,0.22840703,0.00000000,0.00000000,-3.00621963,-0.62114263,1.32663620,-1.25760186,-1.89067125,0.00000000,0.00000000
-0.62695831,-2.16738224,-1.28554058,-2.18757725,0.24580325,0.00000000,0.00000000,-3.00979805,-0.63091648,1.30493820,-1.22480822,-1.91251338,0.00000000,0.00000000
-0.58112055,-2.15713954,-1.17340207,-2.14956498,0.27787438,0.00000000,0.00000000,-3.00999999,-0.63631809,1.29660106,-1.20884418,-1.93690801,0.00000000,0.00000000
-0.52085263,-2.13746643,-1.06478262,-2.09252691,0.30656272,0.00000000,0.00000000,-3.00999999,-0.63691592,1.30186045,-1.21116161,-1.94832778,0.00000000,0.00000000
-0.45162663,-2.11142159,-0.96709210,-2.02247500,0.32646161,0.00000000,0.00000000,-3.00997376,-0.63216633,1.32076180,-1.23102915,-1.95236683,0.00000000,0.00000000
-0.37862825,-2.08209562,-0.88598663,-1.94547582,0.35139328,0.00000000,0.00000000,-3.00919294,-0.62127894,1.35322118,-1.26533008,-1.94602513,0.00000000,0.00000000
-0.30644092,-2.05246067,-0.82556111,-1.86710787,0.37136742,0.00000000,0.00000000,-3.00186348,-0.60425293,1.39815533,-1.30916810,-1.93260813,0.00000000,0.00000000
-0.23976155,-2.02611852,-0.78872645,-1.79354262,0.38603184,0.00000000,0.00000000,-2.97764754,-0.58118403,1.45409024,-1.35572314,-1.92069888,0.00000000,0.00000000
-0.18200347,-2.00631475,-0.77552980,-1.72892344,0.40109432,0.00000000,0.00000000,-2.93767118,-0.55342203,1.51891482,-1.40012372,-1.91287136,0.00000000,0.00000000
-0.13352440,-1.99472392,-0.78270984,-1.67296278,0.42563295,0.00000000,0.00000000,-2.88630915,-0.52327716,1.58941472,-1.44008255,-1.90290475,0.00000000,0.00000000
-0.09244867,-1.99063301,-0.80575329,-1.62259603,0.44390091,0.00000000,0.00000000,-2.82680583,-0.49275246,1.66173530,-1.47455490,-1.89149547,0.00000000,0.00000000
-0.05774993,-1.99413264,-0.83949542,-1.57800937,0.45465758,0.00000000,0.00000000,-2.76247144,-0.46374056,1.73077607,-1.50347936,-1.88197505,0.00000000,0.00000000
-0.02893138,-2.00658083,-0.87774080,-1.54205680,0.46077383,0.00000000,0.00000000,-2.69721413,-0.43840292,1.79001105,-1.52794385,-1.86445916,0.00000000,0.00000000
-0.00486815,-2.02385950,-0.91811699,-1.51178467,0.46401951,0.00000000,0.00000000,-2.63469648,-0.41704673,1.83376288,-1.54997468,-1.85269046,0.00000000,0.00000000
0.01709612,-2.04213953,-0.95691115,-1.48400176,0.46601543,0.00000000,0.00000000,-2.57785487,-0.40027660,1.85544109,-1.57338619,-1.84363329,0.00000000,0.00000000
0.03846627,-2.06149483,-0.98921156,-1.46075022,0.47062835,0.00000000,0.00000000,-2.53044319,-0.39000297,1.84839451,-1.60419869,-1.82920229,0.00000000,0.00000000
0.06025668,-2.08208680,-1.01258743,-1.44471467,0.47009209,0.00000000,0.00000000,-2.49636340,-0.38697162,1.80943072,-1.65127718,-1.81450224,0.00000000,0.00000000
0.08088535,-2.10118079,-1.03046823,-1.43442488,0.45959309,0.00000000,0.00000000,-2.47934461,-0.39014938,1.74004841,-1.71836197,-1.78766537,0.00000000,0.00000000
0.09950943,-2.11826777,-1.04479277,-1.42924929,0.46001324,0.00000000,0.00000000,-2.48144937,-0.39639312,1.64688051,-1.79978406,-1.77721250,0.00000000,0.00000000
0.11562829,-2.13301587,-1.05805922,-1.42835712,0.46252096,0.00000000,0.00000000,-2.50354695,-0.39995730,1.54452777,-1.87470388,-1.76306093,0.00000000,0.00000000
0.12818071,-2.14463687,-1.07422519,-1.43187881,0.45620736,0.00000000,0.00000000,-2.53994060,-0.39607018,1.44982338,-1.93323100,-1.75877678,0.00000000,0.00000000
0.13758646,-2.15139985,-1.09654009,-1.43887651,0.44693893,0.00000000,0.00000000,-2.58764696,-0.38580284,1.37151444,-1.97348225,-1.75220001,0.00000000,0.00000000
0.14307301,-2.15434432,-1.12408566,-1.45142519,0.43260565,0.00000000,0.00000000,-2.64311242,-0.37294170,1.31339204,-1.99621546,-1.74890506,0.00000000,0.00000000
0.14655717,-2.15788007,-1.15136349,-1.47094250,0.42181945,0.00000000,0.00000000,-2.70052123,-0.36211282,1.27705169,-2.00326252,-1.74667609,0.00000000,0.00000000
0.15388030,-2.15891051,-1.17834914,-1.48918128,0.41582522,0.00000000,0.00000000,-2.75201368,-0.35629860,1.26283753,-1.99639392,-1.74793243,0.00000000,0.00000000
0.16481747,-2.15690827,-1.20485377,-1.50422287,0.41084379,0.00000000,0.00000000,-2.78877854,-0.35656330,1.27063191,-1.97699380,-1.74541247,0.00000000,0.00000000
0.17723534,-2.15254068,-1.23009527,-1.51670790,0.41552770,0.00000000,0.00000000,-2.80433130,-0.36134622,1.29960489,-1.94582069,-1.74059260,0.00000000,0.00000000
0.18989651,-2.14675856,-1.25330484,-1.52718055,0.42316172,0.00000000,0.00000000,-2.79737115,-0.36797646,1.34710670,-1.90342402,-1.74372625,0.00000000,0.00000000
0.20207807,-2.14092135,-1.27381444,-1.53686428,0.43761429,0.00000000,0.00000000,-2.77231812,-0.37416214,1.40715528,-1.85171580,-1.75332701,0.00000000,0.00000000
0.21333079,-2.13606334,-1.29130089,-1.54667282,0.44605535,0.00000000,0.00000000,-2.73711443,-0.37880367,1.46862686,-1.79669213,-1.76483715,0.00000000,0.00000000
0.22298940,-2.13358498,-1.30468142,-1.55770612,0.45802319,0.00000000,0.00000000,-2.69906521,-0.38265994,1.51687396,-1.74971461,-1.77657676,0.00000000,0.00000000
0.23119579,-2.13454723,-1.31281364,-1.57108831,0.46857697,0.00000000,0.00000000,-2.66487360,-0.38820681,1.53967762,-1.72146642,-1.78068757,0.00000000,0.00000000
0.23891027,-2.13839221,-1.31632590,-1.58681440,0.47560385,0.00000000,0.00000000,-2.63904166,-0.39644179,1.53267598,-1.71601903,-1.79581964,0.00000000,0.00000000
0.24558739,-2.14422083,-1.31630075,-1.60479999,0.47775906,0.00000000,0.00000000,-2.62347794,-0.40748498,1.49508083,-1.73363280,-1.82052124,0.00000000,0.00000000
0.25075313,-2.15142059,-1.31270170,-1.62332714,0.47778094,0.00000000,0.00000000,-2.61849737,-0.42189839,1.42677999,-1.77251089,-1.84899879,0.00000000,0.00000000
0.25279245,-2.16051579,-1.30398476,-1.64225852,0.48071411,0.00000000,0.00000000,-2.62271881,-0.43823975,1.33364427,-1.82389677,-1.86398852,0.00000000,0.00000000
0.25250742,-2.16773224,-1.29437709,-1.65839517,0.48993537,0.00000000,0.00000000,-2.63576984,-0.44986811,1.23288167,-1.86960065,-1.88113976,0.00000000,0.00000000
0.24871534,-2.16986227,-1.29040694,-1.67026830,0.51200646,0.00000000,0.00000000,-2.65791035,-0.45335034,1.13771629,-1.90052164,-1.90510833,0.00000000,0.00000000
0.23935103,-2.17000008,-1.29468966,-1.67836392,0.53625888,0.00000000,0.00000000,-2.68781114,-0.45103034,1.05495453,-1.91573656,-1.92217302,0.00000000,0.00000000
0.22195616,-2.17000008,-1.30919480,-1.68368042,0.55627894,0.00000000,0.00000000,-2.72299337,-0.44630954,0.98878181,-1.91556931,-1.93308687,0.00000000,0.00000000
0.19329980,-2.17000008,-1.33477342,-1.68849814,0.57303703,0.00000000,0.00000000,-2.76089168,-0.44265315,0.94113672,-1.90056157,-1.94190252,0.00000000,0.00000000
0.15017243,-2.17000008,-1.37174058,-1.69562745,0.58642691,0.00000000,0.00000000,-2.79878783,-0.44255418,0.91239357,-1.87187755,-1.95122218,0.00000000,0.00000000
0.09074400,-2.17000008,-1.41981125,-1.70682180,0.60023320,0.00000000,0.00000000,-2.83507013,-0.44620329,0.90199566,-1.83048248,-1.94940758,0.00000000,0.00000000
0.01516118,-2.17000008,-1.47690415,-1.72248006,0.59836864,0.00000000,0.00000000,-2.86860871,-0.45256853,0.90847015,-1.77768862,-1.94541252,0.00000000,0.00000000
-0.07439037,-2.16990995,-1.53899944,-1.74176478,0.60872322,0.00000000,0.00000000,-2.89811778,-0.45978868,0.92945248,-1.71561885,-1.93463409,0.00000000,0.00000000
-0.17451917,-2.16841960,-1.60040247,-1.76414156,0.62078142,0.00000000,0.00000000,-2.92314744,-0.46627352,0.96055794,-1.64652336,-1.91825843,0.00000000,0.00000000
-0.28265002,-2.16226292,-1.65434015,-1.79160464,0.63381511,0.00000000,0.00000000,-2.94476509,-0.47295395,0.99321681,-1.57364726,-1.90838003,0.00000000,0.00000000
-0.39273638,-2.15138078,-1.69234502,-1.82569253,0.64612633,0.00000000,0.00000000,-2.96229815,-0.48223859,1.01921177,-1.50232220,-1.89494884,0.00000000,0.00000000
-0.48968086,-2.13997626,-1.70363677,-1.86376214,0.64598358,0.00000000,0.00000000,-2.97300816,-0.49210188,1.03895760,-1.43658125,-1.86463559,0.00000000,0.00000000
-0.56798512,-2.13014245,-1.68168306,-1.90998030,0.65352166,0.00000000,0.00000000,-2.98520970,-0.50156516,1.04744637,-1.37856615,-1.84132564,0.00000000,0.00000000
-0.62295014,-2.12199903,-1.62504315,-1.96540570,0.66236109,0.00000000,0.00000000,-2.99610710,-0.51279652,1.04437315,-1.33490396,-1.81479740,0.00000000,0.00000000
-0.64965928,-2.11472893,-1.53547859,-2.02492213,0.67313939,0.00000000,0.00000000,-3.00620651,-0.52496076,1.03240931,-1.30354583,-1.78137386,0.00000000,0.00000000
-0.64428449,-2.10647726,-1.42084873,-2.07162714,0.67188048,0.00000000,0.00000000,-3.00975990,-0.53667367,1.02160478,-1.28582644,-1.73305988,0.00000000,0.00000000
-0.61141360,-2.09503937,-1.30021060,-2.09423566,0.66254818,0.00000000,0.00000000,-3.00999999,-0.54408878,1.01855290,-1.27872574,-1.69240928,0.00000000,0.00000000
-0.55756903,-2.08165646,-1.18856049,-2.09322214,0.65545493,0.00000000,0.00000000,-3.00999999,-0.54717958,1.02255523,-1.27810991,-1.65062690,0.00000000,0.00000000
-0.48871168,-2.07026005,-1.09291387,-2.07358980,0.64805174,0.00000000,0.00000000,-3.00999999,-0.54877263,1.03089440,-1.28240085,-1.60486305,0.00000000,0.00000000
-0.41107464,-2.06500196,-1.01698208,-2.04185581,0.64250517,0.00000000,0.00000000,-3.00999999,-0.54994482,1.04201269,-1.28933012,-1.55959415,0.00000000,0.00000000
-0.33036318,-2.06830120,-0.96269214,-2.00510979,0.63704908,0.00000000,0.00000000,-3.00999999,-0.55055130,1.05641377,-1.29752970,-1.51373112,0.00000000,0.00000000
-0.25041220,-2.07942677,-0.92945546,-1.96838617,0.63081622,0.00000000,0.00000000,-3.00999999,-0.55140972,1.07502210,-1.30768251,-1.45355284,0.00000000,0.00000000
-0.17432241,-2.09549904,-0.91374612,-1.93449998,0.61717403,0.00000000,0.00000000,-3.00992823,-0.55270314,1.09822047,-1.32010949,-1.40299559,0.00000000,0.00000000
-0.10593399,-2.11337614,-0.90963334,-1.90564466,0.59008712,0.00000000,0.00000000,-3.00859690,-0.55448520,1.12483716,-1.33415818,-1.35800266,0.00000000,0.00000000
-0.04882109,-2.12968206,-0.91130745,-1.88268471,0.56360000,0.00000000,0.00000000,-3.00138521,-0.55821341,1.15187633,-1.34919381,-1.31383407,0.00000000,0.00000000
-0.00320339,-2.14273429,-0.91454273,-1.86375189,0.54206574,0.00000000,0.00000000,-2.98321009,-0.56359285,1.17765701,-1.36335683,-1.27141094,0.00000000,0.00000000
0.03314745,-2.15188026,-0.91521204,-1.84642267,0.53333282,0.00000000,0.00000000,-2.95436120,-0.56851572,1.20233965,-1.37395084,-1.22984517,0.00000000,0.00000000
0.06264744,-2.15899491,-0.90793705,-1.83166027,0.51647002,0.00000000,0.00000000,-2.91501379,-0.57272696,1.22671342,-1.38074744,-1.19333708,0.00000000,0.00000000
0.08499902,-2.16430664,-0.89493781,-1.81962240,0.50124747,0.00000000,0.00000000,-2.86679721,-0.57374650,1.25362492,-1.38253152,-1.16558874,0.00000000,0.00000000
0.09991468,-2.16732979,-0.88093305,-1.80957460,0.48645231,0.00000000,0.00000000,-2.81118870,-0.56767178,1.28722680,-1.37864661,-1.14754856,0.00000000,0.00000000
0.10891496,-2.16920519,-0.86777049,-1.80182636,0.47470853,0.00000000,0.00000000,-2.75440645,-0.55415469,1.32635009,-1.37283373,-1.13293517,0.00000000,0.00000000
0.11453822,-2.16856337,-0.85929269,-1.79483151,0.46474364,0.00000000,0.00000000,-2.71014643,-0.53959674,1.35953140,-1.37860298,-1.11465180,0.00000000,0.00000000
0.11574216,-2.16498542,-0.86127764,-1.79104018,0.45791313,0.00000000,0.00000000,-2.68054676,-0.52566671,1.38316774,-1.40649927,-1.10120595,0.00000000,0.00000000
0.11560954,-2.15979409,-0.87024301,-1.78986013,0.46013916,0.00000000,0.00000000,-2.66843748,-0.51462275,1.39355958,-1.45796216,-1.09770286,0.00000000,0.00000000
0.11713931,-2.15160012,-0.88489020,-1.78906691,0.47096205,0.00000000,0.00000000,-2.67609906,-0.50884211,1.38794088,-1.53268456,-1.09183478,0.00000000,0.00000000
0.12910382,-2.14425945,-0.88950157,-1.78749204,0.48253834,0.00000000,0.00000000,-2.70168543,-0.50900209,1.36840689,-1.62341011,-1.09391344,0.00000000,0.00000000
0.14243059,-2.13795638,-0.89307886,-1.78452957,0.50104964,0.00000000,0.00000000,-2.74056697,-0.50691247,1.35117435,-1.70753515,-1.10193884,0.00000000,0.00000000
0.15133952,-2.13255787,-0.90116912,-1.78135669,0.52598029,0.00000000,0.00000000,-2.78997588,-0.50269318,1.34170842,-1.77550769,-1.10410500,0.00000000,0.00000000
0.15586740,-2.12797928,-0.91293985,-1.77824938,0.55464160,0.00000000,0.00000000,-2.84512568,-0.49836522,1.34162807,-1.82606554,-1.10206795,0.00000000,0.00000000
0.15862626,-2.12422180,-0.92504251,-1.77369845,0.57773697,0.00000000,0.00000000,-2.89738393,-0.49330187,1.35327923,-1.85921407,-1.09919381,0.00000000,0.00000000
0.15895918,-2.12174582,-0.93666631,-1.76870179,0.60071701,0.00000000,0.00000000,-2.93776107,-0.48556876,1.37856543,-1.87581420,-1.08778465,0.00000000,0.00000000
0.15630120,-2.12044597,-0.94788343,-1.76379263,0.63007951,0.00000000,0.00000000,-2.96229839,-0.47428864,1.41812789,-1.87665987,-1.07861865,0.00000000,0.00000000
0.15375036,-2.11960149,-0.95600879,-1.75705397,0.65891355,0.00000000,0.00000000,-2.97109437,-0.45928732,1.47090077,-1.86250520,-1.05809522,0.00000000,0.00000000
0.15081111,-2.11915684,-0.96169567,-1.74956954,0.68661618,0.00000000,0.00000000,-2.96713972,-0.44050404,1.53408515,-1.83474445,-1.04451716,0.00000000,0.00000000
0.14594342,-2.11833549,-0.96794981,-1.74260807,0.71601260,0.00000000,0.00000000,-2.95504236,-0.41860151,1.60246444,-1.79700601,-1.02950227,0.00000000,0.00000000
0.14081411,-2.11717248,-0.97367173,-1.73611975,0.73893338,0.00000000,0.00000000,-2.93845344,-0.39581993,1.66606903,-1.75895214,-1.02153933,0.00000000,0.00000000
0.13834569,-2.11746764,-0.97473776,-1.73057461,0.76353580,0.00000000,0.00000000,-2.92032218,-0.37663493,1.71082020,-1.73704934,-1.01205802,0.00000000,0.00000000
0.13469905,-2.11734819,-0.97822595,-1.72551227,0.77811211,0.00000000,0.00000000,-2.90722466,-0.36385909,1.72911870,-1.74004173,-1.00142670,0.00000000,0.00000000
0.13236406,-2.11607885,-0.98361152,-1.71815562,0.79522246,0.00000000,0.00000000,-2.90474248,-0.35910165,1.71782982,-1.76676774,-0.98784620,0.00000000,0.00000000
0.12926494,-2.11797929,-0.98713255,-1.71252322,0.80623150,0.00000000,0.00000000,-2.91460061,-0.36213860,1.67840517,-1.80780852,-0.98065215,0.00000000,0.00000000
0.12719871,-2.12386990,-0.98648977,-1.71044612,0.81902570,0.00000000,0.00000000,-2.93415594,-0.36885548,1.62389767,-1.84574676,-0.97514021,0.00000000,0.00000000
0.12967898,-2.12900019,-0.98484093,-1.70989537,0.82866377,0.00000000,0.00000000,-2.96007824,-0.37553009,1.56902194,-1.87009418,-0.96486109,0.00000000,0.00000000
0.13459252,-2.13058424,-0.98723292,-1.70963609,0.83639228,0.00000000,0.00000000,-2.98611951,-0.38022688,1.52516794,-1.87925184,-0.95149040,0.00000000,0.00000000
0.14069767,-2.12892294,-0.99388897,-1.70850825,0.85865360,0.00000000,0.00000000,-3.00395417,-0.38303918,1.49982345,-1.87592185,-0.94103783,0.00000000,0.00000000
0.14797053,-2.12621880,-1.00162327,-1.70589137,0.88845813,0.00000000,0.00000000,-3.00942135,-0.38571882,1.49703538,-1.86439955,-0.92273229,0.00000000,0.00000000
0.15455934,-2.12270880,-1.01101768,-1.70182574,0.92196465,0.00000000,0.00000000,-3.00915885,-0.38888320,1.51881361,-1.84830832,-0.91615170,0.00000000,0.00000000
0.16051543,-2.11823201,-1.02175975,-1.69718993,0.94230425,0.00000000,0.00000000,-3.00111508,-0.39204660,1.56583893,-1.83019376,-0.91114408,0.00000000,0.00000000
0.16840784,-2.11368370,-1.03077662,-1.69323778,0.96421415,0.00000000,0.00000000,-2.97252607,-0.39441612,1.63724816,-1.81197226,-0.90363997,0.00000000,0.00000000
0.17644623,-2.10756540,-1.04097211,-1.69007874,0.99454290,0.00000000,0.00000000,-2.92057586,-0.39536482,1.72882664,-1.79532027,-0.89125568,0.00000000,0.00000000
0.18369909,-2.09973168,-1.05243134,-1.68699622,1.02007914,0.00000000,0.00000000,-2.84980917,-0.39346331,1.83020067,-1.78281724,-0.87698507,0.00000000,0.00000000
0.18968201,-2.09180236,-1.06244993,-1.68399334,1.04990494,0.00000000,0.00000000,-2.76955485,-0.38740844,1.92476511,-1.77800846,-0.85367316,0.00000000,0.00000000
0.19533758,-2.08532596,-1.06745684,-1.68047082,1.08479261,0.00000000,0.00000000,-2.69114494,-0.37743992,1.99649048,-1.78280306,-0.84299541,0.00000000,0.00000000
0.20160782,-2.08051419,-1.06613636,-1.67535114,1.12052763,0.00000000,0.00000000,-2.62340093,-0.36448124,2.03697538,-1.79628241,-0.82319438,0.00000000,0.00000000
0.20441517,-2.07709336,-1.06176674,-1.66978729,1.15529966,0.00000000,0.00000000,-2.57151866,-0.34911770,2.04351544,-1.81627071,-0.79146832,0.00000000,0.00000000
0.20253111,-2.07519245,-1.05519104,-1.66429281,1.18724644,0.00000000,0.00000000,-2.53780246,-0.33075258,2.01566720,-1.84135664,-0.76065981,0.00000000,0.00000000
0.19652018,-2.07612252,-1.04468954,-1.65997827,1.21319699,0.00000000,0.00000000,-2.52352524,-0.30870000,1.95386565,-1.87048531,-0.73415935,0.00000000,0.00000000
0.18691410,-2.08200502,-1.02814209,-1.65895629,1.24810421,0.00000000,0.00000000,-2.52847910,-0.28215551,1.86203659,-1.90048206,-0.72811019,0.00000000,0.00000000
0.17510353,-2.09059858,-1.00941861,-1.66172910,1.28713691,0.00000000,0.00000000,-2.54731774,-0.24964032,1.75600863,-1.92538476,-0.72642273,0.00000000,0.00000000
0.16644104,-2.09309649,-0.99868757,-1.66466832,1.31935525,0.00000000,0.00000000,-2.56921077,-0.21261068,1.66172373,-1.94313920,-0.72105235,0.00000000,0.00000000
0.16318615,-2.09125733,-0.99460465,-1.66786969,1.35419095,0.00000000,0.00000000,-2.58578372,-0.17871109,1.59416223,-1.95423341,-0.72125584,0.00000000,0.00000000
0.16377926,-2.08830976,-0.99469328,-1.67185795,1.39069772,0.00000000,0.00000000,-2.59165144,-0.15338942,1.55758560,-1.95922673,-0.71364641,0.00000000,0.00000000
0.16705751,-2.08471155,-0.99862128,-1.67530477,1.43448412,0.00000000,0.00000000,-2.58403182,-0.13858987,1.55250800,-1.95770419,-0.69812828,0.00000000,0.00000000
0.17262071,-2.08050346,-1.00588238,-1.67727256,1.46965051,0.00000000,0.00000000,-2.56204224,-0.13475721,1.57815599,-1.94862723,-0.69350445,0.00000000,0.00000000
0.17984279,-2.07551050,-1.01605868,-1.67739189,1.49714911,0.00000000,0.00000000,-2.52690220,-0.14047116,1.63143992,-1.93122053,-0.68275350,0.00000000,0.00000000
0.18785778,-2.06969929,-1.02769041,-1.67563570,1.52957428,0.00000000,0.00000000,-2.48327255,-0.15100494,1.70087385,-1.90952718,-0.68122214,0.00000000,0.00000000
0.19357055,-2.06500006,-1.03789544,-1.67394602,1.56371009,0.00000000,0.00000000,-2.44058776,-0.16072334,1.76335800,-1.89515746,-0.67907667,0.00000000,0.00000000
0.19573087,-2.06319952,-1.04412580,-1.67374134,1.59603536,0.00000000,0.00000000,-2.41155362,-0.16686226,1.79978919,-1.89349771,-0.66961199,0.00000000,0.00000000
0.19561473,-2.06366205,-1.04609668,-1.67400801,1.63311231,0.00000000,0.00000000,-2.40173793,-0.16706263,1.80416822,-1.90251672,-0.66854626,0.00000000,0.00000000
0.19359271,-2.06561732,-1.04463184,-1.67434824,1.66477764,0.00000000,0.00000000,-2.41169906,-0.15949149,1.77640033,-1.91929555,-0.67863429,0.00000000,0.00000000
0.18891352,-2.06962013,-1.03984845,-1.67603564,1.68962193,0.00000000,0.00000000,-2.44000292,-0.14355825,1.71930337,-1.94088745,-0.68805218,0.00000000,0.00000000
0.18363152,-2.07565594,-1.03116691,-1.67872393,1.71831214,0.00000000,0.00000000,-2.48083162,-0.12009331,1.64400828,-1.96201158,-0.68860483,0.00000000,0.00000000
0.17960690,-2.08093333,-1.02247524,-1.67955434,1.74443889,0.00000000,0.00000000,-2.52312088,-0.09286644,1.57242799,-1.97528601,-0.68099380,0.00000000,0.00000000
0.17598642,-2.08556271,-1.01605594,-1.67917013,1.75435615,0.00000000,0.00000000,-2.55705523,-0.06893975,1.52168572,-1.97830045,-0.67665315,0.00000000,0.00000000
0.17289793,-2.08979654,-1.01259959,-1.67834306,1.75284827,0.00000000,0.00000000,-2.57806253,-0.05287981,1.49874413,-1.97131264,-0.67047423,0.00000000,0.00000000
0.17180209,-2.09391737,-1.01106024,-1.67747366,1.75298357,0.00000000,0.00000000,-2.58510447,-0.04635622,1.50500953,-1.95391631,-0.66230643,0.00000000,0.00000000
0.17331345,-2.09761286,-1.01138651,-1.67646766,1.74606681,0.00000000,0.00000000,-2.57917309,-0.04912591,1.53935969,-1.92524731,-0.65781200,0.00000000,0.00000000
0.17649266,-2.09917855,-1.01603842,-1.67408156,1.72193551,0.00000000,0.00000000,-2.56321144,-0.05897304,1.59802699,-1.88482881,-0.66449201,0.00000000,0.00000000
0.18080047,-2.09873962,-1.02408862,-1.66954494,1.71217823,0.00000000,0.00000000,-2.54570961,-0.07443402,1.66759861,-1.83836114,-0.67864919,0.00000000,0.00000000
0.18545330,-2.09939384,-1.03083301,-1.66418684,1.70154750,0.00000000,0.00000000,-2.54355049,-0.09889477,1.72137487,-1.80201364,-0.69450760,0.00000000,0.00000000
0.18942668,-2.10274053,-1.03469300,-1.65904844,1.68840158,0.00000000,0.00000000,-2.56110287,-0.13180080,1.74884391,-1.78772449,-0.70480698,0.00000000,0.00000000
0.19291215,-2.10785246,-1.03657842,-1.65302145,1.67411447,0.00000000,0.00000000,-2.59812999,-0.17175518,1.75055802,-1.79191744,-0.71874940,0.00000000,0.00000000
0.19642518,-2.11322331,-1.03790116,-1.64452875,1.65654862,0.00000000,0.00000000,-2.65315628,-0.21747504,1.73371172,-1.79680860,-0.73202133,0.00000000,0.00000000
0.19843161,-2.11944771,-1.03991497,-1.63607836,1.63337731,0.00000000,0.00000000,-2.72011042,-0.26645526,1.71022153,-1.79272139,-0.74638206,0.00000000,0.00000000
0.19845428,-2.12632132,-1.04454041,-1.63011456,1.60596895,0.00000000,0.00000000,-2.79439878,-0.31908169,1.68949068,-1.77729189,-0.76566303,0.00000000,0.00000000
0.19824632,-2.13153505,-1.05339491,-1.62434411,1.58562279,0.00000000,0.00000000,-2.87022495,-0.37612560,1.67771494,-1.74936402,-0.79050744,0.00000000,0.00000000
0.19902965,-2.13453126,-1.06492233,-1.61686218,1.55210781,0.00000000,0.00000000,-2.93602061,-0.43037897,1.67979836,-1.70852983,-0.81192058,0.00000000,0.00000000
0.20036589,-2.13592052,-1.07751298,-1.60743451,1.51068103,0.00000000,0.00000000,-2.98185062,-0.47161350,1.69807410,-1.65634906,-0.83055437,0.00000000,0.00000000
0.20253517,-2.13661742,-1.08912754,-1.59562731,1.47768366,0.00000000,0.00000000,-3.00436330,-0.49424645,1.73243403,-1.59548163,-0.85045016,0.00000000,0.00000000
0.20373707,-2.13723731,-1.09939206,-1.58230782,1.45597506,0.00000000,0.00000000,-3.00931907,-0.49616337,1.78134644,-1.52930093,-0.88911390,0.00000000,0.00000000
0.20432647,-2.13772845,-1.10745263,-1.56732404,1.41773450,0.00000000,0.00000000,-3.00378942,-0.47762558,1.84167230,-1.46155024,-0.92800021,0.00000000,0.00000000
0.20604588,-2.13761997,-1.11245477,-1.54949582,1.38283467,0.00000000,0.00000000,-2.98082590,-0.44154555,1.90764368,-1.39642000,-0.96910435,0.00000000,0.00000000
0.20815033,-2.13757110,-1.11374378,-1.52948236,1.37094319,0.00000000,0.00000000,-2.93884301,-0.39334017,1.97010803,-1.33904207,-1.00973582,0.00000000,0.00000000
0.20509619,-2.13818383,-1.11310112,-1.50978208,1.35800302,0.00000000,0.00000000,-2.88218808,-0.33898714,2.01831460,-1.29616797,-1.03408062,0.00000000,0.00000000
0.19688645,-2.14123631,-1.10811353,-1.49087536,1.34525466,0.00000000,0.00000000,-2.81761789,-0.28647453,2.04186916,-1.27503121,-1.07041204,0.00000000,0.00000000
0.18512166,-2.14626884,-1.09844947,-1.47199416,1.33162940,0.00000000,0.00000000,-2.75317073,-0.24157390,2.03676033,-1.27747011,-1.10692430,0.00000000,0.00000000
0.17287147,-2.15217590,-1.08380377,-1.45179951,1.31221247,0.00000000,0.00000000,-2.69490790,-0.20673539,2.00260353,-1.30285835,-1.15075254,0.00000000,0.00000000
0.15674499,-2.15847015,-1.06636214,-1.43271399,1.29357731,0.00000000,0.00000000,-2.64717221,-0.18275538,1.93958020,-1.35059559,-1.19611669,0.00000000,0.00000000
0.13949525,-2.16430092,-1.04561043,-1.41512620,1.27435350,0.00000000,0.00000000,-2.61334252,-0.16971004,1.84854531,-1.42095923,-1.23347259,0.00000000,0.00000000
0.12380268,-2.16861296,-1.02139843,-1.40077698,1.25647223,0.00000000,0.00000000,-2.59898782,-0.16842255,1.73021960,-1.51169205,-1.26601720,0.00000000,0.00000000
0.10823267,-2.16991568,-0.99831820,-1.39262283,1.24799347,0.00000000,0.00000000,-2.61053848,-0.17651328,1.59291577,-1.60770309,-1.28638387,0.00000000,0.00000000
0.09739343,-2.17000008,-0.97918659,-1.39295900,1.24041772,0.00000000,0.00000000,-2.63821244,-0.18134956,1.46301651,-1.68827772,-1.31912935,0.00000000,0.00000000
0.09623517,-2.17000008,-0.96380317,-1.39745355,1.22696650,0.00000000,0.00000000,-2.67471385,-0.18009427,1.35393381,-1.74694550,-1.35039783,0.00000000,0.00000000
0.10039898,-2.17000008,-0.95534730,-1.40259707,1.21248126,0.00000000,0.00000000,-2.71560168,-0.17512438,1.26873243,-1.78547323,-1.38033772,0.00000000,0.00000000
0.10288347,-2.17000008,-0.95728683,-1.41601419,1.18160224,0.00000000,0.00000000,-2.75617337,-0.16839100,1.20872951,-1.80659020,-1.38873684,0.00000000,0.00000000
0.10650077,-2.17000008,-0.96734101,-1.42911756,1.16078770,0.00000000,0.00000000,-2.79181457,-0.16214304,1.17414844,-1.81241417,-1.39681494,0.00000000,0.00000000
0.11676443,-2.17000008,-0.98120821,-1.43718874,1.14194417,0.00000000,0.00000000,-2.81769609,-0.15702952,1.16473770,-1.80433738,-1.39000738,0.00000000,0.00000000
0.13191663,-2.17000008,-0.99817574,-1.44128633,1.10920084,0.00000000,0.00000000,-2.82913589,-0.15188526,1.17974138,-1.78310847,-1.38531446,0.00000000,0.00000000
0.14616558,-2.17000008,-1.01507413,-1.44407046,1.07248878,0.00000000,0.00000000,-2.82230973,-0.14618212,1.21692574,-1.74919021,-1.38423514,0.00000000,0.00000000
0.15824246,-2.17000008,-1.02803218,-1.44615495,1.04494083,0.00000000,0.00000000,-2.79612732,-0.13949881,1.27201307,-1.70437002,-1.37666547,0.00000000,0.00000000
0.16230737,-2.17000008,-1.04017901,-1.44749141,1.00957990,0.00000000,0.00000000,-2.75288057,-0.13163373,1.33708465,-1.65384722,-1.36122537,0.00000000,0.00000000
0.16129971,-2.17000008,-1.04754090,-1.44629574,0.97653604,0.00000000,0.00000000,-2.69777822,-0.12468572,1.40021598,-1.60630107,-1.34474874,0.00000000,0.00000000
0.15654700,-2.17000008,-1.04845035,-1.44279528,0.94769084,0.00000000,0.00000000,-2.63701463,-0.12097941,1.45011115,-1.57188392,-1.33748710,0.00000000,0.00000000
0.14767264,-2.17000008,-1.04382420,-1.43894303,0.91585457,0.00000000,0.00000000,-2.57691789,-0.12257409,1.47775781,-1.56118095,-1.33219039,0.00000000,0.00000000
0.13844475,-2.17000008,-1.03413427,-1.43451011,0.88087767,0.00000000,0.00000000,-2.52086043,-0.12896888,1.48017633,-1.57825696,-1.33488905,0.00000000,0.00000000
0.12975863,-2.16995358,-1.01965976,-1.43138850,0.83110857,0.00000000,0.00000000,-2.47432303,-0.13992350,1.45514572,-1.62217534,-1.33246148,0.00000000,0.00000000
0.12157254,-2.16933298,-1.00242722,-1.42978871,0.79096234,0.00000000,0.00000000,-2.44249678,-0.15507936,1.40125227,-1.69125497,-1.32698822,0.00000000,0.00000000
0.11454435,-2.16837740,-0.98220187,-1.43072867,0.75934947,0.00000000,0.00000000,-2.43035221,-0.17174512,1.32101393,-1.77477264,-1.32017934,0.00000000,0.00000000
0.10193919,-2.16933298,-0.96249890,-1.43896401,0.72758329,0.00000000,0.00000000,-2.44005370,-0.18203618,1.22814989,-1.84568477,-1.31087029,0.00000000,0.00000000
0.09444746,-2.16995382,-0.95065063,-1.44766879,0.71097636,0.00000000,0.00000000,-2.46470904,-0.18008234,1.14307630,-1.89227164,-1.31579351,0.00000000,0.00000000
0.09411389,-2.17000008,-0.94810182,-1.45643103,0.68950129,0.00000000,0.00000000,-2.49787807,-0.16755275,1.07647538,-1.91560078,-1.32780743,0.00000000,0.00000000
0.10025579,-2.17000008,-0.95203656,-1.46616781,0.66952032,0.00000000,0.00000000,-2.53459644,-0.14999525,1.03155816,-1.91904497,-1.35911429,0.00000000,0.00000000
0.11244280,-2.17000008,-0.96089673,-1.47485709,0.64671129,0.00000000,0.00000000,-2.57025599,-0.13258679,1.00901115,-1.90552187,-1.39272010,0.00000000,0.00000000
0.12736551,-2.17000008,-0.97647190,-1.47974730,0.61586314,0.00000000,0.00000000,-2.60021186,-0.11861084,1.00846946,-1.87708783,-1.42654598,0.00000000,0.00000000
0.14365096,-2.17000008,-0.99728364,-1.48016250,0.57568777,0.00000000,0.00000000,-2.61952019,-0.10901520,1.02894557,-1.83549654,-1.46043897,0.00000000,0.00000000
0.16006757,-2.17000008,-1.01930761,-1.47768283,0.54106867,0.00000000,0.00000000,-2.62402225,-0.10345113,1.06776345,-1.78315222,-1.49986017,0.00000000,0.00000000
0.17292581,-2.17000008,-1.03941274,-1.47562563,0.51587015,0.00000000,0.00000000,-2.61196709,-0.10145625,1.11946011,-1.72480452,-1.53641415,0.00000000,0.00000000
0.18214537,-2.17000008,-1.05508411,-1.47455025,0.49171540,0.00000000,0.00000000,-2.58498740,-0.10439243,1.17496991,-1.66969931,-1.56904614,0.00000000,0.00000000
0.18651442,-2.17000008,-1.06543005,-1.47530675,0.46867648,0.00000000,0.00000000,-2.54804254,-0.11576059,1.22246790,-1.63081157,-1.61107910,0.00000000,0.00000000
0.18589003,-2.17000008,-1.07365310,-1.47676933,0.45264065,0.00000000,0.00000000,-2.50809145,-0.13714853,1.25212371,-1.61859739,-1.65044022,0.00000000,0.00000000
0.18762553,-2.16998792,-1.07610202,-1.47815216,0.43966290,0.00000000,0.00000000,-2.47148848,-0.16746138,1.25850785,-1.63564861,-1.68772662,0.00000000,0.00000000
0.18939102,-2.16982794,-1.07486188,-1.47885191,0.42676127,0.00000000,0.00000000,-2.44423676,-0.20566249,1.23763263,-1.67928469,-1.71530461,0.00000000,0.00000000
0.18615238,-2.16958117,-1.07169747,-1.48026001,0.40486819,0.00000000,0.00000000,-2.43357611,-0.24931678,1.18676865,-1.73986268,-1.74829817,0.00000000,0.00000000
0.17596547,-2.16982794,-1.06541264,-1.48583317,0.37996107,0.00000000,0.00000000,-2.44385839,-0.29142228,1.11201513,-1.79653430,-1.77704072,0.00000000,0.00000000
0.16623090,-2.16998816,-1.05662227,-1.49495590,0.34787455,0.00000000,0.00000000,-2.46716976,-0.32173020,1.03405833,-1.83471262,-1.80098403,0.00000000,0.00000000
0.16487496,-2.17000008,-1.04895627,-1.50671875,0.30894947,0.00000000,0.00000000,-2.49510026,-0.33611345,0.96860433,-1.85277605,-1.81416118,0.00000000,0.00000000
0.16815709,-2.17000008,-1.05047393,-1.51874352,0.26904750,0.00000000,0.00000000,-2.52168536,-0.33555532,0.92285228,-1.85428202,-1.82500505,0.00000000,0.00000000
0.17465232,-2.17000008,-1.06104243,-1.53060746,0.23516165,0.00000000,0.00000000,-2.54187489,-0.32273728,0.89966851,-1.84294271,-1.82231712,0.00000000,0.00000000
0.18713346,-2.17000008,-1.07560408,-1.54145324,0.21422029,0.00000000,0.00000000,-2.55056453,-0.30122587,0.90043378,-1.82260597,-1.82324028,0.00000000,0.00000000
0.20620562,-2.17000008,-1.08958459,-1.55041897,0.19191130,0.00000000,0.00000000,-2.54353309,-0.27555558,0.92440349,-1.79669702,-1.82977712,0.00000000,0.00000000
0.22688782,-2.17000008,-1.10374486,-1.55591500,0.17631860,0.00000000,0.00000000,-2.51821136,-0.25099945,0.96825868,-1.76842368,-1.84107447,0.00000000,0.00000000
0.24406616,-2.17000008,-1.11646926,-1.55880308,0.15953204,0.00000000,0.00000000,-2.47427893,-0.23346597,1.02545238,-1.74098969,-1.85333574,0.00000000,0.00000000
0.25496846,-2.17000008,-1.12549531,-1.56111860,0.14997153,0.00000000,0.00000000,-2.41479969,-0.22540979,1.08752334,-1.71706820,-1.86143029,0.00000000,0.00000000
0.25786853,-2.17000008,-1.13151586,-1.56368971,0.14921242,0.00000000,0.00000000,-2.34619021,-0.22697121,1.14651644,-1.69855809,-1.86952209,0.00000000,0.00000000
0.25292805,-2.17000008,-1.13366783,-1.56725538,0.14032920,0.00000000,0.00000000,-2.27718663,-0.23713820,1.19378948,-1.68706524,-1.87270343,0.00000000,0.00000000
0.24052757,-2.17000008,-1.13195455,-1.57241166,0.13738245,0.00000000,0.00000000,-2.21471977,-0.25385270,1.22241247,-1.68309009,-1.88391006,0.00000000,0.00000000
0.22124089,-2.17000008,-1.12781703,-1.57937038,0.13849127,0.00000000,0.00000000,-2.16009760,-0.27652103,1.22966051,-1.69121265,-1.90482879,0.00000000,0.00000000
0.20007066,-2.17000008,-1.12074399,-1.58794188,0.14166312,0.00000000,0.00000000,-2.12101793,-0.30401006,1.21500504,-1.71235514,-1.91811323,0.00000000,0.00000000
0.18242756,-2.17000008,-1.11310601,-1.59906209,0.15870816,0.00000000,0.00000000,-2.10226274,-0.33048835,1.18848562,-1.73875010,-1.93548203,0.00000000,0.00000000
0.17109857,-2.16993499,-1.10995710,-1.61091733,0.17959784,0.00000000,0.00000000,-2.09998417,-0.35083076,1.16702044,-1.76299024,-1.95006299,0.00000000,0.00000000
0.16761868,-2.16892648,-1.11326206,-1.62050140,0.20619151,0.00000000,0.00000000,-2.09930348,-0.36107424,1.17465484,-1.78258717,-1.97252572,0.00000000,0.00000000
0.17041378,-2.16545558,-1.12233698,-1.62841880,0.21347594,0.00000000,0.00000000,-2.09618545,-0.36439538,1.21710861,-1.79673576,-1.99173141,0.00000000,0.00000000
0.17774153,-2.16003633,-1.13483572,-1.63645327,0.22602415,0.00000000,0.00000000,-2.09131646,-0.36572596,1.29143298,-1.80401087,-2.02181625,0.00000000,0.00000000
0.19002075,-2.15250301,-1.14912641,-1.64286852,0.22170590,0.00000000,0.00000000,-2.08457112,-0.36911878,1.39328575,-1.80344510,-1.90363741,0.00000000,0.00000000
0.20516962,-2.14328361,-1.16379869,-1.64677095,0.22133610,0.00000000,0.00000000,-2.07527661,-0.37864569,1.51418316,-1.79658353,-1.78085625,0.00000000,0.00000000
0.21984395,-2.13357687,-1.17713380,-1.64888823,0.21802011,0.00000000,0.00000000,-2.06315231,-0.39695933,1.63995636,-1.78936136,-1.65295422,0.00000000,0.00000000
0.23220380,-2.12518311,-1.18672180,-1.65045083,0.20811436,0.00000000,0.00000000,-2.05114293,-0.42249310,1.75366676,-1.78745627,-1.52271175,0.00000000,0.00000000
0.24297737,-2.11901712,-1.19119656,-1.65106702,0.18881090,0.00000000,0.00000000,-2.04223847,-0.44939166,1.84412110,-1.79100585,-1.39081573,0.00000000,0.00000000
0.24962692,-2.11481380,-1.19345844,-1.65194368,0.16599752,0.00000000,0.00000000,-2.03804302,-0.47138375,1.90578032,-1.79656720,-1.25330162,0.00000000,0.00000000
0.25220120,-2.11277747,-1.19454837,-1.65308106,0.14983839,0.00000000,0.00000000,-2.03752542,-0.48428684,1.93723726,-1.80074906,-1.11667931,0.00000000,0.00000000
