l_joint1,l_joint2,l_joint3,l_joint4,l_joint5,l_joint6,l_joint7,r_joint1,r_joint2,r_joint3,r_joint4,r_joint5,r_joint6,r_joint7
0.05670238,-2.16985869,-1.14614248,-0.46762007,-0.01328912,0.00000000,0.00000000,-0.18317086,2.17000008,1.45391917,0.55357325,0.02597218,0.00000000,0.00000000
0.08941355,-2.16756487,-1.15414500,-0.44018486,-0.02749831,0.00000000,0.00000000,-0.17728567,2.17000008,1.45523143,0.56918746,0.02738325,0.00000000,0.00000000
0.12489987,-2.15861154,-1.16960430,-0.40664634,-0.03404310,0.00000000,0.00000000,-0.16359350,2.17000008,1.45750487,0.59516090,0.02601527,0.00000000,0.00000000
0.15211356,-2.14358711,-1.18779504,-0.37876436,-0.04050472,0.00000000,0.00000000,-0.14290705,2.17000008,1.46085954,0.62523735,0.01486803,0.00000000,0.00000000
0.17183657,-2.12799382,-1.20530343,-0.35867709,-0.04585744,0.00000000,0.00000000,-0.11738151,2.17000008,1.46428072,0.65546024,0.00724988,0.00000000,0.00000000
0.18698655,-2.11552620,-1.22087252,-0.34531972,-0.05074641,0.00000000,0.00000000,-0.08918826,2.16999507,1.46644962,0.68401766,0.00313631,0.00000000,0.00000000
0.20188680,-2.10721254,-1.23384559,-0.33611879,-0.06015473,0.00000000,0.00000000,-0.05943161,2.16992903,1.46745729,0.70991027,0.00425630,0.00000000,0.00000000
0.21807621,-2.10564375,-1.24345291,-0.33060962,-0.06538828,0.00000000,0.00000000,-0.03022691,2.16982746,1.46657252,0.73125750,0.01156757,0.00000000,0.00000000
0.23563795,-2.10980296,-1.24978662,-0.32846919,-0.07947093,0.00000000,0.00000000,-0.00566337,2.16992903,1.46220207,0.74553275,0.01782990,0.00000000,0.00000000
0.25521079,-2.11787772,-1.25304210,-0.32870936,-0.09456954,0.00000000,0.00000000,0.01246093,2.16999531,1.45579135,0.75101900,0.01583765,0.00000000,0.00000000
0.27413124,-2.12836266,-1.25354755,-0.33227327,-0.11117688,0.00000000,0.00000000,0.02586261,2.17000008,1.44847465,0.74928939,0.01193440,0.00000000,0.00000000
0.28867021,-2.14045405,-1.25154614,-0.34106874,-0.14132375,0.00000000,0.00000000,0.03507978,2.17000008,1.44058633,0.74166882,-0.00398283,0.00000000,0.00000000
0.29775894,-2.15279531,-1.24717200,-0.35553026,-0.17114575,0.00000000,0.00000000,0.04039575,2.17000008,1.43214381,0.72919005,-0.01541296,0.00000000,0.00000000
0.30246931,-2.16290808,-1.24061990,-0.37469295,-0.19496079,0.00000000,0.00000000,0.04087571,2.17000008,1.42323959,0.71191394,-0.01575042,0.00000000,0.00000000
0.30337983,-2.16850996,-1.23241878,-0.39782417,-0.22567977,0.00000000,0.00000000,0.03562053,2.17000008,1.41337323,0.69086069,-0.01071925,0.00000000,0.00000000
0.30083403,-2.16991425,-1.22386193,-0.42359233,-0.26653406,0.00000000,0.00000000,0.02404207,2.17000008,1.40285349,0.66620636,-0.00976740,0.00000000,0.00000000
0.29575297,-2.17000008,-1.21718836,-0.44936761,-0.29847223,0.00000000,0.00000000,0.00652012,2.17000008,1.39417505,0.63644648,-0.00739589,0.00000000,0.00000000
0.28707960,-2.17000008,-1.21485829,-0.47376746,-0.33464065,0.00000000,0.00000000,-0.01617437,2.17000008,1.38845038,0.60095870,-0.00485332,0.00000000,0.00000000
0.27349868,-2.17000008,-1.21873248,-0.49624783,-0.37001041,0.00000000,0.00000000,-0.04293097,2.17000008,1.38469565,0.56137407,0.00038160,0.00000000,0.00000000
0.25584948,-2.17000008,-1.22912574,-0.51580381,-0.41489109,0.00000000,0.00000000,-0.07317627,2.17000008,1.38058197,0.52076977,-0.00139288,0.00000000,0.00000000
0.23376423,-2.16991901,-1.24349570,-0.53437865,-0.46379298,0.00000000,0.00000000,-0.10627782,2.17000008,1.37388957,0.48200330,-0.00953858,0.00000000,0.00000000
0.20643112,-2.16865039,-1.25842595,-0.55444586,-0.51563710,0.00000000,0.00000000,-0.13790943,2.17000008,1.36448634,0.44823256,-0.00931908,0.00000000,0.00000000
0.17328838,-2.16424394,-1.27109516,-0.57751548,-0.57037157,0.00000000,0.00000000,-0.16472504,2.17000008,1.35390127,0.42070234,-0.01004156,0.00000000,0.00000000
0.13498534,-2.15822673,-1.27975714,-0.60376900,-0.61465305,0.00000000,0.00000000,-0.18564069,2.17000008,1.34189653,0.40046453,-0.01126202,0.00000000,0.00000000
0.09415738,-2.15324521,-1.28321457,-0.63202125,-0.65364224,0.00000000,0.00000000,-0.20219716,2.17000008,1.32740867,0.38789240,-0.00133293,0.00000000,0.00000000
0.05283811,-2.15066957,-1.28084505,-0.66147023,-0.69451642,0.00000000,0.00000000,-0.21735784,2.17000008,1.31059873,0.38153803,0.01452018,0.00000000,0.00000000
0.01248887,-2.14999604,-1.27266479,-0.69107777,-0.72557229,0.00000000,0.00000000,-0.23253137,2.17000008,1.29254889,0.37971181,0.02669380,0.00000000,0.00000000
-0.02506135,-2.15090704,-1.25856638,-0.71953332,-0.75739694,0.00000000,0.00000000,-0.24829523,2.17000008,1.27504659,0.38038623,0.03854381,0.00000000,0.00000000
-0.05597424,-2.15534854,-1.23722196,-0.74537003,-0.78610271,0.00000000,0.00000000,-0.26446974,2.17000008,1.26032794,0.38145691,0.04972137,0.00000000,0.00000000
-0.07795115,-2.16288662,-1.20860398,-0.76758206,-0.80788869,0.00000000,0.00000000,-0.27883187,2.17000008,1.25042164,0.38175726,0.05923949,0.00000000,0.00000000
-0.09485765,-2.16832280,-1.17621374,-0.78728962,-0.81554538,0.00000000,0.00000000,-0.28808719,2.17000008,1.24599278,0.38187197,0.06624267,0.00000000,0.00000000
-0.10915425,-2.16986561,-1.14313602,-0.80501604,-0.83023590,0.00000000,0.00000000,-0.29079181,2.17000008,1.24681878,0.38222244,0.06965491,0.00000000,0.00000000
-0.12119327,-2.16999722,-1.11177921,-0.81972641,-0.84406972,0.00000000,0.00000000,-0.28461280,2.17000008,1.25323486,0.38360581,0.07407751,0.00000000,0.00000000
-0.13203172,-2.17000008,-1.08436513,-0.83011019,-0.86347002,0.00000000,0.00000000,-0.26718387,2.17000008,1.26483846,0.38744462,0.07439941,0.00000000,0.00000000
-0.14076263,-2.17000008,-1.06212080,-0.83332151,-0.87579137,0.00000000,0.00000000,-0.24913254,2.17000008,1.27976644,0.38831007,0.08408016,0.00000000,0.00000000
-0.13830531,-2.17000008,-1.04414153,-0.82366300,-0.88947701,0.00000000,0.00000000,-0.23240441,2.17000008,1.29604197,0.38771212,0.10005117,0.00000000,0.00000000
-0.12649065,-2.17000008,-1.03120506,-0.80385983,-0.89272577,0.00000000,0.00000000,-0.21655165,2.17000008,1.31203699,0.38850814,0.10536753,0.00000000,0.00000000
-0.10763530,-2.17000008,-1.02362549,-0.77719659,-0.89674807,0.00000000,0.00000000,-0.20266873,2.17000008,1.32610822,0.39286560,0.10798070,0.00000000,0.00000000
-0.08264178,-2.17000008,-1.02169275,-0.74506831,-0.90007871,0.00000000,0.00000000,-0.19083972,2.17000008,1.33763051,0.40253145,0.10548783,0.00000000,0.00000000
-0.04937096,-2.17000008,-1.02508116,-0.70676833,-0.90214705,0.00000000,0.00000000,-0.18085799,2.17000008,1.34716105,0.41801211,0.09360897,0.00000000,0.00000000
-0.00552638,-2.17000008,-1.03323817,-0.66133380,-0.91347736,0.00000000,0.00000000,-0.17198256,2.17000008,1.35585403,0.43948990,0.08285716,0.00000000,0.00000000
0.03273795,-2.16992092,-1.05105078,-0.61513495,-0.92619199,0.00000000,0.00000000,-0.16441993,2.17000008,1.36625981,0.46468475,0.07942689,0.00000000,0.00000000
0.06819989,-2.16855145,-1.07654226,-0.56867051,-0.93885958,0.00000000,0.00000000,-0.15777333,2.17000008,1.37956870,0.49217945,0.07837096,0.00000000,0.00000000
0.10436944,-2.16219950,-1.10620892,-0.52325124,-0.94647670,0.00000000,0.00000000,-0.15095185,2.17000008,1.39591193,0.52094299,0.08213326,0.00000000,0.00000000
0.13650398,-2.14931393,-1.13779783,-0.48321870,-0.95249063,0.00000000,0.00000000,-0.14082101,2.17000008,1.41366434,0.55112225,0.08499588,0.00000000,0.00000000
0.16238074,-2.13484406,-1.16830575,-0.45159411,-0.96430320,0.00000000,0.00000000,-0.12482662,2.17000008,1.43085623,0.58308160,0.09363628,0.00000000,0.00000000
0.18537468,-2.12294340,-1.19570911,-0.42750341,-0.97018474,0.00000000,0.00000000,-0.10369294,2.17000008,1.44667983,0.61543173,0.09607542,0.00000000,0.00000000
0.20660679,-2.11484027,-1.21953571,-0.40991867,-0.97957534,0.00000000,0.00000000,-0.07976325,2.16999793,1.46043730,0.64627552,0.09283432,0.00000000,0.00000000
0.22723143,-2.11068463,-1.23956537,-0.39729887,-0.98425388,0.00000000,0.00000000,-0.05530616,2.16996956,1.47099948,0.67375010,0.10239536,0.00000000,0.00000000
0.24767834,-2.10970759,-1.25578105,-0.38838363,-0.98238266,0.00000000,0.00000000,-0.03084242,2.16992569,1.47752166,0.69666052,0.10744784,0.00000000,0.00000000
0.26845631,-2.11492157,-1.26733768,-0.38336873,-0.96828377,0.00000000,0.00000000,-0.00852286,2.16996956,1.47885406,0.71347106,0.11064117,0.00000000,0.00000000
0.29150379,-2.12291789,-1.27475047,-0.37991023,-0.94489092,0.00000000,0.00000000,0.01033735,2.16999817,1.47614682,0.72279441,0.11450877,0.00000000,0.00000000
0.31388575,-2.13293386,-1.27827013,-0.37921801,-0.92114794,0.00000000,0.00000000,0.02531653,2.17000008,1.47086060,0.72437298,0.10411490,0.00000000,0.00000000
0.33244494,-2.14368606,-1.27824664,-0.38271132,-0.89927775,0.00000000,0.00000000,0.03836971,2.17000008,1.46525693,0.71954584,0.11071245,0.00000000,0.00000000
0.34561768,-2.15474844,-1.27474916,-0.39134467,-0.87967908,0.00000000,0.00000000,0.04721474,2.17000008,1.45883191,0.70806593,0.12407395,0.00000000,0.00000000
0.35476279,-2.16388273,-1.26813316,-0.40419263,-0.85047948,0.00000000,0.00000000,0.05230736,2.17000008,1.45221460,0.69063967,0.13193820,0.00000000,0.00000000
0.36023635,-2.16874981,-1.25905788,-0.42095351,-0.81364632,0.00000000,0.00000000,0.05253375,2.17000008,1.44565713,0.66790324,0.14952618,0.00000000,0.00000000
0.36063662,-2.16992879,-1.24816012,-0.44266608,-0.77923661,0.00000000,0.00000000,0.04467450,2.17000008,1.43801630,0.64055634,0.16770168,0.00000000,0.00000000
0.35488930,-2.17000008,-1.23711073,-0.46930429,-0.75466228,0.00000000,0.00000000,0.02909141,2.17000008,1.42944634,0.60963005,0.18781300,0.00000000,0.00000000
0.34390908,-2.17000008,-1.22960424,-0.49778345,-0.72950715,0.00000000,0.00000000,0.00910842,2.17000008,1.42143929,0.57633519,0.19784410,0.00000000,0.00000000
0.32813460,-2.17000008,-1.22798777,-0.52619940,-0.70919526,0.00000000,0.00000000,-0.01664763,2.17000008,1.41248751,0.54210204,0.21181792,0.00000000,0.00000000
0.30682948,-2.17000008,-1.23259425,-0.55460370,-0.69606549,0.00000000,0.00000000,-0.04816354,2.17000008,1.40086985,0.50924987,0.22264621,0.00000000,0.00000000
0.28169364,-2.17000008,-1.24168634,-0.58278543,-0.67986369,0.00000000,0.00000000,-0.08241822,2.17000008,1.38581264,0.48135549,0.23355724,0.00000000,0.00000000
0.25230184,-2.16997480,-1.25294614,-0.61207676,-0.66527265,0.00000000,0.00000000,-0.11489672,2.17000008,1.36805975,0.46143532,0.24682496,0.00000000,0.00000000
0.21608062,-2.16961575,-1.26487076,-0.64446741,-0.65288228,0.00000000,0.00000000,-0.14283726,2.17000008,1.34844029,0.44998252,0.25953805,0.00000000,0.00000000
0.17451397,-2.16873980,-1.27555728,-0.67977947,-0.65040618,0.00000000,0.00000000,-0.16720572,2.17000008,1.32741594,0.44471857,0.27545118,0.00000000,0.00000000
0.13147853,-2.16791177,-1.28225768,-0.71692222,-0.66107732,0.00000000,0.00000000,-0.19041905,2.17000008,1.30575693,0.44279772,0.29178792,0.00000000,0.00000000
0.08860619,-2.16661239,-1.28371489,-0.75446874,-0.67352086,0.00000000,0.00000000,-0.21318024,2.17000008,1.28429532,0.44240382,0.32469955,0.00000000,0.00000000
0.04775988,-2.16647649,-1.27840316,-0.79093945,-0.69174606,0.00000000,0.00000000,-0.23645507,2.17000008,1.26302147,0.44322336,0.34512439,0.00000000,0.00000000
0.01048970,-2.16741180,-1.26606679,-0.82424629,-0.70132315,0.00000000,0.00000000,-0.26047853,2.17000008,1.24354970,0.44396353,0.36339140,0.00000000,0.00000000
-0.02113617,-2.16873264,-1.24691188,-0.85203379,-0.71154070,0.00000000,0.00000000,-0.28436515,2.17000008,1.22761345,0.44377345,0.38316569,0.00000000,0.00000000
-0.04718933,-2.16970730,-1.22254562,-0.87333375,-0.72326577,0.00000000,0.00000000,-0.30434743,2.17000008,1.21729052,0.44273883,0.39673644,0.00000000,0.00000000
-0.06969912,-2.16998291,-1.19664466,-0.88790387,-0.72761136,0.00000000,0.00000000,-0.31685114,2.17000008,1.21390688,0.44126353,0.41061053,0.00000000,0.00000000
-0.08723583,-2.17000008,-1.17153347,-0.89473832,-0.73756969,0.00000000,0.00000000,-0.32205287,2.17000008,1.21733534,0.43918708,0.40219644,0.00000000,0.00000000
-0.09810112,-2.17000008,-1.14832962,-0.89351469,-0.75095797,0.00000000,0.00000000,-0.32079232,2.17000008,1.22716808,0.43671679,0.40705994,0.00000000,0.00000000
-0.10160665,-2.17000008,-1.12790096,-0.88456935,-0.75510842,0.00000000,0.00000000,-0.31407005,2.17000008,1.24236739,0.43456769,0.40411994,0.00000000,0.00000000
-0.09703562,-2.17000008,-1.11061108,-0.86862963,-0.76247537,0.00000000,0.00000000,-0.30539280,2.17000008,1.26087403,0.43296233,0.40991598,0.00000000,0.00000000
-0.08451805,-2.17000008,-1.09741187,-0.84588212,-0.77329028,0.00000000,0.00000000,-0.29630828,2.17000008,1.28107333,0.43333793,0.41921216,0.00000000,0.00000000
-0.06337100,-2.17000008,-1.09023654,-0.81334913,-0.77534413,0.00000000,0.00000000,-0.28598440,2.17000008,1.30247653,0.43791702,0.42449492,0.00000000,0.00000000
-0.03269730,-2.17000008,-1.09026706,-0.76794291,-0.77474302,0.00000000,0.00000000,-0.27434963,2.17000008,1.32478857,0.44750375,0.42942432,0.00000000,0.00000000
-0.00211354,-2.17000008,-1.09860349,-0.71626550,-0.77507842,0.00000000,0.00000000,-0.26250291,2.17000008,1.34804618,0.46145758,0.42859161,0.00000000,0.00000000
0.02809617,-2.16984892,-1.11273348,-0.66333187,-0.76357198,0.00000000,0.00000000,-0.25103953,2.17000008,1.37293887,0.47921130,0.42084041,0.00000000,0.00000000
0.06061748,-2.16743135,-1.13063538,-0.61031193,-0.75530988,0.00000000,0.00000000,-0.24036711,2.17000008,1.39915740,0.50106084,0.40736118,0.00000000,0.00000000
0.09281348,-2.15838695,-1.15138543,-0.55976385,-0.74968016,0.00000000,0.00000000,-0.23134845,2.17000008,1.42425752,0.52723193,0.39622775,0.00000000,0.00000000
0.12040716,-2.14402461,-1.17326772,-0.51557398,-0.75517851,0.00000000,0.00000000,-0.22239472,2.17000008,1.44892871,0.55559868,0.38641849,0.00000000,0.00000000
0.14774163,-2.12950754,-1.19287384,-0.47699931,-0.75539732,0.00000000,0.00000000,-0.20845126,2.17000008,1.47301495,0.58639753,0.37811148,0.00000000,0.00000000
0.17394814,-2.11809802,-1.20886314,-0.44446251,-0.76362824,0.00000000,0.00000000,-0.18754193,2.17000008,1.49508071,0.61890590,0.36967614,0.00000000,0.00000000
0.19487369,-2.10900569,-1.22180152,-0.41864017,-0.77760798,0.00000000,0.00000000,-0.16122802,2.17000008,1.51505387,0.64987749,0.35510251,0.00000000,0.00000000
0.21335061,-2.10347509,-1.23109686,-0.39797565,-0.78212786,0.00000000,0.00000000,-0.13227819,2.16997910,1.53286576,0.67618120,0.35488841,0.00000000,0.00000000
0.23157790,-2.10299611,-1.23617399,-0.38182721,-0.78315675,0.00000000,0.00000000,-0.10251790,2.16970062,1.54696763,0.69667405,0.35537052,0.00000000,0.00000000
0.25094807,-2.10759473,-1.23697722,-0.36971161,-0.79031777,0.00000000,0.00000000,-0.07320100,2.16926551,1.55588853,0.71122825,0.34734133,0.00000000,0.00000000
0.27317145,-2.11799049,-1.23333597,-0.36122435,-0.78778708,0.00000000,0.00000000,-0.04788834,2.16968203,1.55869663,0.71859884,0.33365980,0.00000000,0.00000000
0.29745957,-2.13026643,-1.22615445,-0.35585144,-0.78215647,0.00000000,0.00000000,-0.02763996,2.16997147,1.55668771,0.71865094,0.32132229,0.00000000,0.00000000
0.31738871,-2.14315224,-1.21618319,-0.35687926,-0.78210372,0.00000000,0.00000000,-0.01093158,2.16999960,1.55178678,0.71287304,0.30551383,0.00000000,0.00000000
0.33094802,-2.15651655,-1.20358860,-0.36559784,-0.78190041,0.00000000,0.00000000,0.00123950,2.17000008,1.54512680,0.70169938,0.28875557,0.00000000,0.00000000
0.34003887,-2.16647291,-1.18900526,-0.38005576,-0.78284085,0.00000000,0.00000000,0.00814678,2.17000008,1.53750658,0.68567497,0.27001104,0.00000000,0.00000000
0.34507743,-2.16967010,-1.17409945,-0.39812529,-0.79197997,0.00000000,0.00000000,0.00907515,2.17000008,1.52896631,0.66532469,0.25651458,0.00000000,0.00000000
0.34619710,-2.16999054,-1.16123509,-0.41744655,-0.79416722,0.00000000,0.00000000,0.00354494,2.17000008,1.51958132,0.64102757,0.24512225,0.00000000,0.00000000
0.34339499,-2.17000008,-1.15206385,-0.43692160,-0.79749471,0.00000000,0.00000000,-0.00878093,2.16996527,1.50934970,0.61297745,0.22718477,0.00000000,0.00000000
0.33572364,-2.17000008,-1.14760220,-0.45669329,-0.80060083,0.00000000,0.00000000,-0.02653548,2.16946149,1.49802542,0.58216405,0.20510106,0.00000000,0.00000000
0.32265702,-2.17000008,-1.14897037,-0.47609290,-0.80613732,0.00000000,0.00000000,-0.04909095,2.16814566,1.48438323,0.55008626,0.17249084,0.00000000,0.00000000
0.30435985,-2.17000008,-1.15629554,-0.49503583,-0.81148028,0.00000000,0.00000000,-0.07702509,2.16721010,1.46692801,0.51808435,0.12804568,0.00000000,0.00000000
0.28190771,-2.17000008,-1.16967201,-0.51318210,-0.81440306,0.00000000,0.00000000,-0.10864209,2.16626358,1.44599247,0.48783597,0.09483134,0.00000000,0.00000000
0.25652465,-2.17000008,-1.18832684,-0.53046691,-0.82364416,0.00000000,0.00000000,-0.14003995,2.16598654,1.42196071,0.46221560,0.05842324,0.00000000,0.00000000
0.22549857,-2.16997480,-1.20886421,-0.55058777,-0.82053518,0.00000000,0.00000000,-0.17366558,2.16814232,1.39396071,0.44117963,0.01520397,0.00000000,0.00000000
0.18538210,-2.16953778,-1.22916842,-0.57609689,-0.81002748,0.00000000,0.00000000,-0.20982653,2.16967416,1.36302733,0.42372182,-0.02538328,0.00000000,0.00000000
0.13930617,-2.16751719,-1.24677098,-0.60509861,-0.79343617,0.00000000,0.00000000,-0.23744746,2.16998339,1.33201051,0.41403526,-0.06077931,0.00000000,0.00000000
0.09060846,-2.16379309,-1.25962818,-0.63553977,-0.78222430,0.00000000,0.00000000,-0.25023270,2.17000008,1.30047059,0.41610417,-0.09863994,0.00000000,0.00000000
0.04326756,-2.16042900,-1.26608074,-0.66541874,-0.77135891,0.00000000,0.00000000,-0.25203142,2.17000008,1.26895952,0.42779770,-0.13531223,0.00000000,0.00000000
-0.00205056,-2.15797448,-1.26576149,-0.69379765,-0.76174957,0.00000000,0.00000000,-0.26077777,2.17000008,1.23885059,0.43692732,-0.16585311,0.00000000,0.00000000
-0.04359679,-2.15764952,-1.25783503,-0.71914774,-0.74945635,0.00000000,0.00000000,-0.27389616,2.17000008,1.21202266,0.44399163,-0.19440922,0.00000000,0.00000000
-0.07889428,-2.16075325,-1.24144554,-0.74004567,-0.74368000,0.00000000,0.00000000,-0.28791675,2.17000008,1.19048369,0.44941697,-0.22735612,0.00000000,0.00000000
-0.10580067,-2.16586494,-1.21714330,-0.75534272,-0.74322230,0.00000000,0.00000000,-0.30002946,2.17000008,1.17649686,0.45242202,-0.25580522,0.00000000,0.00000000
-0.12532575,-2.16914320,-1.18759584,-0.76504242,-0.73585689,0.00000000,0.00000000,-0.30519706,2.17000008,1.17137873,0.45431346,-0.27429333,0.00000000,0.00000000
-0.13867384,-2.16995144,-1.15576530,-0.76929337,-0.73288608,0.00000000,0.00000000,-0.30327111,2.17000008,1.17412615,0.45574388,-0.29442087,0.00000000,0.00000000
-0.14578064,-2.17000008,-1.12402284,-0.76760000,-0.73232198,0.00000000,0.00000000,-0.29642564,2.17000008,1.18369710,0.45637596,-0.31459591,0.00000000,0.00000000
-0.14677708,-2.17000008,-1.09499407,-0.75875390,-0.72450161,0.00000000,0.00000000,-0.28578466,2.16997266,1.20019794,0.45557821,-0.32864168,0.00000000,0.00000000
-0.14078259,-2.17000008,-1.07055902,-0.74172783,-0.71841246,0.00000000,0.00000000,-0.27429208,2.16960883,1.22215867,0.45338574,-0.34806836,0.00000000,0.00000000
-0.12686229,-2.17000008,-1.05143487,-0.71695757,-0.70602554,0.00000000,0.00000000,-0.26500702,2.16904831,1.24590814,0.45246673,-0.35630804,0.00000000,0.00000000
-0.10474370,-2.17000008,-1.03717387,-0.68570971,-0.70403796,0.00000000,0.00000000,-0.25707546,2.16960907,1.26739466,0.45783693,-0.36107999,0.00000000,0.00000000
-0.07618811,-2.17000008,-1.02911782,-0.64754319,-0.70637029,0.00000000,0.00000000,-0.24969785,2.16997290,1.28707182,0.46804571,-0.35925072,0.00000000,0.00000000
-0.04342650,-2.17000008,-1.02811790,-0.60319006,-0.70719385,0.00000000,0.00000000,-0.24499309,2.17000008,1.30594397,0.48132160,-0.34834516,0.00000000,0.00000000
-0.00906422,-2.17000008,-1.03462303,-0.55492389,-0.71197993,0.00000000,0.00000000,-0.24153039,2.17000008,1.32656884,0.49721664,-0.33780485,0.00000000,0.00000000
0.02698039,-2.16942716,-1.04707158,-0.50597942,-0.70858884,0.00000000,0.00000000,-0.23810993,2.17000008,1.34895289,0.51783603,-0.32481584,0.00000000,0.00000000
0.06328949,-2.16098118,-1.06582081,-0.45703748,-0.70789504,0.00000000,0.00000000,-0.23553172,2.17000008,1.37489474,0.54227805,-0.30821088,0.00000000,0.00000000
0.09406948,-2.13768101,-1.09037828,-0.41190854,-0.69992340,0.00000000,0.00000000,-0.23098706,2.17000008,1.40691769,0.56885135,-0.29883465,0.00000000,0.00000000
0.11789388,-2.11742544,-1.11312544,-0.38030234,-0.68758762,0.00000000,0.00000000,-0.21652618,2.17000008,1.44335127,0.59976941,-0.29204857,0.00000000,0.00000000
0.13770327,-2.09865093,-1.13360465,-0.35826519,-0.66210830,0.00000000,0.00000000,-0.19223402,2.16999578,1.48182523,0.63351279,-0.29355136,0.00000000,0.00000000
0.15690415,-2.08237147,-1.15155840,-0.34210110,-0.62799126,0.00000000,0.00000000,-0.16275091,2.16994095,1.51845622,0.66657311,-0.29103798,0.00000000,0.00000000
0.17638355,-2.07368922,-1.16575503,-0.33149740,-0.59670496,0.00000000,0.00000000,-0.13093449,2.16985607,1.54933763,0.69664758,-0.28360042,0.00000000,0.00000000
0.19713336,-2.07367849,-1.17572689,-0.32508138,-0.56305087,0.00000000,0.00000000,-0.09844887,2.16994095,1.57293868,0.72180861,-0.26199830,0.00000000,0.00000000
0.22151728,-2.08005929,-1.18156993,-0.32021761,-0.53803062,0.00000000,0.00000000,-0.06732687,2.16999626,1.59014893,0.73981094,-0.24948783,0.00000000,0.00000000
0.24994685,-2.09073019,-1.18356800,-0.31592020,-0.51575571,0.00000000,0.00000000,-0.03966280,2.17000008,1.60243130,0.74881220,-0.23918064,0.00000000,0.00000000
0.27775612,-2.10458517,-1.18223441,-0.31455523,-0.48833737,0.00000000,0.00000000,-0.01516684,2.16996002,1.61098182,0.74889535,-0.23983009,0.00000000,0.00000000
0.30029061,-2.12117434,-1.17794609,-0.31882268,-0.46309483,0.00000000,0.00000000,0.00675624,2.16934609,1.61639667,0.74097294,-0.24626781,0.00000000,0.00000000
0.31664613,-2.13899159,-1.17097521,-0.32922748,-0.44327158,0.00000000,0.00000000,0.02459590,2.16738749,1.61839449,0.72592443,-0.25969216,0.00000000,0.00000000
0.32762197,-2.15535879,-1.16168416,-0.34513545,-0.43441933,0.00000000,0.00000000,0.03596074,2.16557693,1.61547565,0.70569557,-0.28375402,0.00000000,0.00000000
0.33371279,-2.16641855,-1.15073717,-0.36581779,-0.41536391,0.00000000,0.00000000,0.04006840,2.16546035,1.60650635,0.68338442,-0.30638254,0.00000000,0.00000000
0.33595365,-2.16971827,-1.13937020,-0.38950360,-0.40711910,0.00000000,0.00000000,0.03630015,2.16596985,1.59181702,0.66071969,-0.33385605,0.00000000,0.00000000
0.33430997,-2.16999483,-1.12926471,-0.41454899,-0.40084988,0.00000000,0.00000000,0.02425285,2.16643167,1.57162154,0.63765770,-0.36870477,0.00000000,0.00000000
0.32739145,-2.17000008,-1.12206471,-0.44053024,-0.39982578,0.00000000,0.00000000,0.00216379,2.16704726,1.54597676,0.61159140,-0.39364639,0.00000000,0.00000000
0.31440246,-2.17000008,-1.11992133,-0.46658060,-0.39833209,0.00000000,0.00000000,-0.03021704,2.16805077,1.51513243,0.58061516,-0.40245557,0.00000000,0.00000000
0.29655841,-2.17000008,-1.12441456,-0.49194050,-0.40353850,0.00000000,0.00000000,-0.06288552,2.16935134,1.47954607,0.55122715,-0.41211188,0.00000000,0.00000000
0.27916303,-2.17000008,-1.13627172,-0.51436615,-0.40893787,0.00000000,0.00000000,-0.09401783,2.16874719,1.44085705,0.52546912,-0.42855868,0.00000000,0.00000000
0.26258174,-2.17000008,-1.15485752,-0.53451729,-0.40907678,0.00000000,0.00000000,-0.12239886,2.16588283,1.39977133,0.50552517,-0.45462447,0.00000000,0.00000000
0.23433816,-2.16997743,-1.17637515,-0.56380928,-0.42224908,0.00000000,0.00000000,-0.15988120,2.16526222,1.35509801,0.48560864,-0.48751047,0.00000000,0.00000000
0.19310588,-2.16966224,-1.19828856,-0.60311866,-0.42866683,0.00000000,0.00000000,-0.19961411,2.16836834,1.30723679,0.46975496,-0.51057720,0.00000000,0.00000000
0.15000929,-2.16894603,-1.21702611,-0.64529258,-0.42383870,0.00000000,0.00000000,-0.22647281,2.16987157,1.25946212,0.46540675,-0.53593004,0.00000000,0.00000000
0.10473626,-2.16821384,-1.23083770,-0.69063693,-0.41614351,0.00000000,0.00000000,-0.24667698,2.16999865,1.21390212,0.46747500,-0.55400747,0.00000000,0.00000000
0.06003978,-2.16643810,-1.23870754,-0.73645407,-0.40778127,0.00000000,0.00000000,-0.26358980,2.17000008,1.17295873,0.47201011,-0.56326306,0.00000000,0.00000000
0.01877007,-2.16508985,-1.23904872,-0.77969742,-0.39736423,0.00000000,0.00000000,-0.27701658,2.17000008,1.13797748,0.47801137,-0.56513613,0.00000000,0.00000000
-0.01993573,-2.16464496,-1.23164296,-0.81899577,-0.38659775,0.00000000,0.00000000,-0.28841060,2.17000008,1.10980356,0.48383239,-0.56913048,0.00000000,0.00000000
-0.05443384,-2.16609383,-1.21576571,-0.85258549,-0.38966101,0.00000000,0.00000000,-0.29960752,2.17000008,1.08917999,0.48760045,-0.55621976,0.00000000,0.00000000
-0.08167167,-2.16883898,-1.19130445,-0.87820125,-0.39690411,0.00000000,0.00000000,-0.31154841,2.17000008,1.07743239,0.48696452,-0.53760183,0.00000000,0.00000000
-0.10147183,-2.16991234,-1.16106188,-0.89437270,-0.40269855,0.00000000,0.00000000,-0.32089406,2.17000008,1.07608211,0.48171002,-0.52359968,0.00000000,0.00000000
-0.11623829,-2.16999912,-1.12898266,-0.90154082,-0.41421491,0.00000000,0.00000000,-0.32330403,2.17000008,1.08477509,0.47460270,-0.51140648,0.00000000,0.00000000
-0.12712273,-2.17000008,-1.09749651,-0.90072310,-0.43775254,0.00000000,0.00000000,-0.31798688,2.17000008,1.10183167,0.46738768,-0.51569778,0.00000000,0.00000000
-0.13349652,-2.17000008,-1.06815422,-0.89234579,-0.46601382,0.00000000,0.00000000,-0.30729917,2.17000008,1.12603915,0.45940587,-0.52105474,0.00000000,0.00000000
-0.13476506,-2.17000008,-1.04232955,-0.87661147,-0.50998521,0.00000000,0.00000000,-0.29342082,2.17000008,1.15585577,0.45094270,-0.52624422,0.00000000,0.00000000
-0.12883009,-2.17000008,-1.02107418,-0.85160667,-0.54813951,0.00000000,0.00000000,-0.27808261,2.16997290,1.18976045,0.44287074,-0.52232045,0.00000000,0.00000000
-0.11708266,-2.17000008,-1.00574064,-0.81867498,-0.57628447,0.00000000,0.00000000,-0.26281768,2.16961145,1.22546315,0.43699408,-0.52233356,0.00000000,0.00000000
-0.09957083,-2.17000008,-0.99695313,-0.77774233,-0.61003512,0.00000000,0.00000000,-0.24854647,2.16905451,1.25866985,0.43691260,-0.51991320,0.00000000,0.00000000
-0.07466561,-2.17000008,-0.99509388,-0.72541404,-0.64976120,0.00000000,0.00000000,-0.23509531,2.16961145,1.28701150,0.44427368,-0.51784164,0.00000000,0.00000000
-0.04565339,-2.17000008,-1.00180197,-0.66313231,-0.69533753,0.00000000,0.00000000,-0.22283305,2.16997337,1.31147397,0.45787540,-0.51732761,0.00000000,0.00000000
-0.01445115,-2.16999221,-1.01740265,-0.59443569,-0.73871231,0.00000000,0.00000000,-0.21273804,2.17000008,1.33404362,0.47660598,-0.51689434,0.00000000,0.00000000
0.01897600,-2.16969800,-1.03866005,-0.52586395,-0.78160822,0.00000000,0.00000000,-0.20466879,2.17000008,1.35496950,0.50136101,-0.51827359,0.00000000,0.00000000
0.05445296,-2.16644454,-1.06208229,-0.46301776,-0.82456273,0.00000000,0.00000000,-0.19705492,2.17000008,1.37400246,0.53263164,-0.51708961,0.00000000,0.00000000
0.09015714,-2.15477753,-1.08601272,-0.40869093,-0.85709953,0.00000000,0.00000000,-0.18799345,2.17000008,1.39120650,0.56979948,-0.52914894,0.00000000,0.00000000
0.12309185,-2.13590240,-1.10967076,-0.36473790,-0.89063179,0.00000000,0.00000000,-0.17410474,2.17000008,1.40728402,0.61133969,-0.54918396,0.00000000,0.00000000
0.15067276,-2.11693597,-1.13186991,-0.33347198,-0.91038340,0.00000000,0.00000000,-0.15401785,2.17000008,1.42279696,0.65474844,-0.56472254,0.00000000,0.00000000
0.17412719,-2.10255814,-1.15164590,-0.31380853,-0.91774732,0.00000000,0.00000000,-0.12884542,2.17000008,1.43718123,0.69763440,-0.58171409,0.00000000,0.00000000
0.19594750,-2.09546733,-1.16828048,-0.30320272,-0.91728866,0.00000000,0.00000000,-0.10108776,2.17000008,1.44909787,0.73721057,-0.59496051,0.00000000,0.00000000
0.21813257,-2.09417009,-1.18176842,-0.29828843,-0.91303784,0.00000000,0.00000000,-0.07309532,2.17000008,1.45737028,0.77088773,-0.61394227,0.00000000,0.00000000
0.24126314,-2.09787607,-1.19207537,-0.29727376,-0.89923465,0.00000000,0.00000000,-0.04664320,2.17000008,1.46118081,0.79692340,-0.62725568,0.00000000,0.00000000
0.26627004,-2.10599279,-1.19907749,-0.29870999,-0.88259840,0.00000000,0.00000000,-0.02420299,2.17000008,1.46107316,0.81335020,-0.64109373,0.00000000,0.00000000
0.29220971,-2.11733198,-1.20287502,-0.30226955,-0.86083984,0.00000000,0.00000000,-0.00762476,2.17000008,1.45825005,0.81897736,-0.64863956,0.00000000,0.00000000
0.31505445,-2.13059068,-1.20380223,-0.30958593,-0.82806122,0.00000000,0.00000000,0.00439812,2.17000008,1.45431232,0.81510121,-0.66422957,0.00000000,0.00000000
0.33180282,-2.14482641,-1.20208132,-0.32221961,-0.80142862,0.00000000,0.00000000,0.01305681,2.17000008,1.45012093,0.80363828,-0.67109913,0.00000000,0.00000000
0.34236276,-2.15822840,-1.19791627,-0.34022346,-0.77992225,0.00000000,0.00000000,0.01838547,2.17000008,1.44559145,0.78632361,-0.67811960,0.00000000,0.00000000
0.34790850,-2.16713953,-1.19179296,-0.36236721,-0.76442707,0.00000000,0.00000000,0.02021360,2.17000008,1.44040668,0.76486653,-0.68768966,0.00000000,0.00000000
0.34825444,-2.16976762,-1.18468547,-0.38755220,-0.74927813,0.00000000,0.00000000,0.01644076,2.17000008,1.43310285,0.73939902,-0.69077176,0.00000000,0.00000000
0.34486020,-2.16999531,-1.17807519,-0.41332582,-0.73561519,0.00000000,0.00000000,0.00811817,2.17000008,1.42520249,0.71060163,-0.68987107,0.00000000,0.00000000
0.33828831,-2.17000008,-1.17330432,-0.43847188,-0.71695119,0.00000000,0.00000000,-0.00481196,2.17000008,1.41797841,0.67752832,-0.69584233,0.00000000,0.00000000
0.32610321,-2.17000008,-1.17113364,-0.46505833,-0.69831502,0.00000000,0.00000000,-0.02363766,2.17000008,1.41073680,0.63888770,-0.68991989,0.00000000,0.00000000
0.30754179,-2.17000008,-1.17204821,-0.49459335,-0.68990099,0.00000000,0.00000000,-0.04749393,2.17000008,1.40216041,0.59608537,-0.66327971,0.00000000,0.00000000
0.28561184,-2.17000008,-1.17693138,-0.52558327,-0.69046158,0.00000000,0.00000000,-0.07503137,2.17000008,1.39165246,0.55183965,-0.64205831,0.00000000,0.00000000
0.26090118,-2.17000008,-1.18776155,-0.55572569,-0.69511729,0.00000000,0.00000000,-0.10505638,2.17000008,1.37944746,0.50918597,-0.60794896,0.00000000,0.00000000
0.23022272,-2.17000008,-1.20449984,-0.58580166,-0.71067011,0.00000000,0.00000000,-0.13587108,2.17000008,1.36478770,0.47151342,-0.55979651,0.00000000,0.00000000
0.19129065,-2.17000008,-1.22499251,-0.61736709,-0.72541910,0.00000000,0.00000000,-0.16470404,2.17000008,1.34689999,0.44211930,-0.51032811,0.00000000,0.00000000
0.14521210,-2.16998339,-1.24662435,-0.65070891,-0.75013518,0.00000000,0.00000000,-0.18999222,2.17000008,1.32570279,0.42241627,-0.46890926,0.00000000,0.00000000
0.09539362,-2.16968727,-1.26736236,-0.68470991,-0.78586930,0.00000000,0.00000000,-0.21233697,2.17000008,1.30214477,0.41138437,-0.43109721,0.00000000,0.00000000
0.04600310,-2.16824150,-1.28540301,-0.71746111,-0.83140171,0.00000000,0.00000000,-0.23314174,2.17000008,1.27768624,0.40695119,-0.37932694,0.00000000,0.00000000
-0.00114524,-2.16539884,-1.29836249,-0.74916524,-0.86699510,0.00000000,0.00000000,-0.25371477,2.17000008,1.25318754,0.40735793,-0.32921654,0.00000000,0.00000000
-0.04380636,-2.16329813,-1.30437076,-0.77887470,-0.89061666,0.00000000,0.00000000,-0.27482560,2.17000008,1.23020744,0.41066229,-0.27796730,0.00000000,0.00000000
-0.07924300,-2.16388416,-1.30229485,-0.80474693,-0.91414702,0.00000000,0.00000000,-0.29647210,2.17000008,1.21122205,0.41428286,-0.23387368,0.00000000,0.00000000
-0.10585441,-2.16657782,-1.29232180,-0.82532418,-0.93442839,0.00000000,0.00000000,-0.31669500,2.17000008,1.19877911,0.41623935,-0.18984985,0.00000000,0.00000000
-0.12579623,-2.16914892,-1.27626240,-0.84182286,-0.95526898,0.00000000,0.00000000,-0.33155477,2.17000008,1.19300497,0.41795412,-0.15639085,0.00000000,0.00000000
-0.14071105,-2.16994810,-1.25624228,-0.85527521,-0.98056275,0.00000000,0.00000000,-0.33993959,2.17000008,1.19351876,0.41959748,-0.11185469,0.00000000,0.00000000
-0.15044911,-2.17000008,-1.23321557,-0.86593270,-1.00212181,0.00000000,0.00000000,-0.34246302,2.17000008,1.19941449,0.42102832,-0.07576430,0.00000000,0.00000000
-0.15365501,-2.17000008,-1.20825124,-0.87242550,-1.02729368,0.00000000,0.00000000,-0.34005475,2.17000008,1.20964789,0.42213348,-0.07261699,0.00000000,0.00000000
-0.14912827,-2.17000008,-1.18275368,-0.87279332,-1.05174053,0.00000000,0.00000000,-0.33407846,2.17000008,1.22270441,0.42340088,-0.06234681,0.00000000,0.00000000
-0.13642603,-2.17000008,-1.15744710,-0.86554509,-1.07378304,0.00000000,0.00000000,-0.32553476,2.17000008,1.23655963,0.42630988,-0.06325697,0.00000000,0.00000000
-0.11586677,-2.17000008,-1.13317943,-0.84880739,-1.08881259,0.00000000,0.00000000,-0.31426856,2.17000008,1.24987805,0.43208602,-0.06650374,0.00000000,0.00000000
-0.08801472,-2.17000008,-1.11179388,-0.81966609,-1.10050058,0.00000000,0.00000000,-0.29985482,2.17000008,1.26241410,0.44062558,-0.07286274,0.00000000,0.00000000
-0.05453473,-2.17000008,-1.09473073,-0.77719569,-1.11408734,0.00000000,0.00000000,-0.28300327,2.17000008,1.27408171,0.45152390,-0.06764121,0.00000000,0.00000000
-0.01795509,-2.17000008,-1.08343029,-0.72286254,-1.11480784,0.00000000,0.00000000,-0.26541585,2.17000008,1.28585279,0.46352461,-0.05801986,0.00000000,0.00000000
0.01907301,-2.17000008,-1.07940257,-0.66052061,-1.11176753,0.00000000,0.00000000,-0.24835335,2.17000008,1.29953480,0.47594133,-0.05768263,0.00000000,0.00000000
0.05583603,-2.17000008,-1.08290398,-0.59497213,-1.11393619,0.00000000,0.00000000,-0.23227911,2.17000008,1.31576669,0.49036390,-0.06485482,0.00000000,0.00000000
0.09200939,-2.16991353,-1.09312880,-0.53082335,-1.13966513,0.00000000,0.00000000,-0.21671838,2.17000008,1.33493483,0.50845778,-0.07567347,0.00000000,0.00000000
0.12589382,-2.16845298,-1.10881686,-0.47302240,-1.16479683,0.00000000,0.00000000,-0.20018752,2.16998363,1.35847688,0.53019786,-0.07611986,0.00000000,0.00000000
0.15550636,-2.16217947,-1.12738752,-0.42552227,-1.18374324,0.00000000,0.00000000,-0.18121682,2.16971660,1.38601363,0.55503666,-0.08163076,0.00000000,0.00000000
0.18039684,-2.15126133,-1.14647651,-0.38954258,-1.20336032,0.00000000,0.00000000,-0.15938850,2.16865540,1.41440105,0.58308512,-0.08453099,0.00000000,0.00000000
0.19942921,-2.14150071,-1.16411018,-0.36582106,-1.22082484,0.00000000,0.00000000,-0.13525006,2.16709304,1.43899071,0.61497456,-0.09283196,0.00000000,0.00000000
0.21447110,-2.13429880,-1.17941761,-0.35154018,-1.23435283,0.00000000,0.00000000,-0.10992974,2.16636682,1.45752764,0.64958078,-0.08700048,0.00000000,0.00000000
0.22935638,-2.12992740,-1.19176900,-0.34269115,-1.25061798,0.00000000,0.00000000,-0.08515577,2.16723061,1.46940923,0.68357211,-0.07295527,0.00000000,0.00000000
0.24527419,-2.12895203,-1.20081234,-0.33743903,-1.25499821,0.00000000,0.00000000,-0.06263037,2.16918373,1.47529972,0.71281612,-0.05404972,0.00000000,0.00000000
0.26323792,-2.13095188,-1.20646238,-0.33443174,-1.25860238,0.00000000,0.00000000,-0.04332659,2.16994762,1.47798681,0.73387712,-0.03841058,0.00000000,0.00000000
0.28150326,-2.13573575,-1.20877516,-0.33431345,-1.25413752,0.00000000,0.00000000,-0.02751927,2.17000008,1.47910678,0.74552220,-0.03159794,0.00000000,0.00000000
0.29638541,-2.14250660,-1.20801902,-0.33881590,-1.25413525,0.00000000,0.00000000,-0.01407713,2.17000008,1.47995913,0.74819458,-0.03261191,0.00000000,0.00000000
0.30579752,-2.15145087,-1.20414925,-0.34935063,-1.24513435,0.00000000,0.00000000,-0.00282015,2.17000008,1.48060095,0.74294579,-0.04067517,0.00000000,0.00000000
0.31025648,-2.16153526,-1.19716847,-0.36574081,-1.23822331,0.00000000,0.00000000,0.00554591,2.16997051,1.48023760,0.73133820,-0.06209898,0.00000000,0.00000000
0.31158099,-2.16814375,-1.18789864,-0.38592261,-1.23491275,0.00000000,0.00000000,0.01107694,2.16957569,1.47841978,0.71576959,-0.09012867,0.00000000,0.00000000
0.31023091,-2.16989183,-1.17758000,-0.40840062,-1.23027194,0.00000000,0.00000000,0.01234132,2.16896749,1.47374105,0.69761044,-0.11621338,0.00000000,0.00000000
0.30557448,-2.17000008,-1.16793323,-0.43198064,-1.21031880,0.00000000,0.00000000,0.00668165,2.16957569,1.46505094,0.67584109,-0.14306825,0.00000000,0.00000000
0.29783714,-2.17000008,-1.16109765,-0.45454615,-1.17691422,0.00000000,0.00000000,-0.00542756,2.16997051,1.45415854,0.64967012,-0.17899644,0.00000000,0.00000000
0.28631255,-2.17000008,-1.15871823,-0.47559661,-1.14906490,0.00000000,0.00000000,-0.02211949,2.17000008,1.44139898,0.62054157,-0.20273739,0.00000000,0.00000000
0.26979524,-2.17000008,-1.16158712,-0.49614567,-1.11532152,0.00000000,0.00000000,-0.04364986,2.17000008,1.42568052,0.58982784,-0.22605994,0.00000000,0.00000000
0.24983621,-2.17000008,-1.17044103,-0.51460916,-1.07605076,0.00000000,0.00000000,-0.06982492,2.17000008,1.40676939,0.55954552,-0.24087670,0.00000000,0.00000000
0.22631168,-2.17000008,-1.18445992,-0.53170532,-1.03881741,0.00000000,0.00000000,-0.09973401,2.17000008,1.38447404,0.53154284,-0.26849884,0.00000000,0.00000000
0.19682014,-2.16997313,-1.20226645,-0.54942942,-1.00332630,0.00000000,0.00000000,-0.13006406,2.17000008,1.35971129,0.50733465,-0.30070683,0.00000000,0.00000000
0.16068332,-2.16949940,-1.22185135,-0.56805009,-0.97439271,0.00000000,0.00000000,-0.15576382,2.17000008,1.33446848,0.48835129,-0.34170935,0.00000000,0.00000000
0.11909275,-2.16723847,-1.24012697,-0.58751810,-0.94214445,0.00000000,0.00000000,-0.17534153,2.17000008,1.30906630,0.47516975,-0.38196781,0.00000000,0.00000000
0.07367604,-2.16285896,-1.25488532,-0.60737497,-0.92741650,0.00000000,0.00000000,-0.19107214,2.17000008,1.28268874,0.46764609,-0.41549513,0.00000000,0.00000000
0.02846018,-2.15850663,-1.26439452,-0.62557781,-0.91359240,0.00000000,0.00000000,-0.20534045,2.17000008,1.25566304,0.46480268,-0.44743153,0.00000000,0.00000000
-0.01603885,-2.15452337,-1.26865447,-0.64158541,-0.89499640,0.00000000,0.00000000,-0.21974450,2.17000008,1.22975397,0.46428564,-0.48015305,0.00000000,0.00000000
-0.05855892,-2.15183878,-1.26751149,-0.65480554,-0.88535774,0.00000000,0.00000000,-0.23571202,2.17000008,1.20693171,0.46394193,-0.50648856,0.00000000,0.00000000
-0.09421525,-2.15274668,-1.25992501,-0.66333210,-0.87920904,0.00000000,0.00000000,-0.25389844,2.17000008,1.18891990,0.46202657,-0.52230597,0.00000000,0.00000000
-0.12129680,-2.15730715,-1.24616981,-0.66732842,-0.87756234,0.00000000,0.00000000,-0.27255204,2.17000008,1.17754209,0.45758796,-0.52170575,0.00000000,0.00000000
-0.14196604,-2.16341400,-1.22780085,-0.66915494,-0.87630343,0.00000000,0.00000000,-0.28682554,2.17000008,1.17313731,0.45260575,-0.51799858,0.00000000,0.00000000
-0.15802920,-2.16784382,-1.20682466,-0.67051798,-0.88637060,0.00000000,0.00000000,-0.29462579,2.17000008,1.17607987,0.44685829,-0.50523353,0.00000000,0.00000000
-0.16904935,-2.16963434,-1.18481207,-0.67116261,-0.89473855,0.00000000,0.00000000,-0.29627910,2.17000008,1.18576086,0.43967474,-0.50111681,0.00000000,0.00000000
-0.17362365,-2.16997695,-1.16341233,-0.66934597,-0.89905345,0.00000000,0.00000000,-0.29344752,2.17000008,1.19989753,0.43181062,-0.49224573,0.00000000,0.00000000
-0.16990325,-2.16999030,-1.14357841,-0.66298711,-0.91390026,0.00000000,0.00000000,-0.28863263,2.17000008,1.21574962,0.42426905,-0.48929751,0.00000000,0.00000000
-0.15710515,-2.16999626,-1.12564433,-0.65105277,-0.92319304,0.00000000,0.00000000,-0.28187516,2.17000008,1.23155916,0.41879332,-0.48099419,0.00000000,0.00000000
-0.13636646,-2.17000008,-1.11009085,-0.63412690,-0.93552530,0.00000000,0.00000000,-0.27173585,2.17000008,1.24654067,0.41737053,-0.47283208,0.00000000,0.00000000
-0.10917735,-2.17000008,-1.09895003,-0.61165822,-0.95985830,0.00000000,0.00000000,-0.25953972,2.17000008,1.26007545,0.42025802,-0.46187592,0.00000000,0.00000000
-0.07653560,-2.17000008,-1.09255636,-0.58386213,-0.98556024,0.00000000,0.00000000,-0.24753812,2.17000008,1.27216995,0.42694879,-0.44399035,0.00000000,0.00000000
-0.03969672,-2.17000008,-1.09071147,-0.55269331,-0.99772310,0.00000000,0.00000000,-0.23683541,2.17000008,1.28319132,0.43773761,-0.42468661,0.00000000,0.00000000
0.00060646,-2.17000008,-1.09283173,-0.51969242,-1.00171316,0.00000000,0.00000000,-0.22685640,2.17000008,1.29425812,0.45330504,-0.40517557,0.00000000,0.00000000
0.04282933,-2.16991687,-1.09947634,-0.48547804,-1.01682210,0.00000000,0.00000000,-0.21701542,2.17000008,1.30726182,0.47260931,-0.38489285,0.00000000,0.00000000
0.08303413,-2.16853666,-1.11191416,-0.45077541,-1.02320778,0.00000000,0.00000000,-0.20621486,2.17000008,1.32275140,0.49363491,-0.35987142,0.00000000,0.00000000
0.11728474,-2.16278505,-1.12902844,-0.41849914,-1.01851749,0.00000000,0.00000000,-0.19118087,2.17000008,1.34113169,0.51554978,-0.32968950,0.00000000,0.00000000
0.14436024,-2.15217519,-1.14761758,-0.39189291,-1.00642467,0.00000000,0.00000000,-0.16784784,2.16999388,1.36351812,0.53846228,-0.30424076,0.00000000,0.00000000
0.16621290,-2.14031887,-1.16510248,-0.37171024,-0.99155867,0.00000000,0.00000000,-0.13396955,2.16982126,1.38828468,0.56317437,-0.28264189,0.00000000,0.00000000
0.18591715,-2.13054490,-1.18015003,-0.35664541,-0.96348977,0.00000000,0.00000000,-0.09392741,2.16837192,1.41188145,0.58687913,-0.27010244,0.00000000,0.00000000
0.20545785,-2.12468338,-1.19206488,-0.34572709,-0.93448120,0.00000000,0.00000000,-0.05547344,2.16525245,1.43072939,0.60632890,-0.25719848,0.00000000,0.00000000
0.22535172,-2.12584329,-1.20006287,-0.33961767,-0.90537047,0.00000000,0.00000000,-0.02116799,2.16471291,1.44229591,0.62199438,-0.24420621,0.00000000,0.00000000
0.24554545,-2.13388157,-1.20406854,-0.33837324,-0.87522948,0.00000000,0.00000000,0.00753149,2.16724944,1.44637430,0.63350767,-0.22936817,0.00000000,0.00000000
0.26621291,-2.14367652,-1.20495033,-0.34036678,-0.83941001,0.00000000,0.00000000,0.03065298,2.16939211,1.44553947,0.63988721,-0.23033866,0.00000000,0.00000000
0.28586990,-2.15242147,-1.20319116,-0.34532717,-0.78823072,0.00000000,0.00000000,0.05090547,2.16996479,1.44296515,0.64155632,-0.21543030,0.00000000,0.00000000
0.30043742,-2.16088605,-1.19876254,-0.35553163,-0.73425442,0.00000000,0.00000000,0.06479001,2.17000008,1.43794489,0.63767397,-0.19929419,0.00000000,0.00000000
0.30979207,-2.16697502,-1.19193232,-0.37047815,-0.67036223,0.00000000,0.00000000,0.07426834,2.17000008,1.43109727,0.62990099,-0.19148380,0.00000000,0.00000000
0.31471914,-2.16948557,-1.18325853,-0.38873187,-0.61099732,0.00000000,0.00000000,0.07997523,2.17000008,1.42213881,0.61998022,-0.18115972,0.00000000,0.00000000
0.31654808,-2.16997313,-1.17411411,-0.40777090,-0.54574406,0.00000000,0.00000000,0.07979403,2.17000008,1.41038561,0.60871720,-0.16789785,0.00000000,0.00000000
0.31601599,-2.17000008,-1.16620255,-0.42551863,-0.47493342,0.00000000,0.00000000,0.07390134,2.17000008,1.39688778,0.59640867,-0.14399415,0.00000000,0.00000000
0.31243753,-2.17000008,-1.16079307,-0.44146842,-0.39849368,0.00000000,0.00000000,0.06294190,2.17000008,1.38267148,0.58280253,-0.13789597,0.00000000,0.00000000
0.30341032,-2.17000008,-1.15847600,-0.45705637,-0.32614842,0.00000000,0.00000000,0.04625810,2.17000008,1.36667001,0.56794971,-0.13535509,0.00000000,0.00000000
0.28835747,-2.17000008,-1.15949559,-0.47326568,-0.24884842,0.00000000,0.00000000,0.02376899,2.17000008,1.34804964,0.55215853,-0.14743388,0.00000000,0.00000000
0.26989403,-2.17000008,-1.16475725,-0.48857883,-0.17237014,0.00000000,0.00000000,-0.00221685,2.17000008,1.32886875,0.53535616,-0.15970442,0.00000000,0.00000000
0.24859367,-2.17000008,-1.17479944,-0.50272524,-0.09911390,0.00000000,0.00000000,-0.03228681,2.17000008,1.31034040,0.51687557,-0.16662310,0.00000000,0.00000000
0.22345746,-2.16992855,-1.18870580,-0.51674896,-0.03190492,0.00000000,0.00000000,-0.06879108,2.17000008,1.29175270,0.49614391,-0.18284194,0.00000000,0.00000000
0.19344258,-2.16887569,-1.20384395,-0.53267509,0.02579650,0.00000000,0.00000000,-0.10154118,2.17000008,1.27353120,0.47786576,-0.20522027,0.00000000,0.00000000
0.15510361,-2.16600657,-1.21838367,-0.55320024,0.08309160,0.00000000,0.00000000,-0.11967342,2.17000008,1.25658691,0.46732289,-0.22358061,0.00000000,0.00000000
0.10985848,-2.16369390,-1.22951984,-0.57894742,0.13605592,0.00000000,0.00000000,-0.13199873,2.17000008,1.23951697,0.45984843,-0.23358808,0.00000000,0.00000000
0.06242121,-2.16146517,-1.23634636,-0.60686994,0.18582089,0.00000000,0.00000000,-0.14796083,2.17000008,1.22091925,0.45244691,-0.26584044,0.00000000,0.00000000
0.01597600,-2.15896249,-1.23864722,-0.63450587,0.23659839,0.00000000,0.00000000,-0.16757247,2.17000008,1.20129931,0.44684991,-0.30184358,0.00000000,0.00000000
-0.02789692,-2.15873194,-1.23531795,-0.66129535,0.28238106,0.00000000,0.00000000,-0.18992805,2.17000008,1.18164492,0.44378251,-0.32457346,0.00000000,0.00000000
-0.06681632,-2.16196513,-1.22565711,-0.68608797,0.33292928,0.00000000,0.00000000,-0.21465571,2.17000008,1.16385293,0.44205305,-0.34533322,0.00000000,0.00000000
-0.09820106,-2.16658950,-1.21031284,-0.70722032,0.37284282,0.00000000,0.00000000,-0.23886606,2.17000008,1.15054810,0.44085357,-0.37089437,0.00000000,0.00000000
-0.12244982,-2.16931915,-1.19145930,-0.72441757,0.40717906,0.00000000,0.00000000,-0.25715491,2.17000008,1.14437151,0.44040397,-0.41270041,0.00000000,0.00000000
-0.14053762,-2.16996193,-1.17137313,-0.73781592,0.43854424,0.00000000,0.00000000,-0.26770777,2.17000008,1.14626336,0.44002771,-0.44103667,0.00000000,0.00000000
-0.15231889,-2.17000008,-1.15152729,-0.74709815,0.47643137,0.00000000,0.00000000,-0.27177843,2.17000008,1.15574741,0.43902305,-0.47491416,0.00000000,0.00000000
-0.15739603,-2.17000008,-1.13330364,-0.75132495,0.50521559,0.00000000,0.00000000,-0.27198997,2.17000008,1.17164302,0.43703458,-0.49854723,0.00000000,0.00000000
-0.15579940,-2.17000008,-1.11818278,-0.74925905,0.52627355,0.00000000,0.00000000,-0.27063942,2.17000008,1.19249594,0.43432131,-0.51874131,0.00000000,0.00000000
-0.14751184,-2.17000008,-1.10738373,-0.73914415,0.55369765,0.00000000,0.00000000,-0.26827437,2.17000008,1.21664417,0.43235821,-0.54690975,0.00000000,0.00000000
-0.13208076,-2.17000008,-1.10092378,-0.71999139,0.58117682,0.00000000,0.00000000,-0.26381049,2.17000008,1.24279642,0.43340984,-0.57643163,0.00000000,0.00000000
-0.10985219,-2.17000008,-1.09838521,-0.69245201,0.61748070,0.00000000,0.00000000,-0.25729299,2.17000008,1.26970482,0.43922776,-0.60355866,0.00000000,0.00000000
-0.08214538,-2.17000008,-1.09969366,-0.65791041,0.65543032,0.00000000,0.00000000,-0.24969597,2.17000008,1.29624772,0.45067477,-0.63627821,0.00000000,0.00000000
-0.04978198,-2.17000008,-1.10475647,-0.61780429,0.68581784,0.00000000,0.00000000,-0.24212863,2.17000008,1.32214892,0.46734953,-0.66395622,0.00000000,0.00000000
-0.01140851,-2.17000008,-1.11313593,-0.57237422,0.71009278,0.00000000,0.00000000,-0.23595208,2.17000008,1.34798014,0.48697433,-0.68062413,0.00000000,0.00000000
0.03149241,-2.16977906,-1.12424672,-0.52322370,0.73814881,0.00000000,0.00000000,-0.23002157,2.17000008,1.37416577,0.50736469,-0.69086576,0.00000000,0.00000000
0.06887422,-2.16646767,-1.13697004,-0.47848287,0.76330322,0.00000000,0.00000000,-0.22101763,2.17000008,1.40024590,0.52859241,-0.71190965,0.00000000,0.00000000
0.09472165,-2.15670681,-1.15156412,-0.44243383,0.79230422,0.00000000,0.00000000,-0.20420733,2.16999555,1.42700326,0.55151707,-0.74459040,0.00000000,0.00000000
0.11628053,-2.14703417,-1.16457784,-0.41413933,0.82407367,0.00000000,0.00000000,-0.18028750,2.16991115,1.45373213,0.57501686,-0.77301621,0.00000000,0.00000000
0.13709824,-2.13999081,-1.17465866,-0.39262396,0.85478646,0.00000000,0.00000000,-0.15103856,2.16944504,1.47769654,0.59859324,-0.79174209,0.00000000,0.00000000
0.15782923,-2.13699102,-1.18140554,-0.37783942,0.88288903,0.00000000,0.00000000,-0.11872930,2.16836405,1.49639618,0.62157315,-0.81097460,0.00000000,0.00000000
0.17976482,-2.13805485,-1.18462431,-0.36867991,0.90995526,0.00000000,0.00000000,-0.08602379,2.16763735,1.50866890,0.64285994,-0.82284933,0.00000000,0.00000000
0.20478140,-2.14448142,-1.18383610,-0.36398298,0.93934178,0.00000000,0.00000000,-0.05643834,2.16853619,1.51399803,0.66105509,-0.83595347,0.00000000,0.00000000
0.23278251,-2.15301299,-1.17963147,-0.36216444,0.97256434,0.00000000,0.00000000,-0.03134062,2.16964793,1.51377618,0.67525852,-0.84531176,0.00000000,0.00000000
0.26169321,-2.15946770,-1.17289436,-0.36251426,0.99444568,0.00000000,0.00000000,-0.01035527,2.16997910,1.51035976,0.68522710,-0.84507996,0.00000000,0.00000000
0.28604758,-2.16460872,-1.16379607,-0.36790580,1.01482952,0.00000000,0.00000000,0.00768069,2.17000008,1.50465775,0.69166154,-0.83899343,0.00000000,0.00000000
0.30429220,-2.16845846,-1.15231335,-0.37909740,1.02903640,0.00000000,0.00000000,0.02132367,2.17000008,1.49722958,0.69410866,-0.82878721,0.00000000,0.00000000
0.31709322,-2.16982126,-1.13904023,-0.39478830,1.04255581,0.00000000,0.00000000,0.02981129,2.17000008,1.48828399,0.69221997,-0.81668156,0.00000000,0.00000000
0.32538936,-2.16999340,-1.12559164,-0.41255558,1.05760694,0.00000000,0.00000000,0.03319954,2.17000008,1.47809005,0.68598258,-0.80385900,0.00000000,0.00000000
0.33056143,-2.17000008,-1.11391401,-0.42964125,1.06577313,0.00000000,0.00000000,0.03092331,2.17000008,1.46694684,0.67529154,-0.78424078,0.00000000,0.00000000
0.33203527,-2.17000008,-1.10549545,-0.44546464,1.06918037,0.00000000,0.00000000,0.02313519,2.17000008,1.45497608,0.66008162,-0.76731580,0.00000000,0.00000000
0.32949287,-2.17000008,-1.10155821,-0.45952827,1.07331693,0.00000000,0.00000000,0.01095765,2.17000008,1.44188273,0.64061630,-0.73586911,0.00000000,0.00000000
0.32349712,-2.17000008,-1.10316420,-0.47098947,1.07038677,0.00000000,0.00000000,-0.00445699,2.17000008,1.42680526,0.61783105,-0.70338058,0.00000000,0.00000000
0.30975485,-2.17000008,-1.11034524,-0.48356777,1.05884218,0.00000000,0.00000000,-0.02409016,2.17000008,1.40788174,0.59299791,-0.67303503,0.00000000,0.00000000
0.28810576,-2.17000008,-1.12357712,-0.49763110,1.05085349,0.00000000,0.00000000,-0.04899554,2.17000008,1.38502955,0.56711704,-0.64382881,0.00000000,0.00000000
0.26252440,-2.17000008,-1.14270329,-0.51062292,1.04129314,0.00000000,0.00000000,-0.07843596,2.16996145,1.36052096,0.54001933,-0.62033826,0.00000000,0.00000000
0.23220533,-2.17000008,-1.16628635,-0.52332228,1.03206503,0.00000000,0.00000000,-0.10737981,2.16944480,1.33719170,0.51278466,-0.60607326,0.00000000,0.00000000
0.19357567,-2.16995072,-1.19125855,-0.53934431,1.00825238,0.00000000,0.00000000,-0.12804340,2.16864920,1.31486547,0.49011946,-0.59931964,0.00000000,0.00000000
0.14776382,-2.16915536,-1.21369445,-0.56012779,0.99369717,0.00000000,0.00000000,-0.14382754,2.16944480,1.29005456,0.47337168,-0.60118479,0.00000000,0.00000000
0.09859698,-2.16610432,-1.23243499,-0.58320051,0.97724026,0.00000000,0.00000000,-0.16090845,2.16996145,1.26295817,0.46102402,-0.59696072,0.00000000,0.00000000
0.04914171,-2.16095853,-1.24684381,-0.60648137,0.96646309,0.00000000,0.00000000,-0.17889844,2.17000008,1.23597848,0.45303836,-0.59030563,0.00000000,0.00000000
0.00154950,-2.15571022,-1.25605464,-0.62876475,0.96073002,0.00000000,0.00000000,-0.19815928,2.17000008,1.21134472,0.44795293,-0.58001226,0.00000000,0.00000000
-0.04162779,-2.15400767,-1.25867081,-0.64920604,0.95113015,0.00000000,0.00000000,-0.22071289,2.17000008,1.18997204,0.44416505,-0.57922292,0.00000000,0.00000000
-0.07860390,-2.15774465,-1.25404334,-0.66707242,0.93100733,0.00000000,0.00000000,-0.24549685,2.17000008,1.17239392,0.44194773,-0.58269131,0.00000000,0.00000000
-0.11067805,-2.16354108,-1.24404383,-0.68241775,0.90849197,0.00000000,0.00000000,-0.26642781,2.17000008,1.16038823,0.44315863,-0.59355831,0.00000000,0.00000000
-0.13663280,-2.16802835,-1.23027837,-0.69493902,0.88980448,0.00000000,0.00000000,-0.28141570,2.17000008,1.15491796,0.44708061,-0.60577840,0.00000000,0.00000000
-0.15477803,-2.16972351,-1.21382570,-0.70458180,0.87376207,0.00000000,0.00000000,-0.29044902,2.17000008,1.15730143,0.45102412,-0.64619362,0.00000000,0.00000000
-0.16473790,-2.16998744,-1.19602931,-0.71119606,0.85279959,0.00000000,0.00000000,-0.29482639,2.17000008,1.16737330,0.45354658,-0.67644989,0.00000000,0.00000000
-0.16644327,-2.17000008,-1.17837119,-0.71383089,0.83577269,0.00000000,0.00000000,-0.29478025,2.17000008,1.18357432,0.45544758,-0.70781481,0.00000000,0.00000000
-0.15914950,-2.17000008,-1.16203153,-0.71085107,0.81794643,0.00000000,0.00000000,-0.29143327,2.17000008,1.20326698,0.45828339,-0.73341596,0.00000000,0.00000000
-0.14243743,-2.17000008,-1.14765787,-0.70119375,0.79755855,0.00000000,0.00000000,-0.28602216,2.16997099,1.22468376,0.46309274,-0.74691802,0.00000000,0.00000000
-0.11772995,-2.17000008,-1.13615167,-0.68523049,0.77615201,0.00000000,0.00000000,-0.28121671,2.16958332,1.24587405,0.47033039,-0.75332677,0.00000000,0.00000000
-0.08610461,-2.17000008,-1.12765205,-0.66287619,0.76802766,0.00000000,0.00000000,-0.27684250,2.16898584,1.26493907,0.48144946,-0.75699872,0.00000000,0.00000000
-0.04993778,-2.17000008,-1.12183726,-0.63424355,0.74899411,0.00000000,0.00000000,-0.26929471,2.16958332,1.28147829,0.49763879,-0.74584150,0.00000000,0.00000000
-0.01407957,-2.17000008,-1.11982524,-0.60091102,0.73339212,0.00000000,0.00000000,-0.25972673,2.16997123,1.29747593,0.51569581,-0.73784351,0.00000000,0.00000000
0.02322532,-2.17000008,-1.12149251,-0.56354284,0.72249001,0.00000000,0.00000000,-0.24896805,2.17000008,1.31418097,0.53411406,-0.73815680,0.00000000,0.00000000
0.05933084,-2.16982841,-1.12860978,-0.52386606,0.70346695,0.00000000,0.00000000,-0.23806046,2.17000008,1.33252013,0.55180293,-0.75629014,0.00000000,0.00000000
0.09265638,-2.16720462,-1.14157367,-0.48372358,0.67867833,0.00000000,0.00000000,-0.22603977,2.17000008,1.35376871,0.56790525,-0.77121443,0.00000000,0.00000000
0.12054204,-2.15889907,-1.15978110,-0.44597337,0.65483487,0.00000000,0.00000000,-0.20776105,2.16999626,1.38030422,0.58282942,-0.77599049,0.00000000,0.00000000
0.14295737,-2.14978909,-1.17818546,-0.41640711,0.64829040,0.00000000,0.00000000,-0.18028648,2.16992259,1.40922654,0.59833443,-0.77200550,0.00000000,0.00000000
0.16208908,-2.14386868,-1.19390941,-0.39641783,0.64635718,0.00000000,0.00000000,-0.14770062,2.16946435,1.43689036,0.61334103,-0.77090418,0.00000000,0.00000000
0.18096164,-2.14159203,-1.20637023,-0.38383314,0.64314204,0.00000000,0.00000000,-0.11278020,2.16813779,1.46044898,0.62755501,-0.75402486,0.00000000,0.00000000
0.20222194,-2.14313316,-1.21520638,-0.37640211,0.65431392,0.00000000,0.00000000,-0.07667156,2.16660619,1.47838569,0.64091790,-0.73838621,0.00000000,0.00000000
0.22739799,-2.14710975,-1.22044480,-0.37186378,0.66927403,0.00000000,0.00000000,-0.04151231,2.16682696,1.48973560,0.65297699,-0.72730285,0.00000000,0.00000000
0.25662038,-2.15279078,-1.22207236,-0.36896783,0.68308806,0.00000000,0.00000000,-0.01052234,2.16829777,1.49498224,0.66219348,-0.71738976,0.00000000,0.00000000
0.28600863,-2.15955091,-1.22036612,-0.36898682,0.70106560,0.00000000,0.00000000,0.01476926,2.16953516,1.49564266,0.66764086,-0.70954168,0.00000000,0.00000000
0.31045669,-2.16568899,-1.21588099,-0.37393075,0.71626055,0.00000000,0.00000000,0.03537191,2.16994786,1.49346721,0.66974628,-0.70348817,0.00000000,0.00000000
0.32878083,-2.16911268,-1.20912099,-0.38360596,0.73489702,0.00000000,0.00000000,0.05179370,2.16998196,1.48948181,0.66885567,-0.68292880,0.00000000,0.00000000
0.34178650,-2.16994953,-1.20089793,-0.39651346,0.76345664,0.00000000,0.00000000,0.06362085,2.16996050,1.48361433,0.66518247,-0.66987836,0.00000000,0.00000000
0.35023642,-2.17000008,-1.19253218,-0.41099349,0.78592879,0.00000000,0.00000000,0.06943771,2.16998386,1.47558761,0.65877753,-0.66473424,0.00000000,0.00000000
0.35462096,-2.17000008,-1.18544853,-0.42565006,0.80405927,0.00000000,0.00000000,0.06838749,2.16999912,1.46585584,0.64960414,-0.65928876,0.00000000,0.00000000
0.35481286,-2.17000008,-1.18058503,-0.44004098,0.83118081,0.00000000,0.00000000,0.06070399,2.17000008,1.45513499,0.63716227,-0.63930017,0.00000000,0.00000000
0.35054401,-2.17000008,-1.17821467,-0.45461419,0.85978591,0.00000000,0.00000000,0.04671780,2.17000008,1.44321668,0.62071991,-0.62561113,0.00000000,0.00000000
0.34088728,-2.17000008,-1.17852783,-0.47049928,0.91197819,0.00000000,0.00000000,0.02671019,2.17000008,1.42898297,0.60017449,-0.61754531,0.00000000,0.00000000
0.32577321,-2.17000008,-1.18309164,-0.48700190,0.95690429,0.00000000,0.00000000,0.00212399,2.17000008,1.41222131,0.57660002,-0.62358773,0.00000000,0.00000000
0.30736506,-2.17000008,-1.19366646,-0.50149053,0.99599612,0.00000000,0.00000000,-0.02618864,2.16999912,1.39358938,0.55130494,-0.62122065,0.00000000,0.00000000
0.28496107,-2.17000008,-1.20925927,-0.51492387,1.03897297,0.00000000,0.00000000,-0.05762396,2.16998744,1.37275875,0.52569932,-0.62561560,0.00000000,0.00000000
0.25595805,-2.16991949,-1.22736847,-0.53042215,1.06784713,0.00000000,0.00000000,-0.08724324,2.16996908,1.34967422,0.50271678,-0.63166708,0.00000000,0.00000000
0.21702546,-2.16872287,-1.24592721,-0.55157155,1.09127116,0.00000000,0.00000000,-0.11115362,2.16998744,1.32459927,0.48463273,-0.63208199,0.00000000,0.00000000
0.16887014,-2.16532588,-1.26282144,-0.57971758,1.11773813,0.00000000,0.00000000,-0.13298626,2.16999912,1.29767454,0.47007492,-0.64525497,0.00000000,0.00000000
0.11788559,-2.16269350,-1.27516532,-0.61294317,1.14725494,0.00000000,0.00000000,-0.15892604,2.17000008,1.26891088,0.45716050,-0.66435230,0.00000000,0.00000000
0.06832989,-2.16138506,-1.28193402,-0.64919782,1.17406178,0.00000000,0.00000000,-0.19186996,2.17000008,1.23957253,0.44496763,-0.69030714,0.00000000,0.00000000
0.02180487,-2.15978861,-1.28340054,-0.68679535,1.18920290,0.00000000,0.00000000,-0.21779454,2.17000008,1.21367431,0.44013163,-0.72416723,0.00000000,0.00000000
-0.01944158,-2.15985918,-1.27845323,-0.72418433,1.20254004,0.00000000,0.00000000,-0.24193057,2.17000008,1.19222617,0.43805262,-0.76470536,0.00000000,0.00000000
-0.05348752,-2.16342640,-1.26616943,-0.75981504,1.20362020,0.00000000,0.00000000,-0.26759160,2.17000008,1.17622149,0.43513858,-0.81383204,0.00000000,0.00000000
-0.08071308,-2.16788650,-1.24778163,-0.79250586,1.20961368,0.00000000,0.00000000,-0.29106987,2.17000008,1.16764104,0.43110025,-0.85396266,0.00000000,0.00000000
-0.10231226,-2.16972589,-1.22554171,-0.82098764,1.21583700,0.00000000,0.00000000,-0.30815530,2.17000008,1.16672087,0.42740959,-0.89505506,0.00000000,0.00000000
-0.11822100,-2.16998863,-1.20124912,-0.84343636,1.22554064,0.00000000,0.00000000,-0.31850064,2.17000008,1.17228341,0.42443666,-0.92250508,0.00000000,0.00000000
-0.12819999,-2.17000008,-1.17634058,-0.85790437,1.21255755,0.00000000,0.00000000,-0.32376006,2.17000008,1.18285024,0.42162803,-0.95201343,0.00000000,0.00000000
-0.13088153,-2.17000008,-1.15178108,-0.86190903,1.20000196,0.00000000,0.00000000,-0.32505551,2.17000008,1.19682717,0.41909206,-0.97345918,0.00000000,0.00000000
-0.12528451,-2.17000008,-1.12866759,-0.85283595,1.19165194,0.00000000,0.00000000,-0.32297364,2.17000008,1.21272624,0.41742021,-1.00093758,0.00000000,0.00000000
-0.11476592,-2.17000008,-1.10874832,-0.83095807,1.17677307,0.00000000,0.00000000,-0.31827027,2.17000008,1.22898221,0.41749981,-1.03098238,0.00000000,0.00000000
-0.10052383,-2.17000008,-1.09185970,-0.79792184,1.16262031,0.00000000,0.00000000,-0.31099811,2.17000008,1.24329937,0.42152116,-1.06650198,0.00000000,0.00000000
-0.08275864,-2.17000008,-1.07844687,-0.75369453,1.15738893,0.00000000,0.00000000,-0.30034840,2.16987181,1.25554430,0.43013221,-1.10123801,0.00000000,0.00000000
-0.06298406,-2.17000008,-1.07176244,-0.69712716,1.15050614,0.00000000,0.00000000,-0.28775099,2.16815495,1.26882029,0.43925402,-1.13050449,0.00000000,0.00000000
-0.03830400,-2.17000008,-1.07071733,-0.63114774,1.12723839,0.00000000,0.00000000,-0.27440968,2.16551161,1.28265917,0.44959310,-1.16216743,0.00000000,0.00000000
-0.00583398,-2.17000008,-1.07099128,-0.56409442,1.10552359,0.00000000,0.00000000,-0.26141399,2.16815472,1.29373205,0.46578598,-1.19309688,0.00000000,0.00000000
0.02815526,-2.17000008,-1.07483757,-0.50255013,1.09135580,0.00000000,0.00000000,-0.24865943,2.16987181,1.30721819,0.48594093,-1.23319662,0.00000000,0.00000000
0.06138454,-2.16971397,-1.08253479,-0.44924435,1.06542253,0.00000000,0.00000000,-0.23520763,2.17000008,1.32513320,0.50928295,-1.28230405,0.00000000,0.00000000
0.09345663,-2.16544771,-1.09417176,-0.40330237,1.04635596,0.00000000,0.00000000,-0.21861638,2.17000008,1.34707201,0.53690177,-1.31832612,0.00000000,0.00000000
0.11963613,-2.15311193,-1.10850573,-0.36831489,1.02598262,0.00000000,0.00000000,-0.19733359,2.16999531,1.37124467,0.57003331,-1.35422909,0.00000000,0.00000000
0.13727815,-2.14154887,-1.12172234,-0.34924874,0.99806529,0.00000000,0.00000000,-0.17078668,2.16993093,1.39446390,0.60863340,-1.39343429,0.00000000,0.00000000
0.15181576,-2.13323832,-1.13240075,-0.34077263,0.97111440,0.00000000,0.00000000,-0.13944438,2.16979766,1.41371107,0.65023357,-1.44436717,0.00000000,0.00000000
0.16730718,-2.12906384,-1.13993764,-0.33795732,0.95169020,0.00000000,0.00000000,-0.10729285,2.16983318,1.42635691,0.68961763,-1.49465168,0.00000000,0.00000000
0.18615161,-2.12830448,-1.14407074,-0.33724988,0.93321860,0.00000000,0.00000000,-0.07699101,2.16995382,1.43196285,0.72301710,-1.54777133,0.00000000,0.00000000
0.21081448,-2.13035798,-1.14452088,-0.33569589,0.92355978,0.00000000,0.00000000,-0.05021200,2.16999722,1.43165278,0.74792296,-1.60700583,0.00000000,0.00000000
0.23966050,-2.13549209,-1.14123678,-0.33343157,0.91978419,0.00000000,0.00000000,-0.02830908,2.17000008,1.42691863,0.76253134,-1.65659070,0.00000000,0.00000000
0.26667735,-2.14268041,-1.13479900,-0.33328938,0.92350602,0.00000000,0.00000000,-0.01041505,2.17000008,1.41965866,0.76672107,-1.69985163,0.00000000,0.00000000
0.28844169,-2.15143037,-1.12550092,-0.33734718,0.91931212,0.00000000,0.00000000,0.00365777,2.17000008,1.41128099,0.76052409,-1.74666059,0.00000000,0.00000000
0.30509335,-2.16056871,-1.11346495,-0.34588143,0.91262752,0.00000000,0.00000000,0.01247727,2.17000008,1.40210903,0.74387604,-1.79621530,0.00000000,0.00000000
0.31648281,-2.16768789,-1.09916091,-0.35907626,0.91935432,0.00000000,0.00000000,0.01479509,2.17000008,1.39118659,0.71797776,-1.84138024,0.00000000,0.00000000
0.32411298,-2.16985917,-1.08381867,-0.37507513,0.92574400,0.00000000,0.00000000,0.01311217,2.17000008,1.38018596,0.68586946,-1.88537300,0.00000000,0.00000000
0.32833934,-2.17000008,-1.06895590,-0.39277980,0.93503141,0.00000000,0.00000000,0.00754578,2.17000008,1.36935198,0.64936686,-1.93694139,0.00000000,0.00000000
0.32841650,-2.17000008,-1.05558681,-0.41239274,0.95443249,0.00000000,0.00000000,-0.00262050,2.17000008,1.35790586,0.60994059,-1.96725440,0.00000000,0.00000000
0.32350814,-2.17000008,-1.04467273,-0.43382972,0.97833842,0.00000000,0.00000000,-0.01762256,2.17000008,1.34471333,0.56912470,-1.99798608,0.00000000,0.00000000
0.31285626,-2.17000008,-1.03796399,-0.45610884,0.99904156,0.00000000,0.00000000,-0.03616943,2.17000008,1.32941663,0.52916503,-2.02980351,0.00000000,0.00000000
0.29699263,-2.17000008,-1.03752673,-0.47714719,1.02442098,0.00000000,0.00000000,-0.05745448,2.17000008,1.31224215,0.49204955,-2.06218052,0.00000000,0.00000000
0.27761370,-2.17000008,-1.04515755,-0.49350280,1.05490184,0.00000000,0.00000000,-0.08140050,2.17000008,1.29356182,0.45964989,-2.08858156,0.00000000,0.00000000
0.25310197,-2.17000008,-1.06033480,-0.50673729,1.08950675,0.00000000,0.00000000,-0.10715433,2.17000008,1.27417004,0.43275037,-2.11782360,0.00000000,0.00000000
0.22138646,-2.17000008,-1.08167851,-0.51862395,1.11994612,0.00000000,0.00000000,-0.13156967,2.17000008,1.25592589,0.41129488,-2.15507960,0.00000000,0.00000000
0.18061124,-2.16998982,-1.10758209,-0.53136939,1.14258230,0.00000000,0.00000000,-0.15220019,2.17000008,1.23917472,0.39621046,-2.18451619,0.00000000,0.00000000
0.13308552,-2.16981888,-1.13421392,-0.54698515,1.16263807,0.00000000,0.00000000,-0.16986789,2.17000008,1.22185791,0.38903749,-2.21693277,0.00000000,0.00000000
0.08216669,-2.16898155,-1.15817714,-0.56651711,1.18365145,0.00000000,0.00000000,-0.18625918,2.17000008,1.20264351,0.38944539,-2.25135207,0.00000000,0.00000000
0.03008702,-2.16628671,-1.17790508,-0.58969986,1.20603108,0.00000000,0.00000000,-0.20204993,2.17000008,1.18302524,0.39463332,-2.27505541,0.00000000,0.00000000
-0.01970859,-2.16173625,-1.19263709,-0.61379099,1.23143780,0.00000000,0.00000000,-0.21761414,2.17000008,1.16591120,0.40068060,-2.29665661,0.00000000,0.00000000
-0.06441615,-2.16017532,-1.20036125,-0.63799304,1.25388694,0.00000000,0.00000000,-0.23369610,2.17000008,1.15259206,0.40553555,-2.31650901,0.00000000,0.00000000
-0.09951046,-2.16266060,-1.20011842,-0.65931898,1.27031350,0.00000000,0.00000000,-0.25016797,2.17000008,1.14465702,0.40742162,-2.33014965,0.00000000,0.00000000
-0.12449343,-2.16699696,-1.19287395,-0.67676514,1.27462876,0.00000000,0.00000000,-0.26366526,2.17000008,1.14356411,0.40651485,-2.33237553,0.00000000,0.00000000
-0.14305581,-2.16944790,-1.18137372,-0.69147098,1.27241564,0.00000000,0.00000000,-0.27037826,2.17000008,1.14937627,0.40461743,-2.34596348,0.00000000,0.00000000
-0.15627486,-2.16997051,-1.16773486,-0.70352024,1.27378213,0.00000000,0.00000000,-0.27069783,2.17000008,1.16101480,0.40237507,-2.35890150,0.00000000,0.00000000
-0.16342582,-2.17000008,-1.15363383,-0.71185458,1.27255177,0.00000000,0.00000000,-0.26696396,2.17000008,1.17727005,0.39959863,-2.37722397,0.00000000,0.00000000
-0.16356996,-2.17000008,-1.14082897,-0.71431506,1.26266158,0.00000000,0.00000000,-0.26079559,2.17000008,1.19719076,0.39618772,-2.39279771,0.00000000,0.00000000
-0.15610455,-2.17000008,-1.13052678,-0.70907378,1.25295711,0.00000000,0.00000000,-0.25331497,2.17000008,1.21907020,0.39322129,-2.40810394,0.00000000,0.00000000
-0.14004761,-2.17000008,-1.12294197,-0.69474775,1.24535394,0.00000000,0.00000000,-0.24522308,2.17000008,1.24058592,0.39300680,-2.41141081,0.00000000,0.00000000
-0.11600935,-2.17000008,-1.11821055,-0.67113090,1.24548686,0.00000000,0.00000000,-0.23653221,2.17000008,1.26027894,0.39721802,-2.40718746,0.00000000,0.00000000
-0.08650643,-2.17000008,-1.11729026,-0.63852298,1.24373329,0.00000000,0.00000000,-0.22707833,2.17000008,1.27848172,0.40502498,-2.40005159,0.00000000,0.00000000
-0.05402315,-2.17000008,-1.12078500,-0.59827554,1.23383760,0.00000000,0.00000000,-0.21687745,2.17000008,1.29636478,0.41528395,-2.39011645,0.00000000,0.00000000
-0.01940751,-2.17000008,-1.12828481,-0.55311370,1.21878171,0.00000000,0.00000000,-0.20590118,2.17000008,1.31464648,0.42904589,-2.38099051,0.00000000,0.00000000
0.01762649,-2.16993523,-1.13777459,-0.50681794,1.20775795,0.00000000,0.00000000,-0.19295989,2.17000008,1.33433199,0.44695950,-2.38007617,0.00000000,0.00000000
0.05760954,-2.16892576,-1.14774466,-0.46199116,1.19574881,0.00000000,0.00000000,-0.17617352,2.17000008,1.35778368,0.46669537,-2.37407899,0.00000000,0.00000000
0.09819520,-2.16539574,-1.15703392,-0.42301092,1.18562818,0.00000000,0.00000000,-0.15436234,2.17000008,1.38460958,0.48754933,-2.36691976,0.00000000,0.00000000
0.13336258,-2.15939379,-1.16507602,-0.39438125,1.18540537,0.00000000,0.00000000,-0.12597512,2.16994953,1.41257155,0.51033521,-2.35861921,0.00000000,0.00000000
0.16163757,-2.15138531,-1.17182124,-0.37622029,1.19992173,0.00000000,0.00000000,-0.09134150,2.16918421,1.43958700,0.53552854,-2.34484076,0.00000000,0.00000000
0.18628664,-2.14599848,-1.17607343,-0.36690775,1.22313929,0.00000000,0.00000000,-0.05314172,2.16684723,1.46323967,0.56251788,-2.32513213,0.00000000,0.00000000
0.21047449,-2.14539623,-1.17705357,-0.36446217,1.23782301,0.00000000,0.00000000,-0.01400791,2.16468263,1.48131692,0.59010917,-2.31043124,0.00000000,0.00000000
0.23550734,-2.14902115,-1.17461932,-0.36730471,1.26299477,0.00000000,0.00000000,0.02422135,2.16424608,1.49295223,0.61663306,-2.29664421,0.00000000,0.00000000
0.26204059,-2.15531039,-1.16878235,-0.37392551,1.28858459,0.00000000,0.00000000,0.05913294,2.16570878,1.49811304,0.63986623,-2.28358722,0.00000000,0.00000000
0.29045519,-2.16226673,-1.15961957,-0.38295496,1.32014179,0.00000000,0.00000000,0.08603886,2.16812181,1.49751270,0.65635502,-2.27143836,0.00000000,0.00000000
0.31750336,-2.16762161,-1.14761376,-0.39527020,1.35669482,0.00000000,0.00000000,0.10443041,2.16949344,1.49303985,0.66579044,-2.26958489,0.00000000,0.00000000
0.33836636,-2.16966724,-1.13379431,-0.41248542,1.39438224,0.00000000,0.00000000,0.11645569,2.16953993,1.48605108,0.66989392,-2.26699400,0.00000000,0.00000000
0.35162106,-2.16998482,-1.11983442,-0.43356210,1.44058073,0.00000000,0.00000000,0.12151924,2.16952705,1.47638237,0.66870630,-2.26172400,0.00000000,0.00000000
0.35920933,-2.17000008,-1.10819650,-0.45436460,1.49060273,0.00000000,0.00000000,0.12002306,2.16984701,1.46426892,0.66283220,-2.25380397,0.00000000,0.00000000
0.36275342,-2.17000008,-1.10101235,-0.47174138,1.53863156,0.00000000,0.00000000,0.11297595,2.16999006,1.45086908,0.65281826,-2.24597096,0.00000000,0.00000000
0.36213744,-2.17000008,-1.09974182,-0.48494095,1.57536459,0.00000000,0.00000000,0.09973852,2.17000008,1.43646014,0.63804185,-2.22961307,0.00000000,0.00000000
0.35765439,-2.17000008,-1.10553169,-0.49363345,1.62154710,0.00000000,0.00000000,0.08028834,2.17000008,1.42200708,0.61771184,-2.20590925,0.00000000,0.00000000
0.34851283,-2.17000008,-1.11884511,-0.49926504,1.65603793,0.00000000,0.00000000,0.05473176,2.17000008,1.40747416,0.59137130,-2.18663692,0.00000000,0.00000000
0.33362162,-2.17000008,-1.13944018,-0.50435162,1.68202960,0.00000000,0.00000000,0.02399965,2.17000008,1.39166868,0.56019270,-2.16992760,0.00000000,0.00000000
0.31410050,-2.16995001,-1.16687691,-0.50952417,1.70352733,0.00000000,0.00000000,-0.00986359,2.17000008,1.37511933,0.52609134,-2.14370942,0.00000000,0.00000000
0.29125786,-2.16906691,-1.20016515,-0.51397747,1.72259033,0.00000000,0.00000000,-0.04516337,2.17000008,1.35780847,0.49156901,-2.12075543,0.00000000,0.00000000
0.26361206,-2.16483855,-1.23589349,-0.52016526,1.74876916,0.00000000,0.00000000,-0.08026945,2.17000008,1.33898985,0.45916441,-2.08788872,0.00000000,0.00000000
0.22930142,-2.15650511,-1.26992023,-0.53132337,1.76652193,0.00000000,0.00000000,-0.11276612,2.17000008,1.31790483,0.43201217,-2.04291487,0.00000000,0.00000000
0.18794714,-2.14772654,-1.29972422,-0.54853845,1.78625131,0.00000000,0.00000000,-0.14139450,2.17000008,1.29454899,0.41188309,-1.99472404,0.00000000,0.00000000
0.14181958,-2.13978958,-1.32454062,-0.56959009,1.79582429,0.00000000,0.00000000,-0.16664042,2.17000008,1.27007926,0.39792985,-1.94661582,0.00000000,0.00000000
0.09484427,-2.13455510,-1.34326398,-0.59152216,1.79583919,0.00000000,0.00000000,-0.18942332,2.17000008,1.24542868,0.38950923,-1.89002466,0.00000000,0.00000000
0.04855531,-2.13086796,-1.35606956,-0.61263186,1.79241753,0.00000000,0.00000000,-0.21058157,2.17000008,1.22179794,0.38575581,-1.82912803,0.00000000,0.00000000
0.00400203,-2.12882781,-1.36271596,-0.63191712,1.77593255,0.00000000,0.00000000,-0.23152544,2.17000008,1.20078909,0.38445264,-1.77331221,0.00000000,0.00000000
-0.03644878,-2.13055611,-1.36215246,-0.64809191,1.77167928,0.00000000,0.00000000,-0.25318843,2.17000008,1.18358648,0.38354167,-1.72387052,0.00000000,0.00000000
-0.07010984,-2.13720608,-1.35387099,-0.65980345,1.76527798,0.00000000,0.00000000,-0.27386808,2.17000008,1.17211545,0.38117340,-1.67333782,0.00000000,0.00000000
-0.09687981,-2.14622593,-1.33913374,-0.66698456,1.77557576,0.00000000,0.00000000,-0.28948960,2.17000008,1.16794848,0.37693134,-1.63877618,0.00000000,0.00000000
-0.11766370,-2.15550947,-1.31908643,-0.67121983,1.78187215,0.00000000,0.00000000,-0.29766139,2.17000008,1.17002606,0.37255919,-1.62249517,0.00000000,0.00000000
-0.13305010,-2.16356754,-1.29462862,-0.67459440,1.81391478,0.00000000,0.00000000,-0.29931980,2.17000008,1.17708623,0.36789325,-1.59787440,0.00000000,0.00000000
-0.14181581,-2.16842413,-1.26695895,-0.67699927,1.84378791,0.00000000,0.00000000,-0.29589900,2.17000008,1.18800139,0.36260456,-1.57292092,0.00000000,0.00000000
-0.14357789,-2.16984582,-1.23789155,-0.67769700,1.86764896,0.00000000,0.00000000,-0.28833351,2.17000008,1.20159972,0.35710564,-1.57743514,0.00000000,0.00000000
-0.13754275,-2.16999531,-1.20978308,-0.67417425,1.88645828,0.00000000,0.00000000,-0.27714062,2.17000008,1.21627939,0.35290772,-1.57891464,0.00000000,0.00000000
-0.12330489,-2.17000008,-1.18415344,-0.66444975,1.89620054,0.00000000,0.00000000,-0.26300350,2.17000008,1.23078537,0.35134968,-1.58832502,0.00000000,0.00000000
-0.10289407,-2.17000008,-1.16234982,-0.64871675,1.91400468,0.00000000,0.00000000,-0.24745667,2.17000008,1.24488556,0.35234454,-1.60591650,0.00000000,0.00000000
-0.07717361,-2.17000008,-1.14587569,-0.62626040,1.93176913,0.00000000,0.00000000,-0.23141767,2.17000008,1.25879347,0.35577342,-1.62177122,0.00000000,0.00000000
-0.04780659,-2.17000008,-1.13514304,-0.59822643,1.94935715,0.00000000,0.00000000,-0.21499169,2.17000008,1.27314115,0.36184916,-1.64153159,0.00000000,0.00000000
-0.01553587,-2.17000008,-1.12966704,-0.56620502,1.96408975,0.00000000,0.00000000,-0.19830754,2.17000008,1.28837395,0.37120146,-1.66769183,0.00000000,0.00000000
0.01814342,-2.16993475,-1.12868929,-0.53217751,1.97638357,0.00000000,0.00000000,-0.17761664,2.17000008,1.30425358,0.38693795,-1.69055581,0.00000000,0.00000000
0.04879982,-2.16878343,-1.13256562,-0.49779001,1.98818874,0.00000000,0.00000000,-0.14705217,2.17000008,1.32178986,0.41136128,-1.71772194,0.00000000,0.00000000
0.07202136,-2.16328406,-1.14177716,-0.46505025,1.99089611,0.00000000,0.00000000,-0.11779881,2.17000008,1.34366918,0.43444014,-1.73129678,0.00000000,0.00000000
0.09013680,-2.15281868,-1.15269172,-0.43607581,1.98823082,0.00000000,0.00000000,-0.08585487,2.16997719,1.36836576,0.45927498,-1.75046730,0.00000000,0.00000000
0.10860454,-2.14377213,-1.16117990,-0.41107434,1.97460079,0.00000000,0.00000000,-0.05023092,2.16963053,1.39179659,0.48908949,-1.75526726,0.00000000,0.00000000
0.12881899,-2.13850784,-1.16620290,-0.38959086,1.95524323,0.00000000,0.00000000,-0.01439628,2.16858244,1.41126585,0.52269709,-1.74862981,0.00000000,0.00000000
0.15093093,-2.13699079,-1.16779137,-0.37119672,1.92114508,0.00000000,0.00000000,0.01934910,2.16807747,1.42523038,0.55868173,-1.74462688,0.00000000,0.00000000
0.17528594,-2.13911533,-1.16604388,-0.35562983,1.89670193,0.00000000,0.00000000,0.04939777,2.16912436,1.43303370,0.59555268,-1.74199235,0.00000000,0.00000000
0.20193684,-2.14345121,-1.16137707,-0.34246024,1.88056171,0.00000000,0.00000000,0.07420257,2.16985989,1.43552589,0.63064003,-1.72302437,0.00000000,0.00000000
0.22965235,-2.14926767,-1.15414011,-0.33204988,1.87270510,0.00000000,0.00000000,0.09066281,2.16999340,1.43452394,0.65935785,-1.71300399,0.00000000,0.00000000
0.25350386,-2.15647268,-1.14480722,-0.32707429,1.87441409,0.00000000,0.00000000,0.09827134,2.17000008,1.43177593,0.67874825,-1.69297791,0.00000000,0.00000000
0.27092999,-2.16363239,-1.13385022,-0.32866535,1.86729360,0.00000000,0.00000000,0.10520276,2.17000008,1.42845583,0.69343954,-1.67243898,0.00000000,0.00000000
0.28332311,-2.16852522,-1.12172401,-0.33524606,1.86342537,0.00000000,0.00000000,0.11030518,2.17000008,1.42463386,0.70386302,-1.65212464,0.00000000,0.00000000
0.29166710,-2.16991186,-1.10954559,-0.34459195,1.85233068,0.00000000,0.00000000,0.11145043,2.17000008,1.41991627,0.71007556,-1.63109732,0.00000000,0.00000000
0.29597518,-2.17000008,-1.09864235,-0.35495403,1.72409177,0.00000000,0.00000000,0.10850120,2.17000008,1.41418052,0.71285272,-1.50769210,0.00000000,0.00000000
0.29617617,-2.17000008,-1.08988988,-0.36529920,1.59506226,0.00000000,0.00000000,0.10248155,2.17000008,1.40814626,0.71183681,-1.38909006,0.00000000,0.00000000
0.29082495,-2.17000008,-1.08369243,-0.37626207,1.47053719,0.00000000,0.00000000,0.09074590,2.17000008,1.40239251,0.70291364,-1.26673305,0.00000000,0.00000000
0.27903798,-2.17000008,-1.08043098,-0.38810754,1.34451210,0.00000000,0.00000000,0.06810500,2.17000008,1.39604831,0.68364418,-1.15553129,0.00000000,0.00000000
0.26067254,-2.17000008,-1.08023012,-0.40102330,1.22840381,0.00000000,0.00000000,0.03768171,2.17000008,1.38783848,0.65872777,-1.03975177,0.00000000,0.00000000
0.23914084,-2.17000008,-1.08279371,-0.41310120,1.11275685,0.00000000,0.00000000,0.00506756,2.17000008,1.37834156,0.63302219,-0.92970717,0.00000000,0.00000000
0.22432280,-2.17000008,-1.08598208,-0.41982514,0.99812114,0.00000000,0.00000000,-0.02045464,2.17000008,1.37012458,0.61369836,-0.82088745,0.00000000,0.00000000
