l_joint1,l_joint2,l_joint3,l_joint4,l_joint5,l_joint6,l_joint7,r_joint1,r_joint2,r_joint3,r_joint4,r_joint5,r_joint6,r_joint7
0.25400147,-2.07784963,-1.22142601,-1.85573578,0.02340038,0.00000000,0.00000000,-0.62852627,2.17000008,1.46391678,1.33181715,-0.05151565,0.00000000,0.00000000
0.26730502,-2.07505631,-1.22389114,-1.83395875,0.03549990,0.00000000,0.00000000,-0.61366957,2.17000008,1.46141756,1.32450688,-0.05837697,0.00000000,0.00000000
0.28911373,-2.07111597,-1.22829640,-1.79439175,0.04849667,0.00000000,0.00000000,-0.58431935,2.16997075,1.45699275,1.31272471,-0.05732954,0.00000000,0.00000000
0.31764993,-2.06657004,-1.23487687,-1.73863184,0.06906439,0.00000000,0.00000000,-0.54093033,2.16957903,1.44967520,1.30087960,-0.05195549,0.00000000,0.00000000
0.35226572,-2.06190085,-1.24309456,-1.67493129,0.08905830,0.00000000,0.00000000,-0.48507935,2.16897583,1.43590868,1.30099130,-0.05690754,0.00000000,0.00000000
0.39135960,-2.05965877,-1.24983478,-1.62648010,0.10892358,0.00000000,0.00000000,-0.42517263,2.16957903,1.41276121,1.32904077,-0.06029137,0.00000000,0.00000000
0.43134001,-2.05699396,-1.26176083,-1.60419905,0.13069408,0.00000000,0.00000000,-0.36986479,2.16997099,1.38377035,1.38793504,-0.06623370,0.00000000,0.00000000
0.47276136,-2.05627871,-1.27676404,-1.59900331,0.14623033,0.00000000,0.00000000,-0.32385641,2.17000008,1.35210335,1.46901155,-0.08583365,0.00000000,0.00000000
0.51510924,-2.05771685,-1.29504573,-1.59331429,0.16207014,0.00000000,0.00000000,-0.29713559,2.17000008,1.32158482,1.54435551,-0.10998282,0.00000000,0.00000000
0.55429876,-2.06257963,-1.31376255,-1.58529520,0.17416202,0.00000000,0.00000000,-0.28594515,2.17000008,1.29905045,1.60252178,-0.14080758,0.00000000,0.00000000
0.58501971,-2.06871581,-1.33032775,-1.57707810,0.18535444,0.00000000,0.00000000,-0.28869542,2.17000008,1.28543603,1.64046800,-0.17194051,0.00000000,0.00000000
0.60308200,-2.06974077,-1.34347796,-1.56814897,0.20342487,0.00000000,0.00000000,-0.30443299,2.17000008,1.27794683,1.65676367,-0.19261609,0.00000000,0.00000000
0.60527354,-2.06303310,-1.35194194,-1.55824661,0.22161056,0.00000000,0.00000000,-0.32702821,2.17000008,1.27587759,1.65291369,-0.22804090,0.00000000,0.00000000
0.59001982,-2.05164051,-1.35447860,-1.54801142,0.25626427,0.00000000,0.00000000,-0.35000229,2.17000008,1.28039551,1.63090420,-0.25312346,0.00000000,0.00000000
0.55926168,-2.03942323,-1.35144985,-1.53759682,0.27932072,0.00000000,0.00000000,-0.37257993,2.17000008,1.29306805,1.59074783,-0.28142402,0.00000000,0.00000000
0.51598102,-2.02770376,-1.34596062,-1.52825725,0.29846931,0.00000000,0.00000000,-0.39805189,2.17000008,1.31535399,1.53213048,-0.30216068,0.00000000,0.00000000
0.46019053,-2.02020693,-1.33760417,-1.52981925,0.31503105,0.00000000,0.00000000,-0.42821920,2.17000008,1.34183085,1.46612239,-0.33214810,0.00000000,0.00000000
0.39864022,-2.02155828,-1.32186639,-1.55701613,0.32611722,0.00000000,0.00000000,-0.46537411,2.17000008,1.36277235,1.41878867,-0.36432424,0.00000000,0.00000000
0.33942774,-2.02716088,-1.30344868,-1.61300015,0.33615828,0.00000000,0.00000000,-0.51109123,2.17000008,1.38152564,1.39801371,-0.39182636,0.00000000,0.00000000
0.28894451,-2.03565907,-1.28317404,-1.68697119,0.34315416,0.00000000,0.00000000,-0.56121600,2.17000008,1.39927721,1.39850736,-0.41049477,0.00000000,0.00000000
0.24870966,-2.04656911,-1.26308000,-1.75707483,0.34340185,0.00000000,0.00000000,-0.60512757,2.17000008,1.41519654,1.40424097,-0.42810783,0.00000000,0.00000000
0.22036494,-2.05631614,-1.25008488,-1.80962193,0.34214687,0.00000000,0.00000000,-0.64065892,2.17000008,1.42882133,1.40455604,-0.44523203,0.00000000,0.00000000
0.21030506,-2.06452155,-1.24291468,-1.83778155,0.33773205,0.00000000,0.00000000,-0.66561955,2.17000008,1.43976033,1.39697683,-0.44994685,0.00000000,0.00000000
0.22157985,-2.07155895,-1.23857474,-1.83942735,0.32793611,0.00000000,0.00000000,-0.67599750,2.17000008,1.44810033,1.38219297,-0.45056799,0.00000000,0.00000000
0.25034481,-2.07743239,-1.23640561,-1.81752634,0.30942652,0.00000000,0.00000000,-0.66824943,2.16999006,1.45387280,1.36263287,-0.45069182,0.00000000,0.00000000
0.28766492,-2.08289719,-1.23697615,-1.77922428,0.28075528,0.00000000,0.00000000,-0.64036745,2.16972089,1.45703363,1.34239006,-0.44298577,0.00000000,0.00000000
0.32749230,-2.08802581,-1.24146187,-1.72984111,0.25265324,0.00000000,0.00000000,-0.59303492,2.16761327,1.45662284,1.32720995,-0.43009415,0.00000000,0.00000000
0.37044519,-2.09231091,-1.24868548,-1.67864883,0.21286908,0.00000000,0.00000000,-0.53039306,2.16368961,1.44882822,1.32784820,-0.41802338,0.00000000,0.00000000
0.42066151,-2.09753871,-1.25326777,-1.64884388,0.18797058,0.00000000,0.00000000,-0.46370193,2.16329908,1.43079042,1.35762954,-0.40864351,0.00000000,0.00000000
0.47146928,-2.10032701,-1.26451623,-1.64492524,0.15425578,0.00000000,0.00000000,-0.40361413,2.16487837,1.40610075,1.41779518,-0.40224451,0.00000000,0.00000000
0.52338892,-2.09885025,-1.28527844,-1.64460397,0.12953383,0.00000000,0.00000000,-0.35373119,2.16840601,1.37532616,1.49798357,-0.39605549,0.00000000,0.00000000
0.57420474,-2.09956908,-1.30588233,-1.64179456,0.10026306,0.00000000,0.00000000,-0.31825054,2.16989589,1.34624851,1.56992400,-0.39950585,0.00000000,0.00000000
0.61884439,-2.10253477,-1.32450962,-1.63680077,0.07743489,0.00000000,0.00000000,-0.30060834,2.17000008,1.32437766,1.62003028,-0.39573410,0.00000000,0.00000000
0.65206140,-2.10463023,-1.34025311,-1.63013923,0.05461891,0.00000000,0.00000000,-0.30125484,2.17000008,1.30870461,1.64617574,-0.40776178,0.00000000,0.00000000
0.67017770,-2.10249758,-1.35138988,-1.62343037,0.04087588,0.00000000,0.00000000,-0.31687072,2.17000008,1.29740822,1.64927840,-0.41326338,0.00000000,0.00000000
0.67102867,-2.09517217,-1.35700715,-1.61896574,0.03397911,0.00000000,0.00000000,-0.34022480,2.17000008,1.29122365,1.63264859,-0.40072897,0.00000000,0.00000000
0.65443432,-2.08534217,-1.35633671,-1.61869514,0.02072432,0.00000000,0.00000000,-0.36503351,2.16994810,1.29261565,1.59953737,-0.39572212,0.00000000,0.00000000
0.62218499,-2.07659507,-1.34991920,-1.62391019,0.01108637,0.00000000,0.00000000,-0.38965234,2.16925311,1.30449152,1.55138433,-0.37006453,0.00000000,0.00000000
0.57492459,-2.07178283,-1.33975267,-1.63968086,0.01875773,0.00000000,0.00000000,-0.41658276,2.16818285,1.32319069,1.49565089,-0.34095013,0.00000000,0.00000000
0.51435059,-2.07301140,-1.32686782,-1.67746818,0.03453653,0.00000000,0.00000000,-0.45144722,2.16925335,1.33528030,1.45334113,-0.32500497,0.00000000,0.00000000
0.45256042,-2.07781100,-1.31254411,-1.74069524,0.04657709,0.00000000,0.00000000,-0.49387032,2.16994810,1.34480107,1.43730760,-0.31251803,0.00000000,0.00000000
0.39827439,-2.08283234,-1.30052567,-1.81299949,0.06266491,0.00000000,0.00000000,-0.54152220,2.17000008,1.35222244,1.44314241,-0.30385435,0.00000000,0.00000000
0.35780942,-2.08819842,-1.28925490,-1.87200356,0.06461246,0.00000000,0.00000000,-0.58313811,2.17000008,1.36072135,1.45581079,-0.28562337,0.00000000,0.00000000
0.33282205,-2.09284544,-1.27982616,-1.91023684,0.07181315,0.00000000,0.00000000,-0.61757207,2.17000008,1.37004030,1.46217120,-0.25855279,0.00000000,0.00000000
0.32433945,-2.09525752,-1.27300119,-1.92577720,0.06881701,0.00000000,0.00000000,-0.64359915,2.17000008,1.37774682,1.45844555,-0.22701804,0.00000000,0.00000000
0.33092040,-2.09483194,-1.26826572,-1.91902947,0.06596164,0.00000000,0.00000000,-0.65706062,2.17000008,1.38299489,1.44519043,-0.18166289,0.00000000,0.00000000
0.34800208,-2.09210682,-1.26513219,-1.89317000,0.06385177,0.00000000,0.00000000,-0.65303653,2.17000008,1.38597143,1.42536771,-0.14607322,0.00000000,0.00000000
0.37101284,-2.08764863,-1.26410270,-1.85156822,0.06455355,0.00000000,0.00000000,-0.62936270,2.16990423,1.38713324,1.40160894,-0.09897011,0.00000000,0.00000000
0.39788249,-2.08207536,-1.26542425,-1.79633617,0.06451656,0.00000000,0.00000000,-0.58703196,2.16860342,1.38719523,1.37637973,-0.05567457,0.00000000,0.00000000
0.42904618,-2.07646704,-1.26716518,-1.73318660,0.06769916,0.00000000,0.00000000,-0.52885896,2.16637778,1.38240206,1.36033368,-0.01428784,0.00000000,0.00000000
0.46099180,-2.07098126,-1.27072620,-1.68266451,0.07995248,0.00000000,0.00000000,-0.46367610,2.16794562,1.36597371,1.37147355,0.03168108,0.00000000,0.00000000
0.49647364,-2.06516862,-1.27595472,-1.65910387,0.08501714,0.00000000,0.00000000,-0.40589109,2.16951847,1.34296882,1.41151619,0.06518133,0.00000000,0.00000000
0.53360873,-2.05786633,-1.28726339,-1.65721393,0.07761188,0.00000000,0.00000000,-0.35944921,2.16977358,1.31753933,1.47427309,0.10921198,0.00000000,0.00000000
0.57050610,-2.05197239,-1.30212212,-1.65751386,0.06795318,0.00000000,0.00000000,-0.31968668,2.16991997,1.29383230,1.54545450,0.16196924,0.00000000,0.00000000
0.60473424,-2.05013967,-1.31705034,-1.65312028,0.05094336,0.00000000,0.00000000,-0.29543227,2.16999483,1.27745283,1.60085630,0.22671261,0.00000000,0.00000000
0.63157660,-2.05179286,-1.33096898,-1.64428163,0.03403594,0.00000000,0.00000000,-0.29033417,2.17000008,1.26948273,1.63215518,0.28464639,0.00000000,0.00000000
0.64643919,-2.05422950,-1.34234118,-1.63206780,0.02495915,0.00000000,0.00000000,-0.30240965,2.17000008,1.26724792,1.63951921,0.32535052,0.00000000,0.00000000
0.64573067,-2.05384851,-1.35033762,-1.61804867,0.01873154,0.00000000,0.00000000,-0.32486522,2.17000008,1.26967239,1.62597203,0.34935760,0.00000000,0.00000000
0.62736785,-2.04999232,-1.35468733,-1.60463297,0.00790941,0.00000000,0.00000000,-0.34870476,2.17000008,1.27831829,1.59611571,0.37425843,0.00000000,0.00000000
0.59278631,-2.04544663,-1.35447872,-1.59335935,0.00759033,0.00000000,0.00000000,-0.37032866,2.16999197,1.29417670,1.55264974,0.39178339,0.00000000,0.00000000
0.54597104,-2.04306507,-1.34894681,-1.58438480,-0.00542924,0.00000000,0.00000000,-0.39042795,2.16988516,1.31741667,1.49705958,0.41619453,0.00000000,0.00000000
0.48966449,-2.04420733,-1.33887637,-1.58107936,-0.02124031,0.00000000,0.00000000,-0.41150331,2.16972017,1.34205890,1.43956733,0.43875688,0.00000000,0.00000000
0.42499122,-2.04757643,-1.32853293,-1.59558773,-0.03339088,0.00000000,0.00000000,-0.43789530,2.16988516,1.35734105,1.40329874,0.46563718,0.00000000,0.00000000
0.36331323,-2.05336499,-1.31420445,-1.63681650,-0.05275648,0.00000000,0.00000000,-0.47312152,2.16999221,1.36658168,1.39436042,0.48879421,0.00000000,0.00000000
0.31165186,-2.05975413,-1.29644775,-1.69973779,-0.06498488,0.00000000,0.00000000,-0.51605839,2.17000008,1.37469435,1.40664375,0.50673056,0.00000000,0.00000000
0.27022344,-2.06600618,-1.27885890,-1.76786792,-0.06850701,0.00000000,0.00000000,-0.55694622,2.17000008,1.38326919,1.42840862,0.52990067,0.00000000,0.00000000
0.24520950,-2.07020545,-1.26451182,-1.81876624,-0.06737134,0.00000000,0.00000000,-0.59294450,2.17000008,1.39101505,1.44462991,0.54387182,0.00000000,0.00000000
0.23993373,-2.07150602,-1.25528407,-1.84416473,-0.05965054,0.00000000,0.00000000,-0.61991131,2.17000008,1.39809144,1.45100296,0.56658924,0.00000000,0.00000000
0.25304651,-2.07114458,-1.25100911,-1.84468901,-0.02933145,0.00000000,0.00000000,-0.63343239,2.17000008,1.40495193,1.44742036,0.58845651,0.00000000,0.00000000
0.28020397,-2.07073808,-1.25063920,-1.82367384,-0.00136145,0.00000000,0.00000000,-0.63004875,2.17000008,1.41119480,1.43474984,0.60590321,0.00000000,0.00000000
0.31392288,-2.07201433,-1.25342941,-1.78712404,0.02568973,0.00000000,0.00000000,-0.60814542,2.16982198,1.41626215,1.41456604,0.62958843,0.00000000,0.00000000
0.34930238,-2.07617188,-1.25829256,-1.73966610,0.05905370,0.00000000,0.00000000,-0.56910938,2.16726828,1.41969919,1.38939965,0.65650266,0.00000000,0.00000000
0.38603884,-2.08354163,-1.26366496,-1.68514061,0.09665829,0.00000000,0.00000000,-0.51616490,2.16118073,1.41716516,1.36653912,0.67242634,0.00000000,0.00000000
0.42279825,-2.09343648,-1.26983738,-1.63830221,0.12352521,0.00000000,0.00000000,-0.45383471,2.15941930,1.40231895,1.36130929,0.70045894,0.00000000,0.00000000
0.46449447,-2.10220504,-1.27844512,-1.61589360,0.16024213,0.00000000,0.00000000,-0.39500487,2.16103125,1.37952960,1.38373494,0.73506522,0.00000000,0.00000000
0.51095951,-2.10757995,-1.29206681,-1.61712921,0.19324899,0.00000000,0.00000000,-0.34802765,2.16388154,1.35150790,1.43379545,0.76530439,0.00000000,0.00000000
0.55768698,-2.10977983,-1.31177485,-1.62512481,0.21385977,0.00000000,0.00000000,-0.31319004,2.16808128,1.31857646,1.50358069,0.80111092,0.00000000,0.00000000
0.60467827,-2.11093807,-1.33097053,-1.62922835,0.24296536,0.00000000,0.00000000,-0.28837052,2.16982079,1.28929102,1.57116652,0.83640558,0.00000000,0.00000000
0.64646494,-2.10963011,-1.34752810,-1.63014078,0.26545236,0.00000000,0.00000000,-0.28118950,2.16999555,1.26726413,1.61749887,0.87066102,0.00000000,0.00000000
0.67638898,-2.10407376,-1.36032891,-1.62995732,0.29028898,0.00000000,0.00000000,-0.29102972,2.17000008,1.25207245,1.63936472,0.89657742,0.00000000,0.00000000
0.68921119,-2.09388161,-1.36825299,-1.63017809,0.31901777,0.00000000,0.00000000,-0.31167758,2.17000008,1.24306583,1.63848042,0.92613149,0.00000000,0.00000000
0.68224484,-2.08029246,-1.37094808,-1.63209319,0.33385128,0.00000000,0.00000000,-0.33579546,2.17000008,1.24140573,1.61772084,0.95283538,0.00000000,0.00000000
0.65626675,-2.06704926,-1.36826587,-1.63633597,0.32829675,0.00000000,0.00000000,-0.35945365,2.17000008,1.24898469,1.57956052,0.97100383,0.00000000,0.00000000
0.61450303,-2.05747437,-1.36042917,-1.64376378,0.32490507,0.00000000,0.00000000,-0.38303754,2.17000008,1.26661515,1.52548456,0.99556088,0.00000000,0.00000000
0.56022024,-2.05301857,-1.34941018,-1.65666199,0.31471756,0.00000000,0.00000000,-0.40835875,2.17000008,1.29106581,1.46463299,1.02244830,0.00000000,0.00000000
0.49646842,-2.05371475,-1.33748400,-1.68295932,0.29767197,0.00000000,0.00000000,-0.43453956,2.17000008,1.31502903,1.42097056,1.04800963,0.00000000,0.00000000
0.43118304,-2.05789661,-1.32505226,-1.73429143,0.27729490,0.00000000,0.00000000,-0.47007737,2.17000008,1.33503485,1.40260053,1.08136034,0.00000000,0.00000000
0.37370053,-2.06389260,-1.31173217,-1.80201542,0.25980330,0.00000000,0.00000000,-0.51540774,2.17000008,1.35110319,1.40553045,1.10551536,0.00000000,0.00000000
0.32977450,-2.07018137,-1.29917109,-1.86138308,0.23896553,0.00000000,0.00000000,-0.55898905,2.17000008,1.36682916,1.41959798,1.12673604,0.00000000,0.00000000
0.30038929,-2.07617855,-1.28851116,-1.90182447,0.22117913,0.00000000,0.00000000,-0.59530330,2.17000008,1.38161182,1.43240499,1.14722240,0.00000000,0.00000000
0.28601420,-2.08068252,-1.28102911,-1.92106915,0.20057204,0.00000000,0.00000000,-0.62268472,2.17000008,1.39206123,1.43890321,1.15036952,0.00000000,0.00000000
0.28795186,-2.08290625,-1.27625918,-1.91767752,0.18238394,0.00000000,0.00000000,-0.63936770,2.17000008,1.39679694,1.43733943,1.15383446,0.00000000,0.00000000
0.30365345,-2.08314085,-1.27312160,-1.89375353,0.15936054,0.00000000,0.00000000,-0.64218247,2.17000008,1.39635360,1.42771363,1.15602028,0.00000000,0.00000000
0.32718244,-2.08254743,-1.27131104,-1.85434961,0.13854681,0.00000000,0.00000000,-0.62779331,2.17000008,1.39280963,1.41164410,1.16309142,0.00000000,0.00000000
0.35506332,-2.08194971,-1.27127063,-1.80228150,0.10574231,0.00000000,0.00000000,-0.59514266,2.17000008,1.38845599,1.39167118,1.15572584,0.00000000,0.00000000
0.38662648,-2.08157492,-1.27331007,-1.74012160,0.07518165,0.00000000,0.00000000,-0.54634607,2.17000008,1.38156867,1.37245977,1.15071189,0.00000000,0.00000000
0.41810104,-2.08208489,-1.27810621,-1.68453717,0.03919226,0.00000000,0.00000000,-0.48680177,2.17000008,1.36785257,1.36504161,1.15249836,0.00000000,0.00000000
0.45452881,-2.08325100,-1.28277040,-1.65406728,-0.00484938,0.00000000,0.00000000,-0.42547727,2.17000008,1.34774613,1.38553846,1.16007423,0.00000000,0.00000000
0.49504709,-2.08324432,-1.29109943,-1.64790738,-0.04273575,0.00000000,0.00000000,-0.37155184,2.17000008,1.32268274,1.43577659,1.16793895,0.00000000,0.00000000
0.53349036,-2.08084917,-1.30939770,-1.64651668,-0.08959916,0.00000000,0.00000000,-0.32581574,2.17000008,1.29510403,1.50644386,1.18150890,0.00000000,0.00000000
0.56873834,-2.08082986,-1.33102500,-1.64143741,-0.12712054,0.00000000,0.00000000,-0.28909475,2.17000008,1.27322936,1.57298660,1.19491911,0.00000000,0.00000000
0.59769261,-2.08492756,-1.35132313,-1.63294482,-0.17299293,0.00000000,0.00000000,-0.26721567,2.17000008,1.25937164,1.62044466,1.19833255,0.00000000,0.00000000
0.61650366,-2.09038353,-1.36858535,-1.62165964,-0.22564775,0.00000000,0.00000000,-0.26186696,2.17000008,1.25215816,1.64618933,1.20149577,0.00000000,0.00000000
0.62314254,-2.09328008,-1.38081610,-1.60838485,-0.27041671,0.00000000,0.00000000,-0.27067304,2.17000008,1.24964285,1.65117788,1.19814372,0.00000000,0.00000000
0.61633152,-2.09223580,-1.38628232,-1.59480286,-0.30363500,0.00000000,0.00000000,-0.28833374,2.17000008,1.25149024,1.63778138,1.20212483,0.00000000,0.00000000
0.59473217,-2.08892441,-1.38408959,-1.58263814,-0.33690739,0.00000000,0.00000000,-0.30904943,2.17000008,1.25856769,1.60805893,1.19965768,0.00000000,0.00000000
0.55845445,-2.08605862,-1.37486458,-1.57317519,-0.35805994,0.00000000,0.00000000,-0.33154070,2.17000008,1.27195525,1.56154001,1.20836174,0.00000000,0.00000000
0.50862044,-2.08553386,-1.36066854,-1.56884921,-0.39286545,0.00000000,0.00000000,-0.35784280,2.17000008,1.29177058,1.49825954,1.20200753,0.00000000,0.00000000
0.44613338,-2.08815312,-1.34411633,-1.57928693,-0.42755783,0.00000000,0.00000000,-0.38870695,2.17000008,1.31560731,1.42962754,1.20438528,0.00000000,0.00000000
0.37812129,-2.09443641,-1.32478225,-1.61934721,-0.46651354,0.00000000,0.00000000,-0.42624968,2.17000008,1.33712852,1.38088381,1.19017720,0.00000000,0.00000000
0.31416145,-2.10282946,-1.30252385,-1.68662608,-0.49408430,0.00000000,0.00000000,-0.47101122,2.17000008,1.35481215,1.36060405,1.18380225,0.00000000,0.00000000
0.25856781,-2.11161780,-1.28015196,-1.76488507,-0.51271939,0.00000000,0.00000000,-0.51611543,2.17000008,1.36956429,1.36468244,1.17350054,0.00000000,0.00000000
0.21729137,-2.11701059,-1.26380610,-1.82833886,-0.52592540,0.00000000,0.00000000,-0.55223548,2.17000008,1.38506901,1.37598705,1.16999030,0.00000000,0.00000000
0.19597998,-2.11794233,-1.25483823,-1.86588585,-0.53659123,0.00000000,0.00000000,-0.57966036,2.17000008,1.40036118,1.38209844,1.15808988,0.00000000,0.00000000
0.19668466,-2.11517668,-1.25164616,-1.87600005,-0.54620385,0.00000000,0.00000000,-0.59757757,2.17000008,1.41399264,1.37994719,1.14275694,0.00000000,0.00000000
0.21675965,-2.10984659,-1.25268066,-1.86081529,-0.55015516,0.00000000,0.00000000,-0.60344630,2.17000008,1.42462385,1.37000310,1.14024878,0.00000000,0.00000000
0.24916735,-2.10380721,-1.25649941,-1.82610428,-0.55003870,0.00000000,0.00000000,-0.59465253,2.16989994,1.43081450,1.35463047,1.14140213,0.00000000,0.00000000
0.28731784,-2.09846663,-1.26209807,-1.77749503,-0.55038714,0.00000000,0.00000000,-0.56910527,2.16835713,1.43270147,1.33666229,1.14608538,0.00000000,0.00000000
0.32805571,-2.09377551,-1.26930010,-1.71887696,-0.55891031,0.00000000,0.00000000,-0.52643961,2.16346622,1.42987239,1.32032728,1.16098058,0.00000000,0.00000000
0.36932054,-2.09032655,-1.27611005,-1.66319239,-0.56255686,0.00000000,0.00000000,-0.46942121,2.15974188,1.41767776,1.31709826,1.19321203,0.00000000,0.00000000
0.41323623,-2.08851576,-1.27995837,-1.63220656,-0.56712872,0.00000000,0.00000000,-0.40766099,2.16173887,1.39387858,1.34183455,1.20888078,0.00000000,0.00000000
0.45941579,-2.08428931,-1.28799260,-1.62626243,-0.56361121,0.00000000,0.00000000,-0.35191602,2.16507435,1.36347771,1.39540756,1.23461449,0.00000000,0.00000000
0.50435239,-2.07774734,-1.30338168,-1.62894583,-0.55277944,0.00000000,0.00000000,-0.30654365,2.16861677,1.32754874,1.46980882,1.26570022,0.00000000,0.00000000
0.54872125,-2.07134295,-1.32290244,-1.62704885,-0.52327335,0.00000000,0.00000000,-0.26963720,2.16991186,1.29382193,1.54658771,1.31171989,0.00000000,0.00000000
0.58805490,-2.06773686,-1.34317708,-1.62126637,-0.49666798,0.00000000,0.00000000,-0.24860770,2.17000008,1.26726294,1.60506284,1.35068130,0.00000000,0.00000000
0.61836606,-2.06708002,-1.36184704,-1.61353517,-0.46875310,0.00000000,0.00000000,-0.24600165,2.17000008,1.24923968,1.63917625,1.38834381,0.00000000,0.00000000
0.63900280,-2.06741810,-1.37681520,-1.60353315,-0.44726959,0.00000000,0.00000000,-0.26093182,2.17000008,1.23898518,1.64893329,1.41054606,0.00000000,0.00000000
0.64873165,-2.06713557,-1.38636923,-1.59242749,-0.41107398,0.00000000,0.00000000,-0.28966305,2.17000008,1.23579705,1.63598537,1.43910491,0.00000000,0.00000000
0.64451724,-2.06568575,-1.38961375,-1.58308697,-0.38498628,0.00000000,0.00000000,-0.32425433,2.17000008,1.24049866,1.60386753,1.48211348,0.00000000,0.00000000
0.62413096,-2.06335402,-1.38637578,-1.57795405,-0.35035592,0.00000000,0.00000000,-0.35768139,2.17000008,1.25465226,1.55565500,1.52681029,0.00000000,0.00000000
0.58762544,-2.06055880,-1.37816834,-1.57882082,-0.31761146,0.00000000,0.00000000,-0.38839227,2.17000008,1.27886391,1.49329543,1.57261384,0.00000000,0.00000000
0.53609633,-2.05867410,-1.36678433,-1.59257782,-0.29453680,0.00000000,0.00000000,-0.41941965,2.17000008,1.30942571,1.42596316,1.62998092,0.00000000,0.00000000
0.47396520,-2.06098151,-1.35083425,-1.63304937,-0.26349849,0.00000000,0.00000000,-0.45284081,2.17000008,1.33983433,1.37814081,1.67042053,0.00000000,0.00000000
0.40998781,-2.06661630,-1.33172488,-1.70130301,-0.25415963,0.00000000,0.00000000,-0.49451262,2.17000008,1.36238730,1.35797381,1.70044434,0.00000000,0.00000000
0.34901640,-2.07294893,-1.31392050,-1.78145218,-0.25195134,0.00000000,0.00000000,-0.54299396,2.17000008,1.37731266,1.35945916,1.73480856,0.00000000,0.00000000
0.30123764,-2.07699871,-1.29962146,-1.84700298,-0.26361337,0.00000000,0.00000000,-0.58695537,2.17000008,1.39335799,1.36676443,1.77114689,0.00000000,0.00000000
0.27064329,-2.07860374,-1.28949416,-1.88889861,-0.26738739,0.00000000,0.00000000,-0.62328970,2.17000008,1.41068816,1.36989748,1.79453909,0.00000000,0.00000000
0.25933737,-2.07789683,-1.28299129,-1.90514457,-0.27982098,0.00000000,0.00000000,-0.64958835,2.17000008,1.42565906,1.36597419,1.80101979,0.00000000,0.00000000
0.26785153,-2.07521892,-1.27830827,-1.89548457,-0.28144097,0.00000000,0.00000000,-0.66231042,2.17000008,1.43427181,1.35518563,1.79570544,0.00000000,0.00000000
0.29244819,-2.07142186,-1.27432716,-1.86316311,-0.29807365,0.00000000,0.00000000,-0.65889156,2.17000008,1.43468893,1.33957076,1.79637659,0.00000000,0.00000000
0.32632935,-2.06768155,-1.27130139,-1.81393635,-0.31049073,0.00000000,0.00000000,-0.63714814,2.16997385,1.42853999,1.32220054,1.79892540,0.00000000,0.00000000
0.36297363,-2.06356025,-1.27262270,-1.75262427,-0.33953509,0.00000000,0.00000000,-0.59593016,2.16961884,1.41869152,1.30673468,1.79291105,0.00000000,0.00000000
0.39974824,-2.05945921,-1.27887177,-1.68596864,-0.35414374,0.00000000,0.00000000,-0.53678429,2.16899347,1.40558422,1.29753220,1.77021015,0.00000000,0.00000000
0.43895605,-2.05936337,-1.28218532,-1.63073301,-0.37157264,0.00000000,0.00000000,-0.46547684,2.16935182,1.38659787,1.30391252,1.74499428,0.00000000,0.00000000
0.47917357,-2.05873251,-1.28936350,-1.60340202,-0.38904756,0.00000000,0.00000000,-0.39659426,2.16928673,1.36290836,1.33571064,1.70471084,0.00000000,0.00000000
0.52110243,-2.05632424,-1.30200303,-1.60014451,-0.39641342,0.00000000,0.00000000,-0.33776876,2.16855383,1.33483768,1.39426136,1.65719080,0.00000000,0.00000000
0.56201649,-2.05450773,-1.31822002,-1.60205412,-0.39969304,0.00000000,0.00000000,-0.29274046,2.16940832,1.30018330,1.47031093,1.61733031,0.00000000,0.00000000
0.59835476,-2.05433202,-1.33659482,-1.60322618,-0.39550212,0.00000000,0.00000000,-0.26494968,2.16995907,1.26990438,1.53854978,1.57192266,0.00000000,0.00000000
0.62840915,-2.05610847,-1.35341263,-1.60262048,-0.38264802,0.00000000,0.00000000,-0.24888165,2.17000008,1.25173855,1.58906424,1.52309322,0.00000000,0.00000000
0.64929610,-2.05804539,-1.36624277,-1.59849346,-0.36391616,0.00000000,0.00000000,-0.24551441,2.17000008,1.24316144,1.61799586,1.47688937,0.00000000,0.00000000
0.65754366,-2.05741358,-1.37420011,-1.58990932,-0.36200893,0.00000000,0.00000000,-0.25582361,2.17000008,1.23946464,1.62386966,1.44185150,0.00000000,0.00000000
0.65096295,-2.05371022,-1.37626171,-1.57797217,-0.36702183,0.00000000,0.00000000,-0.27584779,2.17000008,1.23895597,1.60843718,1.41894853,0.00000000,0.00000000
0.62907958,-2.04898357,-1.37182152,-1.56544209,-0.38043657,0.00000000,0.00000000,-0.29947400,2.17000008,1.24340093,1.57467103,1.40709412,0.00000000,0.00000000
0.59220141,-2.04528832,-1.36187124,-1.55590725,-0.38824719,0.00000000,0.00000000,-0.32299361,2.17000008,1.25537241,1.52467227,1.39215612,0.00000000,0.00000000
0.53975791,-2.04462099,-1.34831619,-1.55815852,-0.39994940,0.00000000,0.00000000,-0.34780765,2.17000008,1.27289212,1.46644020,1.38529813,0.00000000,0.00000000
0.47354203,-2.04960084,-1.33140123,-1.58882880,-0.40418187,0.00000000,0.00000000,-0.38166603,2.17000008,1.28698277,1.42017055,1.38173699,0.00000000,0.00000000
0.40277135,-2.05740166,-1.31418133,-1.65370023,-0.41139606,0.00000000,0.00000000,-0.42348048,2.17000008,1.29938674,1.39788723,1.38185453,0.00000000,0.00000000
0.33806390,-2.06698537,-1.29598868,-1.74036741,-0.41684237,0.00000000,0.00000000,-0.47267547,2.17000008,1.31154060,1.39641511,1.38139558,0.00000000,0.00000000
0.28667268,-2.07564449,-1.27964187,-1.81805050,-0.41587648,0.00000000,0.00000000,-0.51909572,2.17000008,1.32905650,1.40472138,1.39196515,0.00000000,0.00000000
0.24792999,-2.08223057,-1.26832104,-1.87644053,-0.41453391,0.00000000,0.00000000,-0.55982888,2.17000008,1.34708714,1.40881670,1.40483177,0.00000000,0.00000000
0.22517745,-2.08554959,-1.26237035,-1.91171956,-0.41810295,0.00000000,0.00000000,-0.59292358,2.17000008,1.36209655,1.40441453,1.40928245,0.00000000,0.00000000
0.22105372,-2.08487821,-1.26106262,-1.92140603,-0.41973829,0.00000000,0.00000000,-0.61506593,2.17000008,1.37356877,1.39165509,1.42237043,0.00000000,0.00000000
0.23370266,-2.08098888,-1.26276124,-1.90685081,-0.43345711,0.00000000,0.00000000,-0.62226766,2.17000008,1.38140953,1.37262332,1.44195306,0.00000000,0.00000000
0.25739500,-2.07586718,-1.26613986,-1.87254572,-0.43782014,0.00000000,0.00000000,-0.60998762,2.17000008,1.38674128,1.35153472,1.45489609,0.00000000,0.00000000
0.28878775,-2.07080865,-1.27071702,-1.82126343,-0.43776146,0.00000000,0.00000000,-0.57677251,2.17000008,1.39122117,1.33195531,1.46448827,0.00000000,0.00000000
0.32950190,-2.06608582,-1.27528119,-1.75308108,-0.42709264,0.00000000,0.00000000,-0.52449656,2.17000008,1.39409494,1.31799805,1.46739471,0.00000000,0.00000000
0.38090116,-2.06236815,-1.27765119,-1.67847693,-0.43024126,0.00000000,0.00000000,-0.45902959,2.16995955,1.39022219,1.32054794,1.47627997,0.00000000,0.00000000
0.43797159,-2.05974627,-1.28047431,-1.62647998,-0.42783216,0.00000000,0.00000000,-0.39514223,2.16941714,1.38096714,1.34988117,1.48751748,0.00000000,0.00000000
0.49547350,-2.05597734,-1.28959823,-1.60211635,-0.42392823,0.00000000,0.00000000,-0.34038505,2.16858196,1.36961532,1.40607083,1.49984109,0.00000000,0.00000000
0.54652113,-2.05229235,-1.30641842,-1.59252882,-0.42633271,0.00000000,0.00000000,-0.29963472,2.16941714,1.35184968,1.47646081,1.50530362,0.00000000,0.00000000
0.59182769,-2.05323648,-1.32378018,-1.58513272,-0.43178165,0.00000000,0.00000000,-0.27205497,2.16995955,1.33732414,1.53881609,1.51061666,0.00000000,0.00000000
0.62839395,-2.05912828,-1.33992589,-1.57805586,-0.43727374,0.00000000,0.00000000,-0.25964296,2.17000008,1.33037663,1.58353198,1.51556909,0.00000000,0.00000000
0.65185463,-2.06739044,-1.35383451,-1.57188392,-0.44435909,0.00000000,0.00000000,-0.26433268,2.17000008,1.32852256,1.60852969,1.51392305,0.00000000,0.00000000
0.65915036,-2.07429767,-1.36359942,-1.56681573,-0.46030998,0.00000000,0.00000000,-0.28291595,2.17000008,1.32966650,1.61418450,1.51165581,0.00000000,0.00000000
0.64808136,-2.07817817,-1.36810482,-1.56393361,-0.47943625,0.00000000,0.00000000,-0.30907440,2.17000008,1.33384049,1.60236251,1.51705694,0.00000000,0.00000000
0.61808056,-2.07965612,-1.36738694,-1.56473315,-0.49602684,0.00000000,0.00000000,-0.33761641,2.16994452,1.34219384,1.57464314,1.52901769,0.00000000,0.00000000
0.57191306,-2.08034325,-1.36243582,-1.56963706,-0.49885964,0.00000000,0.00000000,-0.36701873,2.16920066,1.35641396,1.53218997,1.54661834,0.00000000,0.00000000
0.51159912,-2.08326721,-1.35242665,-1.58423376,-0.50798529,0.00000000,0.00000000,-0.39753389,2.16805553,1.37287152,1.48052740,1.57541656,0.00000000,0.00000000
0.44006187,-2.09339070,-1.33217287,-1.62452650,-0.51060289,0.00000000,0.00000000,-0.43119982,2.16920090,1.37973118,1.43584752,1.58948731,0.00000000,0.00000000
0.37246963,-2.10713434,-1.30423117,-1.69432282,-0.52951014,0.00000000,0.00000000,-0.46721989,2.16994476,1.38336086,1.41691446,1.60748100,0.00000000,0.00000000
0.31666014,-2.11620545,-1.28131747,-1.77975988,-0.53024286,0.00000000,0.00000000,-0.51063132,2.17000008,1.39115167,1.41662574,1.61284864,0.00000000,0.00000000
0.27744457,-2.12165880,-1.26228905,-1.85336268,-0.52142984,0.00000000,0.00000000,-0.55156130,2.17000008,1.40087199,1.41898561,1.62094748,0.00000000,0.00000000
0.25445527,-2.12393236,-1.24922919,-1.90594566,-0.51890099,0.00000000,0.00000000,-0.58555102,2.17000008,1.41061282,1.41587365,1.61233509,0.00000000,0.00000000
0.24993597,-2.12269473,-1.24252319,-1.93492138,-0.51015919,0.00000000,0.00000000,-0.61014026,2.17000008,1.42021418,1.40475249,1.62683165,0.00000000,0.00000000
0.26538166,-2.11861134,-1.23895705,-1.93912661,-0.50483710,0.00000000,0.00000000,-0.62144387,2.16996026,1.42847240,1.38624561,1.64171290,0.00000000,0.00000000
0.29630062,-2.11272550,-1.23790467,-1.92174733,-0.49923506,0.00000000,0.00000000,-0.61733580,2.16920829,1.43414366,1.36287165,1.64790797,0.00000000,0.00000000
0.33744472,-2.10586238,-1.23978984,-1.88667345,-0.49814081,0.00000000,0.00000000,-0.59604520,2.16505003,1.43715847,1.33933961,1.66607189,0.00000000,0.00000000
0.38586688,-2.09921002,-1.24371159,-1.83706486,-0.50064224,0.00000000,0.00000000,-0.55471414,2.15573549,1.43805420,1.32278335,1.68167651,0.00000000,0.00000000
0.43971196,-2.09297299,-1.24967444,-1.77979875,-0.50747883,0.00000000,0.00000000,-0.49566063,2.14736652,1.43286550,1.32418251,1.69898748,0.00000000,0.00000000
0.49597988,-2.08436298,-1.26385462,-1.73266613,-0.50069034,0.00000000,0.00000000,-0.43311620,2.14581656,1.41698289,1.35416198,1.70719171,0.00000000,0.00000000
0.55020535,-2.07690454,-1.28262568,-1.70986855,-0.50366426,0.00000000,0.00000000,-0.37732455,2.14976740,1.39195573,1.41395676,1.71552753,0.00000000,0.00000000
0.59831989,-2.07099509,-1.30759418,-1.69900393,-0.49797380,0.00000000,0.00000000,-0.33154550,2.15877771,1.35796046,1.49557734,1.70940292,0.00000000,0.00000000
0.64241678,-2.06806517,-1.33280396,-1.68810165,-0.50177550,0.00000000,0.00000000,-0.30213699,2.16722012,1.32005453,1.57338560,1.70790112,0.00000000,0.00000000
0.68039000,-2.06734586,-1.35522175,-1.67574334,-0.49435985,0.00000000,0.00000000,-0.28589216,2.16983080,1.28872895,1.63482332,1.70485103,0.00000000,0.00000000
0.70897770,-2.06603813,-1.37408364,-1.66204953,-0.48660129,0.00000000,0.00000000,-0.28496453,2.17000008,1.26494765,1.67439497,1.70842624,0.00000000,0.00000000
0.72620434,-2.06157279,-1.38792288,-1.64737856,-0.49163541,0.00000000,0.00000000,-0.29924586,2.17000008,1.24680471,1.69072688,1.71292400,0.00000000,0.00000000
0.72981417,-2.05264378,-1.39659560,-1.63293278,-0.48500070,0.00000000,0.00000000,-0.32255241,2.17000008,1.23592627,1.68547118,1.73239458,0.00000000,0.00000000
0.71690500,-2.04017091,-1.40154684,-1.62046623,-0.48529845,0.00000000,0.00000000,-0.34765771,2.17000008,1.23615658,1.66034043,1.74542797,0.00000000,0.00000000
0.68815142,-2.02852035,-1.40012932,-1.61115682,-0.47508585,0.00000000,0.00000000,-0.37287423,2.17000008,1.24806523,1.61492181,1.77648878,0.00000000,0.00000000
0.64408100,-2.02109194,-1.39180052,-1.60894823,-0.47046968,0.00000000,0.00000000,-0.40071487,2.17000008,1.27105844,1.54867756,1.81462598,0.00000000,0.00000000
0.58504987,-2.01995468,-1.37762773,-1.62493169,-0.45781803,0.00000000,0.00000000,-0.43292317,2.17000008,1.30422425,1.46815062,1.84963846,0.00000000,0.00000000
0.51725590,-2.02456117,-1.35890591,-1.67232049,-0.43867129,0.00000000,0.00000000,-0.46711320,2.16993260,1.34380233,1.39601862,1.87886894,0.00000000,0.00000000
0.45038718,-2.03181672,-1.33876574,-1.74456453,-0.41591331,0.00000000,0.00000000,-0.50961071,2.16903114,1.38105512,1.34612250,1.90612376,0.00000000,0.00000000
0.39009306,-2.03887391,-1.32211757,-1.81812954,-0.41464731,0.00000000,0.00000000,-0.55674243,2.16764283,1.40881777,1.32091498,1.93669677,0.00000000,0.00000000
0.34397310,-2.04622126,-1.30712676,-1.87388957,-0.41136575,0.00000000,0.00000000,-0.60287803,2.16903114,1.42378283,1.30776775,1.95036232,0.00000000,0.00000000
0.31260896,-2.05333710,-1.29540777,-1.90785027,-0.41301224,0.00000000,0.00000000,-0.63803428,2.16993284,1.43273449,1.29833555,1.96491921,0.00000000,0.00000000
0.29644245,-2.05957198,-1.28778732,-1.91877067,-0.40273848,0.00000000,0.00000000,-0.65913951,2.17000008,1.43657506,1.28779030,1.98209548,0.00000000,0.00000000
0.29447654,-2.06528091,-1.28337193,-1.90702057,-0.38804823,0.00000000,0.00000000,-0.66259140,2.17000008,1.43590653,1.27476323,2.00756526,0.00000000,0.00000000
0.30350116,-2.07123137,-1.28121567,-1.87499142,-0.36957747,0.00000000,0.00000000,-0.64408386,2.17000008,1.43290007,1.25998449,2.01341605,0.00000000,0.00000000
0.32092518,-2.07788348,-1.28077030,-1.82493651,-0.35251597,0.00000000,0.00000000,-0.60338795,2.16989326,1.42949152,1.24398339,2.01567912,0.00000000,0.00000000
0.34701899,-2.08514857,-1.28128994,-1.75798380,-0.34311169,0.00000000,0.00000000,-0.54455668,2.16841459,1.42503452,1.22895813,2.01267767,0.00000000,0.00000000
0.38183287,-2.09308624,-1.28205156,-1.68429160,-0.32002634,0.00000000,0.00000000,-0.47526392,2.16552162,1.41421044,1.22435701,1.99409235,0.00000000,0.00000000
0.42154548,-2.10205793,-1.28322148,-1.63155150,-0.29431224,0.00000000,0.00000000,-0.40645829,2.16617179,1.39432800,1.24527144,1.96012056,0.00000000,0.00000000
0.46636021,-2.10881734,-1.28884196,-1.60723889,-0.27008724,0.00000000,0.00000000,-0.34811640,2.16746902,1.37042558,1.29293180,1.92310464,0.00000000,0.00000000
0.51188165,-2.10986209,-1.30621839,-1.60064650,-0.26107213,0.00000000,0.00000000,-0.30251583,2.16851473,1.34429574,1.36198139,1.89048207,0.00000000,0.00000000
0.55459070,-2.11024880,-1.32933283,-1.59617066,-0.23886448,0.00000000,0.00000000,-0.26549870,2.16960096,1.31885087,1.43966603,1.86151445,0.00000000,0.00000000
0.59178191,-2.11228251,-1.35321999,-1.58838153,-0.21134348,0.00000000,0.00000000,-0.24216820,2.16997528,1.29818046,1.50459766,1.84302688,0.00000000,0.00000000
0.61992276,-2.11475658,-1.37570667,-1.57716537,-0.19076969,0.00000000,0.00000000,-0.23501225,2.17000008,1.28318036,1.54855537,1.82004499,0.00000000,0.00000000
0.63612592,-2.11618733,-1.39386642,-1.56323957,-0.17624064,0.00000000,0.00000000,-0.24251127,2.17000008,1.27241290,1.57068706,1.80700088,0.00000000,0.00000000
0.63795072,-2.11557508,-1.40519404,-1.54877937,-0.16114423,0.00000000,0.00000000,-0.26006696,2.17000008,1.26566863,1.57202482,1.79682732,0.00000000,0.00000000
0.62270504,-2.11306667,-1.40892076,-1.53731430,-0.15744689,0.00000000,0.00000000,-0.28122896,2.17000008,1.26453316,1.55462754,1.78013337,0.00000000,0.00000000
0.58931708,-2.11122203,-1.40429580,-1.53165030,-0.15838470,0.00000000,0.00000000,-0.30166394,2.17000008,1.27039719,1.51996720,1.75738537,0.00000000,0.00000000
0.53961498,-2.11222219,-1.39281476,-1.53220892,-0.17114161,0.00000000,0.00000000,-0.32277596,2.17000008,1.28422928,1.46847773,1.75006473,0.00000000,0.00000000
0.47687376,-2.11690402,-1.37711740,-1.54329646,-0.17839126,0.00000000,0.00000000,-0.34808353,2.17000008,1.30304623,1.40813184,1.73261356,0.00000000,0.00000000
0.40675735,-2.12560749,-1.35773408,-1.57691264,-0.19229762,0.00000000,0.00000000,-0.37614459,2.17000008,1.31890392,1.36316907,1.72363639,0.00000000,0.00000000
0.33977681,-2.13754129,-1.33359575,-1.63736081,-0.21674338,0.00000000,0.00000000,-0.41156992,2.17000008,1.33060527,1.34449208,1.73081005,0.00000000,0.00000000
0.28317934,-2.14962506,-1.30810523,-1.71237147,-0.26015529,0.00000000,0.00000000,-0.45269275,2.17000008,1.34156907,1.34691441,1.73992133,0.00000000,0.00000000
0.24331312,-2.15879846,-1.28601813,-1.77507377,-0.30335626,0.00000000,0.00000000,-0.49318612,2.17000008,1.35583842,1.35149372,1.74664450,0.00000000,0.00000000
0.22117165,-2.16407061,-1.27019334,-1.81528437,-0.33607072,0.00000000,0.00000000,-0.52897847,2.17000008,1.37349963,1.34949350,1.73593569,0.00000000,0.00000000
0.21560042,-2.16586041,-1.26156938,-1.83265674,-0.39099011,0.00000000,0.00000000,-0.55536979,2.17000008,1.39186633,1.33979642,1.72567642,0.00000000,0.00000000
0.22617410,-2.16513348,-1.25869286,-1.82725024,-0.44394234,0.00000000,0.00000000,-0.56801486,2.16996932,1.40804076,1.32210159,1.71010971,0.00000000,0.00000000
0.24900542,-2.16342211,-1.25862896,-1.80212414,-0.49113354,0.00000000,0.00000000,-0.56323403,2.16934872,1.41969836,1.29811931,1.70135987,0.00000000,0.00000000
0.27790955,-2.16187072,-1.26018786,-1.76218987,-0.53619587,0.00000000,0.00000000,-0.54009026,2.16555977,1.42562282,1.27122056,1.69466281,0.00000000,0.00000000
0.31143710,-2.15971422,-1.26405656,-1.70896387,-0.57405967,0.00000000,0.00000000,-0.50120133,2.15708637,1.42469501,1.24485958,1.68421221,0.00000000,0.00000000
0.35148826,-2.15586996,-1.27009952,-1.64737415,-0.60527736,0.00000000,0.00000000,-0.45045730,2.15029025,1.41446781,1.22813630,1.68815005,0.00000000,0.00000000
0.39703205,-2.14997101,-1.27757752,-1.59734082,-0.62945098,0.00000000,0.00000000,-0.39217460,2.14952326,1.39552963,1.23772585,1.69035196,0.00000000,0.00000000
0.44832468,-2.14111042,-1.28738916,-1.57323170,-0.64665473,0.00000000,0.00000000,-0.34196138,2.15389180,1.36855805,1.27434540,1.69010031,0.00000000,0.00000000
0.49872670,-2.12923241,-1.30384624,-1.57264996,-0.67005992,0.00000000,0.00000000,-0.30510119,2.16033792,1.33614767,1.33464754,1.70404983,0.00000000,0.00000000
0.54814172,-2.11566901,-1.32642341,-1.57450473,-0.67490411,0.00000000,0.00000000,-0.27502286,2.16692924,1.30302060,1.41168201,1.71604407,0.00000000,0.00000000
0.59260875,-2.10404515,-1.35052800,-1.57414079,-0.68579572,0.00000000,0.00000000,-0.25412774,2.16962004,1.27595735,1.48243165,1.72425652,0.00000000,0.00000000
0.62732834,-2.09602046,-1.37238228,-1.57339501,-0.69693023,0.00000000,0.00000000,-0.24468590,2.16998482,1.25724828,1.53599846,1.73123646,0.00000000,0.00000000
0.64946759,-2.08971882,-1.39043963,-1.57196689,-0.69535148,0.00000000,0.00000000,-0.24802150,2.17000008,1.24534762,1.56978548,1.74796712,0.00000000,0.00000000
0.65776205,-2.08285713,-1.40401125,-1.56840277,-0.70305693,0.00000000,0.00000000,-0.26409099,2.17000008,1.23891044,1.58244431,1.76458430,0.00000000,0.00000000
0.65039617,-2.07506084,-1.41168809,-1.56228304,-0.69432795,0.00000000,0.00000000,-0.28886563,2.17000008,1.23889601,1.57348096,1.78123713,0.00000000,0.00000000
0.62514949,-2.06783772,-1.41185427,-1.55475998,-0.70257425,0.00000000,0.00000000,-0.31607598,2.17000008,1.24718773,1.54337382,1.79139042,0.00000000,0.00000000
0.58215266,-2.06297517,-1.40422058,-1.54732215,-0.70613259,0.00000000,0.00000000,-0.34240484,2.17000008,1.26447284,1.49363983,1.79661202,0.00000000,0.00000000
0.52492243,-2.06133008,-1.38946581,-1.54235435,-0.71115869,0.00000000,0.00000000,-0.36872289,2.17000008,1.28875136,1.42803192,1.79921865,0.00000000,0.00000000
0.45631149,-2.06373000,-1.36835802,-1.54924989,-0.72717303,0.00000000,0.00000000,-0.39611524,2.17000008,1.31391275,1.36078656,1.80472708,0.00000000,0.00000000
0.37946081,-2.06916547,-1.34402418,-1.58431458,-0.74290127,0.00000000,0.00000000,-0.42879692,2.17000008,1.33407140,1.31446409,1.80580246,0.00000000,0.00000000
0.31022376,-2.07687688,-1.31477022,-1.64543617,-0.77238184,0.00000000,0.00000000,-0.47321406,2.17000008,1.34900856,1.29321504,1.80418348,0.00000000,0.00000000
0.25561738,-2.08572078,-1.28272307,-1.71988845,-0.80866176,0.00000000,0.00000000,-0.52475339,2.17000008,1.36217666,1.29258215,1.81418228,0.00000000,0.00000000
0.21586420,-2.09529567,-1.25200450,-1.78968620,-0.84660059,0.00000000,0.00000000,-0.56786954,2.17000008,1.37553811,1.30354404,1.81383383,0.00000000,0.00000000
0.19404559,-2.10185218,-1.22981679,-1.83879614,-0.87952131,0.00000000,0.00000000,-0.60006553,2.17000008,1.38790596,1.31495917,1.81742251,0.00000000,0.00000000
0.19246808,-2.10483170,-1.21717668,-1.86195111,-0.89905983,0.00000000,0.00000000,-0.61941200,2.17000008,1.39923179,1.32327700,1.81353700,0.00000000,0.00000000
0.21102266,-2.10575509,-1.21146572,-1.85930264,-0.90661657,0.00000000,0.00000000,-0.62355465,2.17000008,1.40872884,1.32773650,1.80651104,0.00000000,0.00000000
0.24568097,-2.10602045,-1.21100366,-1.83419478,-0.92196465,0.00000000,0.00000000,-0.61180127,2.17000008,1.41403913,1.32838631,1.79201412,0.00000000,0.00000000
0.28773868,-2.10713148,-1.21520543,-1.79379237,-0.92729658,0.00000000,0.00000000,-0.58331424,2.16994810,1.41347325,1.32716477,1.79381931,0.00000000,0.00000000
0.33139884,-2.10947466,-1.22429276,-1.74372804,-0.93610245,0.00000000,0.00000000,-0.53977358,2.16919899,1.40789700,1.32573557,1.78987491,0.00000000,0.00000000
0.37784454,-2.11248136,-1.23680818,-1.69287097,-0.93173975,0.00000000,0.00000000,-0.48639247,2.16731358,1.39621365,1.33156550,1.77980196,0.00000000,0.00000000
0.42930719,-2.11619139,-1.24936152,-1.66154563,-0.93213052,0.00000000,0.00000000,-0.42974117,2.16622043,1.37778926,1.36199701,1.77080607,0.00000000,0.00000000
0.48467037,-2.11797571,-1.26569283,-1.65301228,-0.93245590,0.00000000,0.00000000,-0.38376790,2.16648149,1.35158634,1.41892576,1.76493847,0.00000000,0.00000000
0.53718859,-2.11788392,-1.28852773,-1.65445030,-0.91851968,0.00000000,0.00000000,-0.35010120,2.16884708,1.31863189,1.49426329,1.75785005,0.00000000,0.00000000
0.58545500,-2.11703324,-1.31378746,-1.65422213,-0.91963047,0.00000000,0.00000000,-0.32303950,2.16992378,1.29094803,1.56692159,1.75522244,0.00000000,0.00000000
0.62574798,-2.11563325,-1.33735275,-1.65178013,-0.91071099,0.00000000,0.00000000,-0.30936098,2.17000008,1.26912737,1.62054121,1.74695921,0.00000000,0.00000000
0.65398544,-2.11153364,-1.35747254,-1.64814842,-0.89323801,0.00000000,0.00000000,-0.31269827,2.17000008,1.25084639,1.65045404,1.71852326,0.00000000,0.00000000
0.66838753,-2.10294247,-1.37311101,-1.64322639,-0.86915815,0.00000000,0.00000000,-0.33003002,2.17000008,1.23666513,1.65705621,1.68440795,0.00000000,0.00000000
0.66787618,-2.09023285,-1.38393497,-1.63734710,-0.87035429,0.00000000,0.00000000,-0.35410890,2.17000008,1.22947586,1.64344311,1.64304018,0.00000000,0.00000000
0.65177971,-2.07596731,-1.38984871,-1.63128042,-0.87924796,0.00000000,0.00000000,-0.37875515,2.17000008,1.23292053,1.61223447,1.59411919,0.00000000,0.00000000
0.62071139,-2.06357336,-1.39043355,-1.62609744,-0.89019740,0.00000000,0.00000000,-0.40256906,2.17000008,1.24803066,1.56409216,1.54214132,0.00000000,0.00000000
0.57601565,-2.05570030,-1.38512826,-1.62522221,-0.90047032,0.00000000,0.00000000,-0.42578945,2.17000008,1.27205086,1.50314116,1.49207807,0.00000000,0.00000000
0.51907414,-2.05432630,-1.37316465,-1.64041519,-0.91595757,0.00000000,0.00000000,-0.44596118,2.17000008,1.29926550,1.44732249,1.43245530,0.00000000,0.00000000
0.45949471,-2.05895805,-1.35431266,-1.68509483,-0.93598527,0.00000000,0.00000000,-0.47392124,2.17000008,1.32227242,1.41218305,1.38592339,0.00000000,0.00000000
0.40807688,-2.06728864,-1.33024681,-1.75343287,-0.96562392,0.00000000,0.00000000,-0.51491481,2.17000008,1.33992016,1.40147638,1.34583116,0.00000000,0.00000000
0.36627078,-2.07640839,-1.30716264,-1.82527542,-0.99778086,0.00000000,0.00000000,-0.56173480,2.17000008,1.35374594,1.41059649,1.31317759,0.00000000,0.00000000
0.33841479,-2.08391404,-1.28803527,-1.88018429,-1.02619541,0.00000000,0.00000000,-0.60177988,2.17000008,1.36868739,1.42293799,1.28738260,0.00000000,0.00000000
0.32376531,-2.08872795,-1.27502608,-1.91391766,-1.06597447,0.00000000,0.00000000,-0.63040817,2.17000008,1.38479090,1.42983878,1.26919556,0.00000000,0.00000000
0.32258934,-2.09097147,-1.26807785,-1.92553401,-1.08914137,0.00000000,0.00000000,-0.64732009,2.17000008,1.40017164,1.42815852,1.24939930,0.00000000,0.00000000
0.33354452,-2.09165287,-1.26581585,-1.91559899,-1.10592854,0.00000000,0.00000000,-0.65087831,2.17000008,1.41366756,1.41700065,1.24425185,0.00000000,0.00000000
0.35143754,-2.09199286,-1.26725852,-1.88768423,-1.13089740,0.00000000,0.00000000,-0.63821030,2.16999483,1.42498207,1.39728498,1.24871802,0.00000000,0.00000000
0.37127161,-2.09351540,-1.27158308,-1.84565330,-1.16211760,0.00000000,0.00000000,-0.60783917,2.16968846,1.43425226,1.37003338,1.25830805,0.00000000,0.00000000
0.39325598,-2.09647727,-1.27802658,-1.79019499,-1.18151045,0.00000000,0.00000000,-0.56317550,2.16622448,1.44016063,1.33592296,1.26968491,0.00000000,0.00000000
0.41960636,-2.10007143,-1.28610158,-1.72310984,-1.19758308,0.00000000,0.00000000,-0.51029032,2.15903902,1.43585813,1.30340827,1.28291070,0.00000000,0.00000000
0.44911292,-2.10467744,-1.29430068,-1.65987372,-1.21998012,0.00000000,0.00000000,-0.45377803,2.15959573,1.41291940,1.29274952,1.30130088,0.00000000,0.00000000
0.48822409,-2.10644817,-1.30382931,-1.61748242,-1.24590242,0.00000000,0.00000000,-0.40518069,2.16492796,1.37803948,1.30959606,1.30603397,0.00000000,0.00000000
0.53688282,-2.10309482,-1.31701910,-1.59774947,-1.27137458,0.00000000,0.00000000,-0.36840227,2.16845989,1.33863842,1.35379207,1.31807482,0.00000000,0.00000000
0.58558869,-2.09704280,-1.33413112,-1.59159410,-1.30487692,0.00000000,0.00000000,-0.34139505,2.16973782,1.29854560,1.41908336,1.33237493,0.00000000,0.00000000
0.62888533,-2.08932590,-1.35444236,-1.58781207,-1.32574451,0.00000000,0.00000000,-0.32538646,2.16998625,1.26594460,1.48092532,1.35040867,0.00000000,0.00000000
0.66256946,-2.08217359,-1.37295175,-1.58621919,-1.34059799,0.00000000,0.00000000,-0.32059965,2.17000008,1.24208689,1.52792859,1.36058342,0.00000000,0.00000000
0.68371743,-2.07557344,-1.38645697,-1.58802223,-1.35634577,0.00000000,0.00000000,-0.32872877,2.17000008,1.22512162,1.55594754,1.35866809,0.00000000,0.00000000
0.69033664,-2.06807733,-1.39356589,-1.59236670,-1.35968578,0.00000000,0.00000000,-0.34642583,2.17000008,1.21467268,1.56442916,1.36032057,0.00000000,0.00000000
0.68066484,-2.05984473,-1.39371681,-1.59802401,-1.36660433,0.00000000,0.00000000,-0.36721018,2.17000008,1.21252108,1.55465901,1.35540080,0.00000000,0.00000000
0.65426385,-2.05257320,-1.38732386,-1.60375106,-1.39172924,0.00000000,0.00000000,-0.38698032,2.17000008,1.22097564,1.52715445,1.33604848,0.00000000,0.00000000
0.61289555,-2.04801631,-1.37543988,-1.61019719,-1.41175818,0.00000000,0.00000000,-0.40445536,2.17000008,1.24170220,1.48271978,1.31522334,0.00000000,0.00000000
0.55725968,-2.04734182,-1.36022997,-1.62285757,-1.42015922,0.00000000,0.00000000,-0.42265871,2.17000008,1.26998138,1.42914808,1.30200791,0.00000000,0.00000000
0.48737377,-2.05205154,-1.34303176,-1.65495503,-1.42742157,0.00000000,0.00000000,-0.45189485,2.17000008,1.29172337,1.38542044,1.28436315,0.00000000,0.00000000
0.41556433,-2.05934048,-1.32460868,-1.71431994,-1.42394900,0.00000000,0.00000000,-0.49229592,2.17000008,1.31042933,1.36211419,1.26895380,0.00000000,0.00000000
0.35720262,-2.06639576,-1.30344343,-1.78730822,-1.41568017,0.00000000,0.00000000,-0.54204595,2.17000008,1.32868898,1.35798585,1.24642086,0.00000000,0.00000000
0.31466115,-2.07189178,-1.28214085,-1.85362399,-1.40713894,0.00000000,0.00000000,-0.59093142,2.17000008,1.34592390,1.36796367,1.23506784,0.00000000,0.00000000
0.28158152,-2.07519269,-1.26739955,-1.90546095,-1.39804888,0.00000000,0.00000000,-0.63003081,2.17000008,1.36287212,1.37669444,1.22563899,0.00000000,0.00000000
0.26267919,-2.07562399,-1.25964570,-1.93583405,-1.37591839,0.00000000,0.00000000,-0.65808219,2.17000008,1.37766707,1.37800753,1.21057737,0.00000000,0.00000000
0.26047626,-2.07346535,-1.25708437,-1.94242907,-1.35984039,0.00000000,0.00000000,-0.67286903,2.17000008,1.38916683,1.37263882,1.19823384,0.00000000,0.00000000
0.27206352,-2.06963778,-1.25846004,-1.92743886,-1.34924185,0.00000000,0.00000000,-0.67117631,2.17000008,1.39682198,1.36242545,1.18191683,0.00000000,0.00000000
0.29263163,-2.06570792,-1.26199818,-1.89466143,-1.33476245,0.00000000,0.00000000,-0.64911574,2.17000008,1.40105295,1.35028446,1.16507387,0.00000000,0.00000000
0.31972668,-2.06293154,-1.26634610,-1.84600699,-1.33301032,0.00000000,0.00000000,-0.60591525,2.16996288,1.40398955,1.33778238,1.13861406,0.00000000,0.00000000
0.35352838,-2.06132865,-1.27207220,-1.78166378,-1.33095384,0.00000000,0.00000000,-0.54623777,2.16946149,1.40503371,1.32603753,1.11273825,0.00000000,0.00000000
0.39416641,-2.06010175,-1.28008151,-1.71149445,-1.31735289,0.00000000,0.00000000,-0.47921324,2.16862130,1.39876437,1.32351494,1.08544111,0.00000000,0.00000000
0.44178629,-2.05896640,-1.28901374,-1.66156769,-1.30720699,0.00000000,0.00000000,-0.41796535,2.16908264,1.38255322,1.34478521,1.05883300,0.00000000,0.00000000
0.49398881,-2.05637360,-1.30124736,-1.63766265,-1.29604137,0.00000000,0.00000000,-0.36692795,2.16934276,1.35919583,1.39467204,1.02592576,0.00000000,0.00000000
0.54458612,-2.05466199,-1.31611860,-1.62862766,-1.28533912,0.00000000,0.00000000,-0.32537743,2.16976690,1.33132815,1.46522558,0.99164194,0.00000000,0.00000000
0.59280485,-2.05419540,-1.33216250,-1.61892819,-1.27666140,0.00000000,0.00000000,-0.29339737,2.16998434,1.30798745,1.53111637,0.95611900,0.00000000,0.00000000
0.63400227,-2.05518818,-1.34755325,-1.60692620,-1.26454949,0.00000000,0.00000000,-0.27500924,2.17000008,1.29318106,1.57838285,0.92967570,0.00000000,0.00000000
0.66283381,-2.05692410,-1.35958588,-1.59441352,-1.25057411,0.00000000,0.00000000,-0.27428940,2.17000008,1.28463185,1.60226524,0.90452820,0.00000000,0.00000000
0.67490256,-2.05702972,-1.36701632,-1.58242571,-1.23367214,0.00000000,0.00000000,-0.29072636,2.17000008,1.28015101,1.60148466,0.87104952,0.00000000,0.00000000
0.66766781,-2.05433035,-1.36941588,-1.57202601,-1.22308552,0.00000000,0.00000000,-0.31971136,2.17000008,1.27985966,1.57756317,0.84194762,0.00000000,0.00000000
0.64037591,-2.05048680,-1.36626029,-1.56467831,-1.20308781,0.00000000,0.00000000,-0.35371801,2.17000008,1.28534961,1.53472531,0.80683339,0.00000000,0.00000000
0.59402627,-2.04844451,-1.35785115,-1.56163549,-1.16851676,0.00000000,0.00000000,-0.38425931,2.17000008,1.29891253,1.47935569,0.77787042,0.00000000,0.00000000
0.53023887,-2.04939771,-1.34659433,-1.56432366,-1.14055741,0.00000000,0.00000000,-0.40794665,2.17000008,1.32020092,1.41728222,0.75246948,0.00000000,0.00000000
0.45120040,-2.05327725,-1.33430862,-1.58087504,-1.10335553,0.00000000,0.00000000,-0.42879316,2.17000008,1.34205830,1.35900295,0.72674495,0.00000000,0.00000000
0.36519444,-2.06016445,-1.32014370,-1.62688994,-1.05799592,0.00000000,0.00000000,-0.45241329,2.17000008,1.36006403,1.32445574,0.70649803,0.00000000,0.00000000
0.28169411,-2.06825399,-1.30466950,-1.70316267,-1.02410579,0.00000000,0.00000000,-0.48529577,2.17000008,1.37405097,1.31693232,0.69228631,0.00000000,0.00000000
0.21563992,-2.07680583,-1.28450906,-1.78986418,-0.99275708,0.00000000,0.00000000,-0.52598655,2.17000008,1.38400984,1.32925832,0.68329561,0.00000000,0.00000000
0.17070258,-2.08343339,-1.26419997,-1.86082196,-0.95781195,0.00000000,0.00000000,-0.56296271,2.17000008,1.39364445,1.34564626,0.67481565,0.00000000,0.00000000
0.14396012,-2.08688688,-1.25039375,-1.90784967,-0.92268354,0.00000000,0.00000000,-0.59142655,2.17000008,1.40402961,1.35728002,0.66925639,0.00000000,0.00000000
0.13841780,-2.08750296,-1.24295568,-1.92795646,-0.89704961,0.00000000,0.00000000,-0.60901165,2.17000008,1.41528392,1.36084187,0.67814952,0.00000000,0.00000000
0.15531003,-2.08606625,-1.23952854,-1.92043698,-0.87653953,0.00000000,0.00000000,-0.61272794,2.17000008,1.42690933,1.35542405,0.69395810,0.00000000,0.00000000
0.19170192,-2.08344078,-1.23825371,-1.88767898,-0.86791199,0.00000000,0.00000000,-0.60021347,2.16992855,1.43734038,1.34207940,0.70101851,0.00000000,0.00000000
0.23977287,-2.08072376,-1.23925316,-1.83542979,-0.86284500,0.00000000,0.00000000,-0.57093441,2.16868806,1.44428408,1.32335496,0.70993006,0.00000000,0.00000000
0.29353115,-2.07905388,-1.24236739,-1.76872778,-0.86403948,0.00000000,0.00000000,-0.52549779,2.16313004,1.44661450,1.30395555,0.71258014,0.00000000,0.00000000
0.35089776,-2.07853174,-1.24786079,-1.69712710,-0.87763870,0.00000000,0.00000000,-0.46704999,2.15460873,1.44154370,1.29485953,0.71301508,0.00000000,0.00000000
0.40850124,-2.07781649,-1.25852883,-1.64459693,-0.89294797,0.00000000,0.00000000,-0.40297076,2.15176654,1.42536891,1.31384432,0.70770997,0.00000000,0.00000000
0.46703362,-2.07705569,-1.27351964,-1.62234390,-0.90360832,0.00000000,0.00000000,-0.34294716,2.15360165,1.40158129,1.36407888,0.70811474,0.00000000,0.00000000
0.52581245,-2.07417464,-1.29681611,-1.62044978,-0.92217809,0.00000000,0.00000000,-0.29477972,2.15881824,1.37047017,1.43765140,0.70226258,0.00000000,0.00000000
0.58260256,-2.07465982,-1.32143140,-1.62141597,-0.93958700,0.00000000,0.00000000,-0.26725030,2.16678143,1.33106601,1.51277709,0.68916357,0.00000000,0.00000000
0.63358021,-2.07914901,-1.34471834,-1.61996162,-0.94466358,0.00000000,0.00000000,-0.25399837,2.16979432,1.29683399,1.57438242,0.67714381,0.00000000,0.00000000
0.67400062,-2.08456922,-1.36522043,-1.61704123,-0.93837804,0.00000000,0.00000000,-0.25649923,2.17000008,1.27042484,1.61484993,0.65093482,0.00000000,0.00000000
0.70094913,-2.08695316,-1.38141155,-1.61321974,-0.94100153,0.00000000,0.00000000,-0.27511096,2.17000008,1.25068796,1.63187480,0.62967861,0.00000000,0.00000000
0.71253163,-2.08448529,-1.39209449,-1.60944903,-0.95370370,0.00000000,0.00000000,-0.30445525,2.17000008,1.23918533,1.62602723,0.61108094,0.00000000,0.00000000
0.70650131,-2.07857895,-1.39643109,-1.60734868,-0.96395516,0.00000000,0.00000000,-0.33742967,2.17000008,1.23767447,1.59917986,0.58655107,0.00000000,0.00000000
0.68232095,-2.07205391,-1.39419723,-1.60802865,-0.96668983,0.00000000,0.00000000,-0.36790258,2.17000008,1.24847722,1.55398345,0.55756277,0.00000000,0.00000000
0.64178854,-2.06725383,-1.38572061,-1.61282277,-0.95381147,0.00000000,0.00000000,-0.39469969,2.17000008,1.27224207,1.49249947,0.53250456,0.00000000,0.00000000
0.58709711,-2.06539941,-1.37300205,-1.63027883,-0.94781452,0.00000000,0.00000000,-0.42087609,2.17000008,1.30478787,1.42512941,0.50423932,0.00000000,0.00000000
0.52303296,-2.06590247,-1.35955644,-1.67701709,-0.93877119,0.00000000,0.00000000,-0.45117068,2.17000008,1.33728027,1.37690830,0.47298467,0.00000000,0.00000000
0.46083242,-2.06803465,-1.34514964,-1.75119007,-0.92647195,0.00000000,0.00000000,-0.49284130,2.17000008,1.36518335,1.35335898,0.43980387,0.00000000,0.00000000
0.40690073,-2.07076573,-1.33221364,-1.83454466,-0.91932368,0.00000000,0.00000000,-0.54476488,2.17000008,1.38574004,1.34913957,0.40717980,0.00000000,0.00000000
0.36678410,-2.07326174,-1.32227135,-1.90366673,-0.92019349,0.00000000,0.00000000,-0.59060931,2.17000008,1.40507412,1.35634899,0.36196861,0.00000000,0.00000000
0.34093633,-2.07477093,-1.31663764,-1.95178795,-0.91711223,0.00000000,0.00000000,-0.62666667,2.17000008,1.42393577,1.36326110,0.32156217,0.00000000,0.00000000
0.33109975,-2.07405448,-1.31555569,-1.97659171,-0.92662805,0.00000000,0.00000000,-0.65276843,2.17000008,1.43940413,1.36528397,0.29221052,0.00000000,0.00000000
0.33802554,-2.07112098,-1.31751192,-1.97709656,-0.94349647,0.00000000,0.00000000,-0.66623926,2.17000008,1.45133996,1.36156738,0.26560113,0.00000000,0.00000000
0.35784006,-2.06713867,-1.32043552,-1.95621920,-0.96055937,0.00000000,0.00000000,-0.66274422,2.17000008,1.46086085,1.35317218,0.24639557,0.00000000,0.00000000
0.38477460,-2.06314707,-1.32306719,-1.91841972,-0.98916459,0.00000000,0.00000000,-0.63892871,2.16972804,1.46829832,1.34196579,0.22288463,0.00000000,0.00000000
0.41494256,-2.05972910,-1.32511389,-1.86700439,-1.01575840,0.00000000,0.00000000,-0.59504831,2.16562176,1.47378170,1.32875347,0.20181373,0.00000000,0.00000000
0.44672668,-2.05803180,-1.32638264,-1.80544794,-1.04486918,0.00000000,0.00000000,-0.53638381,2.15339088,1.47370124,1.31560385,0.19133508,0.00000000,0.00000000
0.47815454,-2.05904269,-1.32736516,-1.74721527,-1.07785964,0.00000000,0.00000000,-0.47167891,2.14354491,1.45995557,1.31266630,0.17947984,0.00000000,0.00000000
0.50913095,-2.06204033,-1.32837296,-1.71699560,-1.11535084,0.00000000,0.00000000,-0.41053602,2.14361620,1.43182027,1.33515704,0.16898642,0.00000000,0.00000000
0.54041642,-2.06403804,-1.33374786,-1.71371734,-1.14680004,0.00000000,0.00000000,-0.35804096,2.15023065,1.39584327,1.38572431,0.14524120,0.00000000,0.00000000
0.56947488,-2.06483006,-1.34525812,-1.71535015,-1.18366849,0.00000000,0.00000000,-0.31109479,2.16062880,1.35614657,1.45582354,0.12859216,0.00000000,0.00000000
0.59556502,-2.06647277,-1.35830963,-1.71220505,-1.21832585,0.00000000,0.00000000,-0.27520418,2.16794777,1.31986403,1.52076674,0.11818159,0.00000000,0.00000000
0.61639708,-2.06878114,-1.37088358,-1.70261967,-1.25135970,0.00000000,0.00000000,-0.25637078,2.16988063,1.29155409,1.56733429,0.09067865,0.00000000,0.00000000
0.62921107,-2.06962347,-1.38212526,-1.68573725,-1.27625775,0.00000000,0.00000000,-0.25618365,2.17000008,1.27086341,1.59243357,0.07830292,0.00000000,0.00000000
0.63193518,-2.06685472,-1.39028013,-1.66221499,-1.31191456,0.00000000,0.00000000,-0.27235991,2.17000008,1.25692546,1.59537768,0.06861842,0.00000000,0.00000000
0.62215418,-2.06076479,-1.39305782,-1.63533020,-1.33626378,0.00000000,0.00000000,-0.29865780,2.17000008,1.25043654,1.57751906,0.05304104,0.00000000,0.00000000
0.59768009,-2.05401516,-1.38900268,-1.60934663,-1.37064600,0.00000000,0.00000000,-0.32528508,2.17000008,1.25495267,1.54261768,0.04620856,0.00000000,0.00000000
0.55923218,-2.04806161,-1.37993848,-1.58553636,-1.41867328,0.00000000,0.00000000,-0.34707084,2.17000008,1.27395630,1.49358892,0.03914953,0.00000000,0.00000000
0.50747895,-2.04557657,-1.36582851,-1.57070565,-1.46053898,0.00000000,0.00000000,-0.36897060,2.17000008,1.29944265,1.43583775,0.03360561,0.00000000,0.00000000
0.44169039,-2.04795718,-1.34828901,-1.58192754,-1.50287020,0.00000000,0.00000000,-0.38984922,2.17000008,1.32343817,1.39196467,0.03077170,0.00000000,0.00000000
0.37568367,-2.05444336,-1.32621169,-1.62433338,-1.55232167,0.00000000,0.00000000,-0.41620734,2.17000008,1.34250903,1.37428975,0.01770088,0.00000000,0.00000000
0.31915876,-2.06459522,-1.29900205,-1.69028699,-1.60988164,0.00000000,0.00000000,-0.45024449,2.17000008,1.35628927,1.38103950,0.00952622,0.00000000,0.00000000
0.27203616,-2.07586241,-1.27280784,-1.76171398,-1.66758716,0.00000000,0.00000000,-0.49521092,2.17000008,1.36623609,1.39283299,0.00725123,0.00000000,0.00000000
0.23923399,-2.08494115,-1.25188565,-1.81668043,-1.72391558,0.00000000,0.00000000,-0.53206980,2.17000008,1.37648714,1.40474617,0.01709696,0.00000000,0.00000000
0.22397451,-2.09003091,-1.23794067,-1.84721708,-1.75365543,0.00000000,0.00000000,-0.55730677,2.17000008,1.38731503,1.41012228,0.02348731,0.00000000,0.00000000
0.22756597,-2.09160948,-1.22931457,-1.85225880,-1.78449941,0.00000000,0.00000000,-0.57124889,2.17000008,1.39631283,1.40461087,0.03685709,0.00000000,0.00000000
0.24718942,-2.09100604,-1.22391391,-1.83414590,-1.80160034,0.00000000,0.00000000,-0.57032984,2.16991472,1.40276003,1.38842595,0.05633676,0.00000000,0.00000000
0.27582136,-2.08997536,-1.22088206,-1.79828346,-1.81626880,0.00000000,0.00000000,-0.55296814,2.16844559,1.40636480,1.36309659,0.07424028,0.00000000,0.00000000
0.30816993,-2.08907866,-1.22109067,-1.74864686,-1.82251942,0.00000000,0.00000000,-0.52196670,2.16192102,1.40670300,1.33128524,0.09655561,0.00000000,0.00000000
0.34214473,-2.08859658,-1.22509706,-1.69162118,-1.83361387,0.00000000,0.00000000,-0.47925913,2.15176988,1.40052164,1.30342066,0.11263875,0.00000000,0.00000000
0.37554592,-2.08943653,-1.23139012,-1.64634252,-1.82621038,0.00000000,0.00000000,-0.42469424,2.14814568,1.38293028,1.29978609,0.12208642,0.00000000,0.00000000
0.41050661,-2.09099412,-1.23892140,-1.62937462,-1.81765687,0.00000000,0.00000000,-0.37276265,2.15141439,1.35517299,1.32599020,0.13803160,0.00000000,0.00000000
0.44515395,-2.09177709,-1.25151765,-1.63781989,-1.80393791,0.00000000,0.00000000,-0.33098674,2.15861034,1.31999373,1.38002014,0.14754771,0.00000000,0.00000000
0.48083046,-2.09136844,-1.27010489,-1.64746737,-1.78917480,0.00000000,0.00000000,-0.29605415,2.16690874,1.28194773,1.45333707,0.15314001,0.00000000,0.00000000
0.51656336,-2.09185386,-1.29095066,-1.64999986,-1.76022458,0.00000000,0.00000000,-0.27299586,2.16980577,1.25077927,1.51872993,0.16477764,0.00000000,0.00000000
0.54830492,-2.09333158,-1.31134093,-1.64622176,-1.73189294,0.00000000,0.00000000,-0.26435578,2.17000008,1.23134208,1.56384778,0.16981146,0.00000000,0.00000000
0.57249153,-2.09356809,-1.32934999,-1.63694417,-1.70033026,0.00000000,0.00000000,-0.27097008,2.17000008,1.22299397,1.58578157,0.17921373,0.00000000,0.00000000
0.58654428,-2.09027386,-1.34300828,-1.62330222,-1.66101933,0.00000000,0.00000000,-0.29121056,2.17000008,1.22393119,1.58370674,0.18956044,0.00000000,0.00000000
0.58737415,-2.08343720,-1.35047138,-1.60863960,-1.64947414,0.00000000,0.00000000,-0.31891587,2.17000008,1.23309159,1.56029832,0.18999000,0.00000000,0.00000000
0.57276410,-2.07473063,-1.35096180,-1.59609938,-1.63143086,0.00000000,0.00000000,-0.34655669,2.17000008,1.25145721,1.51981330,0.18086168,0.00000000,0.00000000
0.54365540,-2.06571794,-1.34519291,-1.58689094,-1.63380790,0.00000000,0.00000000,-0.37354010,2.17000008,1.27896464,1.46368217,0.18120378,0.00000000,0.00000000
0.50044119,-2.05817318,-1.33521318,-1.58538449,-1.64755130,0.00000000,0.00000000,-0.40259042,2.17000008,1.31136119,1.39814389,0.17886735,0.00000000,0.00000000
0.44347194,-2.05512476,-1.32187593,-1.60429609,-1.66106772,0.00000000,0.00000000,-0.43166715,2.17000008,1.34306014,1.34466875,0.17453164,0.00000000,0.00000000
0.38262054,-2.05659986,-1.30519748,-1.65452707,-1.67197740,0.00000000,0.00000000,-0.47168964,2.17000008,1.36875451,1.31277990,0.18453191,0.00000000,0.00000000
0.32506266,-2.06124663,-1.28664660,-1.73130965,-1.68584454,0.00000000,0.00000000,-0.52289456,2.17000008,1.38945341,1.30309892,0.19136414,0.00000000,0.00000000
0.27241105,-2.06736755,-1.27044725,-1.81669581,-1.69342315,0.00000000,0.00000000,-0.57038814,2.17000008,1.41193187,1.31075799,0.19711977,0.00000000,0.00000000
0.22904706,-2.07305670,-1.25944030,-1.88979459,-1.70150995,0.00000000,0.00000000,-0.60985613,2.17000008,1.43212843,1.32063627,0.21364309,0.00000000,0.00000000
0.20233296,-2.07624149,-1.25413072,-1.93913186,-1.69768119,0.00000000,0.00000000,-0.64030784,2.17000008,1.44863439,1.32479024,0.22871459,0.00000000,0.00000000
0.19682299,-2.07701325,-1.25212026,-1.96115935,-1.69667268,0.00000000,0.00000000,-0.65910947,2.17000008,1.46172726,1.32187855,0.23173778,0.00000000,0.00000000
0.21132238,-2.07622576,-1.25112045,-1.95676994,-1.68643069,0.00000000,0.00000000,-0.66253054,2.17000008,1.47185075,1.31295586,0.22770466,0.00000000,0.00000000
0.23894741,-2.07535625,-1.25029826,-1.93067157,-1.68721831,0.00000000,0.00000000,-0.64683682,2.16991210,1.47976863,1.30081725,0.21436980,0.00000000,0.00000000
0.27451786,-2.07521129,-1.24948359,-1.88657260,-1.69527256,0.00000000,0.00000000,-0.61091268,2.16859508,1.48572147,1.28913510,0.20515321,0.00000000,0.00000000
0.31829461,-2.07462549,-1.24922037,-1.82524729,-1.69080949,0.00000000,0.00000000,-0.55622786,2.16477084,1.48713648,1.28425312,0.19780746,0.00000000,0.00000000
0.36956459,-2.07267165,-1.25058627,-1.75747311,-1.69553542,0.00000000,0.00000000,-0.48752949,2.16211939,1.47876203,1.29833627,0.19171055,0.00000000,0.00000000
0.42316952,-2.07013631,-1.25498629,-1.71206129,-1.68792152,0.00000000,0.00000000,-0.42268753,2.16315126,1.45878005,1.33857429,0.19491014,0.00000000,0.00000000
0.48147681,-2.06561136,-1.26357436,-1.69242024,-1.68251264,0.00000000,0.00000000,-0.37037206,2.16613960,1.42894781,1.40543926,0.20006029,0.00000000,0.00000000
0.53891492,-2.06140685,-1.27616763,-1.68562651,-1.67210245,0.00000000,0.00000000,-0.32977384,2.16900969,1.39150465,1.49056613,0.20088705,0.00000000,0.00000000
0.59255934,-2.05901814,-1.29132593,-1.67781687,-1.66213953,0.00000000,0.00000000,-0.30184442,2.16993904,1.35450554,1.56780303,0.20085563,0.00000000,0.00000000
0.63949847,-2.05848384,-1.30835366,-1.66537726,-1.64861310,0.00000000,0.00000000,-0.28618249,2.17000008,1.32801771,1.62544072,0.20167591,0.00000000,0.00000000
0.67643881,-2.05942822,-1.32469308,-1.64904213,-1.62654996,0.00000000,0.00000000,-0.28644958,2.17000008,1.31152976,1.65861630,0.20741747,0.00000000,0.00000000
0.70042866,-2.06095362,-1.33721757,-1.63129056,-1.60337245,0.00000000,0.00000000,-0.30380744,2.17000008,1.30202544,1.66541445,0.20450149,0.00000000,0.00000000
0.70800763,-2.06184578,-1.34463525,-1.61635745,-1.59476578,0.00000000,0.00000000,-0.33354551,2.17000008,1.30049491,1.64758050,0.20029891,0.00000000,0.00000000
0.69599718,-2.06167483,-1.34723318,-1.60801196,-1.58703554,0.00000000,0.00000000,-0.36897042,2.17000008,1.30917549,1.60847712,0.19460420,0.00000000,0.00000000
0.66349751,-2.06021476,-1.34651041,-1.60826886,-1.58834803,0.00000000,0.00000000,-0.40675130,2.17000008,1.32799232,1.55120850,0.20334472,0.00000000,0.00000000
0.61049938,-2.05843353,-1.34434319,-1.62187088,-1.57800901,0.00000000,0.00000000,-0.44391611,2.17000008,1.35456717,1.48365033,0.21792524,0.00000000,0.00000000
0.53911155,-2.05957055,-1.33984077,-1.66079497,-1.56034732,0.00000000,0.00000000,-0.47570390,2.17000008,1.38427806,1.42591619,0.23372251,0.00000000,0.00000000
0.46292639,-2.06412482,-1.33121789,-1.73050582,-1.54123688,0.00000000,0.00000000,-0.51244467,2.17000008,1.40704381,1.39259768,0.24600044,0.00000000,0.00000000
0.39844522,-2.07158017,-1.31555927,-1.81409740,-1.51929474,0.00000000,0.00000000,-0.55541104,2.17000008,1.42318451,1.38158309,0.26371729,0.00000000,0.00000000
0.35053140,-2.07915378,-1.29829240,-1.88544559,-1.49950552,0.00000000,0.00000000,-0.59627014,2.17000008,1.43652797,1.37693608,0.27626625,0.00000000,0.00000000
0.31809315,-2.08538342,-1.28424144,-1.93615162,-1.46605706,0.00000000,0.00000000,-0.62971306,2.17000008,1.44808793,1.37150443,0.29146075,0.00000000,0.00000000
0.30438417,-2.08913827,-1.27298808,-1.96273816,-1.43003643,0.00000000,0.00000000,-0.65308613,2.17000008,1.45659363,1.36292756,0.30652505,0.00000000,0.00000000
0.31119582,-2.08946967,-1.26357555,-1.96333659,-1.40494037,0.00000000,0.00000000,-0.66424400,2.17000008,1.46130824,1.34923625,0.31722334,0.00000000,0.00000000
0.33421704,-2.08652020,-1.25628901,-1.94064951,-1.38332021,0.00000000,0.00000000,-0.65990931,2.16996050,1.46347761,1.33062112,0.33519703,0.00000000,0.00000000
0.36669171,-2.08143115,-1.25187099,-1.89943290,-1.37264407,0.00000000,0.00000000,-0.63772315,2.16918421,1.46406639,1.30873966,0.33162421,0.00000000,0.00000000
0.40412807,-2.07519031,-1.25209403,-1.84292114,-1.35953593,0.00000000,0.00000000,-0.59841692,2.16467357,1.46297276,1.28526199,0.32793462,0.00000000,0.00000000
0.44475898,-2.06837487,-1.25877917,-1.77374744,-1.34273100,0.00000000,0.00000000,-0.54397839,2.15512729,1.45782149,1.26512754,0.32411119,0.00000000,0.00000000
0.48710015,-2.06183934,-1.27178240,-1.70480132,-1.32360649,0.00000000,0.00000000,-0.47927728,2.14843082,1.44370043,1.26007879,0.33269161,0.00000000,0.00000000
0.53233474,-2.05609727,-1.28930473,-1.66087067,-1.29087365,0.00000000,0.00000000,-0.41946998,2.14815402,1.41952312,1.28004479,0.33056873,0.00000000,0.00000000
0.58018482,-2.05039120,-1.31234241,-1.64474344,-1.25989473,0.00000000,0.00000000,-0.37061056,2.15215230,1.38843679,1.32697129,0.33000088,0.00000000,0.00000000
0.62624276,-2.04730368,-1.33852053,-1.64310193,-1.15870929,0.00000000,0.00000000,-0.33089724,2.16001773,1.35241699,1.39588118,0.30264336,0.00000000,0.00000000
0.67015815,-2.04740930,-1.36510646,-1.64232183,-1.05825162,0.00000000,0.00000000,-0.29583177,2.16629863,1.32054937,1.47009873,0.28613466,0.00000000,0.00000000
0.70875221,-2.05118608,-1.38975501,-1.64122403,-0.95829886,0.00000000,0.00000000,-0.27364168,2.16925669,1.29518604,1.52958298,0.26297408,0.00000000,0.00000000
0.73921150,-2.05749202,-1.41029191,-1.64040375,-0.86118013,0.00000000,0.00000000,-0.26751277,2.16995764,1.27574825,1.56828177,0.23878071,0.00000000,0.00000000
0.76052171,-2.06366110,-1.42519522,-1.63916099,-0.76834172,0.00000000,0.00000000,-0.27482295,2.17000008,1.26142859,1.58683360,0.20742543,0.00000000,0.00000000
0.77181917,-2.06727147,-1.43332589,-1.63787830,-0.68296832,0.00000000,0.00000000,-0.28576419,2.17000008,1.25287318,1.59122825,0.17950012,0.00000000,0.00000000
