l_joint1,l_joint2,l_joint3,l_joint4,l_joint5,l_joint6,l_joint7,r_joint1,r_joint2,r_joint3,r_joint4,r_joint5,r_joint6,r_joint7
0.07096146,-1.67610478,0.56252497,0.48038408,0.01697502,0.00000000,0.00000000,-3.00999999,-0.07576511,-0.19548988,0.35180825,-0.03467333,0.00000000,0.00000000
0.07056093,-1.67951071,0.56368649,0.48226020,0.02941450,0.00000000,0.00000000,-3.00999999,-0.07954179,-0.19619660,0.35334855,-0.03744037,0.00000000,0.00000000
0.06974366,-1.68669438,0.56611222,0.48570341,0.04610300,0.00000000,0.00000000,-3.00999999,-0.08731978,-0.19752879,0.35602173,-0.03595891,0.00000000,0.00000000
0.06842102,-1.69828439,0.57004130,0.49051359,0.06277721,0.00000000,0.00000000,-3.00999999,-0.09940022,-0.19933514,0.35937503,-0.03475003,0.00000000,0.00000000
0.06642983,-1.71451533,0.57568341,0.49657544,0.08238816,0.00000000,0.00000000,-3.00999999,-0.11548170,-0.20129080,0.36286414,-0.04187667,0.00000000,0.00000000
0.06332833,-1.73520947,0.58324200,0.50386840,0.10972212,0.00000000,0.00000000,-3.00999999,-0.13529181,-0.20294173,0.36544734,-0.05034595,0.00000000,0.00000000
0.05810839,-1.76016259,0.59300202,0.51230955,0.12909743,0.00000000,0.00000000,-3.00999999,-0.15959360,-0.20380633,0.36518991,-0.05953129,0.00000000,0.00000000
0.04920012,-1.78977025,0.60532463,0.52130872,0.14202835,0.00000000,0.00000000,-3.00999999,-0.18897653,-0.20341572,0.36024979,-0.06174640,0.00000000,0.00000000
0.03562613,-1.82509387,0.62010700,0.52900606,0.16104338,0.00000000,0.00000000,-3.00991225,-0.22336869,-0.20125441,0.34919396,-0.05671679,0.00000000,0.00000000
0.01831678,-1.86641324,0.63597089,0.53226411,0.18827774,0.00000000,0.00000000,-3.00838184,-0.26297611,-0.19695811,0.33064646,-0.04309829,0.00000000,0.00000000
0.00056103,-1.91265547,0.65018940,0.52710915,0.21520454,0.00000000,0.00000000,-3.00105882,-0.30785787,-0.19030240,0.30373022,-0.03087348,0.00000000,0.00000000
-0.01464066,-1.96183109,0.66013724,0.51046622,0.24991229,0.00000000,0.00000000,-2.98417783,-0.35751304,-0.18097506,0.26832822,-0.02078179,0.00000000,0.00000000
-0.02621890,-2.01139331,0.66427630,0.48117530,0.28042412,0.00000000,0.00000000,-2.95858932,-0.41094607,-0.16868986,0.22508737,-0.02353782,0.00000000,0.00000000
-0.03408607,-2.05812860,0.66188896,0.43972102,0.30012515,0.00000000,0.00000000,-2.92686343,-0.46678704,-0.15343189,0.17532505,-0.00698085,0.00000000,0.00000000
-0.03846326,-2.09906697,0.65293705,0.38747683,0.32346404,0.00000000,0.00000000,-2.89128017,-0.52332681,-0.13552508,0.12095562,0.00933675,0.00000000,0.00000000
-0.04002099,-2.13162255,0.63801485,0.32643944,0.34335276,0.00000000,0.00000000,-2.85386157,-0.57916421,-0.11559495,0.06421949,0.02026566,0.00000000,0.00000000
-0.04019585,-2.15266991,0.61800343,0.25981674,0.35915816,0.00000000,0.00000000,-2.81745148,-0.63336831,-0.09441064,0.00763874,0.03103357,0.00000000,0.00000000
-0.04041230,-2.16322136,0.59400153,0.19121237,0.36447448,0.00000000,0.00000000,-2.78395319,-0.68494874,-0.07288624,-0.04586715,0.05312155,0.00000000,0.00000000
-0.03838102,-2.16846037,0.56682396,0.12439029,0.37700048,0.00000000,0.00000000,-2.75503016,-0.73243386,-0.05192732,-0.09290411,0.07421165,0.00000000,0.00000000
-0.03579080,-2.16990757,0.53755820,0.06642074,0.40649551,0.00000000,0.00000000,-2.73149991,-0.77357584,-0.03221406,-0.12993346,0.08657461,0.00000000,0.00000000
-0.03694057,-2.17000008,0.50743347,0.02183510,0.44121668,0.00000000,0.00000000,-2.71098852,-0.80340070,-0.01385269,-0.15322636,0.09588296,0.00000000,0.00000000
-0.04025844,-2.17000008,0.47717124,-0.00927170,0.47110161,0.00000000,0.00000000,-2.68923903,-0.82257277,0.00359794,-0.16432980,0.10349411,0.00000000,0.00000000
-0.04250604,-2.17000008,0.44722006,-0.02879027,0.48490927,0.00000000,0.00000000,-2.66638088,-0.83837801,0.02036604,-0.16909042,0.11723323,0.00000000,0.00000000
-0.04415461,-2.17000008,0.41783133,-0.03835684,0.49319845,0.00000000,0.00000000,-2.64281082,-0.85258877,0.03665702,-0.16950968,0.14079221,0.00000000,0.00000000
-0.04643361,-2.17000008,0.38904917,-0.04045468,0.50306463,0.00000000,0.00000000,-2.61940694,-0.86471492,0.05260730,-0.16611686,0.16956113,0.00000000,0.00000000
-0.04971347,-2.16996312,0.36080915,-0.03839708,0.51514691,0.00000000,0.00000000,-2.59701443,-0.87490159,0.06831807,-0.15985265,0.20588166,0.00000000,0.00000000
-0.05404093,-2.16940284,0.33303425,-0.03466574,0.50944209,0.00000000,0.00000000,-2.57627439,-0.88356739,0.08386803,-0.15164693,0.23394504,0.00000000,0.00000000
-0.05932206,-2.16764545,0.30567187,-0.03074723,0.50113517,0.00000000,0.00000000,-2.55775857,-0.89109594,0.09930477,-0.14224824,0.26220167,0.00000000,0.00000000
-0.06499795,-2.16533089,0.27868986,-0.02831025,0.48808888,0.00000000,0.00000000,-2.54167819,-0.89761591,0.11468294,-0.13220643,0.28534421,0.00000000,0.00000000
-0.07058089,-2.16230035,0.25208285,-0.02772239,0.48386270,0.00000000,0.00000000,-2.52795172,-0.90321690,0.13005926,-0.12197732,0.31351310,0.00000000,0.00000000
-0.07541759,-2.15901136,0.22586390,-0.02924556,0.47302121,0.00000000,0.00000000,-2.51638818,-0.90791970,0.14548172,-0.11193528,0.34335548,0.00000000,0.00000000
-0.07881016,-2.15622234,0.20005998,-0.03324869,0.44243568,0.00000000,0.00000000,-2.50669289,-0.91170740,0.16098864,-0.10239537,0.38175014,0.00000000,0.00000000
-0.08028141,-2.15408921,0.17471235,-0.03969623,0.39939082,0.00000000,0.00000000,-2.49854374,-0.91461217,0.17660233,-0.09362970,0.42525998,0.00000000,0.00000000
-0.07963015,-2.15258121,0.14987078,-0.04816040,0.35786095,0.00000000,0.00000000,-2.49176598,-0.91673404,0.19232196,-0.08586439,0.46713039,0.00000000,0.00000000
-0.07683905,-2.15183091,0.12558630,-0.05791953,0.31194440,0.00000000,0.00000000,-2.48631859,-0.91816866,0.20812847,-0.07924919,0.51209491,0.00000000,0.00000000
-0.07198412,-2.15204191,0.10190234,-0.06817601,0.29040000,0.00000000,0.00000000,-2.48220229,-0.91901171,0.22399214,-0.07387576,0.53687972,0.00000000,0.00000000
-0.06513485,-2.15344429,0.07884520,-0.07840092,0.27883446,0.00000000,0.00000000,-2.47939110,-0.91941243,0.23987782,-0.06982733,0.55525839,0.00000000,0.00000000
-0.05646615,-2.15627337,0.05640572,-0.08840462,0.25345024,0.00000000,0.00000000,-2.47781491,-0.91957009,0.25574791,-0.06720023,0.55879802,0.00000000,0.00000000
-0.04656815,-2.16037488,0.03450954,-0.09797271,0.23937039,0.00000000,0.00000000,-2.47738624,-0.91968113,0.27156320,-0.06609685,0.56222570,0.00000000,0.00000000
-0.03661041,-2.16478205,0.01299650,-0.10658812,0.24392591,0.00000000,0.00000000,-2.47804689,-0.91988927,0.28728288,-0.06661398,0.56634247,0.00000000,0.00000000
-0.02818423,-2.16811562,-0.00836695,-0.11364865,0.25973749,0.00000000,0.00000000,-2.47980309,-0.92022884,0.30286467,-0.06882203,0.57114601,0.00000000,0.00000000
-0.02287008,-2.16962051,-0.02983603,-0.11879390,0.27693072,0.00000000,0.00000000,-2.48273873,-0.92060828,0.31826535,-0.07275391,0.57502246,0.00000000,0.00000000
-0.02187554,-2.16944742,-0.05162735,-0.12191857,0.29367083,0.00000000,0.00000000,-2.48701477,-0.92088073,0.33343977,-0.07842690,0.58057880,0.00000000,0.00000000
-0.02588105,-2.16739154,-0.07387424,-0.12311614,0.31907344,0.00000000,0.00000000,-2.49286461,-0.92094100,0.34833920,-0.08586270,0.58706778,0.00000000,0.00000000
-0.03498001,-2.16343451,-0.09659572,-0.12292352,0.34341425,0.00000000,0.00000000,-2.50057983,-0.92078209,0.36290938,-0.09508512,0.58031040,0.00000000,0.00000000
-0.04867970,-2.15827370,-0.11968231,-0.12248990,0.37446862,0.00000000,0.00000000,-2.51046681,-0.92048615,0.37709102,-0.10609885,0.57008612,0.00000000,0.00000000
-0.06613591,-2.15253901,-0.14292400,-0.12301486,0.40881744,0.00000000,0.00000000,-2.52277732,-0.92016953,0.39082387,-0.11886566,0.55496776,0.00000000,0.00000000
-0.08650871,-2.14613581,-0.16607001,-0.12482888,0.44926679,0.00000000,0.00000000,-2.53764725,-0.91986364,0.40405491,-0.13326389,0.53488564,0.00000000,0.00000000
-0.10929182,-2.13855243,-0.18888357,-0.12739432,0.47243670,0.00000000,0.00000000,-2.55508184,-0.91936600,0.41674855,-0.14903383,0.52044433,0.00000000,0.00000000
-0.13414116,-2.12967086,-0.21113865,-0.13014451,0.47713876,0.00000000,0.00000000,-2.57497811,-0.91823155,0.42889404,-0.16577613,0.51131761,0.00000000,0.00000000
-0.16035369,-2.12004566,-0.23258524,-0.13290769,0.47882348,0.00000000,0.00000000,-2.59714627,-0.91583776,0.44051179,-0.18298008,0.50443399,0.00000000,0.00000000
-0.18719673,-2.11000371,-0.25299844,-0.13545437,0.47999588,0.00000000,0.00000000,-2.62131310,-0.91130835,0.45166719,-0.19998989,0.50283653,0.00000000,0.00000000
-0.21429627,-2.09964037,-0.27222076,-0.13758019,0.47872448,0.00000000,0.00000000,-2.64711237,-0.90357971,0.46247968,-0.21604156,0.48376331,0.00000000,0.00000000
-0.24133757,-2.08924580,-0.29013449,-0.13937591,0.46798679,0.00000000,0.00000000,-2.67406011,-0.89171511,0.47311485,-0.23041800,0.47258502,0.00000000,0.00000000
-0.26788095,-2.07932687,-0.30664104,-0.14116183,0.47052199,0.00000000,0.00000000,-2.70154548,-0.87525684,0.48375869,-0.24262315,0.46740794,0.00000000,0.00000000
-0.29360497,-2.07101536,-0.32165715,-0.14366281,0.47910491,0.00000000,0.00000000,-2.72884488,-0.85439414,0.49458405,-0.25247219,0.45767829,0.00000000,0.00000000
-0.31843251,-2.06576562,-0.33511886,-0.14780875,0.48855665,0.00000000,0.00000000,-2.75517845,-0.82987839,0.50571984,-0.26006234,0.45608065,0.00000000,0.00000000
-0.34245479,-2.06460118,-0.34698689,-0.15426849,0.50474560,0.00000000,0.00000000,-2.77981400,-0.80280912,0.51722378,-0.26567039,0.46632275,0.00000000,0.00000000
-0.36583829,-2.06788802,-0.35724419,-0.16330868,0.51872402,0.00000000,0.00000000,-2.80220890,-0.77441436,0.52906102,-0.26962984,0.48346373,0.00000000,0.00000000
-0.38873932,-2.07544565,-0.36589006,-0.17488143,0.52543533,0.00000000,0.00000000,-2.82210612,-0.74591631,0.54109722,-0.27225479,0.49430940,0.00000000,0.00000000
-0.41124356,-2.08666277,-0.37293780,-0.18874520,0.52922732,0.00000000,0.00000000,-2.83944750,-0.71854562,0.55311811,-0.27388898,0.50654477,0.00000000,0.00000000
-0.43335193,-2.10059810,-0.37841699,-0.20457609,0.53115332,0.00000000,0.00000000,-2.85419416,-0.69353044,0.56486863,-0.27496007,0.52829641,0.00000000,0.00000000
-0.45499432,-2.11611605,-0.38237357,-0.22207572,0.55046850,0.00000000,0.00000000,-2.86639071,-0.67163885,0.57609874,-0.27568752,0.54891676,0.00000000,0.00000000
-0.47603881,-2.13201833,-0.38486534,-0.24104784,0.58240169,0.00000000,0.00000000,-2.87629056,-0.65283424,0.58659136,-0.27580705,0.58189332,0.00000000,0.00000000
-0.49625555,-2.14699912,-0.38595611,-0.26135525,0.61346519,0.00000000,0.00000000,-2.88401675,-0.63702583,0.59614938,-0.27510613,0.61174881,0.00000000,0.00000000
-0.51530105,-2.15943646,-0.38572156,-0.28278995,0.64248681,0.00000000,0.00000000,-2.88943720,-0.62447399,0.60458231,-0.27381185,0.66707474,0.00000000,0.00000000
-0.53279603,-2.16724205,-0.38427383,-0.30496824,0.67322648,0.00000000,0.00000000,-2.89251542,-0.61531287,0.61171150,-0.27230695,0.71478599,0.00000000,0.00000000
-0.54844415,-2.16970062,-0.38179767,-0.32725713,0.70888203,0.00000000,0.00000000,-2.89357638,-0.60925800,0.61738360,-0.27089551,0.76967353,0.00000000,0.00000000
-0.56206632,-2.16998911,-0.37855685,-0.34887421,0.73434597,0.00000000,0.00000000,-2.89329076,-0.60569793,0.62148350,-0.26978958,0.82062107,0.00000000,0.00000000
-0.57354033,-2.17000008,-0.37485361,-0.36918718,0.75783837,0.00000000,0.00000000,-2.89245391,-0.60390681,0.62395412,-0.26914343,0.86006248,0.00000000,0.00000000
-0.58278847,-2.17000008,-0.37101004,-0.38781670,0.78811038,0.00000000,0.00000000,-2.89179540,-0.60314101,0.62481558,-0.26903227,0.89146626,0.00000000,0.00000000
-0.58981180,-2.17000008,-0.36737564,-0.40455663,0.82158303,0.00000000,0.00000000,-2.89186096,-0.60266113,0.62417889,-0.26946148,0.93151289,0.00000000,0.00000000
-0.59470403,-2.17000008,-0.36432645,-0.41930801,0.86401188,0.00000000,0.00000000,-2.89291191,-0.60180438,0.62224376,-0.27046576,0.97344625,0.00000000,0.00000000
-0.59763074,-2.17000008,-0.36224693,-0.43206272,0.90951949,0.00000000,0.00000000,-2.89491725,-0.60011214,0.61927146,-0.27222872,1.00885117,0.00000000,0.00000000
-0.59878600,-2.17000008,-0.36150208,-0.44289747,0.96401292,0.00000000,0.00000000,-2.89769721,-0.59742355,0.61553305,-0.27510566,1.03302073,0.00000000,0.00000000
-0.59833819,-2.17000008,-0.36240956,-0.45194933,1.01365948,0.00000000,0.00000000,-2.90110350,-0.59380859,0.61127162,-0.27951270,1.05457819,0.00000000,0.00000000
-0.59638363,-2.17000008,-0.36522281,-0.45937115,1.05914426,0.00000000,0.00000000,-2.90511727,-0.58938563,0.60669297,-0.28577808,1.07437038,0.00000000,0.00000000
-0.59293717,-2.17000008,-0.37013325,-0.46528962,1.09576416,0.00000000,0.00000000,-2.90985155,-0.58419400,0.60197383,-0.29407728,1.09508002,0.00000000,0.00000000
-0.58797771,-2.17000008,-0.37729332,-0.46979395,1.13257444,0.00000000,0.00000000,-2.91552353,-0.57819027,0.59726483,-0.30446488,1.10674703,0.00000000,0.00000000
-0.58153003,-2.17000008,-0.38684896,-0.47296450,1.16938853,0.00000000,0.00000000,-2.92240286,-0.57129323,0.59269154,-0.31694910,1.10900545,0.00000000,0.00000000
-0.57372791,-2.17000008,-0.39896452,-0.47491604,1.18632257,0.00000000,0.00000000,-2.93073463,-0.56340599,0.58836234,-0.33157200,1.10760081,0.00000000,0.00000000
-0.56481439,-2.17000008,-0.41382810,-0.47581720,1.21057713,0.00000000,0.00000000,-2.94059801,-0.55440551,0.58439565,-0.34851837,1.10609710,0.00000000,0.00000000
-0.55507571,-2.17000008,-0.43164161,-0.47586000,1.24619734,0.00000000,0.00000000,-2.95167279,-0.54415148,0.58097005,-0.36829978,1.10546243,0.00000000,0.00000000
-0.54472333,-2.17000008,-0.45260638,-0.47518224,1.28315544,0.00000000,0.00000000,-2.96320128,-0.53261369,0.57834041,-0.39190510,1.11396277,0.00000000,0.00000000
-0.53381217,-2.17000008,-0.47691935,-0.47380945,1.31212234,0.00000000,0.00000000,-2.97434020,-0.51994210,0.57678741,-0.42066005,1.11844254,0.00000000,0.00000000
-0.52223301,-2.17000008,-0.50477886,-0.47166830,1.32771158,0.00000000,0.00000000,-2.98455238,-0.50622922,0.57658207,-0.45575917,1.13081515,0.00000000,0.00000000
-0.50975251,-2.17000008,-0.53638405,-0.46867791,1.33139169,0.00000000,0.00000000,-2.99345708,-0.49138382,0.57804364,-0.49803016,1.16050458,0.00000000,0.00000000
-0.49609718,-2.17000008,-0.57192057,-0.46490276,1.32107246,0.00000000,0.00000000,-3.00060058,-0.47526988,0.58157665,-0.54785687,1.19169831,0.00000000,0.00000000
-0.48102933,-2.17000008,-0.61153126,-0.46070272,1.31473947,0.00000000,0.00000000,-3.00564003,-0.45781437,0.58759886,-0.60490596,1.22517514,0.00000000,0.00000000
-0.46435970,-2.17000008,-0.65526682,-0.45684177,1.29039431,0.00000000,0.00000000,-3.00853348,-0.43898377,0.59648246,-0.66783273,1.25673759,0.00000000,0.00000000
-0.44593325,-2.17000008,-0.70303756,-0.45454562,1.25615239,0.00000000,0.00000000,-3.00972986,-0.41897839,0.60843104,-0.73421520,1.28566396,0.00000000,0.00000000
-0.42549068,-2.16989255,-0.75458550,-0.45537513,1.23424172,0.00000000,0.00000000,-3.00998497,-0.39958820,0.62323564,-0.80221093,1.30737138,0.00000000,0.00000000
-0.40251905,-2.16806054,-0.80948007,-0.46102360,1.21410096,0.00000000,0.00000000,-3.00999999,-0.38304570,0.64062107,-0.87159032,1.33184087,0.00000000,0.00000000
-0.37636107,-2.15975976,-0.86711329,-0.47328910,1.20204437,0.00000000,0.00000000,-3.00999999,-0.37000942,0.66060042,-0.94239897,1.36035144,0.00000000,0.00000000
-0.34649718,-2.14182711,-0.92676657,-0.49397945,1.18425500,0.00000000,0.00000000,-3.00999999,-0.36043787,0.68292618,-1.01422179,1.38312221,0.00000000,0.00000000
-0.31281498,-2.11591411,-0.98769712,-0.52479297,1.15273368,0.00000000,0.00000000,-3.00999999,-0.35385057,0.70710552,-1.08602428,1.40565801,0.00000000,0.00000000
-0.27573681,-2.08492446,-1.04909635,-0.56738597,1.10763097,0.00000000,0.00000000,-3.00999999,-0.34923425,0.73274577,-1.15636051,1.41762877,0.00000000,0.00000000
-0.23624291,-2.05152845,-1.10994601,-0.62353259,1.05986571,0.00000000,0.00000000,-3.00999999,-0.34542537,0.75972545,-1.22379565,1.43439102,0.00000000,0.00000000
-0.19553837,-2.01867962,-1.16870165,-0.69519353,1.01225281,0.00000000,0.00000000,-3.00999999,-0.34151745,0.78814131,-1.28720200,1.44686675,0.00000000,0.00000000
-0.15405038,-1.99109101,-1.22236848,-0.78428251,0.97215211,0.00000000,0.00000000,-3.00999999,-0.33730480,0.81798732,-1.34606862,1.43625832,0.00000000,0.00000000
-0.11467849,-1.97246456,-1.26848209,-0.89098936,0.93750441,0.00000000,0.00000000,-3.00999999,-0.33427000,0.84873015,-1.40119183,1.43703449,0.00000000,0.00000000
-0.08396088,-1.95828414,-1.30963111,-1.00832295,0.90213484,0.00000000,0.00000000,-3.00999999,-0.33521658,0.87941515,-1.45466936,1.43216741,0.00000000,0.00000000
-0.05788615,-1.94565308,-1.34652388,-1.12342751,0.88515639,0.00000000,0.00000000,-3.00999999,-0.34166229,0.90907550,-1.50819540,1.41422164,0.00000000,0.00000000
-0.03563848,-1.93419313,-1.37942088,-1.23226118,0.87627923,0.00000000,0.00000000,-3.00999999,-0.35343972,0.93712032,-1.56264532,1.39101219,0.00000000,0.00000000
-0.01891894,-1.92412496,-1.40900826,-1.33518910,0.86277473,0.00000000,0.00000000,-3.00999999,-0.36963269,0.96306103,-1.61832023,1.37007797,0.00000000,0.00000000
-0.00804697,-1.91584063,-1.43592608,-1.43201196,0.84228021,0.00000000,0.00000000,-3.00999999,-0.38912484,0.98635185,-1.67508805,1.34623349,0.00000000,0.00000000
-0.00271974,-1.90969121,-1.46079636,-1.52218390,0.82258636,0.00000000,0.00000000,-3.00999999,-0.41075799,1.00644803,-1.73241937,1.31196976,0.00000000,0.00000000
-0.00251325,-1.90600121,-1.48390818,-1.60526049,0.79956144,0.00000000,0.00000000,-3.00999999,-0.43333447,1.02293527,-1.78937209,1.27449691,0.00000000,0.00000000
-0.00688475,-1.90507352,-1.50486779,-1.68103433,0.78418815,0.00000000,0.00000000,-3.00999999,-0.45558646,1.03571045,-1.84458125,1.23590922,0.00000000,0.00000000
-0.01494281,-1.90699530,-1.52281296,-1.74937499,0.77427095,0.00000000,0.00000000,-3.00999999,-0.47622675,1.04511046,-1.89633262,1.20042169,0.00000000,0.00000000
-0.02524924,-1.91143763,-1.53703165,-1.80999756,0.77527595,0.00000000,0.00000000,-3.00999999,-0.49404454,1.05198145,-1.94275522,1.15801525,0.00000000,0.00000000
-0.03595823,-1.91772902,-1.54733467,-1.86247563,0.78768808,0.00000000,0.00000000,-3.00999999,-0.50793219,1.05790734,-1.98211503,1.11869967,0.00000000,0.00000000
-0.04520426,-1.92507684,-1.55413091,-1.90639567,0.79236102,0.00000000,0.00000000,-3.00999999,-0.51688641,1.06553614,-2.01315069,1.09029889,0.00000000,0.00000000
-0.05153002,-1.93272865,-1.55844009,-1.94150448,0.79326016,0.00000000,0.00000000,-3.00999999,-0.52003890,1.07847798,-2.03523993,1.06005132,0.00000000,0.00000000
-0.05421894,-1.94010663,-1.56173575,-1.96791005,0.79548556,0.00000000,0.00000000,-3.00999999,-0.51669949,1.10048282,-2.04814935,1.03529096,0.00000000,0.00000000
-0.05338531,-1.94698155,-1.56540859,-1.98634803,0.79397827,0.00000000,0.00000000,-3.00999999,-0.50645840,1.13430810,-2.05152655,1.01142764,0.00000000,0.00000000
-0.04978997,-1.95358062,-1.57010901,-1.99831116,0.79844820,0.00000000,0.00000000,-3.00999999,-0.48939589,1.18098450,-2.04465961,0.99501258,0.00000000,0.00000000
-0.04449190,-1.96050191,-1.57547593,-2.00583792,0.78751439,0.00000000,0.00000000,-3.00999999,-0.46629378,1.23976219,-2.02671981,0.97506785,0.00000000,0.00000000
-0.03850175,-1.96842396,-1.58049560,-2.01099372,0.77605098,0.00000000,0.00000000,-3.00999999,-0.43868926,1.30845737,-1.99723089,0.96435052,0.00000000,0.00000000
-0.03260932,-1.97771525,-1.58430874,-2.01532221,0.76146084,0.00000000,0.00000000,-3.00999999,-0.40873519,1.38377738,-1.95652533,0.94869816,0.00000000,0.00000000
-0.02738353,-1.98817420,-1.58680701,-2.01960588,0.74964905,0.00000000,0.00000000,-3.00999999,-0.37889987,1.46156967,-1.90611875,0.95280063,0.00000000,0.00000000
-0.02315507,-1.99914455,-1.58834410,-2.02399945,0.73432338,0.00000000,0.00000000,-3.00999999,-0.35151803,1.53730106,-1.84895110,0.95963663,0.00000000,0.00000000
-0.01998771,-2.00986767,-1.58903229,-2.02832198,0.71734732,0.00000000,0.00000000,-3.00999999,-0.32835114,1.60662115,-1.78950334,0.97044289,0.00000000,0.00000000
-0.01778131,-2.01971436,-1.58865333,-2.03228593,0.68987286,0.00000000,0.00000000,-3.00999999,-0.31044167,1.66557074,-1.73380244,0.98927587,0.00000000,0.00000000
-0.01640961,-2.02824283,-1.58704352,-2.03560472,0.66454005,0.00000000,0.00000000,-3.00999999,-0.29827762,1.71059406,-1.68890274,1.00710464,0.00000000,0.00000000
-0.01577380,-2.03520799,-1.58432484,-2.03802323,0.65277886,0.00000000,0.00000000,-3.00999999,-0.29204991,1.73875582,-1.66143453,1.03569531,0.00000000,0.00000000
-0.01577099,-2.04056382,-1.58078253,-2.03931999,0.64407969,0.00000000,0.00000000,-3.00999999,-0.29180956,1.74806547,-1.65579331,1.06348968,0.00000000,0.00000000
-0.01621875,-2.04448104,-1.57651639,-2.03931594,0.62713373,0.00000000,0.00000000,-3.00996995,-0.29747903,1.73758924,-1.67308080,1.07952619,0.00000000,0.00000000
-0.01688446,-2.04730201,-1.57130229,-2.03794670,0.60945529,0.00000000,0.00000000,-3.00944233,-0.30880338,1.70744395,-1.71089005,1.10520887,0.00000000,0.00000000
-0.01762958,-2.04939246,-1.56491446,-2.03534102,0.58557451,0.00000000,0.00000000,-3.00689006,-0.32530585,1.65889966,-1.76373231,1.12588739,0.00000000,0.00000000
-0.01843303,-2.05103898,-1.55740893,-2.03176570,0.57680941,0.00000000,0.00000000,-3.00116491,-0.34628671,1.59449649,-1.82455981,1.13578105,0.00000000,0.00000000
-0.01930594,-2.05245757,-1.54896319,-2.02755547,0.56560791,0.00000000,0.00000000,-2.99333787,-0.37075859,1.51814842,-1.88658071,1.14626110,0.00000000,0.00000000
-0.02020469,-2.05385613,-1.53953326,-2.02308726,0.55623031,0.00000000,0.00000000,-2.98515797,-0.39740154,1.43515253,-1.94413352,1.17606270,0.00000000,0.00000000
-0.02107380,-2.05538774,-1.52894890,-2.01878977,0.55363774,0.00000000,0.00000000,-2.97824526,-0.42459455,1.35183513,-1.99298024,1.20299244,0.00000000,0.00000000
-0.02211826,-2.05693531,-1.51781297,-2.01517892,0.54833889,0.00000000,0.00000000,-2.97392058,-0.45054859,1.27467477,-2.03055644,1.22554827,0.00000000,0.00000000
-0.02396466,-2.05800462,-1.50815737,-2.01292849,0.53885692,0.00000000,0.00000000,-2.97295356,-0.47338799,1.20956099,-2.05598021,1.24286819,0.00000000,0.00000000
-0.02668678,-2.05804205,-1.50217617,-2.01247334,0.53855097,0.00000000,0.00000000,-2.97548223,-0.49122748,1.16154170,-2.06968212,1.25357628,0.00000000,0.00000000
-0.02836980,-2.05683446,-1.50030661,-2.01329875,0.53800935,0.00000000,0.00000000,-2.98107767,-0.50249308,1.13443339,-2.07285380,1.27094758,0.00000000,0.00000000
-0.02699774,-2.05438900,-1.50216413,-2.01472926,0.52608103,0.00000000,0.00000000,-2.98880053,-0.50637162,1.13021648,-2.06681991,1.28507805,0.00000000,0.00000000
-0.02310025,-2.05078793,-1.50792575,-2.01660013,0.52049208,0.00000000,0.00000000,-2.99722624,-0.50306392,1.14875674,-2.05257678,1.29075372,0.00000000,0.00000000
-0.01853491,-2.04623628,-1.51778197,-2.01899076,0.52459931,0.00000000,0.00000000,-3.00451303,-0.49369478,1.18804169,-2.03069401,1.30197680,0.00000000,0.00000000
-0.01388426,-2.04120493,-1.53060591,-2.02152872,0.53723395,0.00000000,0.00000000,-3.00881052,-0.47999689,1.24475491,-2.00154305,1.30783975,0.00000000,0.00000000
-0.00863118,-2.03629160,-1.54457510,-2.02346992,0.54510182,0.00000000,0.00000000,-3.00993061,-0.46397999,1.31479371,-1.96557617,1.31305373,0.00000000,0.00000000
-0.00250556,-2.03192925,-1.55848646,-2.02446222,0.54359508,0.00000000,0.00000000,-3.00999999,-0.44764796,1.39356172,-1.92352462,1.32858551,0.00000000,0.00000000
0.00435122,-2.02833796,-1.57179272,-2.02451992,0.54437792,0.00000000,0.00000000,-3.00999999,-0.43270025,1.47611976,-1.87644875,1.34300637,0.00000000,0.00000000
0.01162877,-2.02559590,-1.58416033,-2.02381253,0.53938961,0.00000000,0.00000000,-3.00999999,-0.42032671,1.55733252,-1.82593882,1.33967209,0.00000000,0.00000000
0.01879243,-2.02367306,-1.59537196,-2.02277064,0.52429134,0.00000000,0.00000000,-3.00999999,-0.41119391,1.63205719,-1.77460790,1.32737398,0.00000000,0.00000000
0.02529831,-2.02246833,-1.60529470,-2.02183414,0.51307005,0.00000000,0.00000000,-3.00999999,-0.40563655,1.69525325,-1.72632492,1.31198978,0.00000000,0.00000000
0.03078418,-2.02184224,-1.61387813,-2.02122688,0.49815059,0.00000000,0.00000000,-3.00999999,-0.40388405,1.74223769,-1.68597317,1.29407609,0.00000000,0.00000000
0.03506025,-2.02164125,-1.62118769,-2.02097917,0.48306102,0.00000000,0.00000000,-3.00999999,-0.40616569,1.76921904,-1.65842640,1.27204263,0.00000000,0.00000000
0.03804578,-2.02171946,-1.62736464,-2.02102780,0.45810878,0.00000000,0.00000000,-3.00999999,-0.41262341,1.77393103,-1.64691520,1.24736547,0.00000000,0.00000000
0.03976079,-2.02199221,-1.63239872,-2.02130127,0.44119349,0.00000000,0.00000000,-3.00999999,-0.42312193,1.75598192,-1.65192878,1.21959400,0.00000000,0.00000000
0.04033341,-2.02245831,-1.63597739,-2.02176356,0.41924632,0.00000000,0.00000000,-3.00999999,-0.43715087,1.71686554,-1.67125487,1.19618309,0.00000000,0.00000000
0.03998654,-2.02316689,-1.63761127,-2.02240586,0.39047864,0.00000000,0.00000000,-3.00999999,-0.45390379,1.65976441,-1.70074356,1.17521799,0.00000000,0.00000000
0.03901103,-2.02416110,-1.63692999,-2.02320075,0.34278253,0.00000000,0.00000000,-3.00999999,-0.47246423,1.58906770,-1.73537004,1.16789043,0.00000000,0.00000000
0.03770699,-2.02542186,-1.63398993,-2.02407146,0.29951727,0.00000000,0.00000000,-3.00999999,-0.49193439,1.50966513,-1.77028799,1.15493345,0.00000000,0.00000000
0.03630726,-2.02684546,-1.62940621,-2.02490997,0.25567892,0.00000000,0.00000000,-3.00999999,-0.51139319,1.42635667,-1.80155444,1.13782644,0.00000000,0.00000000
0.03493134,-2.02827358,-1.62420344,-2.02564049,0.21421167,0.00000000,0.00000000,-3.00999999,-0.52976584,1.34360147,-1.82642174,1.12523878,0.00000000,0.00000000
0.03359129,-2.02955103,-1.61949563,-2.02628827,0.17496292,0.00000000,0.00000000,-3.00999999,-0.54575974,1.26551914,-1.84331012,1.11602032,0.00000000,0.00000000
0.03223686,-2.03054881,-1.61624432,-2.02698851,0.13012737,0.00000000,0.00000000,-3.00999999,-0.55793202,1.19593930,-1.85159528,1.10833979,0.00000000,0.00000000
0.03082104,-2.03114104,-1.61522615,-2.02789807,0.08476509,0.00000000,0.00000000,-3.00999999,-0.56484318,1.13835120,-1.85130262,1.10555816,0.00000000,0.00000000
0.02933664,-2.03117824,-1.61707640,-2.02908850,0.04798219,0.00000000,0.00000000,-3.00999999,-0.56523168,1.09567261,-1.84277081,1.09411597,0.00000000,0.00000000
0.02775942,-2.03050184,-1.62223363,-2.03056192,0.00549339,0.00000000,0.00000000,-3.00999999,-0.55819052,1.06987977,-1.82637012,1.07553768,0.00000000,0.00000000
0.02605300,-2.02901411,-1.63071024,-2.03229308,-0.03440581,0.00000000,0.00000000,-3.00999999,-0.54333693,1.06168628,-1.80237210,1.04872859,0.00000000,0.00000000
0.02430032,-2.02675605,-1.64188445,-2.03418970,-0.08366546,0.00000000,0.00000000,-3.00999999,-0.52092445,1.07046366,-1.77104056,1.00958407,0.00000000,0.00000000
0.02268768,-2.02388597,-1.65468085,-2.03610635,-0.12122530,0.00000000,0.00000000,-3.00999999,-0.49182898,1.09442520,-1.73288071,0.97815394,0.00000000,0.00000000
0.02137632,-2.02061796,-1.66787624,-2.03791618,-0.15066378,0.00000000,0.00000000,-3.00999999,-0.45738676,1.13094354,-1.68888795,0.94250321,0.00000000,0.00000000
0.02043734,-2.01720166,-1.68021071,-2.03954840,-0.17485882,0.00000000,0.00000000,-3.00999999,-0.41916987,1.17682791,-1.64067245,0.88693017,0.00000000,0.00000000
0.01982964,-2.01391339,-1.69046688,-2.04098654,-0.19971643,0.00000000,0.00000000,-3.00999999,-0.37885174,1.22844255,-1.59045112,0.83544171,0.00000000,0.00000000
0.01936838,-2.01101756,-1.69765496,-2.04226685,-0.20882022,0.00000000,0.00000000,-3.00999999,-0.33824047,1.28171206,-1.54098296,0.79708964,0.00000000,0.00000000
0.01875218,-2.00872970,-1.70120358,-2.04344392,-0.21939094,0.00000000,0.00000000,-3.00999999,-0.29942477,1.33218729,-1.49546862,0.76040602,0.00000000,0.00000000
0.01764808,-2.00720072,-1.70104098,-2.04454398,-0.22614807,0.00000000,0.00000000,-3.00999999,-0.26484293,1.37537003,-1.45729351,0.72880948,0.00000000,0.00000000
0.01580777,-2.00651550,-1.69751477,-2.04551935,-0.22874145,0.00000000,0.00000000,-3.00999999,-0.23709963,1.40731728,-1.42945468,0.70638651,0.00000000,0.00000000
0.01315931,-2.00670433,-1.69116390,-2.04623675,-0.22089052,0.00000000,0.00000000,-3.00999999,-0.21852754,1.42528546,-1.41374540,0.68242908,0.00000000,0.00000000
0.00982366,-2.00773358,-1.68247604,-2.04652452,-0.20716372,0.00000000,0.00000000,-3.00999999,-0.21066596,1.42816806,-1.41008854,0.67289984,0.00000000,0.00000000
0.00604731,-2.00946784,-1.67181349,-2.04625416,-0.19464624,0.00000000,0.00000000,-3.00999999,-0.21383052,1.41668415,-1.41645682,0.66460395,0.00000000,0.00000000
0.00209135,-2.01164174,-1.65952563,-2.04539943,-0.17936173,0.00000000,0.00000000,-3.00999999,-0.22692411,1.39332724,-1.42954671,0.67043114,0.00000000,0.00000000
-0.00184424,-2.01388574,-1.64608598,-2.04402399,-0.16809772,0.00000000,0.00000000,-3.00999999,-0.24758238,1.36201417,-1.44591248,0.68127179,0.00000000,0.00000000
-0.00565664,-2.01581478,-1.63214672,-2.04224253,-0.17033868,0.00000000,0.00000000,-3.00999999,-0.27258721,1.32746971,-1.46281886,0.69334251,0.00000000,0.00000000
-0.00933687,-2.01711345,-1.61851072,-2.04018402,-0.17823142,0.00000000,0.00000000,-3.00999999,-0.29833537,1.29455721,-1.47843528,0.69731003,0.00000000,0.00000000
-0.01293464,-2.01758575,-1.60602212,-2.03796768,-0.18175793,0.00000000,0.00000000,-3.00999999,-0.32124650,1.26769555,-1.49157286,0.70763785,0.00000000,0.00000000
-0.01650713,-2.01716948,-1.59540343,-2.03568363,-0.17870413,0.00000000,0.00000000,-3.00999999,-0.33812970,1.25037551,-1.50136530,0.72456610,0.00000000,0.00000000
-0.02007843,-2.01592517,-1.58712804,-2.03338051,-0.18216620,0.00000000,0.00000000,-3.00999999,-0.34655958,1.24472320,-1.50710595,0.73061579,0.00000000,0.00000000
-0.02363565,-2.01400995,-1.58136594,-2.03107405,-0.18019043,0.00000000,0.00000000,-3.00999999,-0.34523696,1.25112176,-1.50831604,0.73382121,0.00000000,0.00000000
-0.02714376,-2.01163220,-1.57802784,-2.02874541,-0.17569633,0.00000000,0.00000000,-3.00999999,-0.33427429,1.26796067,-1.50497532,0.73816717,0.00000000,0.00000000
-0.03055994,-2.00901055,-1.57678759,-2.02635765,-0.16653189,0.00000000,0.00000000,-3.00999999,-0.31532836,1.29162741,-1.49792945,0.73809379,0.00000000,0.00000000
-0.03383175,-2.00635099,-1.57708824,-2.02386045,-0.14826505,0.00000000,0.00000000,-3.00999999,-0.29142556,1.31698799,-1.48928416,0.74054199,0.00000000,0.00000000
-0.03688586,-2.00383496,-1.57817924,-2.02117729,-0.12779865,0.00000000,0.00000000,-3.00999999,-0.26638561,1.33840060,-1.48244059,0.75281239,0.00000000,0.00000000
-0.03970945,-2.00162792,-1.57921922,-2.01830077,-0.09541549,0.00000000,0.00000000,-3.00999999,-0.24395473,1.35100186,-1.48159337,0.76770425,0.00000000,0.00000000
-0.04247523,-1.99988353,-1.57941353,-2.01543713,-0.06769054,0.00000000,0.00000000,-3.00999999,-0.22700568,1.35175514,-1.49074626,0.77328986,0.00000000,0.00000000
-0.04535389,-1.99866080,-1.57821238,-2.01270747,-0.03031755,0.00000000,0.00000000,-3.00999999,-0.21728687,1.33968270,-1.51258981,0.77971917,0.00000000,0.00000000
-0.04842389,-1.99796271,-1.57517123,-2.01013613,0.00307725,0.00000000,0.00000000,-3.00999999,-0.21551450,1.31564379,-1.54806101,0.77046597,0.00000000,0.00000000
-0.05165370,-1.99777722,-1.56986499,-2.00770473,0.02523039,0.00000000,0.00000000,-3.00999999,-0.22155905,1.28198957,-1.59635746,0.77694136,0.00000000,0.00000000
-0.05491219,-1.99805379,-1.56205750,-2.00532222,0.05776482,0.00000000,0.00000000,-3.00999999,-0.23463766,1.24216104,-1.65513968,0.78945756,0.00000000,0.00000000
-0.05800782,-1.99864149,-1.55199969,-2.00273848,0.08752444,0.00000000,0.00000000,-3.00999999,-0.25343299,1.20015740,-1.72083592,0.79471868,0.00000000,0.00000000
-0.06079388,-1.99929512,-1.54054570,-1.99958503,0.11428916,0.00000000,0.00000000,-3.00971031,-0.27628544,1.15970623,-1.78907681,0.80497766,0.00000000,0.00000000
-0.06327926,-1.99974680,-1.52899206,-1.99553084,0.12696575,0.00000000,0.00000000,-3.00500417,-0.30130622,1.12345254,-1.85509944,0.81310087,0.00000000,0.00000000
-0.06576710,-1.99980938,-1.51863790,-1.99061131,0.13179480,0.00000000,0.00000000,-2.98642850,-0.32641593,1.09273386,-1.91428649,0.81887561,0.00000000,0.00000000
-0.06863821,-1.99944985,-1.51023114,-1.98513603,0.13195074,0.00000000,0.00000000,-2.95251584,-0.34947467,1.06778169,-1.96292865,0.81819654,0.00000000,0.00000000
-0.07190242,-1.99877536,-1.50377190,-1.97914219,0.11044257,0.00000000,0.00000000,-2.90738320,-0.36849988,1.04785180,-1.99865365,0.80853546,0.00000000,0.00000000
-0.07540210,-1.99793732,-1.49882329,-1.97255874,0.07532118,0.00000000,0.00000000,-2.85526180,-0.38180062,1.03146744,-2.02038860,0.78139275,0.00000000,0.00000000
-0.07910936,-1.99699831,-1.49497724,-1.96543252,0.02247934,0.00000000,0.00000000,-2.79955697,-0.38800043,1.01687026,-2.02810621,0.74661183,0.00000000,0.00000000
-0.08307888,-1.99588490,-1.49201035,-1.95782816,-0.03339636,0.00000000,0.00000000,-2.74280238,-0.38600096,1.00251901,-2.02250504,0.70705050,0.00000000,0.00000000
-0.08735395,-1.99446976,-1.48968065,-1.94982529,-0.08936836,0.00000000,0.00000000,-2.68654799,-0.37496015,0.98746264,-2.00471139,0.67173845,0.00000000,0.00000000
-0.09191892,-1.99272716,-1.48738492,-1.94162095,-0.14166565,0.00000000,0.00000000,-2.63125110,-0.35427520,0.97148848,-1.97605693,0.65556258,0.00000000,0.00000000
-0.09669189,-1.99083424,-1.48406911,-1.93357718,-0.18212821,0.00000000,0.00000000,-2.57630634,-0.32356018,0.95500255,-1.93797421,0.63422894,0.00000000,0.00000000
-0.10158841,-1.98906314,-1.47877359,-1.92610133,-0.22518952,0.00000000,0.00000000,-2.52048063,-0.28279835,0.93829381,-1.89206910,0.60319692,0.00000000,0.00000000
-0.10659707,-1.98751032,-1.47142899,-1.91944456,-0.27604511,0.00000000,0.00000000,-2.46291184,-0.23274580,0.92028654,-1.84019947,0.58222324,0.00000000,0.00000000
-0.11161920,-1.98606586,-1.46269202,-1.91368091,-0.31940046,0.00000000,0.00000000,-2.40383220,-0.17473781,0.89878428,-1.78393281,0.55948138,0.00000000,0.00000000
-0.11628908,-1.98456049,-1.45332742,-1.90872371,-0.34749296,0.00000000,0.00000000,-2.34425831,-0.11018979,0.87191141,-1.72412789,0.53053886,0.00000000,0.00000000
-0.12015581,-1.98281157,-1.44408655,-1.90430510,-0.37286481,0.00000000,0.00000000,-2.28552079,-0.04088391,0.83867913,-1.66142106,0.51002353,0.00000000,0.00000000
-0.12304826,-1.98065102,-1.43577981,-1.89997256,-0.38831654,0.00000000,0.00000000,-2.22923517,0.03033726,0.79910171,-1.59674573,0.49554709,0.00000000,0.00000000
-0.12544972,-1.97814667,-1.42891395,-1.89538133,-0.38660559,0.00000000,0.00000000,-2.17718959,0.09916072,0.75429982,-1.53142190,0.48378873,0.00000000,0.00000000
-0.12831637,-1.97582555,-1.42297459,-1.89063025,-0.38773549,0.00000000,0.00000000,-2.13032436,0.16083571,0.70615041,-1.46691585,0.48426822,0.00000000,0.00000000
-0.13231856,-1.97431147,-1.41681468,-1.88583744,-0.38362306,0.00000000,0.00000000,-2.08796978,0.21220906,0.65646195,-1.40473294,0.49561661,0.00000000,0.00000000
-0.13769621,-1.97397327,-1.40954101,-1.88090730,-0.36542684,0.00000000,0.00000000,-2.04864931,0.25168991,0.60647064,-1.34680557,0.51338363,0.00000000,0.00000000
-0.14447053,-1.97506082,-1.40050662,-1.87582505,-0.35313112,0.00000000,0.00000000,-2.01122808,0.27734151,0.55656797,-1.29617202,0.53096926,0.00000000,0.00000000
-0.15248811,-1.97771132,-1.38944399,-1.87076151,-0.33073321,0.00000000,0.00000000,-1.97444439,0.28739247,0.50728077,-1.25640750,0.53193974,0.00000000,0.00000000
-0.16110536,-1.98141789,-1.37744963,-1.86547279,-0.31008196,0.00000000,0.00000000,-1.93645990,0.28482339,0.46049184,-1.22896397,0.53910035,0.00000000,0.00000000
-0.16921218,-1.98517585,-1.36643481,-1.85923994,-0.27841333,0.00000000,0.00000000,-1.89954221,0.27404177,0.41535223,-1.21385407,0.56377870,0.00000000,0.00000000
-0.17653683,-1.98865318,-1.35701799,-1.85198188,-0.24496527,0.00000000,0.00000000,-1.86608303,0.25617075,0.37038410,-1.21057963,0.57495028,0.00000000,0.00000000
-0.18387634,-1.99227583,-1.34853816,-1.84407914,-0.21841724,0.00000000,0.00000000,-1.83400548,0.23090677,0.32713696,-1.21796918,0.59849328,0.00000000,0.00000000
-0.19201817,-1.99640965,-1.34039497,-1.83563983,-0.20405617,0.00000000,0.00000000,-1.80396867,0.19869740,0.28553882,-1.23308635,0.62130642,0.00000000,0.00000000
-0.20123702,-2.00116754,-1.33227980,-1.82658255,-0.18859096,0.00000000,0.00000000,-1.77780139,0.16100845,0.24493603,-1.25243354,0.63834190,0.00000000,0.00000000
-0.21142212,-2.00659204,-1.32388914,-1.81692171,-0.17036390,0.00000000,0.00000000,-1.75571179,0.11988781,0.20584671,-1.27324271,0.65289938,0.00000000,0.00000000
-0.22230509,-2.01266980,-1.31501663,-1.80678070,-0.17331989,0.00000000,0.00000000,-1.73716962,0.07719783,0.16914406,-1.29369473,0.67679596,0.00000000,0.00000000
-0.23363830,-2.01932859,-1.30564940,-1.79638135,-0.16682658,0.00000000,0.00000000,-1.72182631,0.03439588,0.13531689,-1.31275189,0.69409984,0.00000000,0.00000000
-0.24522221,-2.02642751,-1.29598784,-1.78600776,-0.15381810,0.00000000,0.00000000,-1.70951796,-0.00724763,0.10446306,-1.32992780,0.70356357,0.00000000,0.00000000
-0.25672123,-2.03369927,-1.28641319,-1.77593863,-0.15829200,0.00000000,0.00000000,-1.70002699,-0.04634257,0.07650606,-1.34509397,0.70911694,0.00000000,0.00000000
-0.26745251,-2.04068518,-1.27743518,-1.76643062,-0.15558138,0.00000000,0.00000000,-1.69292688,-0.08121022,0.05136716,-1.35837317,0.71686584,0.00000000,0.00000000
-0.27650240,-2.04678226,-1.26963007,-1.75787079,-0.15203312,0.00000000,0.00000000,-1.68752646,-0.10990409,0.02905992,-1.36996937,0.72734100,0.00000000,0.00000000
-0.28313661,-2.05140352,-1.26358736,-1.75087166,-0.14875798,0.00000000,0.00000000,-1.68300343,-0.13045041,0.00964219,-1.37991643,0.73282796,0.00000000,0.00000000
-0.28697714,-2.05410504,-1.25982177,-1.74604499,-0.17153844,0.00000000,0.00000000,-1.67872393,-0.14123796,-0.00693907,-1.38785362,0.72866124,0.00000000,0.00000000
-0.28787574,-2.05465221,-1.25861263,-1.74366641,-0.17947678,0.00000000,0.00000000,-1.67453182,-0.14118500,-0.02093513,-1.39282620,0.72104281,0.00000000,0.00000000
-0.28590533,-2.05313015,-1.25981784,-1.74356520,-0.19020498,0.00000000,0.00000000,-1.67077041,-0.12980390,-0.03265652,-1.39327180,0.70164478,0.00000000,0.00000000
-0.28150171,-2.05001020,-1.26283765,-1.74529350,-0.19398428,0.00000000,0.00000000,-1.66806066,-0.10763840,-0.04217815,-1.38757265,0.68767273,0.00000000,0.00000000
-0.27539665,-2.04593563,-1.26690340,-1.74831033,-0.19114754,0.00000000,0.00000000,-1.66705465,-0.07650451,-0.04912968,-1.37502241,0.66995049,0.00000000,0.00000000
-0.26841816,-2.04144144,-1.27142060,-1.75202453,-0.19271058,0.00000000,0.00000000,-1.66842031,-0.03866900,-0.05283134,-1.35599685,0.65710044,0.00000000,0.00000000
-0.26144841,-2.03696036,-1.27593613,-1.75587261,-0.18580136,0.00000000,0.00000000,-1.67274785,0.00369841,-0.05248487,-1.33144271,0.63473266,0.00000000,0.00000000
-0.25532186,-2.03292370,-1.27994549,-1.75933528,-0.17469849,0.00000000,0.00000000,-1.68029606,0.04832351,-0.04726866,-1.30262768,0.60310781,0.00000000,0.00000000
-0.25069755,-2.02975273,-1.28287125,-1.76196682,-0.16533183,0.00000000,0.00000000,-1.69096124,0.09283244,-0.03653305,-1.27103817,0.57781059,0.00000000,0.00000000
-0.24797973,-2.02784944,-1.28412211,-1.76351941,-0.13198796,0.00000000,0.00000000,-1.70464420,0.13497850,-0.02011943,-1.23837042,0.56144398,0.00000000,0.00000000
-0.24725391,-2.02755356,-1.28321838,-1.76407754,-0.10347302,0.00000000,0.00000000,-1.72145891,0.17319609,0.00160010,-1.20652175,0.53842640,0.00000000,0.00000000
-0.24834912,-2.02879357,-1.28043866,-1.76391053,-0.06835872,0.00000000,0.00000000,-1.74102616,0.20718019,0.02840790,-1.17773366,0.51151961,0.00000000,0.00000000
-0.25051633,-2.03099751,-1.27675796,-1.76309597,-0.03351378,0.00000000,0.00000000,-1.76236880,0.23615336,0.06045037,-1.15589452,0.48125970,0.00000000,0.00000000
-0.25269198,-2.03347158,-1.27325487,-1.76165414,0.01082789,0.00000000,0.00000000,-1.78503323,0.25818983,0.09751499,-1.14616346,0.44585842,0.00000000,0.00000000
-0.25406057,-2.03565574,-1.27089155,-1.75958896,0.04827031,0.00000000,0.00000000,-1.80962956,0.27198386,0.13874555,-1.15254581,0.42523709,0.00000000,0.00000000
-0.25425875,-2.03724241,-1.27034330,-1.75679648,0.08086155,0.00000000,0.00000000,-1.83709061,0.27729368,0.18323293,-1.17663538,0.39111707,0.00000000,0.00000000
-0.25342372,-2.03825116,-1.27183330,-1.75315273,0.10601249,0.00000000,0.00000000,-1.86790192,0.27415970,0.23054084,-1.21794558,0.35516399,0.00000000,0.00000000
-0.25214225,-2.03902745,-1.27509248,-1.74867105,0.12455039,0.00000000,0.00000000,-1.90211713,0.26296088,0.28068835,-1.27400935,0.32679835,0.00000000,0.00000000
-0.25116214,-2.04007220,-1.27951968,-1.74344695,0.12973958,0.00000000,0.00000000,-1.93994486,0.24476938,0.33374518,-1.34050667,0.29966548,0.00000000,0.00000000
-0.25106031,-2.04182220,-1.28444886,-1.73752630,0.13538696,0.00000000,0.00000000,-1.98193383,0.22095534,0.38962501,-1.41231728,0.26958054,0.00000000,0.00000000
-0.25209111,-2.04460645,-1.28924310,-1.73103571,0.14076050,0.00000000,0.00000000,-2.02869391,0.19248837,0.44810277,-1.48479080,0.23578693,0.00000000,0.00000000
-0.25408858,-2.04854727,-1.29349923,-1.72423279,0.14753531,0.00000000,0.00000000,-2.08086443,0.15981266,0.50863636,-1.55458140,0.20371605,0.00000000,0.00000000
-0.25642464,-2.05342841,-1.29728591,-1.71742213,0.13835451,0.00000000,0.00000000,-2.13867450,0.12329672,0.57064193,-1.62008131,0.16553487,0.00000000,0.00000000
-0.25800413,-2.05866981,-1.30117416,-1.71075833,0.13544601,0.00000000,0.00000000,-2.20214391,0.08400315,0.63352317,-1.68046713,0.12963045,0.00000000,0.00000000
-0.25773457,-2.06355238,-1.30602181,-1.70430565,0.12707449,0.00000000,0.00000000,-2.27142310,0.04311761,0.69633144,-1.73523760,0.10696384,0.00000000,0.00000000
-0.25471386,-2.06732750,-1.31279123,-1.69774425,0.12422246,0.00000000,0.00000000,-2.34675717,0.00155932,0.75761855,-1.78391683,0.09101667,0.00000000,0.00000000
-0.24827683,-2.06935453,-1.32224262,-1.69005239,0.13069415,0.00000000,0.00000000,-2.42798042,-0.03991071,0.81563622,-1.82571030,0.08422400,0.00000000,0.00000000
-0.23829429,-2.06939125,-1.33453655,-1.67941439,0.14267519,0.00000000,0.00000000,-2.51386595,-0.08057375,0.86859214,-1.85941780,0.07230808,0.00000000,0.00000000
-0.22579308,-2.06762743,-1.34937382,-1.66344595,0.15855907,0.00000000,0.00000000,-2.60182381,-0.11967839,0.91483629,-1.88363838,0.07236653,0.00000000,0.00000000
-0.21284342,-2.06421685,-1.36657786,-1.63997412,0.18228613,0.00000000,0.00000000,-2.68831110,-0.15633182,0.95303798,-1.89706874,0.08146657,0.00000000,0.00000000
-0.20043503,-2.05935407,-1.38515508,-1.60744703,0.19637515,0.00000000,0.00000000,-2.76975465,-0.18943048,0.98232979,-1.89865625,0.08190539,0.00000000,0.00000000
-0.18825077,-2.05351734,-1.40306616,-1.56478572,0.22218817,0.00000000,0.00000000,-2.84317279,-0.21784006,1.00227797,-1.88765931,0.07427858,0.00000000,0.00000000
-0.17641672,-2.04719353,-1.41843724,-1.51170874,0.24809794,0.00000000,0.00000000,-2.90604234,-0.24072397,1.01276863,-1.86377060,0.06929614,0.00000000,0.00000000
-0.16582702,-2.04079199,-1.42987669,-1.44860780,0.25589991,0.00000000,0.00000000,-2.95585370,-0.25778258,1.01392961,-1.82729053,0.08833464,0.00000000,0.00000000
-0.15772831,-2.03475022,-1.43628824,-1.37624609,0.25942597,0.00000000,0.00000000,-2.98970318,-0.26937675,1.00616562,-1.77930987,0.10693184,0.00000000,0.00000000
-0.15347645,-2.02958393,-1.43682182,-1.29559886,0.26293749,0.00000000,0.00000000,-3.00599909,-0.27657494,0.99040174,-1.72187996,0.12329161,0.00000000,0.00000000
-0.15427871,-2.02577853,-1.43094778,-1.20760489,0.26489317,0.00000000,0.00000000,-3.00977445,-0.28104332,0.96835119,-1.65800929,0.13514000,0.00000000,0.00000000
-0.16050753,-2.02349663,-1.41858006,-1.11257279,0.26314273,0.00000000,0.00000000,-3.00999999,-0.28466025,0.94229048,-1.59119821,0.14972217,0.00000000,0.00000000
-0.17119488,-2.02240491,-1.40004659,-1.01006639,0.26260787,0.00000000,0.00000000,-3.00999999,-0.28897250,0.91442120,-1.52468204,0.15363340,0.00000000,0.00000000
-0.18711372,-2.02241874,-1.37582421,-0.90304202,0.24954863,0.00000000,0.00000000,-3.00999999,-0.29458088,0.88665152,-1.46091425,0.16031101,0.00000000,0.00000000
-0.21119022,-2.02657509,-1.34498346,-0.80199116,0.22615604,0.00000000,0.00000000,-3.00999999,-0.30052522,0.86078960,-1.40127671,0.17845458,0.00000000,0.00000000
-0.23889013,-2.04024720,-1.30494404,-0.71511072,0.20317140,0.00000000,0.00000000,-3.00999999,-0.30476031,0.83823913,-1.34613585,0.19394328,0.00000000,0.00000000
-0.26564401,-2.06176186,-1.25709367,-0.64273143,0.16466965,0.00000000,0.00000000,-3.00999999,-0.30597186,0.81940061,-1.29555225,0.19920284,0.00000000,0.00000000
-0.29138595,-2.08694839,-1.20426667,-0.58375245,0.12282033,0.00000000,0.00000000,-3.00991774,-0.30434960,0.80332077,-1.24947560,0.20183031,0.00000000,0.00000000
-0.31606022,-2.11276889,-1.14829183,-0.53707993,0.09085409,0.00000000,0.00000000,-3.00852299,-0.30087861,0.78811592,-1.20745826,0.20357642,0.00000000,0.00000000
-0.33920601,-2.13658643,-1.09040666,-0.50163430,0.05921249,0.00000000,0.00000000,-3.00235057,-0.29669902,0.77167445,-1.16873574,0.19727685,0.00000000,0.00000000
-0.36058030,-2.15562296,-1.03162599,-0.47646600,0.02940750,0.00000000,0.00000000,-2.98949480,-0.29279304,0.75248134,-1.13264549,0.18373935,0.00000000,0.00000000
-0.38011837,-2.16684246,-0.97287774,-0.46052468,0.00286755,0.00000000,0.00000000,-2.97164249,-0.28982595,0.73009080,-1.09878993,0.16727804,0.00000000,0.00000000
-0.39789036,-2.16981459,-0.91512215,-0.45241749,-0.02011802,0.00000000,0.00000000,-2.95100880,-0.28811386,0.70495671,-1.06680977,0.16177739,0.00000000,0.00000000
-0.41399816,-2.17000008,-0.85930651,-0.45038670,-0.03898772,0.00000000,0.00000000,-2.92928576,-0.28770757,0.67799991,-1.03624487,0.15928487,0.00000000,0.00000000
-0.42843163,-2.17000008,-0.80616856,-0.45262790,-0.06818215,0.00000000,0.00000000,-2.90770268,-0.28858900,0.65021515,-1.00674188,0.15964112,0.00000000,0.00000000
-0.44103912,-2.17000008,-0.75615853,-0.45757389,-0.09541692,0.00000000,0.00000000,-2.88704205,-0.29074809,0.62246597,-0.97826231,0.17760593,0.00000000,0.00000000
-0.45156828,-2.17000008,-0.70947844,-0.46398148,-0.11224030,0.00000000,0.00000000,-2.86775970,-0.29412693,0.59543866,-0.95110995,0.19055599,0.00000000,0.00000000
-0.45969409,-2.17000008,-0.66613340,-0.47090665,-0.12200598,0.00000000,0.00000000,-2.85015512,-0.29856235,0.56964409,-0.92579788,0.18820378,0.00000000,0.00000000
-0.46502763,-2.17000008,-0.62596953,-0.47763154,-0.12706284,0.00000000,0.00000000,-2.83454585,-0.30376020,0.54541951,-0.90279567,0.19343114,0.00000000,0.00000000
-0.46712506,-2.17000008,-0.58870625,-0.48355851,-0.12133661,0.00000000,0.00000000,-2.82138133,-0.30932429,0.52291882,-0.88230973,0.20564365,0.00000000,0.00000000
-0.46551210,-2.17000008,-0.55398262,-0.48805869,-0.10537491,0.00000000,0.00000000,-2.81123543,-0.31480536,0.50210172,-0.86425316,0.22578470,0.00000000,0.00000000
-0.45972210,-2.17000008,-0.52142298,-0.49027020,-0.10122102,0.00000000,0.00000000,-2.80454087,-0.31971532,0.48275280,-0.84835535,0.25091523,0.00000000,0.00000000
-0.44935906,-2.17000008,-0.49067563,-0.48902521,-0.10692955,0.00000000,0.00000000,-2.80130625,-0.32418132,0.46458083,-0.83393717,0.29501441,0.00000000,0.00000000
-0.43425527,-2.17000008,-0.46137503,-0.48320562,-0.09188397,0.00000000,0.00000000,-2.80146790,-0.33037776,0.44747740,-0.81906682,0.33608705,0.00000000,0.00000000
-0.41463396,-2.17000008,-0.43314570,-0.47206023,-0.08310438,0.00000000,0.00000000,-2.80461693,-0.34128845,0.43174696,-0.80080855,0.38668618,0.00000000,0.00000000
-0.39109281,-2.17000008,-0.40569267,-0.45504987,-0.07700793,0.00000000,0.00000000,-2.80949759,-0.35846978,0.41797170,-0.77692348,0.42942852,0.00000000,0.00000000
-0.36459428,-2.17000008,-0.37882465,-0.43194082,-0.07364815,0.00000000,0.00000000,-2.81418610,-0.38223368,0.40677154,-0.74626958,0.46870577,0.00000000,0.00000000
-0.33650285,-2.17000008,-0.35243908,-0.40314713,-0.06228176,0.00000000,0.00000000,-2.81677246,-0.41219088,0.39839789,-0.70831549,0.49725398,0.00000000,0.00000000
-0.30849937,-2.16999316,-0.32649010,-0.37003741,-0.06109115,0.00000000,0.00000000,-2.81588840,-0.44795758,0.39244822,-0.66301286,0.51996231,0.00000000,0.00000000
-0.28209922,-2.16972494,-0.30092528,-0.33491951,-0.07122940,0.00000000,0.00000000,-2.81132412,-0.48821193,0.38800451,-0.61041260,0.55888408,0.00000000,0.00000000
-0.25742322,-2.16675735,-0.27558923,-0.30012995,-0.08881868,0.00000000,0.00000000,-2.80538297,-0.52771789,0.38392428,-0.55063075,0.60336763,0.00000000,0.00000000
-0.23256446,-2.15648127,-0.25022924,-0.26692551,-0.10556509,0.00000000,0.00000000,-2.79893684,-0.56650782,0.37931547,-0.49030522,0.65782696,0.00000000,0.00000000
-0.20561273,-2.13959932,-0.22469816,-0.23632300,-0.12612101,0.00000000,0.00000000,-2.78789878,-0.61266851,0.37448302,-0.43943119,0.71450645,0.00000000,0.00000000
-0.17554420,-2.11885929,-0.19903627,-0.20914938,-0.14567569,0.00000000,0.00000000,-2.77214956,-0.66351390,0.37008035,-0.39712957,0.76422048,0.00000000,0.00000000
-0.14222585,-2.09636283,-0.17343388,-0.18584467,-0.16260611,0.00000000,0.00000000,-2.75344181,-0.71424168,0.36650941,-0.35991326,0.81760073,0.00000000,0.00000000
-0.10619792,-2.07349420,-0.14816308,-0.16641864,-0.16448428,0.00000000,0.00000000,-2.73300982,-0.76265067,0.36400452,-0.32603958,0.86312050,0.00000000,0.00000000
-0.06839927,-2.05089259,-0.12351478,-0.15043421,-0.17611620,0.00000000,0.00000000,-2.71173429,-0.80750674,0.36274001,-0.29454666,0.91501939,0.00000000,0.00000000
-0.03003109,-2.02861929,-0.09975682,-0.13715115,-0.17972319,0.00000000,0.00000000,-2.69029665,-0.84815615,0.36284539,-0.26493275,0.95398605,0.00000000,0.00000000
0.00780675,-2.00980711,-0.07706545,-0.12748961,-0.16397819,0.00000000,0.00000000,-2.66930318,-0.88460422,0.36439458,-0.23708858,0.99633479,0.00000000,0.00000000
0.04434885,-2.00023723,-0.05552203,-0.12340578,-0.14607018,0.00000000,0.00000000,-2.64926362,-0.91746980,0.36742312,-0.21122067,1.05128014,0.00000000,0.00000000
0.07796700,-1.99608183,-0.03527315,-0.12138370,-0.13136882,0.00000000,0.00000000,-2.63052726,-0.94745541,0.37196684,-0.18758209,1.09937096,0.00000000,0.00000000
0.10834745,-1.99314904,-0.01627857,-0.11868722,-0.11867021,0.00000000,0.00000000,-2.61336637,-0.97460079,0.37808090,-0.16609195,1.13607562,0.00000000,0.00000000
0.13620019,-1.99288869,0.00163435,-0.11658798,-0.09859272,0.00000000,0.00000000,-2.59798265,-0.99875122,0.38582262,-0.14655554,1.15381336,0.00000000,0.00000000
0.16215250,-1.99637496,0.01860297,-0.11619348,-0.07173202,0.00000000,0.00000000,-2.58450747,-1.01997912,0.39524078,-0.12886219,1.18209064,0.00000000,0.00000000
0.18636550,-2.00322843,0.03467134,-0.11751378,-0.04438484,0.00000000,0.00000000,-2.57302570,-1.03850508,0.40637887,-0.11294088,1.19865882,0.00000000,0.00000000
0.20848505,-2.01278639,0.04978255,-0.12006923,-0.00710506,0.00000000,0.00000000,-2.56355476,-1.05452478,0.41928208,-0.09868170,1.20049012,0.00000000,0.00000000
0.22782002,-2.02436805,0.06380295,-0.12320663,0.03368005,0.00000000,0.00000000,-2.55601192,-1.06812847,0.43400136,-0.08591226,1.21068954,0.00000000,0.00000000
0.24362141,-2.03719354,0.07656502,-0.12639828,0.06977369,0.00000000,0.00000000,-2.55019712,-1.07931709,0.45059338,-0.07442278,1.21094787,0.00000000,0.00000000
0.25530955,-2.05030107,0.08790850,-0.12945086,0.10364701,0.00000000,0.00000000,-2.54581690,-1.08806479,0.46911758,-0.06400826,1.20765519,0.00000000,0.00000000
0.26256546,-2.06262326,0.09770918,-0.13250491,0.13683680,0.00000000,0.00000000,-2.54253006,-1.09438300,0.48963201,-0.05450598,1.19570279,0.00000000,0.00000000
0.26531836,-2.07319069,0.10589579,-0.13586396,0.15837185,0.00000000,0.00000000,-2.53999543,-1.09836435,0.51219070,-0.04581726,1.19125450,0.00000000,0.00000000
0.26371607,-2.08133984,0.11245877,-0.13977188,0.17291489,0.00000000,0.00000000,-2.53789949,-1.10019135,0.53684270,-0.03791052,1.17845225,0.00000000,0.00000000
0.25810844,-2.08683920,0.11745394,-0.14423327,0.18189853,0.00000000,0.00000000,-2.53596401,-1.10011399,0.56363201,-0.03080874,1.17598116,0.00000000,0.00000000
0.24901934,-2.08989668,0.12100063,-0.14892796,0.20102681,0.00000000,0.00000000,-2.53394699,-1.09841716,0.59259909,-0.02456676,1.17695844,0.00000000,0.00000000
0.23707652,-2.09103966,0.12326881,-0.15325762,0.22546355,0.00000000,0.00000000,-2.53164959,-1.09537649,0.62378097,-0.01923894,1.17671180,0.00000000,0.00000000
0.22291383,-2.09090328,0.12445208,-0.15653864,0.24935195,0.00000000,0.00000000,-2.52893424,-1.09121561,0.65721256,-0.01484231,1.18114126,0.00000000,0.00000000
0.20706451,-2.09008050,0.12473328,-0.15826930,0.27092454,0.00000000,0.00000000,-2.52574992,-1.08608484,0.69292545,-0.01132769,1.17640865,0.00000000,0.00000000
0.18991518,-2.08904624,0.12426148,-0.15828639,0.29928759,0.00000000,0.00000000,-2.52216792,-1.08005142,0.73094845,-0.00855270,1.16627657,0.00000000,0.00000000
0.17170614,-2.08818412,0.12314873,-0.15675221,0.33242571,0.00000000,0.00000000,-2.51838064,-1.07312977,0.77130681,-0.00627671,1.16722178,0.00000000,0.00000000
0.15254594,-2.08788300,0.12147993,-0.15401338,0.36076149,0.00000000,0.00000000,-2.51465392,-1.06532812,0.81402123,-0.00417881,1.16903746,0.00000000,0.00000000
0.13246384,-2.08854055,0.11932705,-0.15041260,0.39629945,0.00000000,0.00000000,-2.51125836,-1.05668437,0.85910660,-0.00187603,1.16911364,0.00000000,0.00000000
0.11150879,-2.09042931,0.11676680,-0.14613499,0.42581069,0.00000000,0.00000000,-2.50841188,-1.04727829,0.90657187,0.00106632,1.18198597,0.00000000,0.00000000
0.08982968,-2.09359694,0.11389732,-0.14116862,0.44894052,0.00000000,0.00000000,-2.50620604,-1.03722143,0.95641732,0.00512181,1.19729984,0.00000000,0.00000000
0.06770290,-2.09779024,0.11084878,-0.13531350,0.47827893,0.00000000,0.00000000,-2.50454807,-1.02661824,1.00863266,0.01079586,1.21496272,0.00000000,0.00000000
0.04557510,-2.10223961,0.10778929,-0.12811728,0.49854466,0.00000000,0.00000000,-2.50314331,-1.01552117,1.06319273,0.01863275,1.24131167,0.00000000,0.00000000
0.02419776,-2.10616565,0.10492436,-0.11924787,0.51242250,0.00000000,0.00000000,-2.50150490,-1.00389469,1.12005043,0.02922782,1.25687408,0.00000000,0.00000000
0.00469889,-2.11027455,0.10247593,-0.10947748,0.52530497,0.00000000,0.00000000,-2.49898291,-0.99157983,1.17912591,0.04325015,1.26725435,0.00000000,0.00000000
-0.01198724,-2.11588526,0.10062972,-0.10014417,0.54360104,0.00000000,0.00000000,-2.49481201,-0.97825348,1.24028921,0.06147362,1.27658761,0.00000000,0.00000000
-0.02563579,-2.12268376,0.09950821,-0.09163214,0.57135344,0.00000000,0.00000000,-2.48812008,-0.96343362,1.30333567,0.08477824,1.27645314,0.00000000,0.00000000
-0.03641443,-2.12968636,0.09919041,-0.08389504,0.60391182,0.00000000,0.00000000,-2.47788882,-0.94652885,1.36795437,0.11412676,1.27448153,0.00000000,0.00000000
-0.04458264,-2.13630557,0.09972920,-0.07714417,0.61983281,0.00000000,0.00000000,-2.46294618,-0.92686194,1.43369603,0.15056689,1.27252173,0.00000000,0.00000000
-0.05051481,-2.14222145,0.10115478,-0.07180778,0.62555790,0.00000000,0.00000000,-2.44209862,-0.90359235,1.49993670,0.19530798,1.26052320,0.00000000,0.00000000
-0.05468850,-2.14706159,0.10348405,-0.06834557,0.63954681,0.00000000,0.00000000,-2.41466212,-0.87572110,1.56586969,0.25000522,1.24188304,0.00000000,0.00000000
-0.05745988,-2.15040493,0.10674340,-0.06711649,0.65469342,0.00000000,0.00000000,-2.38155437,-0.84252626,1.63058734,0.31732374,1.23601472,0.00000000,0.00000000
-0.05939249,-2.15256357,0.11096546,-0.06838023,0.67539942,0.00000000,0.00000000,-2.34398079,-0.80198503,1.69273937,0.39941451,1.22941184,0.00000000,0.00000000
-0.06255825,-2.15525126,0.11613157,-0.07264043,0.69022948,0.00000000,0.00000000,-2.30112696,-0.74813432,1.74976349,0.49482822,1.22205019,0.00000000,0.00000000
-0.06986341,-2.15995622,0.12219681,-0.08074667,0.73064947,0.00000000,0.00000000,-2.25572205,-0.67753226,1.79900467,0.60241467,1.21109629,0.00000000,0.00000000
-0.08223400,-2.16557074,0.12923703,-0.09270978,0.77571428,0.00000000,0.00000000,-2.20897889,-0.58892375,1.83796716,0.72122484,1.19677126,0.00000000,0.00000000
-0.09638695,-2.16906357,0.13762207,-0.10617102,0.82367402,0.00000000,0.00000000,-2.15485835,-0.47853228,1.86352777,0.84898001,1.17623532,0.00000000,0.00000000
-0.10702428,-2.16994619,0.14791241,-0.11714688,0.86526901,0.00000000,0.00000000,-2.08356571,-0.34074414,1.87225103,0.98172182,1.15856636,0.00000000,0.00000000
-0.11429492,-2.17000008,0.16029556,-0.12380031,0.90342671,0.00000000,0.00000000,-1.98423612,-0.16731854,1.86001539,1.10787094,1.16032994,0.00000000,0.00000000
-0.12074439,-2.17000008,0.17472149,-0.12594144,0.92873609,0.00000000,0.00000000,-1.85169852,0.04316921,1.82628930,1.21629632,1.16971982,0.00000000,0.00000000
-0.12722903,-2.17000008,0.19119470,-0.12364099,0.95294392,0.00000000,0.00000000,-1.68785775,0.28497940,1.77433717,1.29953909,1.18475187,0.00000000,0.00000000
-0.13257149,-2.17000008,0.20981596,-0.11681113,0.99197257,0.00000000,0.00000000,-1.49968171,0.54811341,1.70985973,1.35247207,1.20268834,0.00000000,0.00000000
-0.13510716,-2.17000008,0.23065507,-0.10527179,1.03310490,0.00000000,0.00000000,-1.29760706,0.81979769,1.64013493,1.37209404,1.22709930,0.00000000,0.00000000
-0.13515918,-2.17000008,0.25356257,-0.08916308,1.06166089,0.00000000,0.00000000,-1.09394097,1.08613813,1.57297575,1.35774088,1.25900388,0.00000000,0.00000000
-0.13575432,-2.17000008,0.27815714,-0.06917774,1.08047247,0.00000000,0.00000000,-0.90103668,1.33375680,1.51564670,1.31105125,1.28613579,0.00000000,0.00000000
-0.13951515,-2.17000008,0.30405647,-0.04635685,1.10660923,0.00000000,0.00000000,-0.72938347,1.55088437,1.47408676,1.23579574,1.30013990,0.00000000,0.00000000
-0.14603189,-2.17000008,0.33099797,-0.02189403,1.13804901,0.00000000,0.00000000,-0.58588600,1.72831905,1.45222127,1.13791740,1.31317353,0.00000000,0.00000000
-0.15383433,-2.17000008,0.35873598,0.00280411,1.14671946,0.00000000,0.00000000,-0.47267887,1.86131549,1.45081973,1.02585626,1.33267522,0.00000000,0.00000000
-0.16313213,-2.17000008,0.38700849,0.02596412,1.13791966,0.00000000,0.00000000,-0.38704222,1.95247412,1.46613324,0.91014200,1.35147643,0.00000000,0.00000000
-0.17529343,-2.17000008,0.41560069,0.04567641,1.14762330,0.00000000,0.00000000,-0.32332247,2.01199484,1.49066591,0.80053151,1.36169386,0.00000000,0.00000000
-0.19043745,-2.17000008,0.44433272,0.06044149,1.16741037,0.00000000,0.00000000,-0.27542937,2.05180120,1.51732969,0.70294046,1.37349546,0.00000000,0.00000000
-0.20734802,-2.17000008,0.47301582,0.06960626,1.18700826,0.00000000,0.00000000,-0.23807691,2.08010125,1.54218137,0.61967528,1.36726236,0.00000000,0.00000000
-0.22461383,-2.17000008,0.50147277,0.07315291,1.22244513,0.00000000,0.00000000,-0.20817281,2.10142946,1.56371081,0.55037183,1.35888469,0.00000000,0.00000000
-0.24108893,-2.17000008,0.52957922,0.07133479,1.25438809,0.00000000,0.00000000,-0.18410993,2.11840916,1.58156741,0.49340636,1.34027362,0.00000000,0.00000000
-0.25584796,-2.17000008,0.55728555,0.06454250,1.26324999,0.00000000,0.00000000,-0.16416243,2.13240576,1.59598136,0.44744205,1.33212769,0.00000000,0.00000000
-0.26805520,-2.17000008,0.58462483,0.05330546,1.27141368,0.00000000,0.00000000,-0.14698593,2.14410973,1.60735667,0.41123474,1.32879710,0.00000000,0.00000000
-0.27698404,-2.17000008,0.61171705,0.03837889,1.27205598,0.00000000,0.00000000,-0.13179238,2.15411115,1.61601150,0.38342500,1.31699955,0.00000000,0.00000000
-0.28216177,-2.17000008,0.63876992,0.02091889,1.27336562,0.00000000,0.00000000,-0.11823182,2.16264391,1.62222934,0.36261004,1.29343760,0.00000000,0.00000000
-0.28328192,-2.17000008,0.66606551,0.00265873,1.26641572,0.00000000,0.00000000,-0.10686219,2.16830158,1.62678957,0.34710750,1.27420783,0.00000000,0.00000000
-0.28041515,-2.17000008,0.69394147,-0.01413592,1.27032733,0.00000000,0.00000000,-0.09844930,2.16979432,1.63127637,0.33549914,1.25855303,0.00000000,0.00000000
-0.27417535,-2.17000008,0.72274315,-0.02741782,1.27446604,0.00000000,0.00000000,-0.09320409,2.16807961,1.63692927,0.32712170,1.23809326,0.00000000,0.00000000
-0.26558593,-2.16979957,0.75273502,-0.03645953,1.29513299,0.00000000,0.00000000,-0.09142134,2.15937185,1.64363933,0.32159200,1.23119199,0.00000000,0.00000000
-0.25585186,-2.16646433,0.78401023,-0.04280252,1.30871034,0.00000000,0.00000000,-0.09345141,2.13940191,1.65062523,0.31859642,1.23267663,0.00000000,0.00000000
-0.24649441,-2.15235567,0.81645566,-0.05016561,1.31653905,0.00000000,0.00000000,-0.09933057,2.10949230,1.65716100,0.31806117,1.22603726,0.00000000,0.00000000
-0.23977397,-2.12429738,0.84982526,-0.06223356,1.32757115,0.00000000,0.00000000,-0.10902799,2.07223320,1.66268182,0.32020435,1.22232389,0.00000000,0.00000000
-0.23832726,-2.08537579,0.88386732,-0.08054414,1.33138990,0.00000000,0.00000000,-0.12288941,2.02918386,1.66679013,0.32541519,1.22303724,0.00000000,0.00000000
-0.24415649,-2.03863001,0.91835684,-0.10527487,1.32652771,0.00000000,0.00000000,-0.14159614,1.98166668,1.66911292,0.33413428,1.23202145,0.00000000,0.00000000
-0.25831738,-1.98602903,0.95306265,-0.13648944,1.33989882,0.00000000,0.00000000,-0.16601296,1.93096030,1.66925859,0.34672928,1.23282552,0.00000000,0.00000000
-0.28125569,-1.92915261,0.98772573,-0.17431825,1.35662317,0.00000000,0.00000000,-0.19724187,1.87790072,1.66688716,0.36342913,1.22718048,0.00000000,0.00000000
-0.31314963,-1.86919487,1.02205384,-0.21873997,1.38616085,0.00000000,0.00000000,-0.23676248,1.82300639,1.66168058,0.38446417,1.21652889,0.00000000,0.00000000
-0.35402772,-1.80690706,1.05573058,-0.26946566,1.42039216,0.00000000,0.00000000,-0.28650269,1.76711714,1.65319705,0.41043165,1.21924996,0.00000000,0.00000000
-0.40384081,-1.74276686,1.08840573,-0.32596275,1.45525086,0.00000000,0.00000000,-0.34763891,1.71082497,1.64101064,0.44331518,1.22452092,0.00000000,0.00000000
-0.46253026,-1.67730570,1.11966419,-0.38757190,1.48807120,0.00000000,0.00000000,-0.41958922,1.65290344,1.62519920,0.48647392,1.23458350,0.00000000,0.00000000
-0.52961975,-1.61102283,1.14915216,-0.45382014,1.51526260,0.00000000,0.00000000,-0.50309968,1.59173858,1.60614860,0.54146451,1.25482237,0.00000000,0.00000000
-0.60418636,-1.54451847,1.17664814,-0.52484804,1.53949404,0.00000000,0.00000000,-0.60011387,1.52514052,1.58463967,0.60796732,1.25498104,0.00000000,0.00000000
-0.68719923,-1.47895718,1.20153999,-0.60128158,1.56478822,0.00000000,0.00000000,-0.71300000,1.44861150,1.56254661,0.68362486,1.26028931,0.00000000,0.00000000
-0.78235441,-1.41273367,1.22333574,-0.68422908,1.58692110,0.00000000,0.00000000,-0.84473342,1.35532939,1.54318547,0.76236218,1.27475774,0.00000000,0.00000000
-0.89161092,-1.33704066,1.24433577,-0.77434343,1.60920751,0.00000000,0.00000000,-0.99621582,1.23877084,1.53034401,0.83581167,1.29323769,0.00000000,0.00000000
-1.01732230,-1.23817551,1.26923406,-0.86343920,1.64174116,0.00000000,0.00000000,-1.16586542,1.09729314,1.52588654,0.89477050,1.31175482,0.00000000,0.00000000
-1.16241074,-1.11208391,1.29908156,-0.93979263,1.68586481,0.00000000,0.00000000,-1.34909678,0.93527895,1.52866089,0.93188488,1.33149910,0.00000000,0.00000000
-1.32582664,-0.96296382,1.33177137,-0.99494606,1.73004794,0.00000000,0.00000000,-1.53878498,0.76147640,1.53502083,0.94276464,1.34462583,0.00000000,0.00000000
-1.50240064,-0.79919636,1.36347735,-1.02452445,1.76642907,0.00000000,0.00000000,-1.72655034,0.58699280,1.53990746,0.92590672,1.35199177,0.00000000,0.00000000
-1.68477273,-0.63142568,1.38932407,-1.02732503,1.80951321,0.00000000,0.00000000,-1.90416121,0.42350993,1.53802633,0.88260084,1.35892272,0.00000000,0.00000000
-1.86483490,-0.47065151,1.40438771,-1.00470102,1.84177327,0.00000000,0.00000000,-2.06484866,0.28146163,1.52508354,0.81686366,1.35974288,0.00000000,0.00000000
-2.03493857,-0.32664853,1.40470541,-0.96022695,1.86749363,0.00000000,0.00000000,-2.20444727,0.16824047,1.49888968,0.73531353,1.35927403,0.00000000,0.00000000
-2.18897104,-0.20669857,1.38812804,-0.89953202,1.90290022,0.00000000,0.00000000,-2.32214332,0.08659055,1.46005154,0.64669889,1.35612702,0.00000000,0.00000000
-2.32310152,-0.11417928,1.35513330,-0.83006495,1.94075167,0.00000000,0.00000000,-2.41991949,0.03327359,1.41195333,0.56014901,1.35035396,0.00000000,0.00000000
-2.43625927,-0.04784013,1.30899632,-0.76030761,1.97210121,0.00000000,0.00000000,-2.50123906,0.00051913,1.35927069,0.48271072,1.35035348,0.00000000,0.00000000
-2.53037906,-0.00313418,1.25466919,-0.69838995,1.98942494,0.00000000,0.00000000,-2.57053804,-0.01813007,1.30554712,0.41808593,1.35759413,0.00000000,0.00000000
-2.60846686,0.02757104,1.19781065,-0.64886892,2.01174307,0.00000000,0.00000000,-2.63083982,-0.02681601,1.25301099,0.36568850,1.37034643,0.00000000,0.00000000
-2.67185903,0.05352383,1.14323735,-0.60928798,2.02664375,0.00000000,0.00000000,-2.68300962,-0.03006677,1.20337963,0.32281402,1.37942612,0.00000000,0.00000000
-2.72320127,0.07752343,1.09252119,-0.57611108,2.02432275,0.00000000,0.00000000,-2.72800136,-0.03039547,1.15748012,0.28762212,1.39902592,0.00000000,0.00000000
-2.76574278,0.09819195,1.04563558,-0.54783696,2.01411748,0.00000000,0.00000000,-2.76628947,-0.02887289,1.11554134,0.25858909,1.40486896,0.00000000,0.00000000
-2.80180883,0.11467566,1.00270951,-0.52388883,2.00138044,0.00000000,0.00000000,-2.79832077,-0.02648513,1.07770097,0.23454997,1.41614115,0.00000000,0.00000000
-2.83272028,0.12698962,0.96401870,-0.50392419,1.99814475,0.00000000,0.00000000,-2.82481503,-0.02388792,1.04404533,0.21480031,1.45872867,0.00000000,0.00000000
-2.85894608,0.13589475,0.92984390,-0.48745802,1.98321867,0.00000000,0.00000000,-2.84653187,-0.02133261,1.01459670,0.19885206,1.50765491,0.00000000,0.00000000
-2.88070035,0.14230354,0.90038538,-0.47400704,1.82748687,0.00000000,0.00000000,-2.86409926,-0.01890679,0.98934621,0.18624127,1.41475677,0.00000000,0.00000000
-2.89826965,0.14682199,0.87573200,-0.46325809,1.67707765,0.00000000,0.00000000,-2.87800479,-0.01665966,0.96827680,0.17650139,1.32167614,0.00000000,0.00000000
-2.91197538,0.14984219,0.85591727,-0.45500132,1.51617372,0.00000000,0.00000000,-2.88863468,-0.01466940,0.95137519,0.16919753,1.22528803,0.00000000,0.00000000
-2.92209935,0.15172122,0.84096867,-0.44904217,1.35836959,0.00000000,0.00000000,-2.89629889,-0.01307940,0.93863869,0.16395512,1.12114310,0.00000000,0.00000000
-2.92882133,0.15279181,0.83090717,-0.44517264,1.20438743,0.00000000,0.00000000,-2.90128016,-0.01201543,0.93007177,0.16052902,1.01741803,0.00000000,0.00000000
-2.93226266,0.15330121,0.82572192,-0.44321814,1.05639052,0.00000000,0.00000000,-2.90379357,-0.01150498,0.92565703,0.15878175,0.90307236,0.00000000,0.00000000
