l_joint1,l_joint2,l_joint3,l_joint4,l_joint5,l_joint6,l_joint7,r_joint1,r_joint2,r_joint3,r_joint4,r_joint5,r_joint6,r_joint7
0.43208233,-2.17000008,-1.58190632,-1.91473985,-0.00725011,0.00000000,0.00000000,-3.00999999,-0.58499515,1.33565664,-1.50439894,0.08935117,0.00000000,0.00000000
0.42538139,-2.17000008,-1.58272517,-1.91952956,-0.01086389,0.00000000,0.00000000,-3.00999999,-0.58417988,1.33737516,-1.51011753,0.10642697,0.00000000,0.00000000
0.41407731,-2.17000008,-1.58381104,-1.92657566,-0.01000449,0.00000000,0.00000000,-3.00999999,-0.58263779,1.34049284,-1.52049506,0.12561113,0.00000000,0.00000000
0.39976388,-2.17000008,-1.58472085,-1.93382263,-0.00703452,0.00000000,0.00000000,-3.00999999,-0.58037490,1.34476221,-1.53460765,0.14590453,0.00000000,0.00000000
0.38320440,-2.17000008,-1.58531308,-1.94032991,-0.00253170,0.00000000,0.00000000,-3.00999999,-0.57736027,1.35000432,-1.55160475,0.16729443,0.00000000,0.00000000
0.36462250,-2.17000008,-1.58562601,-1.94583333,0.00611372,0.00000000,0.00000000,-3.00999999,-0.57355088,1.35614491,-1.57083547,0.18450597,0.00000000,0.00000000
0.34413829,-2.17000008,-1.58577192,-1.95018542,0.01519541,0.00000000,0.00000000,-3.00999999,-0.56890696,1.36320865,-1.59182060,0.20106836,0.00000000,0.00000000
0.32190934,-2.17000008,-1.58586693,-1.95318580,0.02959546,0.00000000,0.00000000,-3.00999999,-0.56340748,1.37127829,-1.61417890,0.21974161,0.00000000,0.00000000
0.29805464,-2.17000008,-1.58570266,-1.95475209,0.04034606,0.00000000,0.00000000,-3.00999999,-0.55713248,1.38035452,-1.63756406,0.23445624,0.00000000,0.00000000
0.27262902,-2.17000008,-1.58433855,-1.95505428,0.04790215,0.00000000,0.00000000,-3.00999999,-0.55035686,1.39018834,-1.66164267,0.25185943,0.00000000,0.00000000
0.24565272,-2.17000008,-1.58071887,-1.95429873,0.04851807,0.00000000,0.00000000,-3.00999999,-0.54341048,1.40043879,-1.68609595,0.27024275,0.00000000,0.00000000
0.21703520,-2.16997838,-1.57497954,-1.95240867,0.05126853,0.00000000,0.00000000,-3.00999999,-0.53639436,1.41108441,-1.71065629,0.28234714,0.00000000,0.00000000
0.18668163,-2.16961813,-1.56784356,-1.94911766,0.05336746,0.00000000,0.00000000,-3.00999999,-0.52923924,1.42230368,-1.73516285,0.28594309,0.00000000,0.00000000
0.15452933,-2.16809297,-1.55953956,-1.94422185,0.05451793,0.00000000,0.00000000,-3.00999999,-0.52188528,1.43415475,-1.75948930,0.28004152,0.00000000,0.00000000
0.12045737,-2.16504169,-1.54986465,-1.93759739,0.05362126,0.00000000,0.00000000,-3.00999999,-0.51428497,1.44657815,-1.78347266,0.27649656,0.00000000,0.00000000
0.08428679,-2.16077924,-1.53853846,-1.92905450,0.05010075,0.00000000,0.00000000,-3.00999999,-0.50636345,1.45949554,-1.80691671,0.27468091,0.00000000,0.00000000
0.04581697,-2.15568900,-1.52531826,-1.91826916,0.05228625,0.00000000,0.00000000,-3.00999665,-0.49801403,1.47283232,-1.82960141,0.27565810,0.00000000,0.00000000
0.00481999,-2.15001345,-1.50998962,-1.90479636,0.05497672,0.00000000,0.00000000,-3.00985646,-0.48913255,1.48647821,-1.85124373,0.27855200,0.00000000,0.00000000
-0.03893113,-2.14390206,-1.49231255,-1.88802612,0.05372072,0.00000000,0.00000000,-3.00826621,-0.47964337,1.50025105,-1.87142098,0.28726977,0.00000000,0.00000000
-0.08560714,-2.13749027,-1.47194088,-1.86711478,0.05892280,0.00000000,0.00000000,-3.00256062,-0.46948886,1.51391196,-1.88965774,0.28673792,0.00000000,0.00000000
-0.13529922,-2.13093257,-1.44835877,-1.84097230,0.06034993,0.00000000,0.00000000,-2.99244785,-0.45863375,1.52717638,-1.90572309,0.28432462,0.00000000,0.00000000
-0.18798049,-2.12437868,-1.42088842,-1.80823660,0.06044905,0.00000000,0.00000000,-2.97850084,-0.44707265,1.53969836,-1.91967690,0.28740340,0.00000000,0.00000000
-0.24344030,-2.11795092,-1.38873065,-1.76726902,0.05140698,0.00000000,0.00000000,-2.96103263,-0.43483108,1.55109179,-1.93170214,0.28998068,0.00000000,0.00000000
-0.30121726,-2.11172628,-1.35098779,-1.71621573,0.03790000,0.00000000,0.00000000,-2.94024348,-0.42199352,1.56094992,-1.94197261,0.29465699,0.00000000,0.00000000
-0.36053836,-2.10571671,-1.30668068,-1.65312016,0.02388088,0.00000000,0.00000000,-2.91630387,-0.40873832,1.56886816,-1.95059311,0.29453421,0.00000000,0.00000000
-0.42031848,-2.09987688,-1.25480914,-1.57609844,0.00520728,0.00000000,0.00000000,-2.88936329,-0.39532346,1.57449675,-1.95758820,0.30393016,0.00000000,0.00000000
-0.47919825,-2.09410405,-1.19445169,-1.48352766,-0.01517883,0.00000000,0.00000000,-2.85955739,-0.38205296,1.57757759,-1.96291983,0.31123888,0.00000000,0.00000000
-0.53558755,-2.08824468,-1.12486219,-1.37419367,-0.03930542,0.00000000,0.00000000,-2.82703471,-0.36927882,1.57793999,-1.96654212,0.31617880,0.00000000,0.00000000
-0.58776087,-2.08211517,-1.04554844,-1.24738371,-0.05700171,0.00000000,0.00000000,-2.79201794,-0.35742271,1.57545209,-1.96844101,0.32788590,0.00000000,0.00000000
-0.63397521,-2.07547975,-0.95634133,-1.10292077,-0.07601535,0.00000000,0.00000000,-2.75482726,-0.34696814,1.57001698,-1.96866941,0.33874777,0.00000000,0.00000000
-0.67256343,-2.06797481,-0.85746062,-0.94115925,-0.08695554,0.00000000,0.00000000,-2.71585631,-0.33843687,1.56159616,-1.96739852,0.34504852,0.00000000,0.00000000
-0.70202374,-2.05905676,-0.74957389,-0.76297462,-0.10580908,0.00000000,0.00000000,-2.67559052,-0.33236414,1.55018830,-1.96490633,0.35865977,0.00000000,0.00000000
-0.72115153,-2.04798627,-0.63384980,-0.56977636,-0.12043274,0.00000000,0.00000000,-2.63460660,-0.32920900,1.53582478,-1.96146309,0.37697741,0.00000000,0.00000000
-0.72918713,-2.03382254,-0.51198941,-0.36353123,-0.13673705,0.00000000,0.00000000,-2.59351110,-0.32921517,1.51859856,-1.95722795,0.40267476,0.00000000,0.00000000
-0.72588420,-2.01546764,-0.38621044,-0.14676523,-0.15665969,0.00000000,0.00000000,-2.55288649,-0.33235073,1.49864876,-1.95222449,0.43248686,0.00000000,0.00000000
-0.71145558,-1.99176931,-0.25917342,0.07746349,-0.17701338,0.00000000,0.00000000,-2.51322770,-0.33832574,1.47616792,-1.94636786,0.46936822,0.00000000,0.00000000
-0.68637216,-1.96153748,-0.13385734,0.30564284,-0.19476353,0.00000000,0.00000000,-2.47479463,-0.34659258,1.45154655,-1.93956375,0.50266254,0.00000000,0.00000000
-0.65076101,-1.92325163,-0.01338568,0.53396177,-0.20990384,0.00000000,0.00000000,-2.43708086,-0.35623673,1.42599916,-1.93205833,0.53495890,0.00000000,0.00000000
-0.60284948,-1.87434816,0.09917394,0.75852776,-0.22538209,0.00000000,0.00000000,-2.39884281,-0.36563501,1.40270436,-1.92424619,0.55796051,0.00000000,0.00000000
-0.53845990,-1.81186271,0.20098777,0.97559881,-0.24066556,0.00000000,0.00000000,-2.36128449,-0.37269670,1.38512170,-1.91547310,0.58523852,0.00000000,0.00000000
-0.45531738,-1.73545492,0.28958669,1.18172240,-0.24051304,0.00000000,0.00000000,-2.32805395,-0.37660572,1.37282181,-1.90622556,0.61315447,0.00000000,0.00000000
-0.35532737,-1.64726388,0.36297354,1.37376511,-0.23916700,0.00000000,0.00000000,-2.29910278,-0.37767300,1.36472511,-1.89883173,0.63488591,0.00000000,0.00000000
-0.24240471,-1.55030942,0.41971141,1.54895318,-0.23206620,0.00000000,0.00000000,-2.27228713,-0.37633961,1.36062014,-1.89482677,0.65103829,0.00000000,0.00000000
-0.12080194,-1.44790769,0.45895988,1.70495844,-0.22540529,0.00000000,0.00000000,-2.24749303,-0.37274161,1.36005020,-1.89296317,0.66829216,0.00000000,0.00000000
0.00541615,-1.34351325,0.48043439,1.83998406,-0.21992001,0.00000000,0.00000000,-2.22569323,-0.36718547,1.36160088,-1.89167547,0.69352818,0.00000000,0.00000000
0.13257833,-1.24057698,0.48430032,1.95280480,-0.21506521,0.00000000,0.00000000,-2.20683265,-0.36008772,1.36408985,-1.89087868,0.71603316,0.00000000,0.00000000
0.25748256,-1.14241707,0.47102123,2.04276037,-0.20722003,0.00000000,0.00000000,-2.19019270,-0.35169905,1.36700869,-1.89086807,0.73470592,0.00000000,0.00000000
0.37739968,-1.05213678,0.44119132,2.10970140,-0.20364651,0.00000000,0.00000000,-2.17511296,-0.34212047,1.37011886,-1.89171863,0.74942005,0.00000000,0.00000000
0.49004129,-0.97259814,0.39538494,2.15389705,-0.20296319,0.00000000,0.00000000,-2.16076684,-0.33130413,1.37350547,-1.89342415,0.76720411,0.00000000,0.00000000
0.59312540,-0.90618753,0.33365697,2.17619348,-0.18991086,0.00000000,0.00000000,-2.14594269,-0.31874204,1.37832201,-1.89566779,0.77994567,0.00000000,0.00000000
0.68508339,-0.85357404,0.25625178,2.17820787,-0.17841716,0.00000000,0.00000000,-2.12913799,-0.30363727,1.38646472,-1.89813328,0.78852862,0.00000000,0.00000000
0.76981866,-0.81122041,0.16841999,2.16461349,-0.15745500,0.00000000,0.00000000,-2.10997820,-0.28622919,1.39745557,-1.90100539,0.80070299,0.00000000,0.00000000
0.85423994,-0.77216750,0.07795449,2.14603496,-0.13635255,0.00000000,0.00000000,-2.08961558,-0.26779568,1.40874207,-1.90431082,0.80984300,0.00000000,0.00000000
0.93974346,-0.73280865,-0.01319602,2.12634540,-0.11827325,0.00000000,0.00000000,-2.06904721,-0.24928471,1.41907251,-1.90764070,0.81474835,0.00000000,0.00000000
1.02564287,-0.69172424,-0.10524291,2.10419059,-0.08869688,0.00000000,0.00000000,-2.04907751,-0.23175490,1.42779684,-1.91056561,0.81478703,0.00000000,0.00000000
1.11036766,-0.64715028,-0.19919613,2.07809973,-0.05842417,0.00000000,0.00000000,-2.03041697,-0.21656626,1.43431687,-1.91280866,0.80454552,0.00000000,0.00000000
1.19261897,-0.59719402,-0.29560882,2.04930878,-0.02591169,0.00000000,0.00000000,-2.01333427,-0.20458402,1.43864715,-1.91420221,0.79800642,0.00000000,0.00000000
1.27263081,-0.54137439,-0.39330897,2.01963472,0.00584308,0.00000000,0.00000000,-1.99773622,-0.19578600,1.44131827,-1.91466367,0.78464514,0.00000000,0.00000000
1.35019410,-0.47997981,-0.49132240,1.99063742,0.03808026,0.00000000,0.00000000,-1.98346674,-0.18972029,1.44284630,-1.91420531,0.76792395,0.00000000,0.00000000
1.42459118,-0.41363290,-0.58891845,1.96363282,0.07040153,0.00000000,0.00000000,-1.97039998,-0.18586498,1.44358969,-1.91288829,0.75040513,0.00000000,0.00000000
1.49503887,-0.34327418,-0.68518925,1.93964732,0.09298319,0.00000000,0.00000000,-1.95844460,-0.18374172,1.44378376,-1.91078031,0.73092365,0.00000000,0.00000000
1.56076586,-0.27011633,-0.77903193,1.91941357,0.11823039,0.00000000,0.00000000,-1.94754839,-0.18295820,1.44354117,-1.90795410,0.71307325,0.00000000,0.00000000
1.62108135,-0.19561623,-0.86918283,1.90331507,0.14372708,0.00000000,0.00000000,-1.93765497,-0.18320748,1.44291496,-1.90449369,0.69975001,0.00000000,0.00000000
1.67537177,-0.12141743,-0.95434350,1.89137864,0.17655696,0.00000000,0.00000000,-1.92866671,-0.18422030,1.44195032,-1.90050995,0.68122315,0.00000000,0.00000000
1.72310555,-0.04925801,-1.03330958,1.88333273,0.21062256,0.00000000,0.00000000,-1.92047119,-0.18574242,1.44062710,-1.89615738,0.66086072,0.00000000,0.00000000
1.76390028,0.01911989,-1.10505033,1.87867022,0.24720244,0.00000000,0.00000000,-1.91296744,-0.18753850,1.43882740,-1.89162540,0.63869858,0.00000000,0.00000000
1.79760063,0.08205673,-1.16878331,1.87671518,0.28010449,0.00000000,0.00000000,-1.90604937,-0.18937425,1.43641317,-1.88710070,0.62309688,0.00000000,0.00000000
1.82431674,0.13808358,-1.22407091,1.87672520,0.31557858,0.00000000,0.00000000,-1.89953697,-0.19098310,1.43337190,-1.88275301,0.61186600,0.00000000,0.00000000
1.84453833,0.18609528,-1.27084577,1.87798452,0.35027745,0.00000000,0.00000000,-1.89310372,-0.19206251,1.42991161,-1.87877285,0.59799904,0.00000000,0.00000000
1.85926044,0.22564717,-1.30938566,1.87990677,0.37537956,0.00000000,0.00000000,-1.88632786,-0.19233193,1.42643058,-1.87534094,0.58216661,0.00000000,0.00000000
1.86986697,0.25726432,-1.34031940,1.88212252,0.40183204,0.00000000,0.00000000,-1.87889731,-0.19165438,1.42331243,-1.87253201,0.56943309,0.00000000,0.00000000
1.87771595,0.28239083,-1.36459327,1.88447726,0.43013781,0.00000000,0.00000000,-1.87077713,-0.19013578,1.42069256,-1.87027526,0.55483121,0.00000000,0.00000000
1.88373625,0.30280706,-1.38332152,1.88696945,0.45351279,0.00000000,0.00000000,-1.86215675,-0.18804765,1.41850889,-1.86836815,0.54200810,0.00000000,0.00000000
1.88834965,0.31995133,-1.39759099,1.88969648,0.48419243,0.00000000,0.00000000,-1.85323727,-0.18565123,1.41671073,-1.86657715,0.52955103,0.00000000,0.00000000
1.89166248,0.33463395,-1.40832889,1.89280927,0.50914603,0.00000000,0.00000000,-1.84408665,-0.18312353,1.41531503,-1.86478519,0.51172763,0.00000000,0.00000000
1.89369273,0.34717163,-1.41627598,1.89644635,0.52627617,0.00000000,0.00000000,-1.83468163,-0.18057634,1.41431749,-1.86300850,0.50076622,0.00000000,0.00000000
1.89449227,0.35763162,-1.42204881,1.90066361,0.53415769,0.00000000,0.00000000,-1.82501185,-0.17805831,1.41362810,-1.86130095,0.49282035,0.00000000,0.00000000
1.89417756,0.36605245,-1.42619216,1.90541387,0.53413802,0.00000000,0.00000000,-1.81509244,-0.17556171,1.41308260,-1.85973430,0.50053853,0.00000000,0.00000000
1.89292908,0.37257439,-1.42921257,1.91054428,0.53739619,0.00000000,0.00000000,-1.80490398,-0.17305070,1.41250491,-1.85844517,0.51361972,0.00000000,0.00000000
1.89098704,0.37743118,-1.43159068,1.91578305,0.53791308,0.00000000,0.00000000,-1.79441106,-0.17048849,1.41173112,-1.85759664,0.52487952,0.00000000,0.00000000
1.88864481,0.38086987,-1.43376255,1.92075825,0.54324025,0.00000000,0.00000000,-1.78362405,-0.16785407,1.41062915,-1.85727286,0.53447795,0.00000000,0.00000000
1.88621986,0.38314661,-1.43605185,1.92508972,0.55011517,0.00000000,0.00000000,-1.77261281,-0.16518304,1.40909827,-1.85746300,0.53720564,0.00000000,0.00000000
1.88399684,0.38456187,-1.43861508,1.92850935,0.55509955,0.00000000,0.00000000,-1.76150632,-0.16259941,1.40703332,-1.85809922,0.53970325,0.00000000,0.00000000
1.88211751,0.38543883,-1.44147027,1.93098247,0.55465025,0.00000000,0.00000000,-1.75046146,-0.16026232,1.40436089,-1.85906386,0.54736549,0.00000000,0.00000000
1.88056469,0.38606825,-1.44455051,1.93268895,0.54913241,0.00000000,0.00000000,-1.73961079,-0.15829863,1.40111375,-1.86018443,0.54355663,0.00000000,0.00000000
1.87928438,0.38668004,-1.44773686,1.93385160,0.54574394,0.00000000,0.00000000,-1.72908866,-0.15679801,1.39742851,-1.86119759,0.53798765,0.00000000,0.00000000
1.87827790,0.38744211,-1.45089531,1.93460524,0.55176342,0.00000000,0.00000000,-1.71906888,-0.15583687,1.39348912,-1.86175334,0.53757083,0.00000000,0.00000000
1.87758148,0.38848481,-1.45390952,1.93501210,0.54516459,0.00000000,0.00000000,-1.70971775,-0.15549749,1.38946521,-1.86154997,0.54972190,0.00000000,0.00000000
1.87719274,0.38995814,-1.45670056,1.93515062,0.53675199,0.00000000,0.00000000,-1.70114768,-0.15587363,1.38546562,-1.86043561,0.56026435,0.00000000,0.00000000
1.87704980,0.39206454,-1.45923674,1.93514919,0.52803385,0.00000000,0.00000000,-1.69344318,-0.15709765,1.38148367,-1.85840905,0.58092660,0.00000000,0.00000000
1.87708879,0.39499587,-1.46152282,1.93513906,0.52066040,0.00000000,0.00000000,-1.68667281,-0.15936139,1.37741888,-1.85558510,0.60709548,0.00000000,0.00000000
1.87728631,0.39883518,-1.46359897,1.93518889,0.51389593,0.00000000,0.00000000,-1.68083966,-0.16284986,1.37321663,-1.85213411,0.62950379,0.00000000,0.00000000
1.87767220,0.40349284,-1.46554303,1.93525672,0.51846379,0.00000000,0.00000000,-1.67580140,-0.16761307,1.36896694,-1.84829557,0.64693332,0.00000000,0.00000000
1.87830615,0.40866509,-1.46745253,1.93520713,0.51335639,0.00000000,0.00000000,-1.67126143,-0.17346689,1.36484373,-1.84442151,0.65599716,0.00000000,0.00000000
1.87919402,0.41386390,-1.46942174,1.93492389,0.50867140,0.00000000,0.00000000,-1.66691542,-0.17997266,1.36098003,-1.84084177,0.66864741,0.00000000,0.00000000
1.88023257,0.41854692,-1.47150707,1.93441904,0.51410764,0.00000000,0.00000000,-1.66253722,-0.18655317,1.35740292,-1.83778954,0.68430758,0.00000000,0.00000000
1.88124955,0.42222682,-1.47373617,1.93380487,0.52397358,0.00000000,0.00000000,-1.65797198,-0.19263735,1.35409069,-1.83538675,0.70003718,0.00000000,0.00000000
1.88206840,0.42455149,-1.47612596,1.93322444,0.53310519,0.00000000,0.00000000,-1.65314388,-0.19778365,1.35102141,-1.83363700,0.70282215,0.00000000,0.00000000
1.88255680,0.42538288,-1.47866750,1.93282485,0.53803521,0.00000000,0.00000000,-1.64809549,-0.20177232,1.34814310,-1.83244693,0.70314342,0.00000000,0.00000000
1.88264132,0.42485985,-1.48131883,1.93274581,0.53960723,0.00000000,0.00000000,-1.64299488,-0.20462336,1.34535599,-1.83165455,0.70607650,0.00000000,0.00000000
1.88231134,0.42333674,-1.48400855,1.93309772,0.52931601,0.00000000,0.00000000,-1.63806653,-0.20653757,1.34256065,-1.83107722,0.71386260,0.00000000,0.00000000
1.88161290,0.42120948,-1.48665643,1.93393219,0.51522177,0.00000000,0.00000000,-1.63349307,-0.20780312,1.33971453,-1.83057153,0.72789866,0.00000000,0.00000000
1.88062298,0.41879523,-1.48919046,1.93524933,0.49693614,0.00000000,0.00000000,-1.62937701,-0.20872797,1.33682454,-1.83007121,0.75116110,0.00000000,0.00000000
1.87944114,0.41628754,-1.49153876,1.93700123,0.48196161,0.00000000,0.00000000,-1.62574410,-0.20959495,1.33393133,-1.82957959,0.76259220,0.00000000,0.00000000
1.87819421,0.41376480,-1.49362516,1.93907762,0.46395975,0.00000000,0.00000000,-1.62256980,-0.21061558,1.33111727,-1.82911563,0.78306931,0.00000000,0.00000000
1.87700951,0.41122767,-1.49539244,1.94133222,0.44378504,0.00000000,0.00000000,-1.61980176,-0.21189404,1.32847631,-1.82869458,0.80160928,0.00000000,0.00000000
1.87596488,0.40860659,-1.49682915,1.94363952,0.41824490,0.00000000,0.00000000,-1.61735582,-0.21340923,1.32606947,-1.82835734,0.81828374,0.00000000,0.00000000
1.87508976,0.40577826,-1.49796116,1.94590354,0.40409425,0.00000000,0.00000000,-1.61512613,-0.21504343,1.32392788,-1.82815850,0.81638819,0.00000000,0.00000000
1.87442696,0.40268049,-1.49881434,1.94800043,0.38920963,0.00000000,0.00000000,-1.61304843,-0.21668005,1.32206929,-1.82808936,0.80690342,0.00000000,0.00000000
1.87405479,0.39941582,-1.49937713,1.94976628,0.36848047,0.00000000,0.00000000,-1.61115110,-0.21828239,1.32048154,-1.82803977,0.79586476,0.00000000,0.00000000
1.87402534,0.39617467,-1.49963260,1.95107627,0.34437677,0.00000000,0.00000000,-1.60950553,-0.21984282,1.31913149,-1.82784927,0.78192222,0.00000000,0.00000000
1.87434006,0.39309233,-1.49958491,1.95189440,0.31037042,0.00000000,0.00000000,-1.60816514,-0.22132915,1.31799269,-1.82736421,0.77113628,0.00000000,0.00000000
1.87497616,0.39027575,-1.49925840,1.95225227,0.26798910,0.00000000,0.00000000,-1.60718179,-0.22272971,1.31703281,-1.82644260,0.77146894,0.00000000,0.00000000
1.87590754,0.38790527,-1.49870586,1.95220447,0.23434681,0.00000000,0.00000000,-1.60663402,-0.22411434,1.31617749,-1.82496059,0.76770335,0.00000000,0.00000000
1.87710238,0.38619143,-1.49801767,1.95179904,0.20193395,0.00000000,0.00000000,-1.60657930,-0.22558668,1.31531703,-1.82285929,0.75634766,0.00000000,0.00000000
1.87845874,0.38532260,-1.49733067,1.95114708,0.16868632,0.00000000,0.00000000,-1.60692370,-0.22715494,1.31435978,-1.82019699,0.73972744,0.00000000,0.00000000
1.87983072,0.38528672,-1.49676836,1.95041323,0.13063000,0.00000000,0.00000000,-1.60737669,-0.22864872,1.31326842,-1.81718719,0.71725923,0.00000000,0.00000000
1.88112605,0.38588598,-1.49637938,1.94970047,0.09513242,0.00000000,0.00000000,-1.60761869,-0.22987339,1.31204641,-1.81411994,0.69598919,0.00000000,0.00000000
1.88230348,0.38688499,-1.49616051,1.94904244,0.06707723,0.00000000,0.00000000,-1.60739219,-0.23072961,1.31073391,-1.81128848,0.67908591,0.00000000,0.00000000
1.88333309,0.38804159,-1.49608266,1.94845212,0.04284598,0.00000000,0.00000000,-1.60654652,-0.23118010,1.30939806,-1.80890739,0.66739309,0.00000000,0.00000000
1.88416624,0.38909781,-1.49610281,1.94795895,0.02739930,0.00000000,0.00000000,-1.60505009,-0.23118387,1.30810153,-1.80706549,0.64935404,0.00000000,0.00000000
1.88475323,0.38990834,-1.49615002,1.94759631,0.01418548,0.00000000,0.00000000,-1.60300612,-0.23074284,1.30687714,-1.80570054,0.63424295,0.00000000,0.00000000
1.88507569,0.39051411,-1.49614406,1.94735420,0.00745038,0.00000000,0.00000000,-1.60064411,-0.22997442,1.30573308,-1.80463445,0.61512113,0.00000000,0.00000000
1.88515115,0.39105946,-1.49603033,1.94716525,-0.00263493,0.00000000,0.00000000,-1.59823418,-0.22907436,1.30467904,-1.80365217,0.60879844,0.00000000,0.00000000
1.88500750,0.39166856,-1.49579227,1.94693649,-0.00817192,0.00000000,0.00000000,-1.59597957,-0.22819100,1.30372930,-1.80257308,0.60792255,0.00000000,0.00000000
1.88465655,0.39240211,-1.49542809,1.94661415,-0.01057563,0.00000000,0.00000000,-1.59397078,-0.22737189,1.30287659,-1.80130875,0.60201442,0.00000000,0.00000000
1.88408697,0.39324799,-1.49493659,1.94621301,-0.01543863,0.00000000,0.00000000,-1.59220040,-0.22659118,1.30209792,-1.79986560,0.58748215,0.00000000,0.00000000
1.88326502,0.39414605,-1.49431407,1.94581366,-0.02180837,0.00000000,0.00000000,-1.59060228,-0.22579870,1.30138195,-1.79831183,0.58255345,0.00000000,0.00000000
1.88216650,0.39505515,-1.49355638,1.94549310,-0.01846649,0.00000000,0.00000000,-1.58906901,-0.22490886,1.30073118,-1.79671514,0.58286589,0.00000000,0.00000000
1.88079619,0.39596269,-1.49268627,1.94526827,-0.01464232,0.00000000,0.00000000,-1.58741772,-0.22378162,1.30013549,-1.79516888,0.57758957,0.00000000,0.00000000
1.87918794,0.39684799,-1.49175560,1.94508004,-0.00574877,0.00000000,0.00000000,-1.58537078,-0.22221856,1.29955769,-1.79381382,0.57364810,0.00000000,0.00000000
1.87736654,0.39766562,-1.49081302,1.94484866,0.01020036,0.00000000,0.00000000,-1.58267021,-0.22000389,1.29894578,-1.79275358,0.56572044,0.00000000,0.00000000
1.87533545,0.39835274,-1.48990273,1.94451845,0.02486483,0.00000000,0.00000000,-1.57921064,-0.21708004,1.29827738,-1.79205990,0.55426431,0.00000000,0.00000000
1.87307656,0.39887261,-1.48907912,1.94406986,0.03873087,0.00000000,0.00000000,-1.57505584,-0.21358258,1.29757380,-1.79177654,0.55917120,0.00000000,0.00000000
1.87058794,0.39926827,-1.48838425,1.94349885,0.05551440,0.00000000,0.00000000,-1.57033706,-0.20972016,1.29687083,-1.79188526,0.57951498,0.00000000,0.00000000
1.86786020,0.39961720,-1.48784113,1.94284558,0.07130849,0.00000000,0.00000000,-1.56519592,-0.20568332,1.29619443,-1.79232764,0.59907019,0.00000000,0.00000000
1.86485529,0.39994517,-1.48746705,1.94219601,0.09113704,0.00000000,0.00000000,-1.55977154,-0.20160908,1.29557145,-1.79304242,0.62628114,0.00000000,0.00000000
1.86154795,0.40024605,-1.48725665,1.94162118,0.12010694,0.00000000,0.00000000,-1.55420113,-0.19763541,1.29504335,-1.79398215,0.65162796,0.00000000,0.00000000
1.85795319,0.40055126,-1.48715878,1.94114816,0.14213671,0.00000000,0.00000000,-1.54862463,-0.19395910,1.29466772,-1.79511023,0.68123311,0.00000000,0.00000000
1.85412097,0.40092364,-1.48708928,1.94075549,0.16249046,0.00000000,0.00000000,-1.54319286,-0.19078924,1.29449499,-1.79636884,0.70838434,0.00000000,0.00000000
1.85011971,0.40144020,-1.48694551,1.94039416,0.18193766,0.00000000,0.00000000,-1.53809094,-0.18827160,1.29454076,-1.79762566,0.74151438,0.00000000,0.00000000
1.84604943,0.40216336,-1.48659420,1.93998587,0.18727793,0.00000000,0.00000000,-1.53352559,-0.18643515,1.29478860,-1.79865968,0.77675998,0.00000000,0.00000000
1.84203732,0.40307388,-1.48590612,1.93942344,0.19392547,0.00000000,0.00000000,-1.52967024,-0.18518491,1.29521012,-1.79922962,0.80370080,0.00000000,0.00000000
1.83816683,0.40411833,-1.48481870,1.93863845,0.20207806,0.00000000,0.00000000,-1.52666032,-0.18436757,1.29575586,-1.79911697,0.82060736,0.00000000,0.00000000
1.83445382,0.40532455,-1.48334301,1.93764210,0.21083635,0.00000000,0.00000000,-1.52459872,-0.18384923,1.29631674,-1.79816437,0.83375293,0.00000000,0.00000000
1.83087015,0.40677810,-1.48155022,1.93650246,0.21100377,0.00000000,0.00000000,-1.52346087,-0.18352841,1.29675758,-1.79637325,0.85960668,0.00000000,0.00000000
1.82733667,0.40845162,-1.47961092,1.93530583,0.21497974,0.00000000,0.00000000,-1.52297926,-0.18327421,1.29703701,-1.79397953,0.89524031,0.00000000,0.00000000
1.82377613,0.41016129,-1.47776401,1.93409407,0.22728993,0.00000000,0.00000000,-1.52270079,-0.18292370,1.29722345,-1.79139137,0.92876917,0.00000000,0.00000000
1.82018483,0.41170385,-1.47617900,1.93283665,0.22337005,0.00000000,0.00000000,-1.52216303,-0.18235409,1.29740119,-1.78905153,0.97742778,0.00000000,0.00000000
1.81660438,0.41297209,-1.47491038,1.93150437,0.23189992,0.00000000,0.00000000,-1.52104354,-0.18153934,1.29760087,-1.78731632,1.02776504,0.00000000,0.00000000
1.81306970,0.41395554,-1.47393656,1.93013656,0.23677546,0.00000000,0.00000000,-1.51920199,-0.18052873,1.29783010,-1.78637147,1.06772780,0.00000000,0.00000000
1.80961680,0.41468138,-1.47320390,1.92880177,0.23034488,0.00000000,0.00000000,-1.51664519,-0.17937915,1.29810655,-1.78621697,1.11152160,0.00000000,0.00000000
1.80630541,0.41520685,-1.47263849,1.92754793,0.23215574,0.00000000,0.00000000,-1.51349580,-0.17813572,1.29843295,-1.78670406,1.16053987,0.00000000,0.00000000
1.80318880,0.41562721,-1.47216773,1.92641890,0.23558611,0.00000000,0.00000000,-1.50995123,-0.17683506,1.29876673,-1.78761327,1.19514096,0.00000000,0.00000000
1.80033147,0.41605923,-1.47174084,1.92541242,0.22999097,0.00000000,0.00000000,-1.50624013,-0.17551968,1.29902363,-1.78871775,1.21514320,0.00000000,0.00000000
1.79783034,0.41661257,-1.47132289,1.92445314,0.22430208,0.00000000,0.00000000,-1.50260019,-0.17424963,1.29910803,-1.78980124,1.23384750,0.00000000,0.00000000
1.79576516,0.41736025,-1.47089171,1.92347646,0.21583676,0.00000000,0.00000000,-1.49924290,-0.17307603,1.29895198,-1.79066765,1.24363899,0.00000000,0.00000000
1.79413772,0.41832441,-1.47044122,1.92251456,0.20275612,0.00000000,0.00000000,-1.49628770,-0.17200351,1.29853725,-1.79118693,1.25546789,0.00000000,0.00000000
1.79288566,0.41947260,-1.46998799,1.92167819,0.18478079,0.00000000,0.00000000,-1.49373841,-0.17099014,1.29786956,-1.79133677,1.26403093,0.00000000,0.00000000
1.79193246,0.42072019,-1.46957755,1.92107189,0.17366028,0.00000000,0.00000000,-1.49149477,-0.16998102,1.29696691,-1.79121351,1.26672745,0.00000000,0.00000000
1.79124355,0.42194834,-1.46928668,1.92071044,0.16698888,0.00000000,0.00000000,-1.48940170,-0.16894731,1.29586351,-1.79098773,1.26067090,0.00000000,0.00000000
1.79080606,0.42304298,-1.46918976,1.92056298,0.16864231,0.00000000,0.00000000,-1.48730397,-0.16788846,1.29461098,-1.79083776,1.24806774,0.00000000,0.00000000
1.79059756,0.42395005,-1.46932304,1.92062485,0.17014252,0.00000000,0.00000000,-1.48508787,-0.16683246,1.29326522,-1.79090011,1.24317932,0.00000000,0.00000000
1.79058039,0.42470139,-1.46967506,1.92093229,0.17074691,0.00000000,0.00000000,-1.48269117,-0.16583322,1.29187775,-1.79125667,1.23874724,0.00000000,0.00000000
1.79072249,0.42537937,-1.47021556,1.92151833,0.17455068,0.00000000,0.00000000,-1.48010147,-0.16494319,1.29048193,-1.79194009,1.22217000,0.00000000,0.00000000
1.79101670,0.42606440,-1.47093058,1.92236817,0.17829077,0.00000000,0.00000000,-1.47735465,-0.16418542,1.28908169,-1.79293299,1.20049691,0.00000000,0.00000000
1.79152524,0.42679134,-1.47186172,1.92332983,0.18138403,0.00000000,0.00000000,-1.47452402,-0.16353315,1.28766620,-1.79417098,1.17037940,0.00000000,0.00000000
1.79242957,0.42753246,-1.47309995,1.92404222,0.18693924,0.00000000,0.00000000,-1.47170639,-0.16290794,1.28622496,-1.79554844,1.13765180,0.00000000,0.00000000
1.79387283,0.42826098,-1.47467089,1.92422283,0.19871120,0.00000000,0.00000000,-1.46901000,-0.16224317,1.28473663,-1.79697430,1.09866858,0.00000000,0.00000000
1.79577506,0.42902014,-1.47643077,1.92399216,0.21172938,0.00000000,0.00000000,-1.46654558,-0.16155012,1.28319216,-1.79839146,1.05700803,0.00000000,0.00000000
1.79791510,0.42988506,-1.47815382,1.92372668,0.22190815,0.00000000,0.00000000,-1.46441519,-0.16089578,1.28163743,-1.79972851,1.03340387,0.00000000,0.00000000
1.80016458,0.43087354,-1.47970831,1.92364335,0.22698845,0.00000000,0.00000000,-1.46268356,-0.16034240,1.28019595,-1.80088174,1.00971019,0.00000000,0.00000000
1.80251729,0.43194109,-1.48106849,1.92374504,0.23316640,0.00000000,0.00000000,-1.46133685,-0.15993266,1.27905536,-1.80177462,0.98669660,0.00000000,0.00000000
1.80497420,0.43304008,-1.48221898,1.92402589,0.23417027,0.00000000,0.00000000,-1.46032012,-0.15968047,1.27838647,-1.80237675,0.97016126,0.00000000,0.00000000
1.80751288,0.43414128,-1.48313415,1.92451477,0.23807237,0.00000000,0.00000000,-1.45963585,-0.15957108,1.27821517,-1.80267584,0.96151745,0.00000000,0.00000000
1.81017065,0.43519792,-1.48383319,1.92512774,0.24332106,0.00000000,0.00000000,-1.45935285,-0.15957616,1.27841306,-1.80267620,0.95312989,0.00000000,0.00000000
1.81303883,0.43614525,-1.48437512,1.92568433,0.25533593,0.00000000,0.00000000,-1.45956409,-0.15964864,1.27877724,-1.80239344,0.95658630,0.00000000,0.00000000
1.81619322,0.43694866,-1.48480034,1.92603254,0.26729727,0.00000000,0.00000000,-1.46036220,-0.15973940,1.27911067,-1.80182779,0.95912951,0.00000000,0.00000000
1.81966949,0.43765309,-1.48510528,1.92610419,0.29001343,0.00000000,0.00000000,-1.46183383,-0.15987375,1.27927577,-1.80096066,0.96202123,0.00000000,0.00000000
1.82347608,0.43836227,-1.48527682,1.92588401,0.30290973,0.00000000,0.00000000,-1.46403658,-0.16020139,1.27920246,-1.79979122,0.96526551,0.00000000,0.00000000
1.82760918,0.43913636,-1.48533034,1.92536151,0.31717846,0.00000000,0.00000000,-1.46696281,-0.16095504,1.27887762,-1.79837906,0.97096574,0.00000000,0.00000000
1.83205855,0.43990099,-1.48532677,1.92449403,0.32666120,0.00000000,0.00000000,-1.47050130,-0.16234282,1.27834356,-1.79685891,0.97286046,0.00000000,0.00000000
1.83677185,0.44046828,-1.48537421,1.92323744,0.32918698,0.00000000,0.00000000,-1.47445011,-0.16441935,1.27768719,-1.79541004,0.96663320,0.00000000,0.00000000
1.84155750,0.44063848,-1.48561549,1.92167473,0.33737010,0.00000000,0.00000000,-1.47856474,-0.16700529,1.27699864,-1.79420841,0.96812195,0.00000000,0.00000000
1.84608746,0.44029504,-1.48616636,1.92005408,0.34939608,0.00000000,0.00000000,-1.48261535,-0.16974029,1.27635062,-1.79337394,0.97882760,0.00000000,0.00000000
1.85007417,0.43943754,-1.48706257,1.91860032,0.36776087,0.00000000,0.00000000,-1.48644018,-0.17224377,1.27581406,-1.79292274,0.98921430,0.00000000,0.00000000
1.85338688,0.43818113,-1.48824286,1.91738713,0.38665357,0.00000000,0.00000000,-1.48997891,-0.17427485,1.27544200,-1.79277873,1.00882769,0.00000000,0.00000000
1.85598123,0.43673617,-1.48954749,1.91644681,0.39147928,0.00000000,0.00000000,-1.49325740,-0.17578796,1.27524340,-1.79283357,1.03086078,0.00000000,0.00000000
1.85783446,0.43535638,-1.49074078,1.91585052,0.39527225,0.00000000,0.00000000,-1.49633110,-0.17689383,1.27522349,-1.79298532,1.04494298,0.00000000,0.00000000
1.85896146,0.43426812,-1.49159050,1.91563976,0.38214418,0.00000000,0.00000000,-1.49921334,-0.17776679,1.27543330,-1.79316115,1.06104803,0.00000000,0.00000000
1.85943305,0.43362984,-1.49193466,1.91575933,0.37749863,0.00000000,0.00000000,-1.50186372,-0.17855400,1.27594519,-1.79332399,1.06604648,0.00000000,0.00000000
1.85937703,0.43351352,-1.49170566,1.91603065,0.38753676,0.00000000,0.00000000,-1.50420713,-0.17930941,1.27680731,-1.79346406,1.07394981,0.00000000,0.00000000
1.85891688,0.43389893,-1.49093306,1.91623306,0.39391387,0.00000000,0.00000000,-1.50615668,-0.17996475,1.27801001,-1.79359841,1.07891059,0.00000000,0.00000000
1.85808635,0.43470079,-1.48971188,1.91624212,0.40226331,0.00000000,0.00000000,-1.50763392,-0.18037447,1.27945364,-1.79378796,1.07991576,0.00000000,0.00000000
1.85680783,0.43580317,-1.48817265,1.91608262,0.40902588,0.00000000,0.00000000,-1.50857985,-0.18039833,1.28096211,-1.79414141,1.08055842,0.00000000,0.00000000
1.85495090,0.43706405,-1.48646760,1.91585660,0.41909835,0.00000000,0.00000000,-1.50895023,-0.17994013,1.28236544,-1.79477513,1.08824182,0.00000000,0.00000000
1.85241735,0.43833908,-1.48470449,1.91565061,0.42546216,0.00000000,0.00000000,-1.50872302,-0.17893945,1.28357935,-1.79575038,1.09139550,0.00000000,0.00000000
1.84917164,0.43951032,-1.48288369,1.91550839,0.42826322,0.00000000,0.00000000,-1.50789893,-0.17736396,1.28462780,-1.79705846,1.09800112,0.00000000,0.00000000
1.84522057,0.44048944,-1.48094261,1.91543770,0.42961991,0.00000000,0.00000000,-1.50648868,-0.17521639,1.28561771,-1.79865825,1.10192835,0.00000000,0.00000000
1.84057415,0.44123277,-1.47885275,1.91543162,0.43235403,0.00000000,0.00000000,-1.50454009,-0.17254063,1.28668654,-1.80049253,1.10826099,0.00000000,0.00000000
1.83519030,0.44174340,-1.47665596,1.91553783,0.42696673,0.00000000,0.00000000,-1.50212538,-0.16942668,1.28794873,-1.80254507,1.11698890,0.00000000,0.00000000
1.82896507,0.44203368,-1.47445560,1.91587830,0.42731404,0.00000000,0.00000000,-1.49932706,-0.16598998,1.28946745,-1.80486000,1.13296247,0.00000000,0.00000000
1.82181787,0.44211683,-1.47237480,1.91655767,0.42961681,0.00000000,0.00000000,-1.49622452,-0.16233696,1.29126549,-1.80752087,1.15130711,0.00000000,0.00000000
1.81382775,0.44200161,-1.47050083,1.91750944,0.43018639,0.00000000,0.00000000,-1.49291849,-0.15856516,1.29331851,-1.81061280,1.16723812,0.00000000,0.00000000
1.80519354,0.44168988,-1.46886027,1.91856360,0.42635968,0.00000000,0.00000000,-1.48954737,-0.15478416,1.29555094,-1.81419396,1.18465483,0.00000000,0.00000000
1.79605865,0.44121638,-1.46741736,1.91967285,0.41805661,0.00000000,0.00000000,-1.48628926,-0.15111046,1.29785144,-1.81826627,1.20112026,0.00000000,0.00000000
1.78650594,0.44065040,-1.46611822,1.92088318,0.40692580,0.00000000,0.00000000,-1.48332071,-0.14762880,1.30011487,-1.82277668,1.21468186,0.00000000,0.00000000
1.77666950,0.44005066,-1.46494210,1.92213261,0.39665085,0.00000000,0.00000000,-1.48077190,-0.14437361,1.30227387,-1.82765090,1.22750342,0.00000000,0.00000000
1.76682222,0.43941924,-1.46391737,1.92312562,0.39625385,0.00000000,0.00000000,-1.47872949,-0.14132784,1.30429542,-1.83279586,1.24462879,0.00000000,0.00000000
1.75725877,0.43872058,-1.46306491,1.92353320,0.40492436,0.00000000,0.00000000,-1.47724962,-0.13841191,1.30618453,-1.83807576,1.26154840,0.00000000,0.00000000
1.74807668,0.43796065,-1.46234953,1.92332351,0.41405469,0.00000000,0.00000000,-1.47633123,-0.13551043,1.30801141,-1.84333229,1.28024244,0.00000000,0.00000000
1.73922873,0.43720359,-1.46170247,1.92267334,0.42242771,0.00000000,0.00000000,-1.47588670,-0.13252503,1.30993521,-1.84843576,1.29330504,0.00000000,0.00000000
1.73073220,0.43653381,-1.46105993,1.92165339,0.43119416,0.00000000,0.00000000,-1.47578537,-0.12941703,1.31212866,-1.85331178,1.30363798,0.00000000,0.00000000
1.72271085,0.43599981,-1.46038342,1.92016935,0.44529417,0.00000000,0.00000000,-1.47592354,-0.12620491,1.31466246,-1.85795283,1.31614304,0.00000000,0.00000000
1.71521235,0.43560180,-1.45964873,1.91822624,0.46591955,0.00000000,0.00000000,-1.47623503,-0.12293001,1.31749237,-1.86242235,1.33077800,0.00000000,0.00000000
1.70807672,0.43531504,-1.45886087,1.91609907,0.48112848,0.00000000,0.00000000,-1.47667515,-0.11961133,1.32050991,-1.86683011,1.34209585,0.00000000,0.00000000
1.70111704,0.43507880,-1.45809340,1.91405654,0.50002509,0.00000000,0.00000000,-1.47723615,-0.11622664,1.32358098,-1.87125719,1.35044074,0.00000000,0.00000000
1.69431758,0.43481246,-1.45745170,1.91211426,0.51593077,0.00000000,0.00000000,-1.47796059,-0.11274618,1.32657588,-1.87570083,1.35619962,0.00000000,0.00000000
1.68772256,0.43451646,-1.45693326,1.91026878,0.52704972,0.00000000,0.00000000,-1.47889388,-0.10918888,1.32941270,-1.88011670,1.35818923,0.00000000,0.00000000
1.68135548,0.43427473,-1.45641971,1.90859914,0.53877079,0.00000000,0.00000000,-1.48003018,-0.10562795,1.33207393,-1.88449645,1.35880041,0.00000000,0.00000000
1.67529285,0.43416798,-1.45581853,1.90707409,0.55310488,0.00000000,0.00000000,-1.48132527,-0.10213441,1.33459544,-1.88884091,1.36018538,0.00000000,0.00000000
1.66961420,0.43424147,-1.45512319,1.90559030,0.57395411,0.00000000,0.00000000,-1.48272276,-0.09873365,1.33704293,-1.89313686,1.35986018,0.00000000,0.00000000
1.66434252,0.43452260,-1.45435488,1.90409935,0.59019482,0.00000000,0.00000000,-1.48418403,-0.09540942,1.33947372,-1.89735389,1.35604239,0.00000000,0.00000000
1.65946126,0.43503287,-1.45350718,1.90262783,0.60334635,0.00000000,0.00000000,-1.48571551,-0.09213088,1.34190452,-1.90143549,1.34984815,0.00000000,0.00000000
1.65495253,0.43575040,-1.45257998,1.90122080,0.60930437,0.00000000,0.00000000,-1.48735118,-0.08885989,1.34431040,-1.90532553,1.34972048,0.00000000,0.00000000
1.65081203,0.43656969,-1.45163393,1.89987910,0.61593175,0.00000000,0.00000000,-1.48909187,-0.08554153,1.34666002,-1.90901983,1.34854376,0.00000000,0.00000000
1.64699161,0.43735996,-1.45074296,1.89865696,0.61523908,0.00000000,0.00000000,-1.49087048,-0.08210880,1.34895957,-1.91257548,1.33887708,0.00000000,0.00000000
1.64337838,0.43805456,-1.44992721,1.89772701,0.62337166,0.00000000,0.00000000,-1.49259520,-0.07851401,1.35124063,-1.91605663,1.32652473,0.00000000,0.00000000
1.63991618,0.43864307,-1.44919217,1.89721036,0.62468058,0.00000000,0.00000000,-1.49419689,-0.07475039,1.35352552,-1.91948903,1.31886733,0.00000000,0.00000000
1.63664091,0.43914962,-1.44855809,1.89710569,0.62482637,0.00000000,0.00000000,-1.49562097,-0.07084971,1.35582471,-1.92287183,1.31113839,0.00000000,0.00000000
1.63361847,0.43964553,-1.44805157,1.89737487,0.62080687,0.00000000,0.00000000,-1.49681091,-0.06687628,1.35814559,-1.92620111,1.31245625,0.00000000,0.00000000
1.63092756,0.44024414,-1.44771421,1.89796352,0.62260848,0.00000000,0.00000000,-1.49773538,-0.06290953,1.36049807,-1.92942715,1.31489694,0.00000000,0.00000000
1.62865043,0.44105306,-1.44757950,1.89884472,0.62919754,0.00000000,0.00000000,-1.49840963,-0.05904435,1.36286604,-1.93246198,1.32230377,0.00000000,0.00000000
1.62685025,0.44208881,-1.44765115,1.90005004,0.62129015,0.00000000,0.00000000,-1.49885571,-0.05537638,1.36522293,-1.93524361,1.33614302,0.00000000,0.00000000
1.62554240,0.44323528,-1.44791842,1.90165210,0.60777622,0.00000000,0.00000000,-1.49900103,-0.05193987,1.36762023,-1.93779981,1.35240674,0.00000000,0.00000000
1.62466741,0.44431058,-1.44835150,1.90378881,0.59195846,0.00000000,0.00000000,-1.49861336,-0.04868811,1.37023306,-1.94029391,1.36327136,0.00000000,0.00000000
1.62411046,0.44518164,-1.44885457,1.90669215,0.57470638,0.00000000,0.00000000,-1.49742746,-0.04557067,1.37320662,-1.94299722,1.36698449,0.00000000,0.00000000
1.62379861,0.44577682,-1.44925272,1.91058064,0.56064951,0.00000000,0.00000000,-1.49539077,-0.04260860,1.37645996,-1.94615304,1.37406075,0.00000000,0.00000000
1.62370861,0.44592401,-1.44938064,1.91556644,0.54601192,0.00000000,0.00000000,-1.49260497,-0.03976418,1.37998819,-1.94980872,1.38709784,0.00000000,0.00000000
1.62382674,0.44528356,-1.44915235,1.92163348,0.53695124,0.00000000,0.00000000,-1.48919129,-0.03690047,1.38406265,-1.95390022,1.40512276,0.00000000,0.00000000
1.62412977,0.44346738,-1.44857514,1.92864835,0.53018928,0.00000000,0.00000000,-1.48533058,-0.03389715,1.38906193,-1.95838630,1.41754329,0.00000000,0.00000000
1.62451315,0.44019848,-1.44766772,1.93648112,0.52150989,0.00000000,0.00000000,-1.48137522,-0.03078501,1.39514530,-1.96329451,1.42706311,0.00000000,0.00000000
1.62477028,0.43530485,-1.44639850,1.94502509,0.51597887,0.00000000,0.00000000,-1.47774279,-0.02775524,1.40221691,-1.96869338,1.44087875,0.00000000,0.00000000
1.62462103,0.42861956,-1.44471622,1.95410585,0.50973409,0.00000000,0.00000000,-1.47480261,-0.02508717,1.41002107,-1.97461414,1.45921683,0.00000000,0.00000000
1.62376559,0.41994357,-1.44253802,1.96342421,0.50637186,0.00000000,0.00000000,-1.47292125,-0.02304639,1.41823769,-1.98085928,1.47716630,0.00000000,0.00000000
1.62193978,0.40903664,-1.43968213,1.97255862,0.49466598,0.00000000,0.00000000,-1.47246265,-0.02183837,1.42656791,-1.98700190,1.49639726,0.00000000,0.00000000
1.61889195,0.39555988,-1.43585813,1.98104954,0.49144155,0.00000000,0.00000000,-1.47363997,-0.02160744,1.43480682,-1.99266708,1.52644980,0.00000000,0.00000000
1.61436284,0.37907380,-1.43061686,1.98846984,0.48345938,0.00000000,0.00000000,-1.47646832,-0.02246620,1.44281018,-1.99768484,1.55082107,0.00000000,0.00000000
1.60806203,0.35906583,-1.42335474,1.99445772,0.48034877,0.00000000,0.00000000,-1.48095787,-0.02448018,1.45044076,-2.00194263,1.56685221,0.00000000,0.00000000
1.59960687,0.33497864,-1.41337347,1.99876034,0.47824496,0.00000000,0.00000000,-1.48714972,-0.02765547,1.45759928,-2.00533080,1.57925797,0.00000000,0.00000000
1.58854866,0.30624226,-1.39985621,2.00121307,0.47069567,0.00000000,0.00000000,-1.49504638,-0.03194856,1.46422887,-2.00778937,1.57853305,0.00000000,0.00000000
1.57450199,0.27229717,-1.38178599,2.00166798,0.46385902,0.00000000,0.00000000,-1.50460660,-0.03727379,1.47021353,-2.00939250,1.58112061,0.00000000,0.00000000
1.55720770,0.23262328,-1.35797536,1.99999821,0.44614211,0.00000000,0.00000000,-1.51576984,-0.04349110,1.47533417,-2.01042366,1.58905911,0.00000000,0.00000000
1.53642404,0.18681055,-1.32725072,1.99625754,0.43624058,0.00000000,0.00000000,-1.52845109,-0.05034797,1.47949290,-2.01121759,1.59609389,0.00000000,0.00000000
1.51178038,0.13466783,-1.28864264,1.99087524,0.42645580,0.00000000,0.00000000,-1.54256189,-0.05743394,1.48296022,-2.01190901,1.60111165,0.00000000,0.00000000
1.48284006,0.07637554,-1.24146283,1.98468733,0.41999859,0.00000000,0.00000000,-1.55817866,-0.06426650,1.48617935,-2.01246667,1.60872686,0.00000000,0.00000000
1.44919896,0.01258136,-1.18538547,1.97892058,0.41270047,0.00000000,0.00000000,-1.57560909,-0.07046942,1.48935878,-2.01314855,1.62095845,0.00000000,0.00000000
1.41062498,-0.05568101,-1.12053406,1.97491670,0.40309533,0.00000000,0.00000000,-1.59523737,-0.07581547,1.49259102,-2.01451349,1.63375628,0.00000000,0.00000000
1.36729562,-0.12715165,-1.04741478,1.97362030,0.39837199,0.00000000,0.00000000,-1.61753154,-0.08021003,1.49603856,-2.01687980,1.64418840,0.00000000,0.00000000
1.31967616,-0.20038134,-0.96684349,1.97564101,0.38992199,0.00000000,0.00000000,-1.64295077,-0.08373683,1.49983692,-2.02023697,1.65432394,0.00000000,0.00000000
1.26830125,-0.27372834,-0.87989086,1.98149323,0.37571111,0.00000000,0.00000000,-1.67178726,-0.08673469,1.50370908,-2.02464294,1.67560756,0.00000000,0.00000000
1.21378875,-0.34546462,-0.78774971,1.99147463,0.35553244,0.00000000,0.00000000,-1.70417893,-0.08969963,1.50706172,-2.02987862,1.69611144,0.00000000,0.00000000
1.15682161,-0.41393930,-0.69165504,2.00546336,0.33532819,0.00000000,0.00000000,-1.73990583,-0.09310847,1.50956321,-2.03523183,1.70787275,0.00000000,0.00000000
1.09799075,-0.47771123,-0.59290189,2.02285671,0.30964071,0.00000000,0.00000000,-1.77841353,-0.09749738,1.51092803,-2.04055405,1.72404480,0.00000000,0.00000000
1.03765833,-0.53575164,-0.49288392,2.04237843,0.29474053,0.00000000,0.00000000,-1.81962800,-0.10346306,1.51065445,-2.04595542,1.73520589,0.00000000,0.00000000
0.97575688,-0.58776236,-0.39322776,2.06174111,0.28991422,0.00000000,0.00000000,-1.86400127,-0.11148176,1.50826383,-2.05115891,1.75174749,0.00000000,0.00000000
0.91139042,-0.63463628,-0.29614395,2.07729483,0.28468221,0.00000000,0.00000000,-1.91192412,-0.12168856,1.50349402,-2.05584145,1.76554739,0.00000000,0.00000000
0.84250152,-0.67913985,-0.20474999,2.08373666,0.28106332,0.00000000,0.00000000,-1.96315217,-0.13357592,1.49665177,-2.06003022,1.77780116,0.00000000,0.00000000
0.76616228,-0.72614819,-0.12281658,2.07473040,0.27604717,0.00000000,0.00000000,-2.01627278,-0.14579104,1.48944473,-2.06408501,1.78428614,0.00000000,0.00000000
0.67970812,-0.78125328,-0.05375921,2.04489517,0.27189869,0.00000000,0.00000000,-2.06914854,-0.15659347,1.48493874,-2.06820416,1.79464531,0.00000000,0.00000000
0.58182669,-0.84844631,0.00020556,1.99130452,0.26764628,0.00000000,0.00000000,-2.12076354,-0.16505057,1.48485339,-2.07212186,1.81039190,0.00000000,0.00000000
0.47268531,-0.92913127,0.03791349,1.91300082,0.25582564,0.00000000,0.00000000,-2.17229724,-0.17176519,1.48736489,-2.07526040,1.81954217,0.00000000,0.00000000
0.35364619,-1.02260768,0.05878059,1.80990958,0.24992493,0.00000000,0.00000000,-2.22574019,-0.17807767,1.48916125,-2.07724261,1.81930280,0.00000000,0.00000000
0.22708459,-1.12673259,0.06254151,1.68245816,0.23189066,0.00000000,0.00000000,-2.28161287,-0.18470696,1.48889399,-2.07831144,1.81056368,0.00000000,0.00000000
0.09630615,-1.23838878,0.04918973,1.53169024,0.21309318,0.00000000,0.00000000,-2.33891463,-0.19158532,1.48738754,-2.07910824,1.80232608,0.00000000,0.00000000
-0.03450328,-1.35382199,0.01905449,1.35942483,0.19480808,0.00000000,0.00000000,-2.39638424,-0.19842029,1.48620260,-2.08007336,1.79354680,0.00000000,0.00000000
-0.16040111,-1.46892226,-0.02708063,1.16830957,0.17498723,0.00000000,0.00000000,-2.45316243,-0.20498958,1.48684883,-2.08109856,1.78445327,0.00000000,0.00000000
-0.27598637,-1.57947600,-0.08789493,0.96175253,0.15684713,0.00000000,0.00000000,-2.50876999,-0.21123129,1.49045920,-2.08177280,1.77317202,0.00000000,0.00000000
-0.37597373,-1.68144548,-0.16152677,0.74374104,0.13924889,0.00000000,0.00000000,-2.56298208,-0.21724308,1.49764109,-2.08162522,1.76224709,0.00000000,0.00000000
-0.45626318,-1.77142382,-0.24565753,0.51858544,0.11997437,0.00000000,0.00000000,-2.61589241,-0.22323294,1.50837195,-2.07999659,1.75194204,0.00000000,0.00000000
-0.51550132,-1.84751451,-0.33765626,0.29066405,0.09807730,0.00000000,0.00000000,-2.66784167,-0.22962016,1.52171671,-2.07631016,1.73594403,0.00000000,0.00000000
-0.55548102,-1.91010904,-0.43475261,0.06421755,0.08106005,0.00000000,0.00000000,-2.71900558,-0.23707995,1.53599310,-2.07055712,1.72025514,0.00000000,0.00000000
-0.57903105,-1.96110129,-0.53421319,-0.15683949,0.06568816,0.00000000,0.00000000,-2.76906872,-0.24620537,1.54960287,-2.06316376,1.71003020,0.00000000,0.00000000
-0.58830070,-2.00251055,-0.63350427,-0.36908114,0.05461486,0.00000000,0.00000000,-2.81737757,-0.25723383,1.56133044,-2.05451751,1.69550991,0.00000000,0.00000000
-0.58483827,-2.03602767,-0.73042077,-0.56967068,0.04010817,0.00000000,0.00000000,-2.86305809,-0.27004862,1.57032728,-2.04484892,1.67888749,0.00000000,0.00000000
-0.57011437,-2.06306744,-0.82316601,-0.75638151,0.02104969,0.00000000,0.00000000,-2.90497732,-0.28429830,1.57611668,-2.03438640,1.65835333,0.00000000,0.00000000
-0.54578412,-2.08482361,-0.91037917,-0.92756557,-0.00536942,0.00000000,0.00000000,-2.94183564,-0.29952303,1.57850266,-2.02331185,1.63487411,0.00000000,0.00000000
-0.51373643,-2.10231042,-0.99111611,-1.08211267,-0.02658597,0.00000000,0.00000000,-2.97221708,-0.31525558,1.57747591,-2.01172519,1.62282062,0.00000000,0.00000000
-0.47605231,-2.11640859,-1.06480443,-1.21942413,-0.04747336,0.00000000,0.00000000,-2.99445343,-0.33105046,1.57322967,-1.99976778,1.61528778,0.00000000,0.00000000
-0.43494177,-2.12791252,-1.13119590,-1.33939576,-0.06508316,0.00000000,0.00000000,-3.00667906,-0.34647229,1.56621790,-1.98778236,1.60976171,0.00000000,0.00000000
-0.39264899,-2.13751721,-1.19031525,-1.44239926,-0.08439364,0.00000000,0.00000000,-3.00980663,-0.36111537,1.55717099,-1.97636199,1.61048055,0.00000000,0.00000000
-0.35127744,-2.14572215,-1.24239504,-1.52924263,-0.10820100,0.00000000,0.00000000,-3.00999999,-0.37464157,1.54700089,-1.96620190,1.61396480,0.00000000,0.00000000
-0.31255817,-2.15278149,-1.28778386,-1.60109901,-0.14123058,0.00000000,0.00000000,-3.00999999,-0.38678095,1.53662634,-1.95781279,1.60704005,0.00000000,0.00000000
-0.27771994,-2.15875745,-1.32686400,-1.65941131,-0.16381855,0.00000000,0.00000000,-3.00999999,-0.39732483,1.52683270,-1.95141459,1.60727525,0.00000000,0.00000000
-0.24753425,-2.16359138,-1.36003184,-1.70576167,-0.18146975,0.00000000,0.00000000,-3.00999999,-0.40615293,1.51817584,-1.94699383,1.60045338,0.00000000,0.00000000
-0.22243974,-2.16714025,-1.38774002,-1.74171877,-0.19939736,0.00000000,0.00000000,-3.00999999,-0.41324186,1.51098120,-1.94437742,1.58948100,0.00000000,0.00000000
-0.20263441,-2.16920614,-1.41055000,-1.76870978,-0.21491294,0.00000000,0.00000000,-3.00999999,-0.41864622,1.50541699,-1.94328797,1.58004439,0.00000000,0.00000000
-0.18805639,-2.16989422,-1.42914355,-1.78792393,-0.23193540,0.00000000,0.00000000,-3.00999999,-0.42245546,1.50154030,-1.94333279,1.56922078,0.00000000,0.00000000
-0.17834282,-2.16999531,-1.44425690,-1.80030048,-0.25930309,0.00000000,0.00000000,-3.00999999,-0.42475215,1.49929321,-1.94396377,1.55682945,0.00000000,0.00000000
-0.17290501,-2.17000008,-1.45656729,-1.80661070,-0.28511602,0.00000000,0.00000000,-3.00999999,-0.42563558,1.49846828,-1.94449246,1.54192317,0.00000000,0.00000000
-0.17108133,-2.17000008,-1.46666920,-1.80754399,-0.31633618,0.00000000,0.00000000,-3.00999713,-0.42526230,1.49871528,-1.94415188,1.52849388,0.00000000,0.00000000
-0.17225654,-2.16999936,-1.47513771,-1.80375361,-0.34828201,0.00000000,0.00000000,-3.00981283,-0.42384532,1.49957716,-1.94215524,1.51971805,0.00000000,0.00000000
-0.17596790,-2.16997313,-1.48258352,-1.79590309,-0.38298061,0.00000000,0.00000000,-3.00741386,-0.42164317,1.50053632,-1.93774021,1.52230084,0.00000000,0.00000000
-0.18205531,-2.16965032,-1.48971510,-1.78475153,-0.42086104,0.00000000,0.00000000,-2.99854112,-0.41892532,1.50112379,-1.93027306,1.52295637,0.00000000,0.00000000
-0.19111122,-2.16821790,-1.49768639,-1.77153909,-0.46563616,0.00000000,0.00000000,-2.98286128,-0.41591355,1.50106156,-1.91942704,1.52206624,0.00000000,0.00000000
-0.20354575,-2.16512775,-1.50728667,-1.75786924,-0.50323969,0.00000000,0.00000000,-2.96168017,-0.41271988,1.50033736,-1.90514827,1.51337111,0.00000000,0.00000000
-0.21606404,-2.16114140,-1.51606500,-1.74468899,-0.53652430,0.00000000,0.00000000,-2.93605852,-0.40929472,1.49923873,-1.88745141,1.50033808,0.00000000,0.00000000
-0.22447543,-2.15720129,-1.52098346,-1.73403943,-0.57256085,0.00000000,0.00000000,-2.90688109,-0.40550959,1.49815261,-1.86628866,1.47927809,0.00000000,0.00000000
-0.22736685,-2.15329504,-1.52130866,-1.72719598,-0.61160260,0.00000000,0.00000000,-2.87496662,-0.40133715,1.49719119,-1.84155214,1.45984411,0.00000000,0.00000000
-0.22500789,-2.14887404,-1.51770890,-1.72359061,-0.65363514,0.00000000,0.00000000,-2.84095311,-0.39695561,1.49612367,-1.81330121,1.44592941,0.00000000,0.00000000
-0.21819133,-2.14325500,-1.51133966,-1.72201598,-0.68849909,0.00000000,0.00000000,-2.80512047,-0.39269066,1.49459374,-1.78193891,1.43246067,0.00000000,0.00000000
-0.20634259,-2.13642526,-1.50200820,-1.72095525,-0.71629363,0.00000000,0.00000000,-2.76754117,-0.38896170,1.49219787,-1.74803424,1.41942370,0.00000000,0.00000000
-0.18914658,-2.12903357,-1.48843014,-1.71942139,-0.74491948,0.00000000,0.00000000,-2.72841954,-0.38625798,1.48846066,-1.71196961,1.41253018,0.00000000,0.00000000
-0.17194749,-2.12056160,-1.47263944,-1.72022736,-0.77598464,0.00000000,0.00000000,-2.68808675,-0.38496536,1.48317134,-1.67385113,1.39417088,0.00000000,0.00000000
-0.15468328,-2.11077833,-1.45573628,-1.72244751,-0.81002247,0.00000000,0.00000000,-2.64697289,-0.38523275,1.47646272,-1.63355482,1.38763583,0.00000000,0.00000000
-0.13671383,-2.10034776,-1.43730128,-1.72455442,-0.84158951,0.00000000,0.00000000,-2.60534358,-0.38703835,1.46874249,-1.59109151,1.38635194,0.00000000,0.00000000
-0.12067173,-2.08965111,-1.41816735,-1.72766149,-0.87905681,0.00000000,0.00000000,-2.56320000,-0.39030814,1.46055937,-1.54687989,1.39025021,0.00000000,0.00000000
-0.10963693,-2.07870793,-1.39996529,-1.73327136,-0.91597408,0.00000000,0.00000000,-2.52098584,-0.39515477,1.45208633,-1.50130117,1.39422810,0.00000000,0.00000000
-0.10650495,-2.06773567,-1.38382792,-1.74336350,-0.95110273,0.00000000,0.00000000,-2.47929192,-0.40179959,1.44332898,-1.45476210,1.41024184,0.00000000,0.00000000
-0.11368190,-2.05710268,-1.37029529,-1.76025271,-0.98543894,0.00000000,0.00000000,-2.43850923,-0.41027242,1.43454790,-1.40752757,1.43209362,0.00000000,0.00000000
-0.13212311,-2.04695821,-1.35956836,-1.78502095,-1.00924444,0.00000000,0.00000000,-2.39862299,-0.42038220,1.42623234,-1.35979152,1.44788516,0.00000000,0.00000000
-0.16102251,-2.03714991,-1.35144591,-1.81675637,-1.03771627,0.00000000,0.00000000,-2.35941505,-0.43188915,1.41876721,-1.31158864,1.46050441,0.00000000,0.00000000
-0.19821423,-2.02744627,-1.34509528,-1.85316455,-1.06444764,0.00000000,0.00000000,-2.32055283,-0.44464707,1.41219831,-1.26310086,1.46478033,0.00000000,0.00000000
-0.24101537,-2.01757026,-1.33959854,-1.89156413,-1.09137857,0.00000000,0.00000000,-2.28171539,-0.45837793,1.40643871,-1.21463346,1.46414149,0.00000000,0.00000000
-0.28693032,-2.00726271,-1.33442307,-1.92958689,-1.11449254,0.00000000,0.00000000,-2.24277997,-0.47249979,1.40149057,-1.16624713,1.46666241,0.00000000,0.00000000
-0.33392256,-1.99641168,-1.32939374,-1.96544909,-1.13720667,0.00000000,0.00000000,-2.20386982,-0.48624185,1.39747632,-1.11765134,1.47572172,0.00000000,0.00000000
-0.38029882,-1.98507845,-1.32457745,-1.99775803,-1.15853536,0.00000000,0.00000000,-2.16536880,-0.49883971,1.39460039,-1.06832588,1.48784602,0.00000000,0.00000000
-0.42446616,-1.97347784,-1.32010770,-2.02522540,-1.18736303,0.00000000,0.00000000,-2.12776780,-0.50968850,1.39309502,-1.01786971,1.50706446,0.00000000,0.00000000
-0.46486121,-1.96195412,-1.31595922,-2.04663634,-1.21871853,0.00000000,0.00000000,-2.09152174,-0.51850075,1.39305532,-0.96632189,1.52252102,0.00000000,0.00000000
-0.50016123,-1.95091236,-1.31194890,-2.06105042,-1.25014400,0.00000000,0.00000000,-2.05714202,-0.52540612,1.39422894,-0.91423321,1.52371550,0.00000000,0.00000000
-0.52950299,-1.94076157,-1.30782819,-2.06797266,-1.28100026,0.00000000,0.00000000,-2.02523422,-0.53099704,1.39591765,-0.86271584,1.51046574,0.00000000,0.00000000
-0.55250245,-1.93186772,-1.30329502,-2.06739902,-1.31668949,0.00000000,0.00000000,-1.99642384,-0.53622103,1.39711559,-0.81336147,1.49641478,0.00000000,0.00000000
-0.56921166,-1.92451763,-1.29804194,-2.06084871,-1.34874177,0.00000000,0.00000000,-1.97108054,-0.54185033,1.39696300,-0.76790065,1.48401010,0.00000000,0.00000000
-0.57904428,-1.91867030,-1.29167759,-2.05151868,-1.37388134,0.00000000,0.00000000,-1.94925916,-0.54772216,1.39523649,-0.72743666,1.47818375,0.00000000,0.00000000
-0.58037573,-1.91398168,-1.28344333,-2.04111528,-1.40045512,0.00000000,0.00000000,-1.93090403,-0.55298823,1.39220238,-0.69171429,1.46161759,0.00000000,0.00000000
-0.57320499,-1.91041684,-1.27289104,-2.03013253,-1.43477762,0.00000000,0.00000000,-1.91560626,-0.55696732,1.38822639,-0.65943950,1.44494343,0.00000000,0.00000000
-0.55988508,-1.90832520,-1.26040673,-2.01878023,-1.46101928,0.00000000,0.00000000,-1.90243232,-0.55966192,1.38355911,-0.62927723,1.41873384,0.00000000,0.00000000
-0.54349703,-1.90817523,-1.24663842,-2.00717735,-1.48523688,0.00000000,0.00000000,-1.89054048,-0.56145382,1.37835705,-0.60015565,1.39353704,0.00000000,0.00000000
-0.52599883,-1.91008937,-1.23206675,-1.99553144,-1.51224291,0.00000000,0.00000000,-1.87954187,-0.56253856,1.37281561,-0.57121170,1.35467815,0.00000000,0.00000000
-0.50858581,-1.91393256,-1.21712387,-1.98475838,-1.53203917,0.00000000,0.00000000,-1.86937940,-0.56302583,1.36710143,-0.54191887,1.31420147,0.00000000,0.00000000
-0.49143827,-1.91935444,-1.20191848,-1.97552252,-1.55150640,0.00000000,0.00000000,-1.86006129,-0.56295854,1.36135256,-0.51218140,1.27794433,0.00000000,0.00000000
-0.47356331,-1.92567205,-1.18636572,-1.96737981,-1.57266366,0.00000000,0.00000000,-1.85142124,-0.56223553,1.35572433,-0.48229229,1.23796380,0.00000000,0.00000000
-0.45460853,-1.93236959,-1.17082989,-1.95939088,-1.58658922,0.00000000,0.00000000,-1.84319425,-0.56155676,1.35012650,-0.45278040,1.19817996,0.00000000,0.00000000
-0.43587571,-1.93929672,-1.15666425,-1.95079982,-1.60024846,0.00000000,0.00000000,-1.83540678,-0.56290501,1.34413707,-0.42395702,1.16404891,0.00000000,0.00000000
-0.41714323,-1.94608009,-1.14437759,-1.93967712,-1.61414242,0.00000000,0.00000000,-1.82814324,-0.56796807,1.33753467,-0.39549786,1.12476492,0.00000000,0.00000000
-0.39672366,-1.95248282,-1.13292181,-1.92358065,-1.62462652,0.00000000,0.00000000,-1.82021511,-0.57759070,1.33053339,-0.36676961,1.08484554,0.00000000,0.00000000
-0.37344241,-1.95865643,-1.12108123,-1.90095377,-1.63326895,0.00000000,0.00000000,-1.80914855,-0.59041679,1.32401085,-0.33620527,1.04720318,0.00000000,0.00000000
-0.34711304,-1.96504056,-1.10810614,-1.87110972,-1.63887072,0.00000000,0.00000000,-1.79561996,-0.60180748,1.31936395,-0.29873842,1.00931990,0.00000000,0.00000000
-0.31831744,-1.97213244,-1.09383166,-1.83380353,-1.64517558,0.00000000,0.00000000,-1.78269267,-0.60812670,1.31758642,-0.24851747,0.97426456,0.00000000,0.00000000
-0.28821567,-1.98035932,-1.07864416,-1.78910315,-1.65982497,0.00000000,0.00000000,-1.76895833,-0.60769594,1.31940949,-0.18356748,0.94909155,0.00000000,0.00000000
-0.25833446,-1.99012947,-1.06320751,-1.73743594,-1.68411684,0.00000000,0.00000000,-1.75144565,-0.59820461,1.32546258,-0.10344632,0.93397683,0.00000000,0.00000000
-0.23021801,-2.00190735,-1.04814947,-1.67954636,-1.69882941,0.00000000,0.00000000,-1.72727263,-0.57616132,1.33603036,-0.00825662,0.92512155,0.00000000,0.00000000
-0.20512967,-2.01612735,-1.03404438,-1.61629319,-1.70437574,0.00000000,0.00000000,-1.69303226,-0.53713870,1.35077465,0.10084590,0.92221433,0.00000000,0.00000000
-0.18387361,-2.03268456,-1.02184021,-1.54814577,-1.71214044,0.00000000,0.00000000,-1.64459896,-0.47591528,1.36847103,0.22148827,0.91968220,0.00000000,0.00000000
-0.16656126,-2.05017924,-1.01330101,-1.47459650,-1.71656156,0.00000000,0.00000000,-1.57755351,-0.38704237,1.38683712,0.35021633,0.91677743,0.00000000,0.00000000
-0.15293257,-2.06687832,-1.01001501,-1.39569890,-1.71937859,0.00000000,0.00000000,-1.48833549,-0.26621577,1.40272295,0.48291948,0.91925645,0.00000000,0.00000000
-0.14272819,-2.08299565,-1.01146364,-1.31447875,-1.72907209,0.00000000,0.00000000,-1.37557340,-0.11187763,1.41277862,0.61528128,0.93001354,0.00000000,0.00000000
-0.13436139,-2.09872913,-1.01630187,-1.23318791,-1.74100780,0.00000000,0.00000000,-1.24075103,0.07411203,1.41422641,0.74294943,0.94459116,0.00000000,0.00000000
-0.12628582,-2.11367083,-1.02386785,-1.15248585,-1.74327397,0.00000000,0.00000000,-1.08810687,0.28678957,1.40539253,0.86152714,0.95916170,0.00000000,0.00000000
-0.11756824,-2.12720037,-1.03408337,-1.07269859,-1.75192499,0.00000000,0.00000000,-0.92410696,0.51872545,1.38598859,0.96664768,0.97311348,0.00000000,0.00000000
-0.10776427,-2.13891745,-1.04679918,-0.99456829,-1.76062727,0.00000000,0.00000000,-0.75667751,0.76073790,1.35718250,1.05422723,0.98404974,0.00000000,0.00000000
-0.09679522,-2.14880681,-1.06160021,-0.91962779,-1.76668799,0.00000000,0.00000000,-0.59428608,1.00276828,1.32140350,1.12083840,0.99864793,0.00000000,0.00000000
-0.08485290,-2.15670180,-1.07813644,-0.84905887,-1.77353394,0.00000000,0.00000000,-0.44497678,1.23484564,1.28191173,1.16402268,1.01810467,0.00000000,0.00000000
-0.07191842,-2.16236281,-1.09588933,-0.78343385,-1.77086270,0.00000000,0.00000000,-0.31554839,1.44790483,1.24226356,1.18240094,1.03670192,0.00000000,0.00000000
-0.05769930,-2.16577744,-1.11410415,-0.72325402,-1.77071261,0.00000000,0.00000000,-0.21097544,1.63427627,1.20586836,1.17555904,1.05567610,0.00000000,0.00000000
-0.04146771,-2.16719770,-1.13186026,-0.66889709,-1.78003371,0.00000000,0.00000000,-0.13403508,1.78791928,1.17574561,1.14380264,1.08083594,0.00000000,0.00000000
-0.02190608,-2.16645122,-1.14823627,-0.62024409,-1.79205108,0.00000000,0.00000000,-0.08564310,1.90479589,1.15423417,1.08770633,1.11010993,0.00000000,0.00000000
0.00142382,-2.16348028,-1.16242242,-0.57740885,-1.80503750,0.00000000,0.00000000,-0.06241398,1.98464394,1.14291227,1.01076734,1.13329911,0.00000000,0.00000000
0.02592297,-2.16115952,-1.17331970,-0.54238272,-1.81243503,0.00000000,0.00000000,-0.05223861,2.03485656,1.14165401,0.92444307,1.15320802,0.00000000,0.00000000
0.04830740,-2.16210532,-1.18030095,-0.51723772,-1.80549407,0.00000000,0.00000000,-0.04696807,2.06814480,1.14594865,0.83845884,1.17040813,0.00000000,0.00000000
0.06784041,-2.16511631,-1.18379080,-0.50185305,-1.79604101,0.00000000,0.00000000,-0.04375575,2.09133625,1.15281999,0.75685626,1.18852377,0.00000000,0.00000000
0.08489027,-2.16795492,-1.18450558,-0.49523410,-1.79214644,0.00000000,0.00000000,-0.04219434,2.10766339,1.16058779,0.68161857,1.20373046,0.00000000,0.00000000
0.09922360,-2.16950178,-1.18307650,-0.49668497,-1.79140246,0.00000000,0.00000000,-0.04325788,2.12058592,1.16743410,0.61363578,1.21596360,0.00000000,0.00000000
0.11018395,-2.16994357,-1.18066311,-0.50442243,-1.78988028,0.00000000,0.00000000,-0.04652111,2.13199425,1.17252958,0.55345178,1.22945058,0.00000000,0.00000000
0.11761303,-2.16999793,-1.17928755,-0.51442039,-1.78826094,0.00000000,0.00000000,-0.05048785,2.13989353,1.17657542,0.50103939,1.24889159,0.00000000,0.00000000
0.12224390,-2.17000008,-1.17956507,-0.52409238,-1.78761578,0.00000000,0.00000000,-0.05439892,2.14546490,1.17937279,0.45659691,1.26759768,0.00000000,0.00000000
0.12407301,-2.17000008,-1.18131852,-0.53290182,-1.78762496,0.00000000,0.00000000,-0.05742881,2.15031409,1.18067825,0.42033267,1.28306079,0.00000000,0.00000000
0.12314491,-2.17000008,-1.18420792,-0.54079390,-1.78349853,0.00000000,0.00000000,-0.05878477,2.15476823,1.18061614,0.39203569,1.29727411,0.00000000,0.00000000
0.11982590,-2.17000008,-1.18783665,-0.54770136,-1.78109419,0.00000000,0.00000000,-0.05802929,2.15868330,1.17937565,0.37107736,1.31077349,0.00000000,0.00000000
0.11453820,-2.17000008,-1.19173682,-0.55358952,-1.77594554,0.00000000,0.00000000,-0.05509362,2.16205120,1.17705321,0.35657912,1.32403600,0.00000000,0.00000000
0.10776299,-2.17000008,-1.19533157,-0.55849212,-1.77100170,0.00000000,0.00000000,-0.05008116,2.16491652,1.17368698,0.34759837,1.33920455,0.00000000,0.00000000
0.10003293,-2.17000008,-1.19797325,-0.56255931,-1.75748193,0.00000000,0.00000000,-0.04296271,2.16723251,1.16930509,0.34339127,1.35869670,0.00000000,0.00000000
0.09180576,-2.17000008,-1.19908905,-0.56606174,-1.74596071,0.00000000,0.00000000,-0.03375354,2.16887474,1.16389525,0.34345439,1.37510717,0.00000000,0.00000000
0.08344949,-2.17000008,-1.19830215,-0.56923914,-1.73889470,0.00000000,0.00000000,-0.02295057,2.16976047,1.15736508,0.34735951,1.38671851,0.00000000,0.00000000
0.07526173,-2.17000008,-1.19553387,-0.57213604,-1.72958231,0.00000000,0.00000000,-0.01126760,2.16998625,1.14969170,0.35467136,1.39987481,0.00000000,0.00000000
0.06747253,-2.17000008,-1.19100487,-0.57461798,-1.71395278,0.00000000,0.00000000,0.00078171,2.17000008,1.14107490,0.36489207,1.40636897,0.00000000,0.00000000
0.06022376,-2.17000008,-1.18515587,-0.57648808,-1.69700551,0.00000000,0.00000000,0.01284155,2.17000008,1.13189483,0.37738416,1.41016352,0.00000000,0.00000000
0.05357087,-2.17000008,-1.17852902,-0.57758117,-1.68316853,0.00000000,0.00000000,0.02453671,2.17000008,1.12258065,0.39137495,1.41710627,0.00000000,0.00000000
0.04750294,-2.17000008,-1.17163193,-0.57790315,-1.67120683,0.00000000,0.00000000,0.03538793,2.17000008,1.11352265,0.40598977,1.42598987,0.00000000,0.00000000
0.04200491,-2.17000008,-1.16487348,-0.57759804,-1.65926552,0.00000000,0.00000000,0.04500512,2.17000008,1.10508525,0.42034850,1.43427634,0.00000000,0.00000000
0.03707756,-2.17000008,-1.15862226,-0.57673973,-1.63754380,0.00000000,0.00000000,0.05343889,2.17000008,1.09767735,0.43370071,1.44067061,0.00000000,0.00000000
0.03269562,-2.17000008,-1.15320909,-0.57530653,-1.61942637,0.00000000,0.00000000,0.06095335,2.17000008,1.09168684,0.44537747,1.44476211,0.00000000,0.00000000
0.02870550,-2.17000008,-1.14923143,-0.57296550,-1.60479665,0.00000000,0.00000000,0.06759671,2.17000008,1.08750701,0.45453179,1.44973409,0.00000000,0.00000000
0.02490491,-2.17000008,-1.14755952,-0.56911314,-1.59653378,0.00000000,0.00000000,0.07318309,2.17000008,1.08554208,0.46022958,1.45341563,0.00000000,0.00000000
0.02121928,-2.17000008,-1.14844167,-0.56375605,-1.58993971,0.00000000,0.00000000,0.07750438,2.17000008,1.08578694,0.46224067,1.45546341,0.00000000,0.00000000
0.01765883,-2.17000008,-1.15153408,-0.55741292,-1.57798123,0.00000000,0.00000000,0.08046322,2.17000008,1.08783066,0.46109658,1.45040905,0.00000000,0.00000000
0.01424568,-2.17000008,-1.15669489,-0.55035251,-1.55716777,0.00000000,0.00000000,0.08195108,2.17000008,1.09131467,0.45734137,1.44348919,0.00000000,0.00000000
0.01104432,-2.17000008,-1.16399014,-0.54263771,-1.53812706,0.00000000,0.00000000,0.08187906,2.17000008,1.09605157,0.45136401,1.43504035,0.00000000,0.00000000
0.00812590,-2.17000008,-1.17320120,-0.53458011,-1.52033329,0.00000000,0.00000000,0.08036263,2.17000008,1.10182428,0.44373155,1.43231153,0.00000000,0.00000000
0.00560607,-2.17000008,-1.18381596,-0.52665913,-1.50058389,0.00000000,0.00000000,0.07762384,2.17000008,1.10834670,0.43511751,1.42413628,0.00000000,0.00000000
0.00364932,-2.17000008,-1.19530606,-0.51919067,-1.48278677,0.00000000,0.00000000,0.07389618,2.17000008,1.11535609,0.42608160,1.41208673,0.00000000,0.00000000
0.00237558,-2.17000008,-1.20719719,-0.51229447,-1.46812785,0.00000000,0.00000000,0.06938158,2.17000008,1.12258756,0.41710055,1.40076482,0.00000000,0.00000000
0.00179103,-2.17000008,-1.21908712,-0.50598836,-1.45073521,0.00000000,0.00000000,0.06427675,2.17000008,1.12977827,0.40861842,1.38343930,0.00000000,0.00000000
0.00178448,-2.17000008,-1.23070288,-0.50023228,-1.43328428,0.00000000,0.00000000,0.05878764,2.17000008,1.13672936,0.40100151,1.37620795,0.00000000,0.00000000
0.00213291,-2.17000008,-1.24196243,-0.49491683,-1.40746546,0.00000000,0.00000000,0.05309582,2.17000008,1.14335454,0.39445978,1.37450635,0.00000000,0.00000000
0.00259799,-2.17000008,-1.25286841,-0.48991570,-1.38843298,0.00000000,0.00000000,0.04738893,2.17000008,1.14964890,0.38908485,1.37028611,0.00000000,0.00000000
0.00308698,-2.17000008,-1.26331103,-0.48520318,-1.37237835,0.00000000,0.00000000,0.04189270,2.17000008,1.15563095,0.38491797,1.36628807,0.00000000,0.00000000
0.00364535,-2.17000008,-1.27307284,-0.48085785,-1.35415328,0.00000000,0.00000000,0.03686804,2.17000008,1.16134143,0.38194215,1.36413085,0.00000000,0.00000000
0.00433071,-2.17000008,-1.28200555,-0.47696191,-1.33422339,0.00000000,0.00000000,0.03249950,2.17000008,1.16686261,0.37999982,1.36714256,0.00000000,0.00000000
0.00516665,-2.17000008,-1.29005742,-0.47356245,-1.31718624,0.00000000,0.00000000,0.02883292,2.17000008,1.17227983,0.37882167,1.36654496,0.00000000,0.00000000
0.00613839,-2.17000008,-1.29719543,-0.47068086,-1.30105031,0.00000000,0.00000000,0.02590117,2.17000008,1.17765415,0.37814659,1.36791492,0.00000000,0.00000000
0.00720197,-2.16999817,-1.30334604,-0.46833113,-1.28465390,0.00000000,0.00000000,0.02380208,2.17000008,1.18301177,0.37777680,1.37080538,0.00000000,0.00000000
0.00829728,-2.16996694,-1.30839312,-0.46652436,-1.26643360,0.00000000,0.00000000,0.02264868,2.17000008,1.18832719,0.37756801,1.36950386,0.00000000,0.00000000
0.00940218,-2.16982555,-1.31214106,-0.46527839,-1.24424076,0.00000000,0.00000000,0.02244596,2.17000008,1.19344997,0.37747499,1.36959636,0.00000000,0.00000000
0.01055308,-2.16958380,-1.31432998,-0.46458876,-1.22208500,0.00000000,0.00000000,0.02306099,2.17000008,1.19808793,0.37758371,1.36300409,0.00000000,0.00000000
0.01179415,-2.16945386,-1.31475425,-0.46439871,-1.21112108,0.00000000,0.00000000,0.02429642,2.17000008,1.20192266,0.37801805,1.35886073,0.00000000,0.00000000
0.01313272,-2.16953802,-1.31331718,-0.46465993,-1.20250630,0.00000000,0.00000000,0.02594282,2.17000008,1.20469034,0.37886903,1.35885334,0.00000000,0.00000000
0.01452058,-2.16975331,-1.31003869,-0.46538663,-1.18787718,0.00000000,0.00000000,0.02779657,2.17000008,1.20621169,0.38016713,1.35759282,0.00000000,0.00000000
0.01590353,-2.16992760,-1.30502570,-0.46663386,-1.17074072,0.00000000,0.00000000,0.02966391,2.17000008,1.20639181,0.38188377,1.35854983,0.00000000,0.00000000
0.01728971,-2.16999030,-1.29840255,-0.46843982,-1.16310346,0.00000000,0.00000000,0.03137477,2.17000008,1.20517886,0.38396782,1.35891616,0.00000000,0.00000000
0.01869559,-2.16999960,-1.29034662,-0.47077829,-1.15676284,0.00000000,0.00000000,0.03281497,2.17000008,1.20256901,0.38634539,1.36747694,0.00000000,0.00000000
0.02007791,-2.17000008,-1.28114533,-0.47358000,-1.15871966,0.00000000,0.00000000,0.03391850,2.17000008,1.19863963,0.38888544,1.36958361,0.00000000,0.00000000
0.02140787,-2.17000008,-1.27109015,-0.47680140,-1.16951084,0.00000000,0.00000000,0.03469618,2.17000008,1.19352591,0.39145339,1.37534702,0.00000000,0.00000000
0.02271793,-2.17000008,-1.26043224,-0.48043197,-1.17739272,0.00000000,0.00000000,0.03522486,2.17000008,1.18739450,0.39394242,1.37411129,0.00000000,0.00000000
0.02402010,-2.17000008,-1.24950910,-0.48440120,-1.19973552,0.00000000,0.00000000,0.03559717,2.17000008,1.18047523,0.39621535,1.36387515,0.00000000,0.00000000
0.02531765,-2.17000008,-1.23871124,-0.48857263,-1.22409797,0.00000000,0.00000000,0.03589658,2.17000008,1.17303312,0.39810646,1.35803497,0.00000000,0.00000000
0.02664557,-2.17000008,-1.22839332,-0.49280608,-1.24673271,0.00000000,0.00000000,0.03620901,2.17000008,1.16532874,0.39945918,1.34346676,0.00000000,0.00000000
0.02806419,-2.17000008,-1.21881568,-0.49701500,-1.26443541,0.00000000,0.00000000,0.03661021,2.17000008,1.15756369,0.40018117,1.33400333,0.00000000,0.00000000
0.02961227,-2.17000008,-1.21018648,-0.50115210,-1.27659857,0.00000000,0.00000000,0.03719712,2.17000008,1.14990163,0.40024233,1.31872034,0.00000000,0.00000000
0.03127364,-2.17000008,-1.20269692,-0.50518405,-1.30023539,0.00000000,0.00000000,0.03811407,2.17000008,1.14249158,0.39967141,1.30766296,0.00000000,0.00000000
0.03296862,-2.17000008,-1.19649649,-0.50908321,-1.33042157,0.00000000,0.00000000,0.03952521,2.17000008,1.13542104,0.39861163,1.29450774,0.00000000,0.00000000
0.03455875,-2.17000008,-1.19165385,-0.51283169,-1.36377788,0.00000000,0.00000000,0.04155013,2.17000008,1.12864971,0.39738312,1.27530205,0.00000000,0.00000000
0.03591425,-2.17000008,-1.18814242,-0.51642704,-1.40081275,0.00000000,0.00000000,0.04412644,2.17000008,1.12200999,0.39639816,1.26130652,0.00000000,0.00000000
0.03694744,-2.17000008,-1.18588305,-0.51986432,-1.44073427,0.00000000,0.00000000,0.04696136,2.17000008,1.11528695,0.39598238,1.24669576,0.00000000,0.00000000
0.03760600,-2.17000008,-1.18473256,-0.52316087,-1.47710812,0.00000000,0.00000000,0.04968108,2.17000008,1.10827923,0.39633444,1.23612618,0.00000000,0.00000000
0.03789343,-2.17000008,-1.18453193,-0.52634895,-1.50445569,0.00000000,0.00000000,0.05203965,2.17000008,1.10091901,0.39748496,1.22949469,0.00000000,0.00000000
0.03790544,-2.17000008,-1.18507957,-0.52953839,-1.53857088,0.00000000,0.00000000,0.05395255,2.17000008,1.09329057,0.39931333,1.21635473,0.00000000,0.00000000
0.03779969,-2.17000008,-1.18612278,-0.53291517,-1.58505237,0.00000000,0.00000000,0.05543378,2.17000008,1.08555472,0.40162554,1.20502734,0.00000000,0.00000000
0.03772934,-2.17000008,-1.18742514,-0.53662574,-1.62616408,0.00000000,0.00000000,0.05654907,2.17000008,1.07789278,0.40420783,1.18442893,0.00000000,0.00000000
0.03782248,-2.17000008,-1.18880343,-0.54069823,-1.65958071,0.00000000,0.00000000,0.05737003,2.17000008,1.07049167,0.40683544,1.16346049,0.00000000,0.00000000
0.03819135,-2.17000008,-1.19007039,-0.54510701,-1.68573761,0.00000000,0.00000000,0.05800533,2.17000008,1.06352162,0.40934050,1.13434327,0.00000000,0.00000000
0.03889155,-2.17000008,-1.19106424,-0.54981607,-1.71139598,0.00000000,0.00000000,0.05858547,2.17000008,1.05711865,0.41162992,1.10669518,0.00000000,0.00000000
0.03984550,-2.17000008,-1.19176328,-0.55471218,-1.73387313,0.00000000,0.00000000,0.05917550,2.17000008,1.05136704,0.41363779,1.07863593,0.00000000,0.00000000
0.04082035,-2.17000008,-1.19227552,-0.55962664,-1.75831604,0.00000000,0.00000000,0.05979702,2.17000008,1.04628766,0.41535053,1.04871976,0.00000000,0.00000000
0.04155544,-2.17000008,-1.19271255,-0.56443530,-1.77903175,0.00000000,0.00000000,0.06044993,2.17000008,1.04186368,0.41678554,1.02324152,0.00000000,0.00000000
0.04198102,-2.17000008,-1.19307053,-0.56910712,-1.79483151,0.00000000,0.00000000,0.06115182,2.17000008,1.03807402,0.41797587,0.99520028,0.00000000,0.00000000
0.04227750,-2.17000008,-1.19323385,-0.57368392,-1.81104875,0.00000000,0.00000000,0.06199050,2.17000008,1.03492045,0.41896400,0.97196501,0.00000000,0.00000000
0.04268124,-2.17000008,-1.19316220,-0.57817984,-1.83071029,0.00000000,0.00000000,0.06310605,2.17000008,1.03244734,0.41974962,0.94661486,0.00000000,0.00000000
0.04333623,-2.17000008,-1.19297099,-0.58252674,-1.85764897,0.00000000,0.00000000,0.06460457,2.17000008,1.03069913,0.42029634,0.92158175,0.00000000,0.00000000
0.04431122,-2.17000008,-1.19278574,-0.58664066,-1.88066792,0.00000000,0.00000000,0.06645945,2.17000008,1.02961814,0.42061692,0.89057064,0.00000000,0.00000000
0.04558996,-2.17000008,-1.19267178,-0.59044397,-1.89984965,0.00000000,0.00000000,0.06848721,2.17000008,1.02902532,0.42078346,0.85585052,0.00000000,0.00000000
0.04703991,-2.17000008,-1.19270396,-0.59382015,-1.90633881,0.00000000,0.00000000,0.07038136,2.17000008,1.02868104,0.42086229,0.82454115,0.00000000,0.00000000
0.04845668,-2.17000008,-1.19303143,-0.59661585,-1.91214311,0.00000000,0.00000000,0.07180966,2.17000008,1.02838230,0.42085177,0.78640628,0.00000000,0.00000000
0.04966817,-2.17000008,-1.19380653,-0.59873921,-1.91495168,0.00000000,0.00000000,0.07257229,2.17000008,1.02803290,0.42069668,0.75338322,0.00000000,0.00000000
0.05063583,-2.17000008,-1.19502962,-0.60025471,-1.92225111,0.00000000,0.00000000,0.07264295,2.17000008,1.02761984,0.42035076,0.72107595,0.00000000,0.00000000
0.05146451,-2.17000008,-1.19650412,-0.60135907,-1.92355859,0.00000000,0.00000000,0.07206518,2.17000008,1.02714157,0.41981247,0.68303829,0.00000000,0.00000000
0.05231461,-2.17000008,-1.19792521,-0.60229045,-1.91755855,0.00000000,0.00000000,0.07090263,2.17000008,1.02657068,0.41914380,0.65765125,0.00000000,0.00000000
0.05330608,-2.17000008,-1.19902575,-0.60324240,-1.91549969,0.00000000,0.00000000,0.06925961,2.17000008,1.02587926,0.41844732,0.62899721,0.00000000,0.00000000
0.05447410,-2.17000008,-1.19971097,-0.60428232,-1.92142212,0.00000000,0.00000000,0.06725329,2.17000008,1.02507973,0.41777986,0.60567647,0.00000000,0.00000000
0.05579939,-2.17000008,-1.20003235,-0.60536391,-1.93688202,0.00000000,0.00000000,0.06500630,2.17000008,1.02420390,0.41718087,0.58057564,0.00000000,0.00000000
0.05726257,-2.17000008,-1.20005918,-0.60641831,-1.95487118,0.00000000,0.00000000,0.06267078,2.17000008,1.02327335,0.41673082,0.55585694,0.00000000,0.00000000
0.05884320,-2.17000008,-1.19984043,-0.60740060,-1.97043085,0.00000000,0.00000000,0.06040006,2.17000008,1.02231240,0.41650325,0.53228402,0.00000000,0.00000000
0.06048214,-2.17000008,-1.19944251,-0.60827893,-1.97927773,0.00000000,0.00000000,0.05830821,2.17000008,1.02136731,0.41649637,0.50760466,0.00000000,0.00000000
0.06207380,-2.17000008,-1.19896436,-0.60902494,-1.98967886,0.00000000,0.00000000,0.05647936,2.17000008,1.02050948,0.41663429,0.48441562,0.00000000,0.00000000
0.06351537,-2.17000008,-1.19848371,-0.60962832,-2.00030708,0.00000000,0.00000000,0.05497919,2.17000008,1.01980424,0.41683316,0.45685497,0.00000000,0.00000000
0.06475666,-2.17000008,-1.19801569,-0.61010516,-2.01642132,0.00000000,0.00000000,0.05384679,2.17000008,1.01929164,0.41703135,0.43733665,0.00000000,0.00000000
0.06578200,-2.17000008,-1.19754267,-0.61048186,-2.03711104,0.00000000,0.00000000,0.05307382,2.17000008,1.01898205,0.41717324,0.41887701,0.00000000,0.00000000
0.06655370,-2.17000008,-1.19705904,-0.61077368,-2.05446553,0.00000000,0.00000000,0.05261849,2.17000008,1.01885641,0.41721657,0.39174902,0.00000000,0.00000000
0.06700023,-2.17000008,-1.19658649,-0.61097366,-2.06800079,0.00000000,0.00000000,0.05243319,2.17000008,1.01887238,0.41714671,0.37204716,0.00000000,0.00000000
0.06707018,-2.17000008,-1.19614422,-0.61106837,-2.07676363,0.00000000,0.00000000,0.05246896,2.17000008,1.01897514,0.41697598,0.35611099,0.00000000,0.00000000
0.06678142,-2.17000008,-1.19572067,-0.61106515,-2.08419490,0.00000000,0.00000000,0.05267400,2.17000008,1.01911354,0.41672510,0.34490770,0.00000000,0.00000000
0.06618837,-2.17000008,-1.19528496,-0.61099154,-2.10021567,0.00000000,0.00000000,0.05301233,2.17000008,1.01924670,0.41642269,0.33857015,0.00000000,0.00000000
0.06536091,-2.17000008,-1.19479215,-0.61089301,-2.11577630,0.00000000,0.00000000,0.05346836,2.17000008,1.01933134,0.41612864,0.33495310,0.00000000,0.00000000
0.06438341,-2.17000008,-1.19420600,-0.61080247,-2.13528538,0.00000000,0.00000000,0.05399251,2.17000008,1.01930165,0.41592598,0.32853588,0.00000000,0.00000000
0.06332015,-2.17000008,-1.19351351,-0.61073405,-2.15513420,0.00000000,0.00000000,0.05452646,2.17000008,1.01910996,0.41586253,0.32132131,0.00000000,0.00000000
0.06224113,-2.17000008,-1.19267714,-0.61072898,-2.18108726,0.00000000,0.00000000,0.05505079,2.17000008,1.01874864,0.41594723,0.31015715,0.00000000,0.00000000
0.06124811,-2.17000008,-1.19165361,-0.61082876,-2.21165586,0.00000000,0.00000000,0.05551127,2.17000008,1.01822853,0.41613349,0.28995833,0.00000000,0.00000000
0.06041417,-2.17000008,-1.19041574,-0.61105680,-2.23362684,0.00000000,0.00000000,0.05586923,2.17000008,1.01754224,0.41641873,0.26961288,0.00000000,0.00000000
0.05980759,-2.17000008,-1.18904173,-0.61134189,-2.25416589,0.00000000,0.00000000,0.05614696,2.17000008,1.01668513,0.41684762,0.25410253,0.00000000,0.00000000
0.05948234,-2.17000008,-1.18772912,-0.61153090,-2.27356911,0.00000000,0.00000000,0.05638138,2.17000008,1.01568866,0.41742483,0.24340311,0.00000000,0.00000000
0.05941382,-2.17000008,-1.18657672,-0.61159223,-2.29203105,0.00000000,0.00000000,0.05654162,2.17000008,1.01462710,0.41804025,0.24193171,0.00000000,0.00000000
0.05956307,-2.17000008,-1.18561423,-0.61157155,-2.31145263,0.00000000,0.00000000,0.05673418,2.17000008,1.01359653,0.41863927,0.23712663,0.00000000,0.00000000
0.05994629,-2.17000008,-1.18494451,-0.61142492,-2.33516121,0.00000000,0.00000000,0.05700693,2.17000008,1.01266885,0.41915554,0.23834854,0.00000000,0.00000000
0.06058718,-2.17000008,-1.18462658,-0.61108464,-2.36100459,0.00000000,0.00000000,0.05740478,2.17000008,1.01192462,0.41949984,0.23277557,0.00000000,0.00000000
0.06142756,-2.17000008,-1.18475163,-0.61047298,-2.38374734,0.00000000,0.00000000,0.05792310,2.17000008,1.01139820,0.41962561,0.23184808,0.00000000,0.00000000
0.06228869,-2.17000008,-1.18541110,-0.60962009,-2.39806962,0.00000000,0.00000000,0.05845802,2.17000008,1.01102841,0.41956994,0.23029743,0.00000000,0.00000000
0.06299224,-2.17000008,-1.18651927,-0.60872728,-2.41047621,0.00000000,0.00000000,0.05890305,2.17000008,1.01069498,0.41945609,0.23363025,0.00000000,0.00000000
0.06342674,-2.17000008,-1.18791246,-0.60799533,-2.42190838,0.00000000,0.00000000,0.05919528,2.17000008,1.01031613,0.41936189,0.24229316,0.00000000,0.00000000
0.06356834,-2.17000008,-1.18949473,-0.60745889,-2.43347478,0.00000000,0.00000000,0.05928954,2.17000008,1.00988460,0.41924921,0.24271490,0.00000000,0.00000000
0.06353851,-2.17000008,-1.19116759,-0.60699970,-2.44951582,0.00000000,0.00000000,0.05918739,2.17000008,1.00943696,0.41904578,0.24675280,0.00000000,0.00000000
0.06348672,-2.17000008,-1.19277883,-0.60652637,-2.47128987,0.00000000,0.00000000,0.05890617,2.17000008,1.00898850,0.41873387,0.24666420,0.00000000,0.00000000
0.06346326,-2.17000008,-1.19414246,-0.60609567,-2.48759031,0.00000000,0.00000000,0.05847955,2.17000008,1.00851536,0.41838109,0.24343303,0.00000000,0.00000000
0.06343413,-2.17000008,-1.19510865,-0.60583729,-2.50492716,0.00000000,0.00000000,0.05797198,2.17000008,1.00799537,0.41808131,0.23996536,0.00000000,0.00000000
0.06335278,-2.17000008,-1.19562685,-0.60582042,-2.51492834,0.00000000,0.00000000,0.05745811,2.17000008,1.00743592,0.41789010,0.23440757,0.00000000,0.00000000
0.06320228,-2.17000008,-1.19573319,-0.60602355,-2.51821303,0.00000000,0.00000000,0.05701178,2.17000008,1.00686574,0.41782883,0.23356879,0.00000000,0.00000000
0.06299724,-2.17000008,-1.19550955,-0.60637343,-2.51449895,0.00000000,0.00000000,0.05669478,2.17000008,1.00632238,0.41789475,0.23849036,0.00000000,0.00000000
0.06275944,-2.17000008,-1.19507039,-0.60677421,-2.49988604,0.00000000,0.00000000,0.05653173,2.17000008,1.00584996,0.41804650,0.24605210,0.00000000,0.00000000
0.06248710,-2.17000008,-1.19454074,-0.60713375,-2.48295760,0.00000000,0.00000000,0.05651447,2.17000008,1.00549293,0.41821510,0.25493604,0.00000000,0.00000000
0.06215985,-2.17000008,-1.19398510,-0.60741425,-2.46269989,0.00000000,0.00000000,0.05663428,2.17000008,1.00526893,0.41837290,0.26417011,0.00000000,0.00000000
0.06173583,-2.17000008,-1.19340801,-0.60762793,-2.43859172,0.00000000,0.00000000,0.05688499,2.17000008,1.00516009,0.41854888,0.27730122,0.00000000,0.00000000
0.06113204,-2.17000008,-1.19283569,-0.60777992,-2.42137551,0.00000000,0.00000000,0.05724880,2.17000008,1.00514746,0.41876584,0.28272876,0.00000000,0.00000000
0.06026838,-2.17000008,-1.19231820,-0.60786402,-2.40870929,0.00000000,0.00000000,0.05770679,2.17000008,1.00523221,0.41901377,0.28305864,0.00000000,0.00000000
0.05913066,-2.17000008,-1.19188833,-0.60788226,-2.40619254,0.00000000,0.00000000,0.05824330,2.17000008,1.00543785,0.41925162,0.27850899,0.00000000,0.00000000
0.05777705,-2.17000008,-1.19154775,-0.60783446,-2.40027475,0.00000000,0.00000000,0.05883783,2.17000008,1.00579417,0.41942805,0.28114316,0.00000000,0.00000000
0.05631451,-2.17000008,-1.19126177,-0.60770816,-2.39677191,0.00000000,0.00000000,0.05946008,2.17000008,1.00630856,0.41951823,0.29075962,0.00000000,0.00000000
0.05484983,-2.17000008,-1.19096792,-0.60747826,-2.39646840,0.00000000,0.00000000,0.06007535,2.17000008,1.00695455,0.41954133,0.29892746,0.00000000,0.00000000
0.05343579,-2.17000008,-1.19062424,-0.60709226,-2.40008116,0.00000000,0.00000000,0.06063847,2.17000008,1.00769639,0.41951039,0.30119011,0.00000000,0.00000000
0.05209325,-2.17000008,-1.19022894,-0.60647368,-2.39542627,0.00000000,0.00000000,0.06109445,2.17000008,1.00851738,0.41939166,0.30369091,0.00000000,0.00000000
0.05086583,-2.17000008,-1.18975425,-0.60557961,-2.39351940,0.00000000,0.00000000,0.06142763,2.17000008,1.00941050,0.41916692,0.30636546,0.00000000,0.00000000
0.04980781,-2.17000008,-1.18913388,-0.60442543,-2.39001060,0.00000000,0.00000000,0.06168413,2.17000008,1.01036847,0.41886854,0.31491947,0.00000000,0.00000000
0.04894311,-2.17000008,-1.18831098,-0.60303676,-2.38219666,0.00000000,0.00000000,0.06188940,2.17000008,1.01137483,0.41852957,0.32470101,0.00000000,0.00000000
0.04826356,-2.17000008,-1.18724823,-0.60142744,-2.37987256,0.00000000,0.00000000,0.06201218,2.17000008,1.01240206,0.41815883,0.33127302,0.00000000,0.00000000
0.04775087,-2.17000008,-1.18588305,-0.59964204,-2.37875628,0.00000000,0.00000000,0.06204911,2.17000008,1.01341975,0.41778931,0.34372830,0.00000000,0.00000000
0.04738335,-2.17000008,-1.18412995,-0.59774965,-2.37929869,0.00000000,0.00000000,0.06199933,2.17000008,1.01438332,0.41747478,0.35587847,0.00000000,0.00000000
0.04711704,-2.17000008,-1.18195987,-0.59580064,-2.37698293,0.00000000,0.00000000,0.06186512,2.17000008,1.01526344,0.41724831,0.36363843,0.00000000,0.00000000
0.04686020,-2.17000008,-1.17947841,-0.59379429,-2.38189936,0.00000000,0.00000000,0.06170433,2.17000008,1.01609862,0.41707817,0.36326495,0.00000000,0.00000000
0.04648497,-2.17000008,-1.17688012,-0.59165162,-2.39776707,0.00000000,0.00000000,0.06152763,2.17000008,1.01694596,0.41686738,0.35559303,0.00000000,0.00000000
0.04590748,-2.17000008,-1.17426896,-0.58932835,-2.41731834,0.00000000,0.00000000,0.06131034,2.17000008,1.01780605,0.41658527,0.35049891,0.00000000,0.00000000
0.04513869,-2.17000008,-1.17157459,-0.58687949,-2.44230294,0.00000000,0.00000000,0.06104015,2.17000008,1.01860583,0.41633034,0.33581135,0.00000000,0.00000000
0.04426937,-2.17000008,-1.16863286,-0.58441615,-2.47295737,0.00000000,0.00000000,0.06072223,2.17000008,1.01924706,0.41625670,0.30938855,0.00000000,0.00000000
0.04341889,-2.17000008,-1.16534936,-0.58199990,-2.49786043,0.00000000,0.00000000,0.06035417,2.17000008,1.01968420,0.41643405,0.29130983,0.00000000,0.00000000
0.04267568,-2.17000008,-1.16180325,-0.57958293,-2.51711345,0.00000000,0.00000000,0.05991977,2.17000008,1.01997745,0.41676500,0.28297657,0.00000000,0.00000000
0.04207855,-2.17000008,-1.15815508,-0.57708126,-2.53098273,0.00000000,0.00000000,0.05939689,2.17000008,1.02022898,0.41708067,0.27278396,0.00000000,0.00000000
0.04164502,-2.17000008,-1.15447569,-0.57448167,-2.54318714,0.00000000,0.00000000,0.05880512,2.17000008,1.02049065,0.41731250,0.26297319,0.00000000,0.00000000
0.04138033,-2.17000008,-1.15075707,-0.57182699,-2.55970502,0.00000000,0.00000000,0.05818924,2.17000008,1.02077663,0.41745335,0.25050664,0.00000000,0.00000000
0.04124928,-2.17000008,-1.14701557,-0.56913215,-2.57209039,0.00000000,0.00000000,0.05760090,2.17000008,1.02109849,0.41749656,0.24279895,0.00000000,0.00000000
0.04119653,-2.17000008,-1.14330137,-0.56639141,-2.58048296,0.00000000,0.00000000,0.05707507,2.17000008,1.02146423,0.41743350,0.24536715,0.00000000,0.00000000
0.04119151,-2.17000008,-1.13963902,-0.56363654,-2.59434271,0.00000000,0.00000000,0.05662688,2.17000008,1.02186704,0.41727191,0.25030792,0.00000000,0.00000000
0.04123332,-2.17000008,-1.13601875,-0.56093150,-2.60218287,0.00000000,0.00000000,0.05625352,2.17000008,1.02228284,0.41703099,0.25248089,0.00000000,0.00000000
0.04130708,-2.17000008,-1.13248158,-0.55829686,-2.60979033,0.00000000,0.00000000,0.05593226,2.17000008,1.02269745,0.41668841,0.24867754,0.00000000,0.00000000
0.04136746,-2.17000008,-1.12912846,-0.55569035,-2.62093019,0.00000000,0.00000000,0.05564614,2.17000008,1.02310836,0.41619554,0.24810107,0.00000000,0.00000000
0.04137499,-2.17000008,-1.12604475,-0.55306274,-2.62424755,0.00000000,0.00000000,0.05539406,2.17000008,1.02350569,0.41552299,0.24709128,0.00000000,0.00000000
0.04131873,-2.17000008,-1.12321305,-0.55042344,-2.62188315,0.00000000,0.00000000,0.05518254,2.17000008,1.02383363,0.41471592,0.23900084,0.00000000,0.00000000
0.04119816,-2.17000008,-1.12052214,-0.54784083,-2.61884212,0.00000000,0.00000000,0.05503931,2.17000008,1.02400219,0.41388616,0.22982036,0.00000000,0.00000000
0.04093841,-2.16999698,-1.11797786,-0.54530406,-2.62588692,0.00000000,0.00000000,0.05497598,2.17000008,1.02394569,0.41309687,0.22343238,0.00000000,0.00000000
0.04043683,-2.16995287,-1.11565304,-0.54273951,-2.63726759,0.00000000,0.00000000,0.05496642,2.17000008,1.02363551,0.41233069,0.22406887,0.00000000,0.00000000
0.03973472,-2.16978312,-1.11332035,-0.54016829,-2.64082241,0.00000000,0.00000000,0.05494121,2.17000008,1.02302063,0.41158158,0.22899777,0.00000000,0.00000000
0.03876066,-2.16920519,-1.11101949,-0.53741944,-2.64427304,0.00000000,0.00000000,0.05473627,2.17000008,1.02197337,0.41092589,0.23459560,0.00000000,0.00000000
0.03766693,-2.16853380,-1.10862184,-0.53436553,-2.65118146,0.00000000,0.00000000,0.05440475,2.17000008,1.02048612,0.41043657,0.24255553,0.00000000,0.00000000
0.03717650,-2.16942263,-1.10546315,-0.53109342,-2.65047717,0.00000000,0.00000000,0.05404067,2.17000008,1.01867259,0.41006222,0.24958315,0.00000000,0.00000000
0.03603324,-2.16994333,-1.10273731,-0.52744919,-2.65389466,0.00000000,0.00000000,0.05340545,2.17000008,1.01643920,0.40989113,0.25528446,0.00000000,0.00000000
0.03443710,-2.16995811,-1.09989774,-0.52393216,-2.66144514,0.00000000,0.00000000,0.05270408,2.17000008,1.01396501,0.40990198,0.25582078,0.00000000,0.00000000
0.03282893,-2.16998291,-1.09654939,-0.52071816,-2.65688086,0.00000000,0.00000000,0.05224511,2.17000008,1.01152468,0.40999362,0.25805628,0.00000000,0.00000000
0.03090473,-2.16999912,-1.09327781,-0.51753664,-2.65003943,0.00000000,0.00000000,0.05212858,2.17000008,1.00934172,0.40999103,0.25830859,0.00000000,0.00000000
0.02862677,-2.17000008,-1.09025276,-0.51433277,-2.63249302,0.00000000,0.00000000,0.05243383,2.17000008,1.00764608,0.40967372,0.25420684,0.00000000,0.00000000
0.02608574,-2.17000008,-1.08746314,-0.51113832,-2.61883020,0.00000000,0.00000000,0.05319657,2.17000008,1.00658035,0.40890673,0.24853328,0.00000000,0.00000000
0.02337113,-2.17000008,-1.08485019,-0.50802499,-2.59881091,0.00000000,0.00000000,0.05441413,2.17000008,1.00615215,0.40772960,0.22294199,0.00000000,0.00000000
0.02058359,-2.17000008,-1.08230162,-0.50508547,-2.59152293,0.00000000,0.00000000,0.05606370,2.17000008,1.00627446,0.40630808,0.19524786,0.00000000,0.00000000
0.01776799,-2.17000008,-1.07981861,-0.50229287,-2.59617019,0.00000000,0.00000000,0.05809183,2.17000008,1.00686848,0.40474904,0.17534769,0.00000000,0.00000000
0.01496856,-2.17000008,-1.07743680,-0.49956098,-2.60287452,0.00000000,0.00000000,0.06043477,2.17000008,1.00785732,0.40312928,0.15578581,0.00000000,0.00000000
0.01225090,-2.17000008,-1.07514918,-0.49681911,-2.59928226,0.00000000,0.00000000,0.06298631,2.17000008,1.00911605,0.40155473,0.13817076,0.00000000,0.00000000
0.00971699,-2.17000008,-1.07287598,-0.49405083,-2.59618783,0.00000000,0.00000000,0.06555983,2.17000008,1.01044798,0.40018392,0.12470322,0.00000000,0.00000000
0.00752429,-2.17000008,-1.07051945,-0.49124834,-2.59663367,0.00000000,0.00000000,0.06786839,2.17000008,1.01163375,0.39914694,0.11436554,0.00000000,0.00000000
0.00579652,-2.17000008,-1.06801498,-0.48840722,-2.59777689,0.00000000,0.00000000,0.06960129,2.17000008,1.01249027,0.39851397,0.10153721,0.00000000,0.00000000
0.00450338,-2.17000008,-1.06541502,-0.48549253,-2.59657645,0.00000000,0.00000000,0.07051004,2.17000008,1.01292741,0.39826626,0.08681788,0.00000000,0.00000000
0.00349842,-2.17000008,-1.06286383,-0.48245001,-2.59387231,0.00000000,0.00000000,0.07044803,2.17000008,1.01295066,0.39832127,0.07494220,0.00000000,0.00000000
0.00268481,-2.17000008,-1.06042135,-0.47932705,-2.59539437,0.00000000,0.00000000,0.06941893,2.17000008,1.01260233,0.39865974,0.06446068,0.00000000,0.00000000
0.00204231,-2.17000008,-1.05805123,-0.47626817,-2.59446764,0.00000000,0.00000000,0.06756441,2.17000008,1.01195502,0.39930966,0.05220065,0.00000000,0.00000000
0.00154559,-2.17000008,-1.05578053,-0.47334090,-2.58853340,0.00000000,0.00000000,0.06506649,2.17000008,1.01116097,0.40016699,0.03635480,0.00000000,0.00000000
0.00116826,-2.17000008,-1.05366313,-0.47053662,-2.58112335,0.00000000,0.00000000,0.06213812,2.17000008,1.01041520,0.40104726,0.03491869,0.00000000,0.00000000
0.00089199,-2.17000008,-1.05167460,-0.46786070,-2.56866837,0.00000000,0.00000000,0.05900372,2.17000008,1.00986135,0.40183389,0.02857087,0.00000000,0.00000000
0.00074226,-2.17000008,-1.04968286,-0.46535432,-2.54864502,0.00000000,0.00000000,0.05582953,2.17000008,1.00955284,0.40249580,0.03004841,0.00000000,0.00000000
0.00079401,-2.17000008,-1.04752624,-0.46303526,-2.53971839,0.00000000,0.00000000,0.05270132,2.17000008,1.00950825,0.40298620,0.03075020,0.00000000,0.00000000
0.00109063,-2.17000008,-1.04511344,-0.46085763,-2.53263426,0.00000000,0.00000000,0.04969047,2.17000008,1.00977862,0.40318295,0.03340252,0.00000000,0.00000000
0.00158157,-2.17000008,-1.04243410,-0.45875207,-2.52815557,0.00000000,0.00000000,0.04692897,2.17000008,1.01043558,0.40297034,0.03432481,0.00000000,0.00000000
0.00210278,-2.17000008,-1.03956330,-0.45663795,-2.51900101,0.00000000,0.00000000,0.04454118,2.17000008,1.01152444,0.40228736,0.02987444,0.00000000,0.00000000
0.00248869,-2.17000008,-1.03656709,-0.45448157,-2.51480031,0.00000000,0.00000000,0.04261816,2.17000008,1.01301968,0.40119198,0.03952030,0.00000000,0.00000000
0.00266401,-2.17000008,-1.03342295,-0.45234179,-2.50597119,0.00000000,0.00000000,0.04120896,2.17000008,1.01480508,0.39987609,0.04745108,0.00000000,0.00000000
0.00264087,-2.17000008,-1.03006172,-0.45032033,-2.49002433,0.00000000,0.00000000,0.04030007,2.17000008,1.01671529,0.39856538,0.04994598,0.00000000,0.00000000
0.00237524,-2.17000008,-1.02649415,-0.44847283,-2.46894407,0.00000000,0.00000000,0.03982910,2.17000008,1.01860845,0.39740357,0.04926409,0.00000000,0.00000000
0.00176951,-2.17000008,-1.02281487,-0.44678992,-2.45808315,0.00000000,0.00000000,0.03970788,2.17000008,1.02037692,0.39645636,0.03961079,0.00000000,0.00000000
0.00078774,-2.17000008,-1.01914763,-0.44519499,-2.45655155,0.00000000,0.00000000,0.03980865,2.17000008,1.02193105,0.39573517,0.03455994,0.00000000,0.00000000
-0.00051798,-2.17000008,-1.01558053,-0.44360465,-2.44748783,0.00000000,0.00000000,0.04001170,2.17000008,1.02318287,0.39525416,0.02833357,0.00000000,0.00000000
-0.00201409,-2.17000008,-1.01210845,-0.44201884,-2.44576406,0.00000000,0.00000000,0.04026229,2.17000008,1.02404392,0.39507106,0.02964282,0.00000000,0.00000000
-0.00353535,-2.17000008,-1.00865746,-0.44053894,-2.44707370,0.00000000,0.00000000,0.04059147,2.17000008,1.02445471,0.39526665,0.02895240,0.00000000,0.00000000
-0.00499567,-2.17000008,-1.00519586,-0.43928170,-2.44303918,0.00000000,0.00000000,0.04102660,2.17000008,1.02440345,0.39586911,0.03569215,0.00000000,0.00000000
-0.00645374,-2.17000008,-1.00181556,-0.43827897,-2.43342209,0.00000000,0.00000000,0.04153825,2.17000008,1.02394187,0.39680025,0.04250215,0.00000000,0.00000000
-0.00806571,-2.17000008,-0.99868637,-0.43748525,-2.42469954,0.00000000,0.00000000,0.04211323,2.17000008,1.02317810,0.39792481,0.03703174,0.00000000,0.00000000
-0.00989196,-2.17000008,-0.99592525,-0.43683636,-2.41691732,0.00000000,0.00000000,0.04275699,2.17000008,1.02223313,0.39911276,0.03702438,0.00000000,0.00000000
-0.01180192,-2.17000008,-0.99352866,-0.43629292,-2.41384721,0.00000000,0.00000000,0.04347205,2.17000008,1.02120054,0.40028745,0.02446235,0.00000000,0.00000000
-0.01366627,-2.17000008,-0.99146938,-0.43582398,-2.41886163,0.00000000,0.00000000,0.04424281,2.17000008,1.02014804,0.40141159,0.00733952,0.00000000,0.00000000
-0.01551307,-2.17000008,-0.98978937,-0.43537155,-2.42231631,0.00000000,0.00000000,0.04503736,2.17000008,1.01914108,0.40244976,-0.00557726,0.00000000,0.00000000
-0.01739121,-2.17000008,-0.98853612,-0.43485755,-2.41410112,0.00000000,0.00000000,0.04581976,2.17000008,1.01823330,0.40337834,-0.02007923,0.00000000,0.00000000
-0.01928025,-2.17000008,-0.98770750,-0.43420762,-2.40413451,0.00000000,0.00000000,0.04654220,2.17000008,1.01745558,0.40418589,-0.03826257,0.00000000,0.00000000
-0.02110384,-2.17000008,-0.98724461,-0.43338016,-2.39194417,0.00000000,0.00000000,0.04711266,2.17000008,1.01679718,0.40487343,-0.05248229,0.00000000,0.00000000
-0.02277515,-2.17000008,-0.98704678,-0.43237969,-2.37998700,0.00000000,0.00000000,0.04744453,2.17000008,1.01621580,0.40547132,-0.06230771,0.00000000,0.00000000
-0.02423647,-2.17000008,-0.98700601,-0.43123192,-2.36976933,0.00000000,0.00000000,0.04749514,2.17000008,1.01566851,0.40601560,-0.07668839,0.00000000,0.00000000
-0.02546549,-2.17000008,-0.98705322,-0.42992300,-2.35834718,0.00000000,0.00000000,0.04727388,2.17000008,1.01515543,0.40648392,-0.08841860,0.00000000,0.00000000
-0.02641037,-2.17000008,-0.98714286,-0.42841437,-2.34973145,0.00000000,0.00000000,0.04679602,2.17000008,1.01471925,0.40678376,-0.09943424,0.00000000,0.00000000
-0.02701443,-2.17000008,-0.98723286,-0.42671818,-2.34089494,0.00000000,0.00000000,0.04608361,2.17000008,1.01442897,0.40681159,-0.11070150,0.00000000,0.00000000
-0.02727351,-2.17000008,-0.98727161,-0.42494184,-2.33473611,0.00000000,0.00000000,0.04520667,2.17000008,1.01435673,0.40652147,-0.11740150,0.00000000,0.00000000
-0.02725301,-2.17000008,-0.98720801,-0.42325115,-2.32060170,0.00000000,0.00000000,0.04428610,2.17000008,1.01455986,0.40592819,-0.13353665,0.00000000,0.00000000
-0.02701011,-2.17000008,-0.98697817,-0.42182148,-2.31514502,0.00000000,0.00000000,0.04340898,2.17000008,1.01504517,0.40509316,-0.14847101,0.00000000,0.00000000
-0.02644620,-2.17000008,-0.98647052,-0.42080015,-2.30692220,0.00000000,0.00000000,0.04260984,2.17000008,1.01576185,0.40412661,-0.17264917,0.00000000,0.00000000
-0.02544079,-2.17000008,-0.98558861,-0.42031395,-2.29368854,0.00000000,0.00000000,0.04193522,2.17000008,1.01664686,0.40316069,-0.19213508,0.00000000,0.00000000
-0.02415727,-2.17000008,-0.98439497,-0.42045268,-2.28189921,0.00000000,0.00000000,0.04142942,2.17000008,1.01766932,0.40226343,-0.21470931,0.00000000,0.00000000
-0.02283720,-2.17000008,-0.98306763,-0.42118555,-2.26997185,0.00000000,0.00000000,0.04107751,2.17000008,1.01883852,0.40138879,-0.23919886,0.00000000,0.00000000
-0.02155284,-2.17000008,-0.98177022,-0.42236453,-2.25714326,0.00000000,0.00000000,0.04079103,2.17000008,1.02014756,0.40046057,-0.25260553,0.00000000,0.00000000
-0.02028638,-2.17000008,-0.98059285,-0.42384022,-2.23789930,0.00000000,0.00000000,0.04048571,2.17000008,1.02151155,0.39953697,-0.26416343,0.00000000,0.00000000
-0.01901314,-2.17000008,-0.97957045,-0.42549077,-2.22105432,0.00000000,0.00000000,0.04016649,2.17000008,1.02280486,0.39881507,-0.26850277,0.00000000,0.00000000
-0.01769388,-2.17000008,-0.97875965,-0.42713234,-2.19459987,0.00000000,0.00000000,0.03989478,2.17000008,1.02395141,0.39846006,-0.26693222,0.00000000,0.00000000
-0.01645088,-2.17000008,-0.97831857,-0.42851141,-2.06942129,0.00000000,0.00000000,0.03972725,2.17000008,1.02492929,0.39855498,-0.26094684,0.00000000,0.00000000
-0.01551977,-2.17000008,-0.97841364,-0.42943034,-1.95315158,0.00000000,0.00000000,0.03966983,2.17000008,1.02572131,0.39912301,-0.25143591,0.00000000,0.00000000
-0.01482246,-2.17000008,-0.97898209,-0.42988753,-1.84200597,0.00000000,0.00000000,0.03972345,2.17000008,1.02630568,0.40014750,-0.23808704,0.00000000,0.00000000
-0.01433515,-2.17000008,-0.97993308,-0.42997760,-1.73520374,0.00000000,0.00000000,0.03990214,2.17000008,1.02671015,0.40151972,-0.22539538,0.00000000,0.00000000
-0.01419402,-2.17000008,-0.98125565,-0.42974856,-1.63228226,0.00000000,0.00000000,0.04020144,2.17000008,1.02702391,0.40301785,-0.21794188,0.00000000,0.00000000
-0.01453124,-2.17000008,-0.98290849,-0.42923939,-1.52481735,0.00000000,0.00000000,0.04060214,2.17000008,1.02733397,0.40440246,-0.20810108,0.00000000,0.00000000
-0.01529422,-2.17000008,-0.98467690,-0.42859301,-1.41554344,0.00000000,0.00000000,0.04102881,2.17000008,1.02763677,0.40552908,-0.19931841,0.00000000,0.00000000
-0.01616463,-2.17000008,-0.98619068,-0.42801243,-1.30513823,0.00000000,0.00000000,0.04136988,2.17000008,1.02787328,0.40632451,-0.18883850,0.00000000,0.00000000
-0.01672717,-2.17000008,-0.98707628,-0.42766932,-1.19505239,0.00000000,0.00000000,0.04155131,2.17000008,1.02799881,0.40674868,-0.17583962,0.00000000,0.00000000
