l_joint1,l_joint2,l_joint3,l_joint4,l_joint5,l_joint6,l_joint7,r_joint1,r_joint2,r_joint3,r_joint4,r_joint5,r_joint6,r_joint7
0.50389361,-2.03594065,-1.97681797,-0.91071343,0.11896768,0.00000000,0.00000000,-0.23412850,1.88997746,1.81477630,0.48830932,-0.16723032,0.00000000,0.00000000
0.50151104,-2.05127501,-1.96193385,-0.91156983,0.13765818,0.00000000,0.00000000,-0.23554239,1.91215551,1.80556715,0.48727450,-0.19284084,0.00000000,0.00000000
0.49737719,-2.07576346,-1.93616509,-0.91266555,0.15463790,0.00000000,0.00000000,-0.23763326,1.94786131,1.78998995,0.48605940,-0.22332461,0.00000000,0.00000000
0.49203989,-2.10233140,-1.90380442,-0.91347724,0.16809818,0.00000000,0.00000000,-0.23976801,1.98763978,1.77103364,0.48555276,-0.25002694,0.00000000,0.00000000
0.48585725,-2.12586975,-1.86813152,-0.91370726,0.17809646,0.00000000,0.00000000,-0.24212000,2.02472305,1.75094140,0.48591632,-0.26775429,0.00000000,0.00000000
0.47873676,-2.14456630,-1.83045030,-0.91329211,0.19532292,0.00000000,0.00000000,-0.24496748,2.05730820,1.73039842,0.48694471,-0.29170832,0.00000000,0.00000000
0.47042280,-2.15828037,-1.79107976,-0.91225898,0.21508132,0.00000000,0.00000000,-0.24837920,2.08606315,1.70926011,0.48856646,-0.31074470,0.00000000,0.00000000
0.46081877,-2.16662121,-1.75056982,-0.91059297,0.24072450,0.00000000,0.00000000,-0.25258872,2.11179233,1.68729639,0.49077982,-0.32720807,0.00000000,0.00000000
0.44968900,-2.16953373,-1.71043646,-0.90838736,0.26350063,0.00000000,0.00000000,-0.25776723,2.13437200,1.66451919,0.49361727,-0.35087177,0.00000000,0.00000000
0.43666500,-2.16997862,-1.67280102,-0.90576166,0.29403862,0.00000000,0.00000000,-0.26381165,2.15244031,1.64127767,0.49717307,-0.37119690,0.00000000,0.00000000
0.42172962,-2.17000008,-1.63881171,-0.90253091,0.31876618,0.00000000,0.00000000,-0.27063349,2.16427422,1.61800253,0.50158083,-0.38208601,0.00000000,0.00000000
0.40490198,-2.17000008,-1.60815668,-0.89853704,0.32946584,0.00000000,0.00000000,-0.27805790,2.16905022,1.59526420,0.50714761,-0.38422209,0.00000000,0.00000000
0.38621551,-2.16991520,-1.57970524,-0.89382869,0.34522873,0.00000000,0.00000000,-0.28602281,2.16995096,1.57424736,0.51392263,-0.38381097,0.00000000,0.00000000
0.36633435,-2.16857147,-1.55323517,-0.88825178,0.35582334,0.00000000,0.00000000,-0.29544839,2.17000008,1.55745506,0.52092206,-0.37875646,0.00000000,0.00000000
0.34561568,-2.16369152,-1.52840412,-0.88193238,0.36172658,0.00000000,0.00000000,-0.30705974,2.17000008,1.54580688,0.52738154,-0.37541500,0.00000000,0.00000000
0.32422093,-2.15607405,-1.50441897,-0.87522691,0.36906514,0.00000000,0.00000000,-0.32004780,2.17000008,1.53907311,0.53337121,-0.36765528,0.00000000,0.00000000
0.30222449,-2.14744115,-1.48095953,-0.86851156,0.36427867,0.00000000,0.00000000,-0.33315274,2.17000008,1.53687286,0.53907657,-0.36358669,0.00000000,0.00000000
0.27975273,-2.13878965,-1.45813072,-0.86203295,0.36196360,0.00000000,0.00000000,-0.34521705,2.17000008,1.53880215,0.54461652,-0.35917675,0.00000000,0.00000000
0.25707954,-2.13066554,-1.43614364,-0.85585397,0.35882092,0.00000000,0.00000000,-0.35541955,2.17000008,1.54438233,0.55005151,-0.35361946,0.00000000,0.00000000
0.23458757,-2.12344575,-1.41517532,-0.84989327,0.35108820,0.00000000,0.00000000,-0.36336353,2.17000008,1.55293655,0.55548269,-0.34697872,0.00000000,0.00000000
0.21271075,-2.11748815,-1.39532399,-0.84399158,0.34443280,0.00000000,0.00000000,-0.36897501,2.17000008,1.56347585,0.56115502,-0.34195879,0.00000000,0.00000000
0.19193222,-2.11312151,-1.37663066,-0.83793932,0.35116154,0.00000000,0.00000000,-0.37243998,2.17000008,1.57475972,0.56724548,-0.34385270,0.00000000,0.00000000
0.17258228,-2.11048031,-1.35918200,-0.83160567,0.34747225,0.00000000,0.00000000,-0.37413955,2.17000008,1.58575225,0.57350153,-0.34054217,0.00000000,0.00000000
0.15454581,-2.10958624,-1.34309161,-0.82516718,0.33940956,0.00000000,0.00000000,-0.37447494,2.17000008,1.59624851,0.57940382,-0.34638074,0.00000000,0.00000000
0.13811876,-2.11064911,-1.32824743,-0.81860828,0.33036241,0.00000000,0.00000000,-0.37370443,2.17000008,1.60705400,0.58477509,-0.35067737,0.00000000,0.00000000
0.12364207,-2.11341596,-1.31469584,-0.81180114,0.32542172,0.00000000,0.00000000,-0.37179023,2.17000008,1.61836553,0.58981729,-0.33886760,0.00000000,0.00000000
0.11094832,-2.11731863,-1.30264127,-0.80486864,0.31420556,0.00000000,0.00000000,-0.36887467,2.17000008,1.62818861,0.59482408,-0.32988861,0.00000000,0.00000000
0.09998941,-2.12225580,-1.29203856,-0.79797846,0.30955249,0.00000000,0.00000000,-0.36491585,2.17000008,1.63719845,0.60028338,-0.31996456,0.00000000,0.00000000
0.09085676,-2.12790084,-1.28290761,-0.79130113,0.31449410,0.00000000,0.00000000,-0.36032137,2.17000008,1.64565694,0.60632449,-0.31273344,0.00000000,0.00000000
0.08411370,-2.13376689,-1.27522826,-0.78501904,0.31209791,0.00000000,0.00000000,-0.35578331,2.17000008,1.65335417,0.61310661,-0.31455871,0.00000000,0.00000000
0.08045249,-2.13947201,-1.26886523,-0.77958870,0.31813037,0.00000000,0.00000000,-0.35223591,2.17000008,1.66027880,0.62096357,-0.32208964,0.00000000,0.00000000
0.08038371,-2.14450502,-1.26375234,-0.77558887,0.33256978,0.00000000,0.00000000,-0.35092378,2.17000008,1.66646135,0.63029867,-0.32434952,0.00000000,0.00000000
0.08435924,-2.14827037,-1.25989270,-0.77345574,0.35295463,0.00000000,0.00000000,-0.35338363,2.17000008,1.67191064,0.64148086,-0.32628047,0.00000000,0.00000000
0.09306688,-2.15035486,-1.25721180,-0.77333212,0.38763845,0.00000000,0.00000000,-0.36136845,2.16993141,1.67637122,0.65473223,-0.32791707,0.00000000,0.00000000
0.10623173,-2.15034127,-1.25583649,-0.77561879,0.42038718,0.00000000,0.00000000,-0.37560651,2.16879177,1.67907321,0.67056406,-0.32333967,0.00000000,0.00000000
0.12233912,-2.14784551,-1.25610161,-0.78124428,0.44669849,0.00000000,0.00000000,-0.39509583,2.16400361,1.67918062,0.69004107,-0.32228196,0.00000000,0.00000000
0.14164323,-2.14322710,-1.25769687,-0.79049593,0.47527772,0.00000000,0.00000000,-0.41807076,2.15453148,1.67601883,0.71425855,-0.32313150,0.00000000,0.00000000
0.16013503,-2.13718009,-1.26075470,-0.80586374,0.51064670,0.00000000,0.00000000,-0.44117209,2.14072824,1.66883993,0.74469709,-0.32784918,0.00000000,0.00000000
0.17452721,-2.13121319,-1.26497400,-0.82878345,0.53512001,0.00000000,0.00000000,-0.46294442,2.12183285,1.65758061,0.78192717,-0.33420902,0.00000000,0.00000000
0.18581460,-2.12444615,-1.27061415,-0.85724300,0.55774617,0.00000000,0.00000000,-0.48374566,2.09763575,1.64190364,0.82598436,-0.33468065,0.00000000,0.00000000
0.19680046,-2.11803985,-1.27649605,-0.88807362,0.57583243,0.00000000,0.00000000,-0.50401372,2.06752086,1.62163806,0.87765747,-0.32796055,0.00000000,0.00000000
0.20970848,-2.11446595,-1.28070176,-0.91932321,0.59406680,0.00000000,0.00000000,-0.52497578,2.03058767,1.59673607,0.93783212,-0.32360882,0.00000000,0.00000000
0.22423013,-2.11301279,-1.28344262,-0.94910324,0.61698014,0.00000000,0.00000000,-0.54880255,1.98560524,1.56733608,1.00690866,-0.32447323,0.00000000,0.00000000
0.23791730,-2.11403418,-1.28474975,-0.97686863,0.63987941,0.00000000,0.00000000,-0.57728040,1.92906511,1.53524470,1.08526313,-0.33133793,0.00000000,0.00000000
0.24809030,-2.11850548,-1.28447926,-1.00309277,0.64690524,0.00000000,0.00000000,-0.61188608,1.85352254,1.50579631,1.17266846,-0.33668616,0.00000000,0.00000000
0.25312057,-2.12470770,-1.28422725,-1.02756810,0.65439761,0.00000000,0.00000000,-0.65702724,1.74740124,1.48856437,1.26255894,-0.33136013,0.00000000,0.00000000
0.25385693,-2.13020515,-1.28587043,-1.04900825,0.67088628,0.00000000,0.00000000,-0.71823388,1.60256374,1.49118817,1.34105897,-0.33025652,0.00000000,0.00000000
0.25205368,-2.13446641,-1.28982377,-1.06684136,0.68214345,0.00000000,0.00000000,-0.79662275,1.42112291,1.51316524,1.39927053,-0.32116148,0.00000000,0.00000000
0.24972352,-2.13749838,-1.29582906,-1.08137155,0.69170660,0.00000000,0.00000000,-0.89060622,1.21028471,1.54978430,1.43251538,-0.32309821,0.00000000,0.00000000
0.24826801,-2.13938808,-1.30348194,-1.09367669,0.70504218,0.00000000,0.00000000,-0.99651009,0.97868776,1.59527969,1.43788183,-0.31783846,0.00000000,0.00000000
0.24847198,-2.14018083,-1.31240046,-1.10478580,0.72134984,0.00000000,0.00000000,-1.10891020,0.73581827,1.64341831,1.41397834,-0.31690013,0.00000000,0.00000000
0.25095287,-2.13980675,-1.32219517,-1.11511612,0.74241197,0.00000000,0.00000000,-1.22165227,0.49158788,1.68789923,1.36091685,-0.32631645,0.00000000,0.00000000
0.25606531,-2.13822722,-1.33234620,-1.12460303,0.76588815,0.00000000,0.00000000,-1.32899106,0.25565484,1.72296655,1.28041065,-0.32795289,0.00000000,0.00000000
0.26362914,-2.13544893,-1.34220636,-1.13285053,0.79153621,0.00000000,0.00000000,-1.42670929,0.03648359,1.74421751,1.17586148,-0.32521948,0.00000000,0.00000000
0.27270463,-2.13143754,-1.35107219,-1.13922060,0.81319469,0.00000000,0.00000000,-1.51284122,-0.15967140,1.74941003,1.05230880,-0.31622916,0.00000000,0.00000000
0.28173119,-2.12655067,-1.35783482,-1.14324117,0.84354889,0.00000000,0.00000000,-1.58752632,-0.32937297,1.73881328,0.91593790,-0.30960640,0.00000000,0.00000000
0.28877455,-2.12158537,-1.36105788,-1.14508522,0.87422836,0.00000000,0.00000000,-1.65199947,-0.47172350,1.71473134,0.77307743,-0.30366167,0.00000000,0.00000000
0.29190949,-2.11734891,-1.35950577,-1.14556611,0.90901279,0.00000000,0.00000000,-1.70752847,-0.58744699,1.68049204,0.62927097,-0.30002916,0.00000000,0.00000000
0.28958267,-2.11426687,-1.35259616,-1.14570081,0.94259769,0.00000000,0.00000000,-1.75492632,-0.67809206,1.63958192,0.48892426,-0.30078822,0.00000000,0.00000000
0.28105947,-2.11223269,-1.34054911,-1.14608157,0.96350038,0.00000000,0.00000000,-1.79460287,-0.74571288,1.59520030,0.35542873,-0.29175022,0.00000000,0.00000000
0.26649120,-2.11056542,-1.32439423,-1.14650464,0.98461616,0.00000000,0.00000000,-1.82678771,-0.79286778,1.55009544,0.23141178,-0.27988118,0.00000000,0.00000000
0.24686019,-2.10856342,-1.30539191,-1.14613819,1.01026011,0.00000000,0.00000000,-1.85174048,-0.82250535,1.50647676,0.11896174,-0.27433658,0.00000000,0.00000000
0.22346328,-2.10616231,-1.28436553,-1.14416313,1.03206527,0.00000000,0.00000000,-1.86984503,-0.83759427,1.46597624,0.01976367,-0.27286318,0.00000000,0.00000000
0.19767635,-2.10399485,-1.26147652,-1.14015257,1.05361807,0.00000000,0.00000000,-1.88160956,-0.84065562,1.42969394,-0.06485928,-0.26633912,0.00000000,0.00000000
0.17073886,-2.10272384,-1.23666739,-1.13406384,1.06996953,0.00000000,0.00000000,-1.88775170,-0.83350182,1.39830232,-0.13394322,-0.25989529,0.00000000,0.00000000
0.14338224,-2.10273767,-1.20999897,-1.12618327,1.07189143,0.00000000,0.00000000,-1.88938260,-0.81730705,1.37213731,-0.18692742,-0.24135785,0.00000000,0.00000000
0.11608446,-2.10482025,-1.18120360,-1.11716115,1.06094396,0.00000000,0.00000000,-1.88760030,-0.79256767,1.35129333,-0.22399881,-0.22453724,0.00000000,0.00000000
0.08888074,-2.11000824,-1.14991426,-1.10799634,1.04328263,0.00000000,0.00000000,-1.88380837,-0.75945431,1.33562398,-0.24605662,-0.19860148,0.00000000,0.00000000
0.06212049,-2.11719036,-1.11714184,-1.09904099,1.02598882,0.00000000,0.00000000,-1.88198400,-0.72141951,1.32421660,-0.25468415,-0.17229035,0.00000000,0.00000000
0.03921834,-2.12405515,-1.08395731,-1.08964491,1.00591385,0.00000000,0.00000000,-1.88363993,-0.68686718,1.31541991,-0.25542256,-0.14165397,0.00000000,0.00000000
0.02129311,-2.12964082,-1.05116391,-1.07981038,0.98791361,0.00000000,0.00000000,-1.88555729,-0.65973824,1.30845356,-0.25451162,-0.10850838,0.00000000,0.00000000
0.00664249,-2.13308620,-1.02020466,-1.07039952,0.97525221,0.00000000,0.00000000,-1.88786864,-0.63867813,1.30329072,-0.25371993,-0.07907555,0.00000000,0.00000000
-0.00751048,-2.13363218,-0.99288595,-1.06346250,0.96347803,0.00000000,0.00000000,-1.89130247,-0.62204307,1.29999471,-0.25377855,-0.06144118,0.00000000,0.00000000
-0.01956522,-2.13184428,-0.96851593,-1.05914342,0.96146041,0.00000000,0.00000000,-1.89662731,-0.60952848,1.29847372,-0.25524521,-0.05471880,0.00000000,0.00000000
-0.02799577,-2.12841463,-0.94630605,-1.05633199,0.96549916,0.00000000,0.00000000,-1.90413797,-0.60088205,1.29866111,-0.25868666,-0.05652380,0.00000000,0.00000000
-0.03683637,-2.12391901,-0.92772681,-1.05520439,0.96778107,0.00000000,0.00000000,-1.91362941,-0.59561974,1.30053651,-0.26474410,-0.05384336,0.00000000,0.00000000
-0.04313950,-2.11919689,-0.91124636,-1.05449855,0.97167689,0.00000000,0.00000000,-1.92538321,-0.59351450,1.30400586,-0.27371424,-0.07125159,0.00000000,0.00000000
-0.04646182,-2.11398029,-0.89692438,-1.05404389,0.97437221,0.00000000,0.00000000,-1.93972588,-0.59421045,1.30897284,-0.28577545,-0.08269082,0.00000000,0.00000000
-0.04798701,-2.10813236,-0.88534492,-1.05406642,0.97825986,0.00000000,0.00000000,-1.95673156,-0.59706646,1.31537652,-0.30116409,-0.08784205,0.00000000,0.00000000
-0.04666469,-2.10190487,-0.87588882,-1.05492377,0.98301679,0.00000000,0.00000000,-1.97671402,-0.60175329,1.32308376,-0.32003692,-0.10119001,0.00000000,0.00000000
-0.04286164,-2.09596229,-0.86833870,-1.05802941,0.98367560,0.00000000,0.00000000,-1.99982798,-0.60788035,1.33197188,-0.34268227,-0.11132812,0.00000000,0.00000000
-0.03692500,-2.09160256,-0.86220860,-1.06418943,0.98775721,0.00000000,0.00000000,-2.02615571,-0.61486882,1.34194744,-0.36946613,-0.12326662,0.00000000,0.00000000
-0.02812477,-2.08733940,-0.85808241,-1.07182848,1.00489581,0.00000000,0.00000000,-2.05568695,-0.62192118,1.35295057,-0.40081221,-0.14109074,0.00000000,0.00000000
-0.01632915,-2.08129549,-0.85705644,-1.07938373,1.02049398,0.00000000,0.00000000,-2.08875251,-0.62872779,1.36478591,-0.43699703,-0.15692203,0.00000000,0.00000000
-0.00261744,-2.07355571,-0.85970265,-1.08663356,1.03249538,0.00000000,0.00000000,-2.12582850,-0.63528174,1.37714732,-0.47817138,-0.18100172,0.00000000,0.00000000
0.01258523,-2.06478047,-0.86586034,-1.09345090,1.04762554,0.00000000,0.00000000,-2.16738629,-0.64181429,1.38962102,-0.52440941,-0.19254088,0.00000000,0.00000000
0.02924401,-2.05557990,-0.87505794,-1.09929764,1.06998527,0.00000000,0.00000000,-2.21365380,-0.64881545,1.40168309,-0.57586372,-0.22154233,0.00000000,0.00000000
0.04708173,-2.04655480,-0.88676941,-1.10346901,1.09085393,0.00000000,0.00000000,-2.26426983,-0.65712792,1.41267478,-0.63301933,-0.25632900,0.00000000,0.00000000
0.06519218,-2.03863978,-0.90036476,-1.10533106,1.10192573,0.00000000,0.00000000,-2.31938314,-0.66753668,1.42191517,-0.69543445,-0.28400654,0.00000000,0.00000000
0.08236849,-2.03296018,-0.91499501,-1.10420799,1.10512710,0.00000000,0.00000000,-2.38009882,-0.67875934,1.42961478,-0.75986266,-0.29717523,0.00000000,0.00000000
0.09768828,-2.03038120,-0.92963409,-1.09934700,1.09917021,0.00000000,0.00000000,-2.44453597,-0.68772215,1.43717921,-0.82288444,-0.30088428,0.00000000,0.00000000
0.10897288,-2.03205800,-0.94364399,-1.09105194,1.08146095,0.00000000,0.00000000,-2.51082754,-0.69264030,1.44561195,-0.88072437,-0.29108074,0.00000000,0.00000000
0.11498737,-2.03822112,-0.95663851,-1.07937825,1.05731118,0.00000000,0.00000000,-2.57574892,-0.69289982,1.45553684,-0.93133664,-0.28905106,0.00000000,0.00000000
0.11533559,-2.04801345,-0.96869570,-1.06392431,1.03134584,0.00000000,0.00000000,-2.63673234,-0.68931156,1.46668601,-0.97450471,-0.28060177,0.00000000,0.00000000
0.10975628,-2.06026173,-0.98017448,-1.04433763,0.99952918,0.00000000,0.00000000,-2.69328237,-0.68355870,1.47799516,-1.01003504,-0.27134880,0.00000000,0.00000000
0.09833530,-2.07385898,-0.99132365,-1.02043259,0.97026104,0.00000000,0.00000000,-2.74507713,-0.67707068,1.48842371,-1.03791535,-0.26368579,0.00000000,0.00000000
0.08214521,-2.08764887,-1.00203562,-0.99193674,0.94218355,0.00000000,0.00000000,-2.79157662,-0.67079872,1.49720061,-1.05845702,-0.25281271,0.00000000,0.00000000
0.06250682,-2.10113120,-1.01167417,-0.95907819,0.91558969,0.00000000,0.00000000,-2.83189726,-0.66601068,1.50350678,-1.07259417,-0.23696333,0.00000000,0.00000000
0.04048185,-2.11411166,-1.01953351,-0.92279828,0.89351070,0.00000000,0.00000000,-2.86526513,-0.66383910,1.50659740,-1.08147430,-0.22349197,0.00000000,0.00000000
0.01690806,-2.12619877,-1.02509797,-0.88460046,0.87367672,0.00000000,0.00000000,-2.89150977,-0.66496211,1.50598359,-1.08613443,-0.21187848,0.00000000,0.00000000
-0.00674922,-2.13722634,-1.02759624,-0.84628260,0.85906905,0.00000000,0.00000000,-2.91077375,-0.66928691,1.50170195,-1.08756053,-0.20188855,0.00000000,0.00000000
-0.02897509,-2.14749098,-1.02612197,-0.81020087,0.85709780,0.00000000,0.00000000,-2.92305422,-0.67600548,1.49430072,-1.08676291,-0.18964414,0.00000000,0.00000000
-0.04975003,-2.15678048,-1.02052784,-0.77862161,0.84327751,0.00000000,0.00000000,-2.92857337,-0.68426782,1.48429859,-1.08450699,-0.19345273,0.00000000,0.00000000
-0.06896783,-2.16425943,-1.01092470,-0.75229967,0.83219647,0.00000000,0.00000000,-2.92820883,-0.69362283,1.47180057,-1.08125615,-0.19282632,0.00000000,0.00000000
-0.08620586,-2.16873074,-0.99752843,-0.73111051,0.82537907,0.00000000,0.00000000,-2.92376518,-0.70401901,1.45644641,-1.07727671,-0.19123477,0.00000000,0.00000000
-0.10126783,-2.16992545,-0.98110354,-0.71438342,0.81386042,0.00000000,0.00000000,-2.91695166,-0.71512210,1.43799543,-1.07308865,-0.19679777,0.00000000,0.00000000
-0.11454161,-2.17000008,-0.96314496,-0.70115954,0.78615028,0.00000000,0.00000000,-2.91004658,-0.72585189,1.41665292,-1.06885302,-0.20327801,0.00000000,0.00000000
-0.12662353,-2.17000008,-0.94527960,-0.69037396,0.75281739,0.00000000,0.00000000,-2.90633035,-0.73556381,1.39222288,-1.06480753,-0.21402271,0.00000000,0.00000000
-0.13779539,-2.17000008,-0.92860913,-0.68109661,0.73500788,0.00000000,0.00000000,-2.90630269,-0.74447328,1.36434233,-1.06324780,-0.23262608,0.00000000,0.00000000
-0.14797048,-2.17000008,-0.91405809,-0.67221469,0.72685546,0.00000000,0.00000000,-2.90614676,-0.75174463,1.33426094,-1.06758511,-0.24442275,0.00000000,0.00000000
-0.15714377,-2.17000008,-0.90192962,-0.66348410,0.73587638,0.00000000,0.00000000,-2.90520287,-0.75585121,1.30356705,-1.07811284,-0.25486767,0.00000000,0.00000000
-0.16564183,-2.17000008,-0.89206791,-0.65533853,0.75939488,0.00000000,0.00000000,-2.90419912,-0.75826234,1.27149296,-1.09450269,-0.26407915,0.00000000,0.00000000
-0.17351215,-2.17000008,-0.88390470,-0.64826989,0.78350914,0.00000000,0.00000000,-2.90813279,-0.76028317,1.23633397,-1.11362112,-0.28361550,0.00000000,0.00000000
-0.18099821,-2.17000008,-0.87754858,-0.64192098,0.80875605,0.00000000,0.00000000,-2.91847157,-0.76061428,1.19925451,-1.13275969,-0.30484587,0.00000000,0.00000000
-0.18780942,-2.17000008,-0.87273276,-0.63593894,0.83226186,0.00000000,0.00000000,-2.93358421,-0.75840104,1.16217244,-1.15111482,-0.32810673,0.00000000,0.00000000
-0.19366652,-2.17000008,-0.86907429,-0.63015133,0.84715170,0.00000000,0.00000000,-2.95134759,-0.75425220,1.12630844,-1.16821718,-0.35696775,0.00000000,0.00000000
-0.19849062,-2.17000008,-0.86626321,-0.62445986,0.86199784,0.00000000,0.00000000,-2.96979928,-0.74864161,1.09310412,-1.18304610,-0.38353428,0.00000000,0.00000000
-0.20229444,-2.17000008,-0.86400676,-0.61882085,0.87922335,0.00000000,0.00000000,-2.98652029,-0.74219161,1.06408763,-1.19482732,-0.40381891,0.00000000,0.00000000
-0.20526692,-2.17000008,-0.86214411,-0.61322558,0.87814480,0.00000000,0.00000000,-2.99930382,-0.73573995,1.04038012,-1.20342267,-0.42130271,0.00000000,0.00000000
-0.20775312,-2.17000008,-0.86068755,-0.60765177,0.87990463,0.00000000,0.00000000,-3.00692582,-0.72982365,1.02265680,-1.20884502,-0.43868962,0.00000000,0.00000000
-0.21000499,-2.17000008,-0.85967726,-0.60201675,0.88063067,0.00000000,0.00000000,-3.00956750,-0.72467917,1.01155925,-1.21144569,-0.44732910,0.00000000,0.00000000
-0.21200915,-2.17000008,-0.85902929,-0.59618878,0.88407594,0.00000000,0.00000000,-3.00988960,-0.72041047,1.00769603,-1.21182621,-0.46218032,0.00000000,0.00000000
-0.21363579,-2.17000008,-0.85852581,-0.59010458,0.89409328,0.00000000,0.00000000,-3.00842690,-0.71700895,1.01111436,-1.21001458,-0.47672620,0.00000000,0.00000000
-0.21478303,-2.17000008,-0.85788041,-0.58382559,0.91739863,0.00000000,0.00000000,-3.00231504,-0.71435773,1.02116334,-1.20531893,-0.49177346,0.00000000,0.00000000
-0.21544445,-2.17000008,-0.85683882,-0.57749307,0.95961249,0.00000000,0.00000000,-2.99025750,-0.71218210,1.03689098,-1.19690108,-0.49758473,0.00000000,0.00000000
-0.21579528,-2.17000008,-0.85524607,-0.57131320,0.99930251,0.00000000,0.00000000,-2.97278929,-0.70997655,1.05731773,-1.18411231,-0.50276929,0.00000000,0.00000000
-0.21611737,-2.17000008,-0.85296321,-0.56560600,1.03424954,0.00000000,0.00000000,-2.95081043,-0.70709997,1.08133304,-1.16651428,-0.50214869,0.00000000,0.00000000
-0.21662189,-2.17000008,-0.84977925,-0.56085020,1.06580925,0.00000000,0.00000000,-2.92530847,-0.70288539,1.10754681,-1.14398837,-0.49769297,0.00000000,0.00000000
-0.21732377,-2.17000008,-0.84554100,-0.55744660,1.08572793,0.00000000,0.00000000,-2.89839697,-0.69683564,1.13391089,-1.11694574,-0.50097406,0.00000000,0.00000000
-0.21816668,-2.17000008,-0.84043467,-0.55541563,1.09779143,0.00000000,0.00000000,-2.87359166,-0.68941182,1.15739632,-1.08723164,-0.49556896,0.00000000,0.00000000
-0.21917434,-2.17000008,-0.83500820,-0.55444592,1.10435164,0.00000000,0.00000000,-2.85359836,-0.68219376,1.17493188,-1.05869377,-0.49512464,0.00000000,0.00000000
-0.22025521,-2.17000008,-0.82987159,-0.55404294,1.10430276,0.00000000,0.00000000,-2.83922386,-0.67654288,1.18474185,-1.03571010,-0.48515832,0.00000000,0.00000000
-0.22131003,-2.17000008,-0.82555050,-0.55368316,1.10995686,0.00000000,0.00000000,-2.83033919,-0.67297703,1.18632686,-1.02130795,-0.46147281,0.00000000,0.00000000
-0.22232571,-2.17000008,-0.82246250,-0.55285567,1.11051440,0.00000000,0.00000000,-2.82667780,-0.67153120,1.17981791,-1.01692653,-0.44117761,0.00000000,0.00000000
-0.22322510,-2.17000008,-0.82084626,-0.55107117,1.10392928,0.00000000,0.00000000,-2.82777190,-0.67189306,1.16576970,-1.02283955,-0.43172514,0.00000000,0.00000000
-0.22392459,-2.17000008,-0.82067090,-0.54809904,1.11086118,0.00000000,0.00000000,-2.83313012,-0.67368406,1.14482224,-1.03827822,-0.42799622,0.00000000,0.00000000
-0.22449708,-2.17000008,-0.82155770,-0.54423606,1.11553133,0.00000000,0.00000000,-2.84271979,-0.67666906,1.11736131,-1.06103456,-0.41704139,0.00000000,0.00000000
-0.22498681,-2.17000008,-0.82275009,-0.54018092,1.12044108,0.00000000,0.00000000,-2.85659695,-0.68014807,1.08407402,-1.08711159,-0.40214023,0.00000000,0.00000000
-0.22532891,-2.17000008,-0.82324779,-0.53682017,1.11838150,0.00000000,0.00000000,-2.87332702,-0.68305469,1.04660249,-1.11211216,-0.36493644,0.00000000,0.00000000
-0.22576784,-2.17000008,-0.82233572,-0.53492886,1.12607229,0.00000000,0.00000000,-2.88965106,-0.68500078,1.00725603,-1.13300991,-0.32470560,0.00000000,0.00000000
-0.22662443,-2.17000008,-0.81997418,-0.53455871,1.13093770,0.00000000,0.00000000,-2.90277243,-0.68638402,0.96822584,-1.14863920,-0.27715823,0.00000000,0.00000000
-0.22782718,-2.17000008,-0.81646723,-0.53517944,1.13216364,0.00000000,0.00000000,-2.91120672,-0.68754637,0.93162423,-1.15851784,-0.24497811,0.00000000,0.00000000
-0.22894591,-2.17000008,-0.81213081,-0.53603965,1.12262809,0.00000000,0.00000000,-2.91350222,-0.68896371,0.89959174,-1.16269839,-0.21569578,0.00000000,0.00000000
-0.22945604,-2.17000008,-0.80717099,-0.53650314,1.11106968,0.00000000,0.00000000,-2.90849781,-0.69140404,0.87381494,-1.16146529,-0.19845918,0.00000000,0.00000000
-0.22920799,-2.17000008,-0.80173469,-0.53645384,1.08336103,0.00000000,0.00000000,-2.89593029,-0.69557160,0.85526711,-1.15488434,-0.18909398,0.00000000,0.00000000
-0.22865461,-2.17000008,-0.79599190,-0.53637046,1.05297458,0.00000000,0.00000000,-2.87634921,-0.70182264,0.84434515,-1.14273798,-0.18369661,0.00000000,0.00000000
-0.22843558,-2.17000008,-0.79010624,-0.53688610,1.02934659,0.00000000,0.00000000,-2.85073376,-0.71007907,0.84109366,-1.12467360,-0.17756331,0.00000000,0.00000000
-0.22871706,-2.17000008,-0.78414178,-0.53826916,1.00965071,0.00000000,0.00000000,-2.82011747,-0.71975243,0.84540814,-1.10031819,-0.16235721,0.00000000,0.00000000
-0.22911204,-2.17000008,-0.77804393,-0.54038942,0.99464440,0.00000000,0.00000000,-2.78541017,-0.72964758,0.85711759,-1.06926370,-0.15370733,0.00000000,0.00000000
-0.22909370,-2.17000008,-0.77167839,-0.54306334,0.98105109,0.00000000,0.00000000,-2.74764705,-0.73772973,0.87591749,-1.03079164,-0.14750867,0.00000000,0.00000000
-0.22838427,-2.17000008,-0.76489604,-0.54633176,0.97552079,0.00000000,0.00000000,-2.70870996,-0.74120802,0.90098524,-0.98360974,-0.14187954,0.00000000,0.00000000
-0.22712736,-2.17000008,-0.75775552,-0.55021232,0.97058523,0.00000000,0.00000000,-2.67054653,-0.73917931,0.92998677,-0.92821795,-0.12833758,0.00000000,0.00000000
-0.22572510,-2.17000008,-0.75072932,-0.55413806,0.96162552,0.00000000,0.00000000,-2.63385129,-0.73356956,0.95935929,-0.86904961,-0.11108671,0.00000000,0.00000000
-0.22492419,-2.17000008,-0.74451548,-0.55737746,0.96467239,0.00000000,0.00000000,-2.59870243,-0.72514641,0.98639762,-0.81027734,-0.09349506,0.00000000,0.00000000
-0.22529165,-2.17000008,-0.73936880,-0.55989242,0.96168429,0.00000000,0.00000000,-2.56515241,-0.71650189,1.00828362,-0.75568700,-0.08210218,0.00000000,0.00000000
-0.22592770,-2.17000008,-0.73465234,-0.56209588,0.96009982,0.00000000,0.00000000,-2.54079032,-0.70609355,1.02298200,-0.70298493,-0.08231253,0.00000000,0.00000000
-0.22673030,-2.17000008,-0.73002815,-0.56451750,0.95291632,0.00000000,0.00000000,-2.52213693,-0.69541150,1.03083003,-0.65513569,-0.07518095,0.00000000,0.00000000
-0.22755623,-2.17000008,-0.72531152,-0.56734163,0.95634538,0.00000000,0.00000000,-2.50552177,-0.68757778,1.03181660,-0.61567527,-0.08077865,0.00000000,0.00000000
-0.22798088,-2.17000008,-0.72042626,-0.57029849,0.94696850,0.00000000,0.00000000,-2.48956227,-0.68441045,1.02597606,-0.58662271,-0.07393605,0.00000000,0.00000000
-0.22778006,-2.17000008,-0.71548373,-0.57295686,0.94970256,0.00000000,0.00000000,-2.47367549,-0.68676335,1.01353979,-0.56898481,-0.05753850,0.00000000,0.00000000
-0.22708556,-2.17000008,-0.71070522,-0.57503182,0.96370548,0.00000000,0.00000000,-2.45846462,-0.69497985,0.99460185,-0.56260359,-0.04050428,0.00000000,0.00000000
-0.22636448,-2.17000008,-0.70634454,-0.57649994,0.99071920,0.00000000,0.00000000,-2.44542956,-0.70891416,0.96914250,-0.56630051,-0.02575857,0.00000000,0.00000000
-0.22612053,-2.17000008,-0.70261812,-0.57741731,1.01481652,0.00000000,0.00000000,-2.43635273,-0.72738308,0.93731028,-0.57803881,-0.00307991,0.00000000,0.00000000
-0.22636311,-2.17000008,-0.69960129,-0.57758790,1.03784168,0.00000000,0.00000000,-2.43429470,-0.74783790,0.89924979,-0.59468991,0.02547790,0.00000000,0.00000000
-0.22688682,-2.17000008,-0.69734496,-0.57657725,1.05833697,0.00000000,0.00000000,-2.44139099,-0.76982331,0.85463762,-0.61437291,0.04975239,0.00000000,0.00000000
-0.22799844,-2.17000008,-0.69603235,-0.57408738,1.08189261,0.00000000,0.00000000,-2.45086002,-0.79578859,0.80467969,-0.63919824,0.07121035,0.00000000,0.00000000
-0.22971724,-2.17000008,-0.69536841,-0.57053971,1.10377789,0.00000000,0.00000000,-2.46210837,-0.82237560,0.75131136,-0.66530406,0.09417565,0.00000000,0.00000000
-0.23220178,-2.17000008,-0.69477201,-0.56708974,1.12178874,0.00000000,0.00000000,-2.47487569,-0.84831011,0.69617110,-0.68893200,0.11284769,0.00000000,0.00000000
-0.23548266,-2.17000008,-0.69363141,-0.56484973,1.15070593,0.00000000,0.00000000,-2.48736930,-0.87150466,0.64177889,-0.70574325,0.12257853,0.00000000,0.00000000
-0.23892921,-2.17000008,-0.69139975,-0.56420887,1.17821670,0.00000000,0.00000000,-2.49756360,-0.88895744,0.59101593,-0.71208221,0.13437587,0.00000000,0.00000000
-0.24183245,-2.17000008,-0.68773198,-0.56510693,1.19033086,0.00000000,0.00000000,-2.50259376,-0.90158367,0.54573864,-0.70807499,0.14267509,0.00000000,0.00000000
-0.24393784,-2.17000008,-0.68253374,-0.56744581,1.20661962,0.00000000,0.00000000,-2.50006938,-0.91142219,0.50699687,-0.69494927,0.14919724,0.00000000,0.00000000
-0.24537526,-2.17000008,-0.67582059,-0.57134700,1.22238767,0.00000000,0.00000000,-2.48838282,-0.91957772,0.47537717,-0.67349267,0.15996538,0.00000000,0.00000000
-0.24635719,-2.17000008,-0.66760647,-0.57710856,1.23804188,0.00000000,0.00000000,-2.46643877,-0.92627400,0.45096055,-0.64406002,0.17376451,0.00000000,0.00000000
-0.24699008,-2.17000008,-0.65793365,-0.58497757,1.24976277,0.00000000,0.00000000,-2.43465972,-0.93029505,0.43295830,-0.60629714,0.18865804,0.00000000,0.00000000
-0.24719582,-2.17000008,-0.64706302,-0.59464985,1.26714170,0.00000000,0.00000000,-2.39618373,-0.92933857,0.41933930,-0.56007373,0.19842619,0.00000000,0.00000000
-0.24656160,-2.17000008,-0.63546747,-0.60510916,1.27857316,0.00000000,0.00000000,-2.35395002,-0.92353350,0.40772492,-0.50827813,0.20653906,0.00000000,0.00000000
-0.24593680,-2.17000008,-0.62433815,-0.61503339,1.28073549,0.00000000,0.00000000,-2.31151342,-0.91370511,0.39569145,-0.45387560,0.22243661,0.00000000,0.00000000
-0.24609818,-2.17000008,-0.61468190,-0.62343967,1.28466928,0.00000000,0.00000000,-2.27274823,-0.90199685,0.38112521,-0.39961460,0.23520729,0.00000000,0.00000000
-0.24707225,-2.17000008,-0.60682386,-0.63006639,1.28855205,0.00000000,0.00000000,-2.23901772,-0.89029890,0.36332297,-0.34737685,0.24429187,0.00000000,0.00000000
-0.24854127,-2.17000008,-0.60070926,-0.63506734,1.29567266,0.00000000,0.00000000,-2.21136856,-0.87784570,0.34239790,-0.29691276,0.25290385,0.00000000,0.00000000
-0.25009969,-2.17000008,-0.59617031,-0.63869035,1.30114710,0.00000000,0.00000000,-2.19076109,-0.86409426,0.31869760,-0.24803409,0.26193893,0.00000000,0.00000000
-0.25137106,-2.17000008,-0.59306926,-0.64108020,1.30893803,0.00000000,0.00000000,-2.17749453,-0.84939992,0.29274616,-0.20120974,0.26614392,0.00000000,0.00000000
-0.25216234,-2.17000008,-0.59135693,-0.64234453,1.32096171,0.00000000,0.00000000,-2.17126250,-0.83438301,0.26517731,-0.15712665,0.25490785,0.00000000,0.00000000
-0.25243923,-2.17000008,-0.59105408,-0.64257747,1.32664537,0.00000000,0.00000000,-2.17118287,-0.81967586,0.23664834,-0.11647363,0.24649476,0.00000000,0.00000000
-0.25220522,-2.17000008,-0.59220093,-0.64183187,1.32984567,0.00000000,0.00000000,-2.17595029,-0.80580044,0.20776337,-0.07978987,0.24539407,0.00000000,0.00000000
-0.25144699,-2.17000008,-0.59482956,-0.64011657,1.33666086,0.00000000,0.00000000,-2.18423223,-0.79310018,0.17901880,-0.04732902,0.23029800,0.00000000,0.00000000
-0.25018087,-2.17000008,-0.59896928,-0.63743466,1.34973359,0.00000000,0.00000000,-2.19509792,-0.78174174,0.15079513,-0.01900876,0.21988021,0.00000000,0.00000000
-0.24850373,-2.17000008,-0.60464853,-0.63383555,1.35170960,0.00000000,0.00000000,-2.20816183,-0.77178121,0.12339159,0.00550310,0.20532510,0.00000000,0.00000000
-0.24655196,-2.17000008,-0.61186910,-0.62943268,1.35182965,0.00000000,0.00000000,-2.22337222,-0.76324105,0.09706732,0.02662702,0.18655275,0.00000000,0.00000000
-0.24439570,-2.17000008,-0.62057573,-0.62437671,1.35745370,0.00000000,0.00000000,-2.24068308,-0.75614738,0.07206044,0.04474840,0.15188609,0.00000000,0.00000000
-0.24198897,-2.17000008,-0.63065338,-0.61881977,1.36121500,0.00000000,0.00000000,-2.25987196,-0.75052863,0.04858674,0.06017684,0.13297941,0.00000000,0.00000000
-0.23922478,-2.17000008,-0.64196372,-0.61289114,1.36428571,0.00000000,0.00000000,-2.28050780,-0.74639875,0.02683320,0.07315575,0.11292642,0.00000000,0.00000000
-0.23604357,-2.17000008,-0.65439689,-0.60668212,1.36325026,0.00000000,0.00000000,-2.30198431,-0.74376404,0.00695416,0.08386420,0.08440636,0.00000000,0.00000000
-0.23250079,-2.17000008,-0.66790301,-0.60025209,1.36407268,0.00000000,0.00000000,-2.32355833,-0.74268091,-0.01093160,0.09238374,0.04928131,0.00000000,0.00000000
-0.22874250,-2.17000008,-0.68247640,-0.59365946,1.36137211,0.00000000,0.00000000,-2.34433007,-0.74332619,-0.02674522,0.09866157,0.01700535,0.00000000,0.00000000
-0.22489464,-2.17000008,-0.69811702,-0.58696097,1.36701405,0.00000000,0.00000000,-2.36316681,-0.74595612,-0.04045311,0.10255256,-0.01518543,0.00000000,0.00000000
-0.22097932,-2.17000008,-0.71482491,-0.58015662,1.37506235,0.00000000,0.00000000,-2.37865329,-0.75068992,-0.05206699,0.10398103,-0.05363428,0.00000000,0.00000000
-0.21694492,-2.17000008,-0.73261523,-0.57316899,1.38536298,0.00000000,0.00000000,-2.38929796,-0.75739908,-0.06162296,0.10303088,-0.09316811,0.00000000,0.00000000
-0.21272963,-2.17000008,-0.75151122,-0.56587881,1.39228642,0.00000000,0.00000000,-2.39400792,-0.76586437,-0.06914265,0.09982860,-0.12395725,0.00000000,0.00000000
-0.20839831,-2.17000008,-0.77146262,-0.55836827,1.39584851,0.00000000,0.00000000,-2.39266348,-0.77612299,-0.07459534,0.09426763,-0.14997332,0.00000000,0.00000000
-0.20409620,-2.17000008,-0.79219741,-0.55107599,1.40787768,0.00000000,0.00000000,-2.38611221,-0.78872401,-0.07790357,0.08578890,-0.17396225,0.00000000,0.00000000
-0.19944356,-2.17000008,-0.81283581,-0.54464382,1.41603673,0.00000000,0.00000000,-2.37683487,-0.80436999,-0.07893463,0.07350284,-0.20102769,0.00000000,0.00000000
-0.19390853,-2.17000008,-0.83188361,-0.53990978,1.42272866,0.00000000,0.00000000,-2.36993527,-0.82091635,-0.07748144,0.05809634,-0.22489209,0.00000000,0.00000000
-0.18803720,-2.17000008,-0.84866786,-0.53688759,1.41847479,0.00000000,0.00000000,-2.36728430,-0.83378029,-0.07353430,0.04231979,-0.24714704,0.00000000,0.00000000
-0.18276037,-2.17000008,-0.86325890,-0.53521806,1.42387688,0.00000000,0.00000000,-2.36827803,-0.84379792,-0.06724375,0.02621032,-0.25954762,0.00000000,0.00000000
-0.17848732,-2.17000008,-0.87571436,-0.53462452,1.42941570,0.00000000,0.00000000,-2.37194467,-0.85209990,-0.05879045,0.00977055,-0.27338409,0.00000000,0.00000000
-0.17528549,-2.17000008,-0.88596207,-0.53487575,1.42607689,0.00000000,0.00000000,-2.37702823,-0.85846663,-0.04835218,-0.00619590,-0.28662002,0.00000000,0.00000000
-0.17313810,-2.17000008,-0.89389879,-0.53567564,1.41227806,0.00000000,0.00000000,-2.38206148,-0.86246914,-0.03608568,-0.02082763,-0.30416599,0.00000000,0.00000000
-0.17200412,-2.17000008,-0.89943463,-0.53664637,1.40407395,0.00000000,0.00000000,-2.38566041,-0.86372745,-0.02211232,-0.03341681,-0.31541300,0.00000000,0.00000000
-0.17175761,-2.17000008,-0.90246791,-0.53742141,1.39791143,0.00000000,0.00000000,-2.38683701,-0.86197710,-0.00651837,-0.04348420,-0.31865957,0.00000000,0.00000000
-0.17223789,-2.17000008,-0.90287548,-0.53780317,1.39884758,0.00000000,0.00000000,-2.38519216,-0.85712391,0.01063513,-0.05080997,-0.32016364,0.00000000,0.00000000
-0.17341685,-2.17000008,-0.90056139,-0.53784764,1.39782584,0.00000000,0.00000000,-2.38094282,-0.84928179,0.02930232,-0.05542427,-0.31558219,0.00000000,0.00000000
-0.17540666,-2.17000008,-0.89548212,-0.53781247,1.39911449,0.00000000,0.00000000,-2.37482047,-0.83874929,0.04944823,-0.05755492,-0.31145427,0.00000000,0.00000000
-0.17834155,-2.17000008,-0.88762599,-0.53808713,1.38683879,0.00000000,0.00000000,-2.36789894,-0.82591653,0.07105048,-0.05753956,-0.30287185,0.00000000,0.00000000
-0.18228458,-2.17000008,-0.87698662,-0.53917271,1.37256908,0.00000000,0.00000000,-2.36141491,-0.81115162,0.09410411,-0.05573410,-0.29032010,0.00000000,0.00000000
-0.18715729,-2.17000008,-0.86353850,-0.54168600,1.35916948,0.00000000,0.00000000,-2.35664034,-0.79436266,0.11862734,-0.05224495,-0.28336206,0.00000000,0.00000000
-0.19246276,-2.17000008,-0.84722549,-0.54633385,1.34472966,0.00000000,0.00000000,-2.35551357,-0.77372515,0.14464994,-0.04610787,-0.27912873,0.00000000,0.00000000
-0.19729038,-2.17000008,-0.82856017,-0.55325532,1.32198226,0.00000000,0.00000000,-2.35948157,-0.75047952,0.17221889,-0.03834645,-0.27306679,0.00000000,0.00000000
-0.20148619,-2.17000008,-0.80947900,-0.56121784,1.30052614,0.00000000,0.00000000,-2.36533070,-0.73312527,0.20147651,-0.03499716,-0.26136118,0.00000000,0.00000000
-0.20542420,-2.17000008,-0.79171270,-0.56900918,1.28426754,0.00000000,0.00000000,-2.37054348,-0.71815246,0.23257749,-0.03481895,-0.24325372,0.00000000,0.00000000
-0.20922367,-2.17000008,-0.77606261,-0.57593375,1.28013194,0.00000000,0.00000000,-2.37338877,-0.70407313,0.26560816,-0.03752133,-0.22786957,0.00000000,0.00000000
-0.21274874,-2.17000008,-0.76278615,-0.58168525,1.27463794,0.00000000,0.00000000,-2.37303829,-0.69179374,0.30058759,-0.04412672,-0.21880800,0.00000000,0.00000000
-0.21578783,-2.17000008,-0.75195462,-0.58612001,1.27530777,0.00000000,0.00000000,-2.36940527,-0.68151462,0.33749226,-0.05519407,-0.20390846,0.00000000,0.00000000
-0.21812618,-2.17000008,-0.74358159,-0.58913034,1.27929795,0.00000000,0.00000000,-2.36287880,-0.67337376,0.37625226,-0.07115865,-0.18340710,0.00000000,0.00000000
-0.21962285,-2.17000008,-0.73765522,-0.59065223,1.28820598,0.00000000,0.00000000,-2.35435390,-0.66762656,0.41672689,-0.09232683,-0.16741760,0.00000000,0.00000000
-0.22026438,-2.17000008,-0.73414403,-0.59070092,1.30042684,0.00000000,0.00000000,-2.34513164,-0.66460294,0.45867604,-0.11877329,-0.15002394,0.00000000,0.00000000
-0.22016388,-2.17000008,-0.73300749,-0.58935541,1.31548750,0.00000000,0.00000000,-2.33666825,-0.66460717,0.50174320,-0.15028468,-0.13931869,0.00000000,0.00000000
-0.21949700,-2.17000008,-0.73423195,-0.58662879,1.31883967,0.00000000,0.00000000,-2.33032370,-0.66776371,0.54546392,-0.18633293,-0.13215084,0.00000000,0.00000000
-0.21842057,-2.17000008,-0.73782158,-0.58241755,1.32208622,0.00000000,0.00000000,-2.32721090,-0.67396694,0.58929282,-0.22612238,-0.12709732,0.00000000,0.00000000
-0.21701576,-2.17000008,-0.74374473,-0.57655323,1.33214331,0.00000000,0.00000000,-2.32829666,-0.68279153,0.63264078,-0.26856732,-0.11089072,0.00000000,0.00000000
-0.21536271,-2.17000008,-0.75187582,-0.56896394,1.35471404,0.00000000,0.00000000,-2.33471966,-0.69301754,0.67495978,-0.31200123,-0.09698889,0.00000000,0.00000000
-0.21373025,-2.17000008,-0.76188385,-0.56004947,1.37529099,0.00000000,0.00000000,-2.34682512,-0.70369744,0.71583402,-0.35477877,-0.08967224,0.00000000,0.00000000
-0.21249984,-2.17000008,-0.77284163,-0.55136633,1.38921583,0.00000000,0.00000000,-2.36318684,-0.71515572,0.75498801,-0.39527500,-0.08645808,0.00000000,0.00000000
-0.21158333,-2.17000008,-0.78309870,-0.54528248,1.40688109,0.00000000,0.00000000,-2.38370967,-0.72316760,0.79271036,-0.42820597,-0.06704487,0.00000000,0.00000000
-0.21026272,-2.17000008,-0.79139638,-0.54262435,1.43482351,0.00000000,0.00000000,-2.40661287,-0.72230601,0.83010429,-0.44928923,-0.04468546,0.00000000,0.00000000
-0.20849329,-2.17000008,-0.79732889,-0.54334152,1.45483589,0.00000000,0.00000000,-2.43070292,-0.71178108,0.86752391,-0.45795241,-0.02282307,0.00000000,0.00000000
-0.20648779,-2.17000008,-0.80103850,-0.54718798,1.46090126,0.00000000,0.00000000,-2.45587492,-0.69489092,0.90426052,-0.45662782,-0.01161589,0.00000000,0.00000000
-0.20409864,-2.17000008,-0.80316919,-0.55335665,1.47182238,0.00000000,0.00000000,-2.48141217,-0.67628008,0.93932402,-0.45011908,-0.01194147,0.00000000,0.00000000
-0.20134668,-2.17000008,-0.80501920,-0.56036109,1.48489642,0.00000000,0.00000000,-2.50642681,-0.65884411,0.97211879,-0.44336864,-0.01102196,0.00000000,0.00000000
-0.19834602,-2.17000008,-0.80778331,-0.56695211,1.49486554,0.00000000,0.00000000,-2.53226399,-0.64414519,1.00202978,-0.43946284,-0.01248781,0.00000000,0.00000000
-0.19495028,-2.17000008,-0.81212121,-0.57245159,1.50080657,0.00000000,0.00000000,-2.56035542,-0.63183796,1.02891946,-0.43948960,-0.01568536,0.00000000,0.00000000
-0.19105527,-2.17000008,-0.81839108,-0.57662255,1.51819038,0.00000000,0.00000000,-2.59001231,-0.62177193,1.05291307,-0.44453222,-0.01820095,0.00000000,0.00000000
-0.18669708,-2.17000008,-0.82684100,-0.57944560,1.52807724,0.00000000,0.00000000,-2.62052584,-0.61388445,1.07405150,-0.45532179,-0.02985448,0.00000000,0.00000000
-0.18199763,-2.17000008,-0.83765531,-0.58100808,1.53611803,0.00000000,0.00000000,-2.65188193,-0.60787469,1.09225547,-0.47205123,-0.04190207,0.00000000,0.00000000
-0.17710893,-2.17000008,-0.85093468,-0.58149445,1.54045355,0.00000000,0.00000000,-2.68419790,-0.60352045,1.10733628,-0.49482009,-0.04750837,0.00000000,0.00000000
-0.17214639,-2.17000008,-0.86665249,-0.58119440,1.54733109,0.00000000,0.00000000,-2.71740770,-0.60077965,1.11901939,-0.52382910,-0.05892750,0.00000000,0.00000000
-0.16712624,-2.17000008,-0.88462710,-0.58044839,1.53987777,0.00000000,0.00000000,-2.75150585,-0.59948760,1.12700689,-0.55901593,-0.07937454,0.00000000,0.00000000
-0.16189228,-2.17000008,-0.90454644,-0.57943743,1.53046751,0.00000000,0.00000000,-2.78667712,-0.59884953,1.13113296,-0.59954220,-0.09865068,0.00000000,0.00000000
-0.15610772,-2.17000008,-0.92590255,-0.57814813,1.52169716,0.00000000,0.00000000,-2.82262182,-0.59772754,1.13141227,-0.64406013,-0.11692181,0.00000000,0.00000000
-0.14950137,-2.17000008,-0.94799668,-0.57654607,1.52017152,0.00000000,0.00000000,-2.85827947,-0.59528416,1.12789822,-0.69119400,-0.12555271,0.00000000,0.00000000
-0.14217225,-2.17000008,-0.97002864,-0.57481742,1.51649117,0.00000000,0.00000000,-2.89258838,-0.59118003,1.12047529,-0.73934978,-0.13928346,0.00000000,0.00000000
-0.13472211,-2.17000008,-0.99117976,-0.57350516,1.51329565,0.00000000,0.00000000,-2.92505240,-0.58550113,1.10873044,-0.78637761,-0.15441678,0.00000000,0.00000000
-0.12802640,-2.17000008,-1.01071894,-0.57320356,1.51688313,0.00000000,0.00000000,-2.95488834,-0.57866704,1.09213853,-0.83010638,-0.17594332,0.00000000,0.00000000
-0.12282772,-2.17000008,-1.02824736,-0.57391173,1.53184283,0.00000000,0.00000000,-2.97986817,-0.57139385,1.07040727,-0.86962199,-0.18444346,0.00000000,0.00000000
-0.11942203,-2.17000008,-1.04365885,-0.57497710,1.54167140,0.00000000,0.00000000,-2.99780464,-0.56410342,1.04351127,-0.90500021,-0.18687555,0.00000000,0.00000000
-0.11768004,-2.17000008,-1.05685544,-0.57559425,1.54827952,0.00000000,0.00000000,-3.00742126,-0.55685782,1.01173627,-0.93675297,-0.19077018,0.00000000,0.00000000
-0.11727829,-2.17000008,-1.06760621,-0.57516223,1.55510569,0.00000000,0.00000000,-3.00985050,-0.54971898,0.97599870,-0.96618313,-0.20328830,0.00000000,0.00000000
-0.11789835,-2.17000008,-1.07561731,-0.57331485,1.56021833,0.00000000,0.00000000,-3.00999999,-0.54277599,0.93769401,-0.99484551,-0.22369185,0.00000000,0.00000000
-0.11937530,-2.17000008,-1.08066773,-0.56987917,1.56120086,0.00000000,0.00000000,-3.00999999,-0.53614163,0.89810652,-1.02363348,-0.23931970,0.00000000,0.00000000
-0.12166912,-2.17000008,-1.08263540,-0.56484950,1.55720603,0.00000000,0.00000000,-3.00999999,-0.52996957,0.85820204,-1.05270076,-0.25355417,0.00000000,0.00000000
-0.12478880,-2.17000008,-1.08146989,-0.55840200,1.55637097,0.00000000,0.00000000,-3.00999999,-0.52442074,0.81874639,-1.08177304,-0.27030829,0.00000000,0.00000000
-0.12882008,-2.17000008,-1.07720256,-0.55096740,1.56746805,0.00000000,0.00000000,-3.00999999,-0.51958036,0.78046614,-1.11033177,-0.28411642,0.00000000,0.00000000
-0.13395622,-2.17000008,-1.06996596,-0.54324162,1.57812452,0.00000000,0.00000000,-3.00999999,-0.51541507,0.74418163,-1.13771915,-0.29247767,0.00000000,0.00000000
-0.14035806,-2.17000008,-1.05995941,-0.53597862,1.59209096,0.00000000,0.00000000,-3.00999999,-0.51192898,0.71082896,-1.16332102,-0.30615097,0.00000000,0.00000000
-0.14786388,-2.17000008,-1.04738057,-0.52968645,1.60017455,0.00000000,0.00000000,-3.00999999,-0.50939238,0.68126160,-1.18667018,-0.31798518,0.00000000,0.00000000
-0.15582699,-2.17000008,-1.03237915,-0.52455688,1.61175442,0.00000000,0.00000000,-3.00985289,-0.50833923,0.65589309,-1.20726442,-0.32470182,0.00000000,0.00000000
-0.16328137,-2.17000008,-1.01509929,-0.52065992,1.62592483,0.00000000,0.00000000,-3.00740910,-0.50946701,0.63438565,-1.22434974,-0.33142531,0.00000000,0.00000000
-0.16959406,-2.17000008,-0.99582911,-0.51834106,1.63839209,0.00000000,0.00000000,-2.99712491,-0.51343703,0.61580718,-1.23689842,-0.34598336,0.00000000,0.00000000
-0.17522933,-2.17000008,-0.97513968,-0.51838201,1.64659083,0.00000000,0.00000000,-2.97657681,-0.52071589,0.59936500,-1.24390161,-0.35525399,0.00000000,0.00000000
-0.18090147,-2.17000008,-0.95375896,-0.52107882,1.64867020,0.00000000,0.00000000,-2.94746375,-0.53159511,0.58490658,-1.24462593,-0.35950229,0.00000000,0.00000000
-0.18644711,-2.17000008,-0.93229073,-0.52576226,1.64421070,0.00000000,0.00000000,-2.91207528,-0.54626173,0.57273668,-1.23858535,-0.36760941,0.00000000,0.00000000
-0.19144972,-2.17000008,-0.91116983,-0.53159255,1.64349401,0.00000000,0.00000000,-2.87240887,-0.56478459,0.56325716,-1.22545016,-0.37168533,0.00000000,0.00000000
-0.19574845,-2.17000008,-0.89068526,-0.53805214,1.64340913,0.00000000,0.00000000,-2.83035636,-0.58713710,0.55677402,-1.20511591,-0.38403496,0.00000000,0.00000000
-0.19935887,-2.17000008,-0.87100857,-0.54487586,1.63630676,0.00000000,0.00000000,-2.78761792,-0.61306292,0.55350858,-1.17776334,-0.39223313,0.00000000,0.00000000
-0.20234539,-2.17000008,-0.85217845,-0.55203098,1.62463462,0.00000000,0.00000000,-2.74559593,-0.64187813,0.55356288,-1.14381826,-0.38811627,0.00000000,0.00000000
-0.20486100,-2.17000008,-0.83408570,-0.55982757,1.60981238,0.00000000,0.00000000,-2.70518160,-0.67246509,0.55688232,-1.10392344,-0.39219740,0.00000000,0.00000000
-0.20708846,-2.17000008,-0.81652141,-0.56883788,1.60903513,0.00000000,0.00000000,-2.66622162,-0.70338553,0.56347746,-1.05909729,-0.39360693,0.00000000,0.00000000
-0.20905374,-2.17000008,-0.79947418,-0.57927054,1.60611928,0.00000000,0.00000000,-2.62921524,-0.73220843,0.57275009,-1.01045537,-0.39219984,0.00000000,0.00000000
-0.21090417,-2.17000008,-0.78359038,-0.59039575,1.59516311,0.00000000,0.00000000,-2.59887171,-0.75630695,0.58145827,-0.96015465,-0.39682516,0.00000000,0.00000000
-0.21287091,-2.17000008,-0.76988333,-0.60093105,1.57964289,0.00000000,0.00000000,-2.57896090,-0.77649403,0.58596355,-0.91450447,-0.40070322,0.00000000,0.00000000
-0.21451344,-2.17000008,-0.75906777,-0.60948765,1.56831825,0.00000000,0.00000000,-2.56820917,-0.79363114,0.58593643,-0.87942731,-0.40904361,0.00000000,0.00000000
-0.21570390,-2.17000008,-0.75168967,-0.61513126,1.56664586,0.00000000,0.00000000,-2.56550717,-0.80752903,0.58167088,-0.85739464,-0.42032981,0.00000000,0.00000000
-0.21661431,-2.17000008,-0.74814630,-0.61732823,1.56343639,0.00000000,0.00000000,-2.57071280,-0.81771821,0.57328254,-0.84886110,-0.43676907,0.00000000,0.00000000
-0.21737771,-2.17000008,-0.74861157,-0.61581355,1.56652582,0.00000000,0.00000000,-2.58377361,-0.82353735,0.56112456,-0.85317659,-0.44851682,0.00000000,0.00000000
-0.21812935,-2.17000008,-0.75302589,-0.61068064,1.56389081,0.00000000,0.00000000,-2.60420370,-0.82367253,0.54619080,-0.86876351,-0.45612329,0.00000000,0.00000000
-0.21893121,-2.17000008,-0.76109362,-0.60235113,1.56394136,0.00000000,0.00000000,-2.63102341,-0.81654453,0.53003806,-0.89330518,-0.46984845,0.00000000,0.00000000
-0.21936338,-2.17000008,-0.77224505,-0.59131795,1.57276440,0.00000000,0.00000000,-2.66393352,-0.80450755,0.51280713,-0.92523932,-0.48687273,0.00000000,0.00000000
-0.21913509,-2.17000008,-0.78554708,-0.57884312,1.58400178,0.00000000,0.00000000,-2.70135975,-0.78947067,0.49549413,-0.96217120,-0.50481635,0.00000000,0.00000000
-0.21829833,-2.17000008,-0.79988086,-0.56678557,1.59772551,0.00000000,0.00000000,-2.73898649,-0.77012849,0.48170334,-0.99966300,-0.51970464,0.00000000,0.00000000
-0.21671417,-2.17000008,-0.81456798,-0.55600590,1.61465657,0.00000000,0.00000000,-2.77405572,-0.74757117,0.47331020,-1.03561532,-0.51975822,0.00000000,0.00000000
-0.21465299,-2.17000008,-0.82960743,-0.54646832,1.63738251,0.00000000,0.00000000,-2.80793428,-0.72305733,0.46928748,-1.06855822,-0.51792526,0.00000000,0.00000000
-0.21232624,-2.17000008,-0.84522045,-0.53769743,1.66480625,0.00000000,0.00000000,-2.84214425,-0.69704807,0.46841043,-1.09722102,-0.51794565,0.00000000,0.00000000
-0.20976500,-2.17000008,-0.86158091,-0.52917385,1.69585049,0.00000000,0.00000000,-2.87665820,-0.67014182,0.47018096,-1.12093198,-0.51652950,0.00000000,0.00000000
-0.20703685,-2.17000008,-0.87877798,-0.52057362,1.71782362,0.00000000,0.00000000,-2.91047525,-0.64324975,0.47445247,-1.13945603,-0.51646388,0.00000000,0.00000000
-0.20432189,-2.17000008,-0.89680469,-0.51183426,1.73513365,0.00000000,0.00000000,-2.94208479,-0.61739069,0.48112655,-1.15287936,-0.50841445,0.00000000,0.00000000
-0.20187761,-2.17000008,-0.91552848,-0.50317001,1.75667953,0.00000000,0.00000000,-2.96968317,-0.59354997,0.49000019,-1.16157448,-0.50129199,0.00000000,0.00000000
-0.19988614,-2.17000008,-0.93466270,-0.49501199,1.77837658,0.00000000,0.00000000,-2.99127698,-0.57251990,0.50078553,-1.16608024,-0.49267417,0.00000000,0.00000000
-0.19831994,-2.17000008,-0.95374751,-0.48794523,1.79440272,0.00000000,0.00000000,-3.00459528,-0.55472225,0.51335096,-1.16695166,-0.47145122,0.00000000,0.00000000
-0.19700994,-2.17000008,-0.97216421,-0.48268977,1.80555022,0.00000000,0.00000000,-3.00924850,-0.54024351,0.52804208,-1.16477489,-0.45156321,0.00000000,0.00000000
-0.19557779,-2.17000008,-0.98925060,-0.47975031,1.81466389,0.00000000,0.00000000,-3.00996518,-0.52881378,0.54571968,-1.16007173,-0.42879933,0.00000000,0.00000000
-0.19335251,-2.17000008,-1.00450861,-0.47885996,1.82095361,0.00000000,0.00000000,-3.00999999,-0.51989871,0.56718534,-1.15307951,-0.41141441,0.00000000,0.00000000
-0.18997537,-2.17000008,-1.01772857,-0.47922269,1.82672071,0.00000000,0.00000000,-3.00999999,-0.51290524,0.59275860,-1.14374411,-0.39630112,0.00000000,0.00000000
-0.18588783,-2.17000008,-1.02885830,-0.48034266,1.81920099,0.00000000,0.00000000,-3.00999999,-0.50734109,0.62230241,-1.13192618,-0.38065565,0.00000000,0.00000000
-0.18178228,-2.17000008,-1.03779471,-0.48210129,1.80701470,0.00000000,0.00000000,-3.00999999,-0.50295633,0.65537268,-1.11763179,-0.36395884,0.00000000,0.00000000
-0.17820728,-2.17000008,-1.04436684,-0.48441702,1.79190612,0.00000000,0.00000000,-3.00999999,-0.49984264,0.69132495,-1.10116994,-0.34813696,0.00000000,0.00000000
-0.17546213,-2.17000008,-1.04838383,-0.48705488,1.76306391,0.00000000,0.00000000,-3.00999999,-0.49823973,0.72947025,-1.08310413,-0.34184304,0.00000000,0.00000000
-0.17353931,-2.17000008,-1.04962409,-0.48965731,1.73169720,0.00000000,0.00000000,-3.00999999,-0.49834910,0.76920837,-1.06419635,-0.33715922,0.00000000,0.00000000
-0.17233604,-2.17000008,-1.04787755,-0.49195248,1.69902861,0.00000000,0.00000000,-3.00999999,-0.50032300,0.81004292,-1.04539299,-0.32722881,0.00000000,0.00000000
-0.17179024,-2.17000008,-1.04300427,-0.49383101,1.67127550,0.00000000,0.00000000,-3.00999999,-0.50421494,0.85157979,-1.02773416,-0.32167476,0.00000000,0.00000000
-0.17184447,-2.17000008,-1.03496766,-0.49526528,1.63692319,0.00000000,0.00000000,-3.00999999,-0.50987458,0.89347696,-1.01211691,-0.31019399,0.00000000,0.00000000
-0.17244588,-2.17000008,-1.02382648,-0.49631000,1.61194420,0.00000000,0.00000000,-3.00985003,-0.51700127,0.93529218,-0.99905312,-0.29432103,0.00000000,0.00000000
-0.17373894,-2.17000008,-1.00976300,-0.49723378,1.59255719,0.00000000,0.00000000,-3.00737596,-0.52534860,0.97623199,-0.98841906,-0.28446177,0.00000000,0.00000000
-0.17619169,-2.17000008,-0.99312192,-0.49862966,1.56971383,0.00000000,0.00000000,-2.99720287,-0.53483456,1.01494992,-0.97930127,-0.26848844,0.00000000,0.00000000
-0.18016683,-2.17000008,-0.97445166,-0.50108999,1.54775155,0.00000000,0.00000000,-2.97821045,-0.54523253,1.04964817,-0.97037518,-0.25726867,0.00000000,0.00000000
-0.18530537,-2.17000008,-0.95453113,-0.50452906,1.52637732,0.00000000,0.00000000,-2.95415092,-0.55606365,1.07898533,-0.96163875,-0.25010729,0.00000000,0.00000000
-0.19070153,-2.17000008,-0.93413436,-0.50832576,1.49648130,0.00000000,0.00000000,-2.92751122,-0.56709558,1.10266519,-0.95463800,-0.23671156,0.00000000,0.00000000
-0.19559379,-2.17000008,-0.91374123,-0.51224124,1.46631420,0.00000000,0.00000000,-2.89982414,-0.57821536,1.12076652,-0.95043522,-0.22530928,0.00000000,0.00000000
-0.19972114,-2.17000008,-0.89367503,-0.51654613,1.43305695,0.00000000,0.00000000,-2.87262774,-0.58922148,1.13347769,-0.94934934,-0.21996176,0.00000000,0.00000000
-0.20333640,-2.17000008,-0.87436986,-0.52151340,1.40764630,0.00000000,0.00000000,-2.84736204,-0.59992790,1.14103782,-0.95155931,-0.21455270,0.00000000,0.00000000
-0.20677820,-2.17000008,-0.85635471,-0.52697390,1.38085747,0.00000000,0.00000000,-2.82533145,-0.61030757,1.14361048,-0.95730543,-0.21035025,0.00000000,0.00000000
-0.21007943,-2.17000008,-0.84008247,-0.53233999,1.36121809,0.00000000,0.00000000,-2.80771255,-0.62049079,1.14123058,-0.96687478,-0.20487635,0.00000000,0.00000000
-0.21311462,-2.17000008,-0.82591105,-0.53688657,1.34078026,0.00000000,0.00000000,-2.79547882,-0.63065541,1.13386154,-0.98063231,-0.19697624,0.00000000,0.00000000
-0.21586551,-2.17000008,-0.81415248,-0.53995341,1.32449174,0.00000000,0.00000000,-2.78928876,-0.64087236,1.12151849,-0.99898255,-0.18495870,0.00000000,0.00000000
-0.21839803,-2.17000008,-0.80503535,-0.54100186,1.30801368,0.00000000,0.00000000,-2.78946972,-0.65103740,1.10434651,-1.02219379,-0.17243849,0.00000000,0.00000000
-0.22076903,-2.17000008,-0.79859453,-0.53973150,1.28813827,0.00000000,0.00000000,-2.79617381,-0.66096604,1.08255064,-1.05011737,-0.16204531,0.00000000,0.00000000
-0.22307169,-2.17000008,-0.79458624,-0.53629106,1.27367353,0.00000000,0.00000000,-2.80958796,-0.67031711,1.05644417,-1.08157814,-0.15314375,0.00000000,0.00000000
-0.22543687,-2.17000008,-0.79244989,-0.53139061,1.26181316,0.00000000,0.00000000,-2.82955623,-0.67828369,1.02689898,-1.11392665,-0.15719360,0.00000000,0.00000000
-0.22783482,-2.17000008,-0.79129583,-0.52621448,1.24436677,0.00000000,0.00000000,-2.85460329,-0.68378150,0.99577719,-1.14355958,-0.16208901,0.00000000,0.00000000
-0.23017040,-2.17000008,-0.79017192,-0.52204692,1.23013258,0.00000000,0.00000000,-2.88134789,-0.68649209,0.96566725,-1.16749990,-0.16297138,0.00000000,0.00000000
-0.23246117,-2.17000008,-0.78858721,-0.51946479,1.20290780,0.00000000,0.00000000,-2.90576291,-0.68747586,0.93895680,-1.18499231,-0.16380206,0.00000000,0.00000000
-0.23471496,-2.17000008,-0.78658623,-0.51810503,1.17757940,0.00000000,0.00000000,-2.92585802,-0.68763912,0.91740257,-1.19588745,-0.15266915,0.00000000,0.00000000
-0.23686208,-2.17000008,-0.78439468,-0.51726741,1.14781988,0.00000000,0.00000000,-2.94009447,-0.68759871,0.90269065,-1.20032132,-0.14286931,0.00000000,0.00000000
-0.23872580,-2.17000008,-0.78215712,-0.51635033,1.11983418,0.00000000,0.00000000,-2.94688940,-0.68794143,0.89626735,-1.19862175,-0.14047010,0.00000000,0.00000000
-0.24011996,-2.17000008,-0.77987635,-0.51500940,1.09877038,0.00000000,0.00000000,-2.94523954,-0.68912363,0.89884925,-1.19098055,-0.12850970,0.00000000,0.00000000
-0.24100275,-2.17000008,-0.77743363,-0.51321381,1.07677329,0.00000000,0.00000000,-2.93492579,-0.69134992,0.91019410,-1.17733598,-0.12447499,0.00000000,0.00000000
-0.24152122,-2.17000008,-0.77461553,-0.51121044,1.05283344,0.00000000,0.00000000,-2.91641879,-0.69451249,0.92913711,-1.15737057,-0.11177715,0.00000000,0.00000000
-0.24196284,-2.17000008,-0.77115327,-0.50940543,1.03651965,0.00000000,0.00000000,-2.89062619,-0.69816947,0.95385861,-1.13056874,-0.10801374,0.00000000,0.00000000
-0.24258704,-2.17000008,-0.76674700,-0.50818950,1.01698172,0.00000000,0.00000000,-2.85865736,-0.70157874,0.98225570,-1.09629023,-0.11375148,0.00000000,0.00000000
-0.24343553,-2.17000008,-0.76103300,-0.50787771,1.00818658,0.00000000,0.00000000,-2.82161665,-0.70394003,1.01218843,-1.05397189,-0.12322544,0.00000000,0.00000000
-0.24425952,-2.17000008,-0.75349683,-0.50897634,0.99847800,0.00000000,0.00000000,-2.78052807,-0.70465648,1.04161322,-1.00335002,-0.12427378,0.00000000,0.00000000
-0.24485138,-2.17000008,-0.74352616,-0.51262879,0.98765194,0.00000000,0.00000000,-2.73709917,-0.70289296,1.06880403,-0.94398469,-0.11956071,0.00000000,0.00000000
-0.24556816,-2.17000008,-0.73076534,-0.52038634,0.98363942,0.00000000,0.00000000,-2.69360018,-0.69826323,1.09222674,-0.87594908,-0.12010158,0.00000000,0.00000000
-0.24722502,-2.17000008,-0.71576726,-0.53242707,0.97252381,0.00000000,0.00000000,-2.64970446,-0.69288963,1.11039388,-0.80374396,-0.11200918,0.00000000,0.00000000
-0.24999321,-2.17000008,-0.69985813,-0.54657894,0.95321345,0.00000000,0.00000000,-2.60408449,-0.68887693,1.12253428,-0.73478705,-0.09489290,0.00000000,0.00000000
-0.25312933,-2.17000008,-0.68405652,-0.56041539,0.93161988,0.00000000,0.00000000,-2.55756807,-0.68925649,1.12747335,-0.67465723,-0.08911424,0.00000000,0.00000000
-0.25593555,-2.17000008,-0.66887039,-0.57264471,0.89996368,0.00000000,0.00000000,-2.51645231,-0.69510233,1.12429452,-0.62295586,-0.08497339,0.00000000,0.00000000
-0.25840706,-2.17000008,-0.65461808,-0.58300352,0.89090627,0.00000000,0.00000000,-2.48089337,-0.70478350,1.11443639,-0.57923019,-0.09420563,0.00000000,0.00000000
-0.26072419,-2.17000008,-0.64148235,-0.59163398,0.87890804,0.00000000,0.00000000,-2.44924974,-0.71796107,1.09900844,-0.54389209,-0.11737978,0.00000000,0.00000000
-0.26300874,-2.17000008,-0.62955242,-0.59874940,0.88657737,0.00000000,0.00000000,-2.42168236,-0.73474085,1.07849491,-0.51656103,-0.13314693,0.00000000,0.00000000
-0.26531830,-2.17000008,-0.61886680,-0.60453314,0.90915263,0.00000000,0.00000000,-2.39897633,-0.75485659,1.05331707,-0.49630833,-0.14306046,0.00000000,0.00000000
-0.26762027,-2.17000008,-0.60942149,-0.60911041,0.92789316,0.00000000,0.00000000,-2.38169932,-0.77788222,1.02390873,-0.48220265,-0.15832065,0.00000000,0.00000000
-0.26979351,-2.17000008,-0.60117906,-0.61254132,0.94710553,0.00000000,0.00000000,-2.36993241,-0.80335581,0.99073982,-0.47352245,-0.16352192,0.00000000,0.00000000
-0.27169964,-2.17000008,-0.59409517,-0.61481827,0.97220969,0.00000000,0.00000000,-2.36341095,-0.83084452,0.95430309,-0.46968827,-0.18318762,0.00000000,0.00000000
-0.27326906,-2.17000008,-0.58813047,-0.61592436,1.00046897,0.00000000,0.00000000,-2.36183095,-0.85993230,0.91509163,-0.47005299,-0.19113675,0.00000000,0.00000000
-0.27456310,-2.17000008,-0.58325410,-0.61588871,1.02131319,0.00000000,0.00000000,-2.36519408,-0.88997221,0.87362111,-0.47356647,-0.19024698,0.00000000,0.00000000
-0.27576599,-2.17000008,-0.57942271,-0.61484963,1.04170609,0.00000000,0.00000000,-2.37359333,-0.91980290,0.83055037,-0.47868386,-0.18390705,0.00000000,0.00000000
-0.27712029,-2.17000008,-0.57655090,-0.61308527,1.06895673,0.00000000,0.00000000,-2.38642383,-0.94792163,0.78682703,-0.48377433,-0.19018738,0.00000000,0.00000000
-0.27879408,-2.17000008,-0.57448620,-0.61095059,1.09915590,0.00000000,0.00000000,-2.40181756,-0.97309536,0.74373484,-0.48766941,-0.20564967,0.00000000,0.00000000
-0.28061801,-2.17000008,-0.57294786,-0.60876638,1.11886096,0.00000000,0.00000000,-2.41677046,-0.99460554,0.70285100,-0.48969823,-0.21915397,0.00000000,0.00000000
-0.28216356,-2.17000008,-0.57156998,-0.60680932,1.13412356,0.00000000,0.00000000,-2.42804193,-1.01159334,0.66589564,-0.48903367,-0.23938391,0.00000000,0.00000000
-0.28323799,-2.17000008,-0.57007819,-0.60540688,1.15902555,0.00000000,0.00000000,-2.43279099,-1.02261579,0.63448071,-0.48450083,-0.27067888,0.00000000,0.00000000
-0.28370792,-2.17000008,-0.56826806,-0.60483050,1.18454146,0.00000000,0.00000000,-2.42871737,-1.02675426,0.60968727,-0.47538775,-0.28996563,0.00000000,0.00000000
-0.28351787,-2.17000008,-0.56604981,-0.60521817,1.21665084,0.00000000,0.00000000,-2.41493917,-1.02409911,0.59165519,-0.46158287,-0.31166393,0.00000000,0.00000000
-0.28272930,-2.17000008,-0.56350613,-0.60647005,1.24319041,0.00000000,0.00000000,-2.39235497,-1.01554441,0.57956398,-0.44347432,-0.33073533,0.00000000,0.00000000
-0.28152868,-2.17000008,-0.56090933,-0.60819429,1.27328765,0.00000000,0.00000000,-2.36320162,-1.00231242,0.57195532,-0.42182839,-0.34500781,0.00000000,0.00000000
-0.28042436,-2.17000008,-0.55871409,-0.60990202,1.29061079,0.00000000,0.00000000,-2.33083320,-0.98475403,0.56714749,-0.39694333,-0.36192113,0.00000000,0.00000000
-0.27970776,-2.17000008,-0.55726182,-0.61114591,1.29585469,0.00000000,0.00000000,-2.29907346,-0.96346909,0.56345195,-0.36915678,-0.38983771,0.00000000,0.00000000
-0.27926734,-2.17000008,-0.55662030,-0.61171693,1.29713857,0.00000000,0.00000000,-2.27037716,-0.94063431,0.55958486,-0.33993188,-0.41481099,0.00000000,0.00000000
-0.27889735,-2.17000008,-0.55669188,-0.61169714,1.29867315,0.00000000,0.00000000,-2.24573016,-0.91772437,0.55500180,-0.31048536,-0.44209397,0.00000000,0.00000000
-0.27850321,-2.17000008,-0.55737847,-0.61124921,1.28835106,0.00000000,0.00000000,-2.22575688,-0.89480513,0.54965699,-0.28117532,-0.46133140,0.00000000,0.00000000
-0.27806240,-2.17000008,-0.55863720,-0.61044890,1.27448356,0.00000000,0.00000000,-2.21077442,-0.87186503,0.54372984,-0.25228694,-0.48023173,0.00000000,0.00000000
-0.27755556,-2.17000008,-0.56046343,-0.60928118,1.26598656,0.00000000,0.00000000,-2.20082355,-0.84914047,0.53751361,-0.22418055,-0.49199656,0.00000000,0.00000000
-0.27693126,-2.17000008,-0.56286603,-0.60765737,1.25065267,0.00000000,0.00000000,-2.19578910,-0.82690352,0.53136468,-0.19714972,-0.49880859,0.00000000,0.00000000
-0.27610672,-2.17000008,-0.56584609,-0.60545373,1.23684132,0.00000000,0.00000000,-2.19541812,-0.80541420,0.52566934,-0.17143734,-0.49976471,0.00000000,0.00000000
-0.27505153,-2.17000008,-0.56939858,-0.60259849,1.22396266,0.00000000,0.00000000,-2.19945621,-0.78495246,0.52080578,-0.14725932,-0.49603358,0.00000000,0.00000000
-0.27388439,-2.17000008,-0.57354593,-0.59908760,1.21506536,0.00000000,0.00000000,-2.20775795,-0.76578134,0.51712787,-0.12478233,-0.49273664,0.00000000,0.00000000
-0.27280796,-2.17000008,-0.57832122,-0.59495682,1.21008670,0.00000000,0.00000000,-2.22026658,-0.74806905,0.51496506,-0.10409577,-0.48924306,0.00000000,0.00000000
-0.27192777,-2.17000008,-0.58369839,-0.59026998,1.20089614,0.00000000,0.00000000,-2.23686051,-0.73191053,0.51462650,-0.08526172,-0.48084092,0.00000000,0.00000000
-0.27120772,-2.17000008,-0.58955765,-0.58516377,1.19625103,0.00000000,0.00000000,-2.25713992,-0.71750915,0.51639795,-0.06846855,-0.47221205,0.00000000,0.00000000
-0.27058318,-2.17000008,-0.59570014,-0.57993281,1.17940640,0.00000000,0.00000000,-2.28033495,-0.70514238,0.52053535,-0.05404885,-0.46169308,0.00000000,0.00000000
-0.27004474,-2.17000008,-0.60187322,-0.57505488,1.15805805,0.00000000,0.00000000,-2.30546165,-0.69477785,0.52725792,-0.04225683,-0.45022199,0.00000000,0.00000000
-0.26960167,-2.17000008,-0.60779899,-0.57109094,1.13307369,0.00000000,0.00000000,-2.33133841,-0.68603307,0.53674108,-0.03327373,-0.44593564,0.00000000,0.00000000
-0.26920745,-2.17000008,-0.61322725,-0.56850034,1.10847032,0.00000000,0.00000000,-2.35632992,-0.67840701,0.54911631,-0.02742765,-0.44808286,0.00000000,0.00000000
-0.26875281,-2.17000008,-0.61801243,-0.56747085,1.08408582,0.00000000,0.00000000,-2.37835884,-0.67141145,0.56446761,-0.02527408,-0.44358224,0.00000000,0.00000000
-0.26806757,-2.17000008,-0.62214571,-0.56785172,1.05925453,0.00000000,0.00000000,-2.39529157,-0.66478252,0.58282799,-0.02758273,-0.44432402,0.00000000,0.00000000
-0.26705426,-2.17000008,-0.62576330,-0.56928104,1.02485335,0.00000000,0.00000000,-2.40582395,-0.65851951,0.60417300,-0.03505269,-0.44441804,0.00000000,0.00000000
-0.26570588,-2.17000008,-0.62909281,-0.57132280,0.99255013,0.00000000,0.00000000,-2.41001010,-0.65252519,0.62841433,-0.04791946,-0.44269824,0.00000000,0.00000000
-0.26408842,-2.17000008,-0.63237989,-0.57361126,0.96300012,0.00000000,0.00000000,-2.40904236,-0.64651775,0.65538955,-0.06594084,-0.43762559,0.00000000,0.00000000
-0.26230478,-2.17000008,-0.63584864,-0.57590044,0.93088847,0.00000000,0.00000000,-2.40455270,-0.64071333,0.68484092,-0.08893934,-0.44592655,0.00000000,0.00000000
-0.26045829,-2.17000008,-0.63968641,-0.57806456,0.89915687,0.00000000,0.00000000,-2.39832997,-0.63590628,0.71639615,-0.11691658,-0.46345308,0.00000000,0.00000000
-0.25858399,-2.17000008,-0.64404953,-0.58001071,0.86841577,0.00000000,0.00000000,-2.39220119,-0.63291252,0.74956948,-0.14983019,-0.47925514,0.00000000,0.00000000
-0.25660044,-2.17000008,-0.64907968,-0.58156431,0.83596700,0.00000000,0.00000000,-2.38775206,-0.63221020,0.78379017,-0.18755154,-0.50308859,0.00000000,0.00000000
-0.25436836,-2.17000008,-0.65491259,-0.58248705,0.80814934,0.00000000,0.00000000,-2.38615012,-0.63397288,0.81842691,-0.22997515,-0.52154422,0.00000000,0.00000000
-0.25180680,-2.17000008,-0.66168261,-0.58257180,0.77842796,0.00000000,0.00000000,-2.38825321,-0.63823307,0.85278594,-0.27705276,-0.54633731,0.00000000,0.00000000
-0.24895467,-2.17000008,-0.66952538,-0.58168411,0.75780410,0.00000000,0.00000000,-2.39486790,-0.64498812,0.88608783,-0.32872665,-0.57128185,0.00000000,0.00000000
-0.24591787,-2.17000008,-0.67857146,-0.57969421,0.73137641,0.00000000,0.00000000,-2.40692043,-0.65410304,0.91747022,-0.38480708,-0.59790248,0.00000000,0.00000000
-0.24277204,-2.17000008,-0.68891704,-0.57642061,0.71991688,0.00000000,0.00000000,-2.42555881,-0.66511536,0.94602603,-0.44484466,-0.62803572,0.00000000,0.00000000
-0.23953103,-2.17000008,-0.70057243,-0.57171208,0.71087301,0.00000000,0.00000000,-2.45179749,-0.67760545,0.97080827,-0.50838786,-0.65159506,0.00000000,0.00000000
-0.23618625,-2.17000008,-0.71338081,-0.56567162,0.70663410,0.00000000,0.00000000,-2.48500371,-0.69162905,0.99101657,-0.57553852,-0.66794461,0.00000000,0.00000000
-0.23271032,-2.17000008,-0.72696495,-0.55878663,0.70112640,0.00000000,0.00000000,-2.52314425,-0.70622623,1.00644779,-0.64592135,-0.67839372,0.00000000,0.00000000
-0.22913009,-2.17000008,-0.74083042,-0.55178064,0.70179111,0.00000000,0.00000000,-2.56507778,-0.71955246,1.01719844,-0.71797037,-0.69111484,0.00000000,0.00000000
-0.22566816,-2.17000008,-0.75457728,-0.54530776,0.69998556,0.00000000,0.00000000,-2.61008811,-0.73042595,1.02333891,-0.79013097,-0.70456022,0.00000000,0.00000000
-0.22272895,-2.17000008,-0.76794088,-0.53985077,0.70530665,0.00000000,0.00000000,-2.65718055,-0.73831034,1.02507174,-0.86115789,-0.70349252,0.00000000,0.00000000
-0.22048195,-2.17000008,-0.78054357,-0.53578228,0.71934438,0.00000000,0.00000000,-2.70483994,-0.74341542,1.02273595,-0.92987406,-0.69971168,0.00000000,0.00000000
-0.21847983,-2.17000008,-0.79166299,-0.53338587,0.73219424,0.00000000,0.00000000,-2.75173855,-0.74638826,1.01675332,-0.99401975,-0.70583683,0.00000000,0.00000000
-0.21635070,-2.17000008,-0.80067825,-0.53271520,0.73753202,0.00000000,0.00000000,-2.79811192,-0.74612522,1.00836205,-1.04932415,-0.70574969,0.00000000,0.00000000
-0.21424137,-2.17000008,-0.80761617,-0.53327870,0.75079173,0.00000000,0.00000000,-2.84283590,-0.74213475,0.99927419,-1.09429598,-0.70440698,0.00000000,0.00000000
-0.21239482,-2.17000008,-0.81282771,-0.53439081,0.76395053,0.00000000,0.00000000,-2.88377404,-0.73583657,0.99056536,-1.12995386,-0.70586354,0.00000000,0.00000000
-0.21091445,-2.17000008,-0.81659222,-0.53554916,0.77550942,0.00000000,0.00000000,-2.91926289,-0.72849661,0.98313946,-1.15725255,-0.70622820,0.00000000,0.00000000
-0.20979621,-2.17000008,-0.81905425,-0.53643876,0.77901042,0.00000000,0.00000000,-2.94776750,-0.72092861,0.97794509,-1.17692578,-0.71762717,0.00000000,0.00000000
-0.20896794,-2.17000008,-0.82026672,-0.53685510,0.78114855,0.00000000,0.00000000,-2.96766162,-0.71371770,0.97590578,-1.18964422,-0.72671801,0.00000000,0.00000000
-0.20832799,-2.17000008,-0.82022172,-0.53671473,0.77472699,0.00000000,0.00000000,-2.97744989,-0.70714396,0.97787517,-1.19586027,-0.73628718,0.00000000,0.00000000
-0.20779495,-2.17000008,-0.81885129,-0.53611881,0.76361358,0.00000000,0.00000000,-2.97601771,-0.70120764,0.98449636,-1.19573820,-0.74305654,0.00000000,0.00000000
-0.20734076,-2.17000008,-0.81601614,-0.53537333,0.75299758,0.00000000,0.00000000,-2.96280313,-0.69577414,0.99599367,-1.18921733,-0.74444026,0.00000000,0.00000000
-0.20697023,-2.17000008,-0.81149524,-0.53493226,0.74056143,0.00000000,0.00000000,-2.93789077,-0.69070548,1.01201415,-1.17610073,-0.74324173,0.00000000,0.00000000
-0.20665611,-2.17000008,-0.80498707,-0.53531933,0.72797382,0.00000000,0.00000000,-2.90205598,-0.68588591,1.03161645,-1.15608728,-0.74139363,0.00000000,0.00000000
-0.20627543,-2.17000008,-0.79612571,-0.53709507,0.71427065,0.00000000,0.00000000,-2.85670614,-0.68114614,1.05344808,-1.12876129,-0.73809844,0.00000000,0.00000000
-0.20564134,-2.17000008,-0.78452390,-0.54093093,0.69776624,0.00000000,0.00000000,-2.80370188,-0.67612201,1.07608438,-1.09357691,-0.73791367,0.00000000,0.00000000
-0.20482041,-2.17000008,-0.76987892,-0.54780132,0.68768841,0.00000000,0.00000000,-2.74522066,-0.66992384,1.09845698,-1.04971993,-0.73631740,0.00000000,0.00000000
-0.20442989,-2.17000008,-0.75216651,-0.55884004,0.67547178,0.00000000,0.00000000,-2.68427730,-0.66049677,1.12018108,-0.99556923,-0.74658406,0.00000000,0.00000000
-0.20506684,-2.17000008,-0.73181731,-0.57434303,0.65860885,0.00000000,0.00000000,-2.62403560,-0.64620298,1.14082682,-0.93027079,-0.76177782,0.00000000,0.00000000
-0.20660558,-2.17000008,-0.70973843,-0.59304887,0.63832176,0.00000000,0.00000000,-2.56481147,-0.62924534,1.15883112,-0.85802615,-0.78328377,0.00000000,0.00000000
-0.20852678,-2.17000008,-0.68719608,-0.61267221,0.62463033,0.00000000,0.00000000,-2.50720501,-0.61226577,1.17280149,-0.78492391,-0.80719560,0.00000000,0.00000000
-0.21032539,-2.17000008,-0.66555429,-0.63074237,0.60346109,0.00000000,0.00000000,-2.45442200,-0.59766769,1.18143523,-0.71535152,-0.82167631,0.00000000,0.00000000
-0.21172954,-2.17000008,-0.64551508,-0.64627481,0.58227503,0.00000000,0.00000000,-2.41043210,-0.58594382,1.18452847,-0.64984924,-0.83484608,0.00000000,0.00000000
-0.21282920,-2.17000008,-0.62744230,-0.65918124,0.56127781,0.00000000,0.00000000,-2.37479639,-0.57691199,1.18307257,-0.58865887,-0.84329951,0.00000000,0.00000000
-0.21373610,-2.17000008,-0.61162102,-0.66943264,0.55138195,0.00000000,0.00000000,-2.34571767,-0.57025367,1.17832363,-0.53213429,-0.84546137,0.00000000,0.00000000
-0.21442685,-2.17000008,-0.59801126,-0.67742527,0.54683822,0.00000000,0.00000000,-2.32231545,-0.56570315,1.17125356,-0.48010442,-0.84462970,0.00000000,0.00000000
-0.21484031,-2.17000008,-0.58642203,-0.68373883,0.54441667,0.00000000,0.00000000,-2.30400443,-0.56298572,1.16265047,-0.43216407,-0.84365392,0.00000000,0.00000000
-0.21495619,-2.17000008,-0.57668346,-0.68888265,0.54908663,0.00000000,0.00000000,-2.29016209,-0.56173062,1.15322924,-0.38786918,-0.84660321,0.00000000,0.00000000
-0.21460988,-2.17000008,-0.56868416,-0.69292867,0.55387557,0.00000000,0.00000000,-2.27979970,-0.56157506,1.14369512,-0.34728980,-0.85210299,0.00000000,0.00000000
-0.21370688,-2.17000008,-0.56222856,-0.69627464,0.56934667,0.00000000,0.00000000,-2.27233028,-0.56228769,1.13459420,-0.31022519,-0.86265296,0.00000000,0.00000000
-0.21239972,-2.17000008,-0.55723453,-0.69924968,0.59031451,0.00000000,0.00000000,-2.26747298,-0.56360674,1.12636566,-0.27618816,-0.87266797,0.00000000,0.00000000
-0.21085247,-2.17000008,-0.55385351,-0.70134819,0.61347705,0.00000000,0.00000000,-2.26435828,-0.56491739,1.11949718,-0.24503729,-0.87299323,0.00000000,0.00000000
-0.20873536,-2.17000008,-0.55195493,-0.70223117,0.63506919,0.00000000,0.00000000,-2.26224971,-0.56580371,1.11438870,-0.21659435,-0.86336738,0.00000000,0.00000000
-0.20587645,-2.17000008,-0.55131888,-0.70203716,0.65453118,0.00000000,0.00000000,-2.26064372,-0.56617844,1.11132550,-0.19059691,-0.84711397,0.00000000,0.00000000
-0.20238115,-2.17000008,-0.55180466,-0.70119256,0.67032260,0.00000000,0.00000000,-2.25916839,-0.56598169,1.11054051,-0.16665600,-0.82479072,0.00000000,0.00000000
-0.19855192,-2.17000008,-0.55331731,-0.70063341,0.69039255,0.00000000,0.00000000,-2.25768971,-0.56490242,1.11224782,-0.14407863,-0.79498887,0.00000000,0.00000000
-0.19494794,-2.17000008,-0.55583358,-0.70094430,0.71475440,0.00000000,0.00000000,-2.25588536,-0.56308889,1.11661541,-0.12243997,-0.75189465,0.00000000,0.00000000
-0.19058627,-2.17000008,-0.55900824,-0.70053935,0.73411310,0.00000000,0.00000000,-2.25343370,-0.56131744,1.12375379,-0.10157960,-0.71069843,0.00000000,0.00000000
-0.18559478,-2.17000008,-0.56279200,-0.69915652,0.75587267,0.00000000,0.00000000,-2.25011444,-0.55985576,1.13379228,-0.08103642,-0.67558813,0.00000000,0.00000000
-0.18020850,-2.17000008,-0.56708753,-0.69719046,0.77475184,0.00000000,0.00000000,-2.24565959,-0.55904973,1.14684927,-0.06031334,-0.64457709,0.00000000,0.00000000
-0.17460279,-2.17000008,-0.57185930,-0.69509840,0.78873986,0.00000000,0.00000000,-2.23971510,-0.55886310,1.16304874,-0.03883370,-0.61849397,0.00000000,0.00000000
-0.16892366,-2.17000008,-0.57709461,-0.69337326,0.80636239,0.00000000,0.00000000,-2.23190212,-0.55915475,1.18250656,-0.01596794,-0.59048730,0.00000000,0.00000000
-0.16327943,-2.17000008,-0.58277875,-0.69246870,0.81926799,0.00000000,0.00000000,-2.22182894,-0.55978870,1.20532250,0.00895796,-0.55959070,0.00000000,0.00000000
-0.15770914,-2.17000008,-0.58891600,-0.69275701,0.83035249,0.00000000,0.00000000,-2.20908141,-0.56049246,1.23158097,0.03670276,-0.52456534,0.00000000,0.00000000
-0.15208106,-2.17000008,-0.59551883,-0.69449550,0.83587593,0.00000000,0.00000000,-2.19323874,-0.56078851,1.26134419,0.06814438,-0.49194872,0.00000000,0.00000000
-0.14590293,-2.17000008,-0.60247880,-0.69795936,0.83800077,0.00000000,0.00000000,-2.17388678,-0.55998462,1.29464006,0.10429721,-0.46070167,0.00000000,0.00000000
-0.13905095,-2.17000008,-0.60982263,-0.70369953,0.82973444,0.00000000,0.00000000,-2.15046597,-0.55722314,1.33143961,0.14613776,-0.42165211,0.00000000,0.00000000
-0.13262583,-2.17000008,-0.61833864,-0.71180010,0.81059784,0.00000000,0.00000000,-2.12211823,-0.55142081,1.37161911,0.19447617,-0.38338578,0.00000000,0.00000000
-0.12648509,-2.17000008,-0.62855679,-0.72125852,0.79146069,0.00000000,0.00000000,-2.08811092,-0.54098946,1.41493332,0.25053340,-0.35567665,0.00000000,0.00000000
-0.12050956,-2.17000008,-0.64058268,-0.73299515,0.77298880,0.00000000,0.00000000,-2.04774046,-0.52394772,1.46095347,0.31574309,-0.34111807,0.00000000,0.00000000
-0.11356937,-2.17000008,-0.65423769,-0.74658680,0.75878453,0.00000000,0.00000000,-2.00025940,-0.49823841,1.50902963,0.39169756,-0.33600420,0.00000000,0.00000000
-0.10431211,-2.17000008,-0.66979629,-0.75938416,0.75994247,0.00000000,0.00000000,-1.94496727,-0.46151328,1.55813468,0.47995073,-0.33390832,0.00000000,0.00000000
-0.09328026,-2.17000008,-0.68866712,-0.77125549,0.76135933,0.00000000,0.00000000,-1.88138902,-0.40922463,1.60619271,0.58161068,-0.33987552,0.00000000,0.00000000
-0.08146124,-2.17000008,-0.71248722,-0.78516221,0.76087248,0.00000000,0.00000000,-1.80901515,-0.33455220,1.64959085,0.69641721,-0.34576634,0.00000000,0.00000000
-0.06777836,-2.17000008,-0.74327940,-0.80076599,0.77432829,0.00000000,0.00000000,-1.72594535,-0.22919261,1.68293476,0.82057285,-0.36117756,0.00000000,0.00000000
-0.05038148,-2.17000008,-0.78298813,-0.81594795,0.78860271,0.00000000,0.00000000,-1.62886310,-0.08542809,1.69996417,0.94517261,-0.37863374,0.00000000,0.00000000
-0.02848704,-2.17000008,-0.83160090,-0.83162194,0.79526097,0.00000000,0.00000000,-1.51609921,0.09842297,1.69691670,1.05925965,-0.39579740,0.00000000,0.00000000
-0.00148131,-2.16995573,-0.88695914,-0.85016602,0.81300479,0.00000000,0.00000000,-1.38954210,0.31645057,1.67432773,1.15419948,-0.40914765,0.00000000,0.00000000
0.03198422,-2.16922164,-0.94634765,-0.87134689,0.82682836,0.00000000,0.00000000,-1.25403762,0.55830604,1.63580287,1.22404826,-0.42659214,0.00000000,0.00000000
0.07264099,-2.16621614,-1.00737596,-0.89241022,0.84748060,0.00000000,0.00000000,-1.11632669,0.81167060,1.58664811,1.26485264,-0.44064429,0.00000000,0.00000000
0.11731917,-2.16138220,-1.06824708,-0.91272968,0.87100953,0.00000000,0.00000000,-0.98383921,1.06353104,1.53304946,1.27438629,-0.45020217,0.00000000,0.00000000
0.16274065,-2.15808249,-1.12734044,-0.93269223,0.89742500,0.00000000,0.00000000,-0.86346048,1.30113971,1.48142040,1.25203359,-0.45546761,0.00000000,0.00000000
0.20653291,-2.15774608,-1.18382514,-0.95222020,0.92263716,0.00000000,0.00000000,-0.76047456,1.51264513,1.43793285,1.19871140,-0.46168143,0.00000000,0.00000000
0.24728461,-2.15941405,-1.23762393,-0.97118992,0.95180112,0.00000000,0.00000000,-0.67795366,1.68756998,1.40807390,1.11707902,-0.47036269,0.00000000,0.00000000
0.28518727,-2.16147470,-1.28866589,-0.98974013,0.98720366,0.00000000,0.00000000,-0.61628747,1.81892192,1.39510953,1.01353729,-0.47835588,0.00000000,0.00000000
0.31884333,-2.16273308,-1.33682621,-1.00933325,1.01911652,0.00000000,0.00000000,-0.57155442,1.90917099,1.39673316,0.90112805,-0.48651037,0.00000000,0.00000000
0.34612834,-2.16507387,-1.38011718,-1.03232634,1.05004478,0.00000000,0.00000000,-0.53627807,1.97123694,1.40550101,0.79422438,-0.48461738,0.00000000,0.00000000
0.36660990,-2.16795397,-1.41796839,-1.05919981,1.08494401,0.00000000,0.00000000,-0.50419450,2.01626372,1.41624582,0.70060062,-0.47831288,0.00000000,0.00000000
0.38106045,-2.16959190,-1.45120037,-1.08893549,1.10475671,0.00000000,0.00000000,-0.47153714,2.05077934,1.42688978,0.62322754,-0.48105609,0.00000000,0.00000000
0.39062086,-2.16997719,-1.48077106,-1.11988950,1.11374974,0.00000000,0.00000000,-0.43617216,2.07890153,1.43654180,0.56324238,-0.48862940,0.00000000,0.00000000
0.39666891,-2.17000008,-1.50695980,-1.15027189,1.11423481,0.00000000,0.00000000,-0.39688569,2.10314703,1.44477892,0.52086896,-0.49621791,0.00000000,0.00000000
0.40025938,-2.17000008,-1.52976370,-1.17857099,1.10814726,0.00000000,0.00000000,-0.35308564,2.12451124,1.45149553,0.49564448,-0.49341133,0.00000000,0.00000000
0.40165940,-2.17000008,-1.54960430,-1.20384622,1.10518432,0.00000000,0.00000000,-0.30488378,2.14265227,1.45683861,0.48642975,-0.49418405,0.00000000,0.00000000
0.40090236,-2.17000008,-1.56730449,-1.22563291,1.10712481,0.00000000,0.00000000,-0.25329587,2.15656853,1.46105409,0.49143809,-0.49286202,0.00000000,0.00000000
0.39867094,-2.17000008,-1.58366811,-1.24366260,1.10279953,0.00000000,0.00000000,-0.20019734,2.16536713,1.46434247,0.50841081,-0.49194527,0.00000000,0.00000000
0.39648286,-2.17000008,-1.59931731,-1.25783658,1.09567428,0.00000000,0.00000000,-0.14803714,2.16915321,1.46690881,0.53479582,-0.48904008,0.00000000,0.00000000
0.39614061,-2.17000008,-1.61467361,-1.26839411,1.08574200,0.00000000,0.00000000,-0.09969256,2.16995382,1.46895158,0.56766248,-0.49488521,0.00000000,0.00000000
0.39909208,-2.17000008,-1.62950277,-1.27587879,1.07758629,0.00000000,0.00000000,-0.05798692,2.17000008,1.47028685,0.60381848,-0.50492328,0.00000000,0.00000000
0.40612027,-2.17000008,-1.64255118,-1.28086686,1.06591153,0.00000000,0.00000000,-0.02438466,2.17000008,1.47051847,0.64045733,-0.52483016,0.00000000,0.00000000
0.41722202,-2.17000008,-1.65192401,-1.28379607,1.05802250,0.00000000,0.00000000,0.00090026,2.17000008,1.46981537,0.67439711,-0.54177564,0.00000000,0.00000000
0.43153277,-2.17000008,-1.65629947,-1.28492749,1.04621112,0.00000000,0.00000000,0.01764238,2.17000008,1.46911228,0.70103669,-0.57003254,0.00000000,0.00000000
0.44810089,-2.17000008,-1.65577650,-1.28399456,1.02988315,0.00000000,0.00000000,0.02686480,2.16998577,1.46935236,0.71795201,-0.60142595,0.00000000,0.00000000
0.46624300,-2.17000008,-1.65150082,-1.28020990,1.01923263,0.00000000,0.00000000,0.02978663,2.16971159,1.47107780,0.72519469,-0.63365304,0.00000000,0.00000000
0.48536459,-2.17000008,-1.64493728,-1.27266431,1.00802100,0.00000000,0.00000000,0.02686529,2.16807246,1.47420251,0.72399169,-0.66481555,0.00000000,0.00000000
0.50486809,-2.17000008,-1.63756311,-1.26074076,0.99199474,0.00000000,0.00000000,0.01854800,2.16343141,1.47813559,0.71661937,-0.70427686,0.00000000,0.00000000
0.52422494,-2.17000008,-1.63087285,-1.24437904,0.98625761,0.00000000,0.00000000,0.00566318,2.15539408,1.48231769,0.70570135,-0.74083924,0.00000000,0.00000000
0.54271001,-2.17000008,-1.62583005,-1.22439432,0.98882735,0.00000000,0.00000000,-0.01118752,2.14440227,1.48637867,0.69296551,-0.77511066,0.00000000,0.00000000
0.55918241,-2.17000008,-1.62235272,-1.20251358,0.99908078,0.00000000,0.00000000,-0.03177824,2.13117766,1.48995125,0.67888051,-0.82030874,0.00000000,0.00000000
0.57257086,-2.17000008,-1.61957431,-1.18084431,1.01459849,0.00000000,0.00000000,-0.05588303,2.11645436,1.49264801,0.66315973,-0.86898911,0.00000000,0.00000000
0.58253211,-2.17000008,-1.61648047,-1.16101027,1.02013850,0.00000000,0.00000000,-0.08309626,2.10089087,1.49412894,0.64527470,-0.90396458,0.00000000,0.00000000
0.58833081,-2.17000008,-1.61277032,-1.14367080,1.02350545,0.00000000,0.00000000,-0.11292271,2.08507323,1.49413204,0.62465817,-0.93768114,0.00000000,0.00000000
0.58840752,-2.17000008,-1.60887575,-1.12890840,1.02877331,0.00000000,0.00000000,-0.14475642,2.06968164,1.49240124,0.60080582,-0.97052199,0.00000000,0.00000000
0.58138013,-2.17000008,-1.60472250,-1.11708724,1.03151810,0.00000000,0.00000000,-0.17763560,2.05572152,1.48856735,0.57346159,-0.99810302,0.00000000,0.00000000
0.56547594,-2.17000008,-1.59981787,-1.10854661,1.03071022,0.00000000,0.00000000,-0.21001309,2.04445434,1.48217082,0.54285741,-1.01709247,0.00000000,0.00000000
0.53985667,-2.17000008,-1.59324777,-1.10301435,1.03426552,0.00000000,0.00000000,-0.23985694,2.03694129,1.47283363,0.50984019,-1.03699648,0.00000000,0.00000000
0.50666839,-2.17000008,-1.58391154,-1.09882224,1.05269134,0.00000000,0.00000000,-0.26515171,2.03347278,1.46045887,0.47577310,-1.05852520,0.00000000,0.00000000
0.46977526,-2.17000008,-1.57127428,-1.09368801,1.07606101,0.00000000,0.00000000,-0.28459454,2.03351426,1.44523859,0.44219941,-1.09569609,0.00000000,0.00000000
0.43237466,-2.17000008,-1.55602658,-1.08607328,1.09491324,0.00000000,0.00000000,-0.29776573,2.03660488,1.42739117,0.41066411,-1.12244475,0.00000000,0.00000000
0.39550233,-2.17000008,-1.53984773,-1.07584822,1.11302769,0.00000000,0.00000000,-0.30423173,2.04239893,1.40716171,0.38297921,-1.15044045,0.00000000,0.00000000
0.35834572,-2.17000008,-1.52493417,-1.06382287,1.13293636,0.00000000,0.00000000,-0.30309615,2.04946923,1.38507104,0.36074820,-1.18004775,0.00000000,0.00000000
0.31963387,-2.17000008,-1.51338816,-1.05086923,1.15836608,0.00000000,0.00000000,-0.29457915,2.05592394,1.36164987,0.34410876,-1.20866930,0.00000000,0.00000000
0.27888417,-2.17000008,-1.50642598,-1.03737056,1.17940271,0.00000000,0.00000000,-0.28029224,2.06072879,1.33713067,0.33205029,-1.23450518,0.00000000,0.00000000
0.23718144,-2.17000008,-1.50433898,-1.02285933,1.19074523,0.00000000,0.00000000,-0.26251808,2.06376529,1.31148243,0.32323819,-1.25833690,0.00000000,0.00000000
0.19682400,-2.17000008,-1.50680983,-1.00622702,1.19108939,0.00000000,0.00000000,-0.24390566,2.06542587,1.28451371,0.31627247,-1.27101314,0.00000000,0.00000000
0.16037862,-2.17000008,-1.51312578,-0.98633468,1.19097841,0.00000000,0.00000000,-0.22698419,2.06635976,1.25595617,0.30990434,-1.27604032,0.00000000,0.00000000
0.12979835,-2.17000008,-1.52233326,-0.96257246,1.19891739,0.00000000,0.00000000,-0.21302466,2.06712508,1.22561479,0.30347061,-1.26747191,0.00000000,0.00000000
0.10604990,-2.16991186,-1.53342068,-0.93502206,1.21394217,0.00000000,0.00000000,-0.20206903,2.06729245,1.19355190,0.29649088,-1.25607216,0.00000000,0.00000000
0.08921678,-2.16846037,-1.54554868,-0.90425545,1.23127460,0.00000000,0.00000000,-0.19435470,2.06517410,1.16005290,0.28786311,-1.23344553,0.00000000,0.00000000
0.07859813,-2.16244578,-1.55833304,-0.87107569,1.24185562,0.00000000,0.00000000,-0.19056113,2.05862451,1.12545729,0.27616116,-1.21254444,0.00000000,0.00000000
0.07272702,-2.15027213,-1.57199705,-0.83628529,1.25412786,0.00000000,0.00000000,-0.19147819,2.04558516,1.09008610,0.26009980,-1.20520341,0.00000000,0.00000000
0.06965643,-2.13154364,-1.58705378,-0.80048913,1.27178276,0.00000000,0.00000000,-0.19740666,2.02454162,1.05422533,0.23897280,-1.20386624,0.00000000,0.00000000
0.06740055,-2.10601926,-1.60380459,-0.76418900,1.28443158,0.00000000,0.00000000,-0.20781225,1.99504089,1.01810586,0.21292292,-1.20652544,0.00000000,0.00000000
0.06426031,-2.07357240,-1.62208700,-0.72814363,1.28879106,0.00000000,0.00000000,-0.22184435,1.95769572,0.98190302,0.18267503,-1.19705653,0.00000000,0.00000000
0.05896223,-2.03421354,-1.64133763,-0.69358188,1.27673578,0.00000000,0.00000000,-0.23905604,1.91396224,0.94574946,0.14913453,-1.16445792,0.00000000,0.00000000
0.05071236,-1.98824286,-1.66082168,-0.66202521,1.26748419,0.00000000,0.00000000,-0.25958514,1.86593318,0.90977854,0.11318946,-1.13409746,0.00000000,0.00000000
0.03926465,-1.93635154,-1.67990053,-0.63486677,1.25677133,0.00000000,0.00000000,-0.28386214,1.81587911,0.87419915,0.07561679,-1.09609973,0.00000000,0.00000000
0.02502303,-1.87943602,-1.69822621,-0.61299056,1.23910940,0.00000000,0.00000000,-0.31221750,1.76572049,0.83934522,0.03706449,-1.04755139,0.00000000,0.00000000
0.00908261,-1.81830955,-1.71576238,-0.59658015,1.21960330,0.00000000,0.00000000,-0.34477046,1.71684456,0.80566460,-0.00190628,-1.00514185,0.00000000,0.00000000
-0.00694032,-1.75354898,-1.73264456,-0.58515429,1.19800782,0.00000000,0.00000000,-0.38160655,1.67008841,0.77368993,-0.04087065,-0.96392119,0.00000000,0.00000000
-0.02129740,-1.68559933,-1.74901104,-0.57779586,1.17628765,0.00000000,0.00000000,-0.42272055,1.62564468,0.74401349,-0.07958750,-0.92449182,0.00000000,0.00000000
-0.03253713,-1.61518526,-1.76489437,-0.57344341,1.11104858,0.00000000,0.00000000,-0.46786004,1.58347917,0.71724975,-0.11784598,-0.84505105,0.00000000,0.00000000
-0.03977766,-1.54358923,-1.78022516,-0.57108730,1.04662549,0.00000000,0.00000000,-0.51647979,1.54383314,0.69401181,-0.15531226,-0.76466161,0.00000000,0.00000000
-0.04276888,-1.47240269,-1.79489863,-0.56984508,0.96890491,0.00000000,0.00000000,-0.56776750,1.50718236,0.67489600,-0.19160159,-0.69221032,0.00000000,0.00000000
-0.04183101,-1.40304470,-1.80878246,-0.56902814,0.88801533,0.00000000,0.00000000,-0.62059975,1.47404766,0.66043401,-0.22639085,-0.63209665,0.00000000,0.00000000
-0.03774058,-1.33693051,-1.82158530,-0.56821167,0.80902088,0.00000000,0.00000000,-0.67287683,1.44481206,0.65083599,-0.25921315,-0.58287501,0.00000000,0.00000000
-0.03168926,-1.27739143,-1.83262646,-0.56722838,0.73511446,0.00000000,0.00000000,-0.72051066,1.41998017,0.64558989,-0.28872716,-0.53465283,0.00000000,0.00000000
-0.02558059,-1.23176587,-1.84079742,-0.56618869,0.66189611,0.00000000,0.00000000,-0.75767338,1.40187192,0.64353675,-0.31175241,-0.47828239,0.00000000,0.00000000
-0.02166435,-1.20727575,-1.84515905,-0.56545085,0.58661646,0.00000000,0.00000000,-0.77851087,1.39315331,0.64317185,-0.32431382,-0.42288131,0.00000000,0.00000000
