l_joint1,l_joint2,l_joint3,l_joint4,l_joint5,l_joint6,l_joint7,r_joint1,r_joint2,r_joint3,r_joint4,r_joint5,r_joint6,r_joint7
-2.95095062,0.09688837,0.58342963,-0.56900519,0.00529780,0.00000000,0.00000000,-3.00999999,0.02511274,0.14644758,0.29093400,0.02927458,0.00000000,0.00000000
-2.95021367,0.09694537,0.58340019,-0.56825763,0.00497987,0.00000000,0.00000000,-3.00999999,0.02554596,0.14584495,0.29141748,0.03086597,0.00000000,0.00000000
-2.94915199,0.09697154,0.58354408,-0.56695771,0.02359939,0.00000000,0.00000000,-3.00999999,0.02602066,0.14478017,0.29214323,0.03253210,0.00000000,0.00000000
-2.94860959,0.09695607,0.58422053,-0.56548673,0.04151840,0.00000000,0.00000000,-3.00999999,0.02614161,0.14337100,0.29285756,0.04301490,0.00000000,0.00000000
-2.94939470,0.09695252,0.58572590,-0.56431013,0.04238311,0.00000000,0.00000000,-3.00999999,0.02569629,0.14176020,0.29339716,0.05252030,0.00000000,0.00000000
-2.95162439,0.09701896,0.58805728,-0.56364363,0.04610656,0.00000000,0.00000000,-3.00999999,0.02468215,0.14017989,0.29373547,0.06568793,0.00000000,0.00000000
-2.95488095,0.09715766,0.59097582,-0.56345516,0.06836637,0.00000000,0.00000000,-3.00999999,0.02321746,0.13893789,0.29392228,0.07677385,0.00000000,0.00000000
-2.95861769,0.09732001,0.59415638,-0.56359667,0.08713261,0.00000000,0.00000000,-3.00999999,0.02141543,0.13837439,0.29397994,0.07120996,0.00000000,0.00000000
-2.96231937,0.09739767,0.59725428,-0.56388563,0.09636123,0.00000000,0.00000000,-3.00999999,0.01936995,0.13883880,0.29388458,0.08015138,0.00000000,0.00000000
-2.96559811,0.09724910,0.60000443,-0.56420034,0.09313031,0.00000000,0.00000000,-3.00999999,0.01721811,0.14064224,0.29361171,0.08567490,0.00000000,0.00000000
-2.96825457,0.09689692,0.60232556,-0.56446826,0.06474306,0.00000000,0.00000000,-3.00999999,0.01507095,0.14401621,0.29312256,0.10061419,0.00000000,0.00000000
-2.97020364,0.09641799,0.60423493,-0.56465596,0.02078279,0.00000000,0.00000000,-3.00999999,0.01307542,0.14912847,0.29241231,0.10141315,0.00000000,0.00000000
-2.97140455,0.09581662,0.60574967,-0.56475157,-0.00432596,0.00000000,0.00000000,-3.00999999,0.01145576,0.15611991,0.29154322,0.11397174,0.00000000,0.00000000
-2.97193098,0.09503902,0.60691160,-0.56478775,-0.02553678,0.00000000,0.00000000,-3.00999999,0.01041783,0.16510682,0.29054472,0.15405032,0.00000000,0.00000000
-2.97199321,0.09412841,0.60783440,-0.56480759,-0.04762616,0.00000000,0.00000000,-3.00999999,0.00999791,0.17620775,0.28928408,0.16547655,0.00000000,0.00000000
-2.97179866,0.09318149,0.60862851,-0.56484550,-0.07179289,0.00000000,0.00000000,-3.00999999,0.01020964,0.18963069,0.28757745,0.18575026,0.00000000,0.00000000
-2.97145915,0.09221169,0.60933650,-0.56497407,-0.10114902,0.00000000,0.00000000,-3.00999999,0.01115644,0.20569430,0.28529733,0.19510174,0.00000000,0.00000000
-2.97107720,0.09118440,0.61002171,-0.56535465,-0.12089653,0.00000000,0.00000000,-3.00999999,0.01296661,0.22476278,0.28234494,0.20379813,0.00000000,0.00000000
-2.97081995,0.09030667,0.61091983,-0.56614417,-0.14168109,0.00000000,0.00000000,-3.00999999,0.01555841,0.24719325,0.27853745,0.21218170,0.00000000,0.00000000
-2.97087002,0.08998787,0.61241138,-0.56746906,-0.14962332,0.00000000,0.00000000,-3.00998640,0.01867676,0.27334720,0.27362531,0.23488013,0.00000000,0.00000000
-2.97121215,0.09049554,0.61477441,-0.56945860,-0.15569960,0.00000000,0.00000000,-3.00975800,0.02217145,0.30363777,0.26741120,0.25529411,0.00000000,0.00000000
-2.97158241,0.09184887,0.61805761,-0.57226086,-0.17763560,0.00000000,0.00000000,-3.00875998,0.02609519,0.33852881,0.25976104,0.23381269,0.00000000,0.00000000
-2.97172618,0.09397601,0.62224638,-0.57610303,-0.18458295,0.00000000,0.00000000,-3.00673914,0.03053380,0.37845543,0.25050688,0.23769586,0.00000000,0.00000000
-2.97144198,0.09684741,0.62738454,-0.58126551,-0.18517895,0.00000000,0.00000000,-3.00408435,0.03537348,0.42377201,0.23940682,0.24085614,0.00000000,0.00000000
-2.97060847,0.10041721,0.63359648,-0.58812988,-0.18460256,0.00000000,0.00000000,-3.00134826,0.04049437,0.47471619,0.22627112,0.25710937,0.00000000,0.00000000
-2.96910334,0.10477219,0.64110136,-0.59707481,-0.18465093,0.00000000,0.00000000,-2.99910188,0.04575928,0.53141630,0.21097986,0.26829070,0.00000000,0.00000000
-2.96694207,0.11035518,0.65033418,-0.60848194,-0.17875659,0.00000000,0.00000000,-2.99784851,0.05074823,0.59387589,0.19324315,0.27160776,0.00000000,0.00000000
-2.96413398,0.11821239,0.66193807,-0.62259573,-0.16098726,0.00000000,0.00000000,-2.99806523,0.05479695,0.66195732,0.17262422,0.23995982,0.00000000,0.00000000
-2.96013761,0.13080013,0.67673224,-0.63881332,-0.15757810,0.00000000,0.00000000,-3.00011539,0.05746929,0.73532999,0.14886419,0.18991104,0.00000000,0.00000000
-2.95373058,0.15152043,0.69552141,-0.65528631,-0.13698716,0.00000000,0.00000000,-3.00367403,0.05878062,0.81340629,0.12185990,0.15428327,0.00000000,0.00000000
-2.94505310,0.17861715,0.71801382,-0.67265952,-0.14811864,0.00000000,0.00000000,-3.00729895,0.05889168,0.89537179,0.09128273,0.11454360,0.00000000,0.00000000
-2.93599534,0.20483533,0.74262565,-0.69651955,-0.16471469,0.00000000,0.00000000,-3.00943041,0.05765796,0.98030466,0.05639884,0.07235224,0.00000000,0.00000000
-2.92662668,0.22851451,0.76835275,-0.72998643,-0.18458420,0.00000000,0.00000000,-3.00996709,0.05353664,1.06720757,0.01457567,0.03956677,0.00000000,0.00000000
-2.91680551,0.24800849,0.79375041,-0.77307785,-0.18968670,0.00000000,0.00000000,-3.00999999,0.04305410,1.15497851,-0.03886808,0.00678727,0.00000000,0.00000000
-2.89925957,0.27433562,0.81925833,-0.81285834,-0.20436005,0.00000000,0.00000000,-3.00999999,0.02517557,1.24224699,-0.10380269,-0.02676021,0.00000000,0.00000000
-2.87703276,0.30685368,0.84598678,-0.84875971,-0.23229395,0.00000000,0.00000000,-3.00998998,-0.00042471,1.32720900,-0.17681356,-0.03039228,0.00000000,0.00000000
-2.85551667,0.33882207,0.87335670,-0.88292837,-0.24621129,0.00000000,0.00000000,-3.00974631,-0.03268201,1.40778089,-0.25378653,-0.01771762,0.00000000,0.00000000
-2.83758879,0.36718446,0.90069091,-0.91469258,-0.28490639,0.00000000,0.00000000,-3.00786352,-0.06991060,1.48175013,-0.33022481,-0.00656402,0.00000000,0.00000000
-2.82504654,0.39085624,0.92710447,-0.94350457,-0.31774446,0.00000000,0.00000000,-3.00243974,-0.11056359,1.54696131,-0.40170038,0.01714818,0.00000000,0.00000000
-2.81896138,0.40889925,0.95087785,-0.97048664,-0.36362609,0.00000000,0.00000000,-2.99529457,-0.15286468,1.60168779,-0.46467501,0.05252399,0.00000000,0.00000000
-2.81765723,0.42209572,0.97020578,-0.99742794,-0.41674057,0.00000000,0.00000000,-2.98836613,-0.19374894,1.64528680,-0.51824445,0.09046601,0.00000000,0.00000000
-2.81552148,0.43432969,0.98421127,-1.03109467,-0.45954809,0.00000000,0.00000000,-2.98379207,-0.23031984,1.67824841,-0.56491786,0.13742019,0.00000000,0.00000000
-2.81243086,0.44146633,0.99022233,-1.09654331,-0.49833533,0.00000000,0.00000000,-2.98835588,-0.26462728,1.70062590,-0.61092466,0.18789934,0.00000000,0.00000000
-2.80559468,0.43835485,0.98457867,-1.20499504,-0.53198433,0.00000000,0.00000000,-2.99662280,-0.29643902,1.71302783,-0.67502487,0.22960736,0.00000000,0.00000000
-2.78356481,0.43012279,0.96848351,-1.34795129,-0.56885988,0.00000000,0.00000000,-3.00050926,-0.31950206,1.71807766,-0.77279037,0.26687869,0.00000000,0.00000000
-2.74056458,0.41948119,0.94457519,-1.50340414,-0.57497698,0.00000000,0.00000000,-3.00259566,-0.33793840,1.71286249,-0.90703404,0.30983457,0.00000000,0.00000000
-2.69029498,0.39250186,0.91229725,-1.66054320,-0.60458618,0.00000000,0.00000000,-3.00691962,-0.35994089,1.69062757,-1.06659782,0.33594680,0.00000000,0.00000000
-2.63310504,0.34899336,0.87782365,-1.81217337,-0.63647532,0.00000000,0.00000000,-3.00948215,-0.37224647,1.65838361,-1.22874033,0.35060301,0.00000000,0.00000000
-2.56148505,0.29269540,0.84464335,-1.94964540,-0.65798253,0.00000000,0.00000000,-3.00997376,-0.36978379,1.62081730,-1.37618804,0.36786860,0.00000000,0.00000000
-2.47059512,0.22384258,0.81350154,-2.06735969,-0.68773639,0.00000000,0.00000000,-3.00999999,-0.35483596,1.58008158,-1.50180209,0.39081261,0.00000000,0.00000000
-2.35680485,0.14274973,0.78251213,-2.15950561,-0.69657022,0.00000000,0.00000000,-3.00999999,-0.33392683,1.53695226,-1.60540497,0.41235635,0.00000000,0.00000000
-2.21848273,0.04753890,0.74982011,-2.22165179,-0.70083338,0.00000000,0.00000000,-3.00999999,-0.31363219,1.49235964,-1.68532145,0.43803290,0.00000000,0.00000000
-2.05653143,-0.06408370,0.71289855,-2.25227547,-0.70473599,0.00000000,0.00000000,-3.00999999,-0.29863989,1.44687665,-1.73958540,0.46730453,0.00000000,0.00000000
-1.87449622,-0.19199692,0.66779768,-2.25956035,-0.70628697,0.00000000,0.00000000,-3.00999999,-0.29179755,1.40083385,-1.76717067,0.48468393,0.00000000,0.00000000
-1.67901242,-0.33212274,0.60954118,-2.25965166,-0.68414885,0.00000000,0.00000000,-3.00999999,-0.29449734,1.35495734,-1.76832926,0.50116044,0.00000000,0.00000000
-1.47824395,-0.47495821,0.53385824,-2.25333405,-0.65616000,0.00000000,0.00000000,-3.00999999,-0.30548707,1.31091166,-1.74580872,0.51523268,0.00000000,0.00000000
-1.28291225,-0.60599321,0.43576258,-2.22137523,-0.62384987,0.00000000,0.00000000,-3.00999999,-0.32061207,1.27155352,-1.70470595,0.54096723,0.00000000,0.00000000
-1.10561860,-0.71700281,0.30960104,-2.15611744,-0.59634191,0.00000000,0.00000000,-3.00999999,-0.33512068,1.24019992,-1.65106356,0.54872662,0.00000000,0.00000000
-0.94293463,-0.81482351,0.16549928,-2.09203267,-0.57858151,0.00000000,0.00000000,-3.00999999,-0.34659237,1.21892285,-1.59043407,0.54882991,0.00000000,0.00000000
-0.79116470,-0.90380734,0.01176932,-2.03868747,-0.58160728,0.00000000,0.00000000,-3.00999999,-0.35567799,1.20710278,-1.52646792,0.54716092,0.00000000,0.00000000
-0.64692128,-0.99317539,-0.14454748,-1.98463845,-0.59020919,0.00000000,0.00000000,-3.00999999,-0.36463097,1.20225000,-1.45965362,0.53725868,0.00000000,0.00000000
-0.51292598,-1.08896554,-0.30218783,-1.92183650,-0.61959720,0.00000000,0.00000000,-3.00999999,-0.37591666,1.20141351,-1.38746893,0.52142358,0.00000000,0.00000000
-0.38698354,-1.19163907,-0.45462316,-1.85175562,-0.61976796,0.00000000,0.00000000,-3.00999999,-0.38989520,1.20280099,-1.30762100,0.49925062,0.00000000,0.00000000
-0.26707453,-1.29862428,-0.59501910,-1.77761865,-0.60274392,0.00000000,0.00000000,-3.00999999,-0.40551355,1.20569193,-1.22115684,0.47543615,0.00000000,0.00000000
-0.15594986,-1.40715528,-0.72078323,-1.70270932,-0.58268332,0.00000000,0.00000000,-3.00999999,-0.42053753,1.21021342,-1.13161409,0.42618817,0.00000000,0.00000000
-0.05755743,-1.51348674,-0.83125114,-1.62862754,-0.55111772,0.00000000,0.00000000,-3.00999999,-0.43358445,1.21573961,-1.04296494,0.38888982,0.00000000,0.00000000
0.02525495,-1.61238027,-0.92689806,-1.55423915,-0.52409506,0.00000000,0.00000000,-3.00999999,-0.44507763,1.22057271,-0.95751053,0.36365524,0.00000000,0.00000000
0.09085979,-1.69806862,-1.00983524,-1.47724140,-0.46041465,0.00000000,0.00000000,-3.00999999,-0.45606950,1.22336471,-0.87591398,0.34781769,0.00000000,0.00000000
0.13984881,-1.76616299,-1.08261752,-1.39694428,-0.40558466,0.00000000,0.00000000,-3.00999999,-0.46726388,1.22397494,-0.79913175,0.31445453,0.00000000,0.00000000
0.17627023,-1.81561470,-1.14631188,-1.31631768,-0.35975277,0.00000000,0.00000000,-3.00999999,-0.47863132,1.22339237,-0.72925138,0.28247178,0.00000000,0.00000000
0.20485030,-1.84920752,-1.20096684,-1.24202299,-0.34365761,0.00000000,0.00000000,-3.00999999,-0.48971069,1.22323883,-0.66887492,0.25546545,0.00000000,0.00000000
0.22776426,-1.87170732,-1.24709499,-1.18060899,-0.34636042,0.00000000,0.00000000,-3.00999999,-0.50032908,1.22507358,-0.61978972,0.22806449,0.00000000,0.00000000
0.24459296,-1.88720918,-1.28641868,-1.13432646,-0.36647037,0.00000000,0.00000000,-3.00999999,-0.51063716,1.22993577,-0.58172685,0.21713413,0.00000000,0.00000000
0.25400481,-1.89799654,-1.32137072,-1.10104859,-0.38302073,0.00000000,0.00000000,-3.00999999,-0.52089822,1.23825324,-0.55256164,0.20538960,0.00000000,0.00000000
0.25595054,-1.90561223,-1.35321105,-1.07687747,-0.38850832,0.00000000,0.00000000,-3.00999999,-0.53099835,1.25015998,-0.52948534,0.20244017,0.00000000,0.00000000
0.25182801,-1.91131377,-1.38157380,-1.05752540,-0.42792615,0.00000000,0.00000000,-3.00999999,-0.54071009,1.26561415,-0.51033294,0.19842066,0.00000000,0.00000000
0.24356505,-1.91597807,-1.40523565,-1.03867209,-0.45957980,0.00000000,0.00000000,-3.00999999,-0.55051899,1.28420353,-0.49424607,0.21104850,0.00000000,0.00000000
0.23287688,-1.91951323,-1.42351198,-1.01619101,-0.47746396,0.00000000,0.00000000,-3.00999999,-0.56088454,1.30526638,-0.48057649,0.22576711,0.00000000,0.00000000
0.22014704,-1.92045808,-1.43736541,-0.98713070,-0.49432620,0.00000000,0.00000000,-3.00999999,-0.57145160,1.32809663,-0.46800500,0.25263354,0.00000000,0.00000000
0.20646977,-1.92205274,-1.44538116,-0.95131719,-0.50127983,0.00000000,0.00000000,-3.00999999,-0.58203113,1.35179341,-0.45604682,0.29008675,0.00000000,0.00000000
0.19278884,-1.92542636,-1.44818926,-0.90866512,-0.50784165,0.00000000,0.00000000,-3.00999999,-0.59240264,1.37560821,-0.44255662,0.29973772,0.00000000,0.00000000
0.17877051,-1.92604768,-1.45001888,-0.85797322,-0.51124430,0.00000000,0.00000000,-3.00999999,-0.60199958,1.39933062,-0.42442775,0.29488912,0.00000000,0.00000000
0.16425408,-1.92463279,-1.45230448,-0.80186325,-0.53721422,0.00000000,0.00000000,-3.00999999,-0.60939574,1.42325115,-0.40222988,0.28755349,0.00000000,0.00000000
0.14988950,-1.92224610,-1.45567775,-0.74338728,-0.54939133,0.00000000,0.00000000,-3.00999999,-0.61381280,1.44773090,-0.37731737,0.27785903,0.00000000,0.00000000
0.13887568,-1.91719854,-1.46125627,-0.68320501,-0.54843897,0.00000000,0.00000000,-3.00999999,-0.61397004,1.47331047,-0.34975815,0.27000767,0.00000000,0.00000000
0.13278584,-1.91376114,-1.46693623,-0.62692899,-0.54181129,0.00000000,0.00000000,-3.00999999,-0.61087590,1.50009823,-0.32069376,0.27075315,0.00000000,0.00000000
0.12878473,-1.91171026,-1.47268248,-0.58026350,-0.54407501,0.00000000,0.00000000,-3.00999999,-0.60432321,1.52820194,-0.29100913,0.26686150,0.00000000,0.00000000
0.12607342,-1.91128683,-1.47796488,-0.54512149,-0.55380648,0.00000000,0.00000000,-3.00999999,-0.59530717,1.55729961,-0.26148662,0.25464627,0.00000000,0.00000000
0.12592670,-1.91338682,-1.48174429,-0.52182782,-0.54630345,0.00000000,0.00000000,-3.00999999,-0.58583379,1.58669245,-0.23348963,0.24211843,0.00000000,0.00000000
0.13234571,-1.92001629,-1.48292935,-0.50846744,-0.56305295,0.00000000,0.00000000,-3.00999999,-0.57560140,1.61594391,-0.20754187,0.25513881,0.00000000,0.00000000
0.14264089,-1.93430352,-1.48052275,-0.50639457,-0.57217085,0.00000000,0.00000000,-3.00999999,-0.56332183,1.64482760,-0.18322647,0.23901676,0.00000000,0.00000000
0.14643668,-1.95073783,-1.47657228,-0.51652771,-0.58145678,0.00000000,0.00000000,-3.00999999,-0.55128968,1.67289495,-0.16026643,0.24004203,0.00000000,0.00000000
0.14664748,-1.96712184,-1.47181439,-0.53161973,-0.58344120,0.00000000,0.00000000,-3.00999999,-0.54098350,1.69989741,-0.13854901,0.23980172,0.00000000,0.00000000
0.14557123,-1.98449683,-1.46604693,-0.54700339,-0.58688670,0.00000000,0.00000000,-3.00972605,-0.53288823,1.72582781,-0.11689042,0.22846995,0.00000000,0.00000000
0.14310797,-2.00287914,-1.45951605,-0.56054771,-0.57346147,0.00000000,0.00000000,-3.00528026,-0.52734929,1.75083923,-0.09171834,0.21095954,0.00000000,0.00000000
0.13950658,-2.02125692,-1.45280933,-0.57091653,-0.56509244,0.00000000,0.00000000,-2.98773074,-0.52415407,1.77523267,-0.05759219,0.20068796,0.00000000,0.00000000
0.13466425,-2.03885841,-1.44633043,-0.57816583,-0.55176848,0.00000000,0.00000000,-2.95516396,-0.52215689,1.79937637,-0.00985292,0.19224541,0.00000000,0.00000000
0.12845565,-2.05563045,-1.44004583,-0.58321494,-0.52808625,0.00000000,0.00000000,-2.90942645,-0.51928806,1.82355595,0.05399468,0.16428328,0.00000000,0.00000000
0.12127843,-2.07166052,-1.43369889,-0.58693969,-0.48132655,0.00000000,0.00000000,-2.85195756,-0.51290041,1.84778702,0.13463168,0.15351833,0.00000000,0.00000000
0.11379068,-2.08680129,-1.42704201,-0.58985943,-0.44409221,0.00000000,0.00000000,-2.78373814,-0.50021762,1.87164187,0.23133613,0.11890966,0.00000000,0.00000000
0.10630558,-2.10104179,-1.41984093,-0.59220231,-0.42671639,0.00000000,0.00000000,-2.70523334,-0.47830263,1.89412725,0.34191829,0.09236009,0.00000000,0.00000000
0.09858987,-2.11508417,-1.41176021,-0.59402078,-0.41828728,0.00000000,0.00000000,-2.61775541,-0.44434455,1.91359770,0.46460506,0.07318897,0.00000000,0.00000000
0.09042211,-2.12913847,-1.40276659,-0.59514195,-0.41783100,0.00000000,0.00000000,-2.52520299,-0.39705583,1.92803431,0.60427260,0.07425655,0.00000000,0.00000000
0.08202171,-2.14085007,-1.39377093,-0.59508014,-0.40092683,0.00000000,0.00000000,-2.42249370,-0.32830861,1.93359411,0.76647967,0.06579611,0.00000000,0.00000000
0.07344394,-2.14870548,-1.38539004,-0.59348351,-0.39506280,0.00000000,0.00000000,-2.28797913,-0.21234056,1.92109871,0.93858516,0.06905221,0.00000000,0.00000000
0.06402142,-2.15285277,-1.37771904,-0.59023118,-0.38490295,0.00000000,0.00000000,-2.10647607,-0.03017207,1.88182640,1.09968793,0.08102716,0.00000000,0.00000000
0.05291941,-2.15500212,-1.37050343,-0.58534050,-0.38275099,0.00000000,0.00000000,-1.87507093,0.21981102,1.81321943,1.23068893,0.09766821,0.00000000,0.00000000
0.03988671,-2.15665913,-1.36378789,-0.57893151,-0.35677159,0.00000000,0.00000000,-1.60279846,0.52345717,1.72033465,1.31734180,0.11201751,0.00000000,0.00000000
0.02554168,-2.15741825,-1.35840297,-0.57123840,-0.31952217,0.00000000,0.00000000,-1.30896330,0.85512668,1.61461473,1.35099721,0.12871671,0.00000000,0.00000000
0.01160782,-2.15601206,-1.35540307,-0.56250358,-0.27218986,0.00000000,0.00000000,-1.01830459,1.18335652,1.51109564,1.32926321,0.15056841,0.00000000,0.00000000
0.00060710,-2.15167785,-1.35539973,-0.55288374,-0.23001117,0.00000000,0.00000000,-0.75480533,1.47736514,1.42438710,1.25656188,0.16192508,0.00000000,0.00000000
-0.00541873,-2.14379525,-1.35860634,-0.54254007,-0.18754043,0.00000000,0.00000000,-0.53572714,1.71353316,1.36460102,1.14385998,0.17037435,0.00000000,0.00000000
-0.00590157,-2.13255215,-1.36467040,-0.53169203,-0.15795805,0.00000000,0.00000000,-0.36725527,1.88145876,1.33420599,1.00817454,0.17802170,0.00000000,0.00000000
-0.00208519,-2.12023211,-1.37239075,-0.52083927,-0.13568783,0.00000000,0.00000000,-0.24390298,1.98801637,1.32701206,0.87021309,0.18069893,0.00000000,0.00000000
0.00384767,-2.11003470,-1.38024700,-0.51079190,-0.11833204,0.00000000,0.00000000,-0.15379405,2.05212688,1.33248270,0.74754781,0.16852292,0.00000000,0.00000000
0.01019457,-2.10319734,-1.38742137,-0.50215751,-0.10578004,0.00000000,0.00000000,-0.08546853,2.09166551,1.34266543,0.64937091,0.15276965,0.00000000,0.00000000
0.01612704,-2.09916067,-1.39376450,-0.49516466,-0.10044225,0.00000000,0.00000000,-0.03262887,2.11732745,1.35384548,0.57581729,0.12596871,0.00000000,0.00000000
0.02135845,-2.09742236,-1.39919925,-0.48987317,-0.11098029,0.00000000,0.00000000,0.00565215,2.13415360,1.36476028,0.52023613,0.10466505,0.00000000,0.00000000
0.02588576,-2.09773111,-1.40363026,-0.48626176,-0.10500122,0.00000000,0.00000000,0.03182394,2.14479089,1.37520361,0.47668660,0.07261714,0.00000000,0.00000000
0.02990530,-2.09969068,-1.40703940,-0.48420846,-0.09468612,0.00000000,0.00000000,0.04907723,2.15165901,1.38498461,0.44156572,0.04237998,0.00000000,0.00000000
0.03359744,-2.10271001,-1.40950084,-0.48355260,-0.06198411,0.00000000,0.00000000,0.05977471,2.15651107,1.39390457,0.41255644,0.00562313,0.00000000,0.00000000
0.03679259,-2.10624194,-1.41111827,-0.48418930,-0.02634851,0.00000000,0.00000000,0.06571738,2.15702796,1.40263367,0.38801056,-0.03932877,0.00000000,0.00000000
0.03939341,-2.10998344,-1.41196167,-0.48581758,-0.01776830,0.00000000,0.00000000,0.06689472,2.15229726,1.41133702,0.36600029,-0.06562363,0.00000000,0.00000000
0.04154224,-2.11404586,-1.41202998,-0.48802468,-0.02627402,0.00000000,0.00000000,0.06496432,2.14617753,1.41919601,0.34658951,-0.08200686,0.00000000,0.00000000
0.04347357,-2.11818218,-1.41146564,-0.49044120,-0.04217178,0.00000000,0.00000000,0.06334813,2.14362168,1.42528844,0.33169827,-0.08460777,0.00000000,0.00000000
0.04535219,-2.12199235,-1.41047060,-0.49279106,-0.05770459,0.00000000,0.00000000,0.06234974,2.14282322,1.42994988,0.32080057,-0.11222039,0.00000000,0.00000000
0.04729578,-2.12544632,-1.40912592,-0.49485508,-0.10409428,0.00000000,0.00000000,0.06166972,2.14168906,1.43353808,0.31289077,-0.11124878,0.00000000,0.00000000
0.04924738,-2.12836885,-1.40753126,-0.49651748,-0.14261037,0.00000000,0.00000000,0.06159493,2.14071965,1.43595397,0.30767044,-0.09091666,0.00000000,0.00000000
0.05106750,-2.13053846,-1.40576935,-0.49777955,-0.18818481,0.00000000,0.00000000,0.06223840,2.14063621,1.43707490,0.30489528,-0.06462467,0.00000000,0.00000000
0.05262847,-2.13182592,-1.40387976,-0.49872392,-0.22665532,0.00000000,0.00000000,0.06345952,2.14155674,1.43688965,0.30421010,-0.01789462,0.00000000,0.00000000
0.05381623,-2.13225150,-1.40185285,-0.49948370,-0.24984178,0.00000000,0.00000000,0.06513067,2.14337611,1.43543458,0.30528879,-0.00291921,0.00000000,0.00000000
0.05463810,-2.13194656,-1.39963555,-0.50015122,-0.25129834,0.00000000,0.00000000,0.06721718,2.14587998,1.43277812,0.30785197,0.01653247,0.00000000,0.00000000
0.05524154,-2.13108087,-1.39715683,-0.50074238,-0.23981757,0.00000000,0.00000000,0.06967271,2.14892745,1.42899370,0.31164315,0.02914078,0.00000000,0.00000000
0.05576949,-2.12975883,-1.39438927,-0.50124526,-0.20527934,0.00000000,0.00000000,0.07231392,2.15226173,1.42418110,0.31635791,0.05910893,0.00000000,0.00000000
0.05620063,-2.12806702,-1.39134443,-0.50171131,-0.14757393,0.00000000,0.00000000,0.07498769,2.15578985,1.41841280,0.32173699,0.07455403,0.00000000,0.00000000
0.05636520,-2.12607145,-1.38805687,-0.50223947,-0.12839776,0.00000000,0.00000000,0.07766364,2.15939546,1.41175604,0.32757813,0.06711213,0.00000000,0.00000000
0.05621784,-2.12393522,-1.38451374,-0.50284219,-0.11044101,0.00000000,0.00000000,0.08034308,2.16287565,1.40427852,0.33372104,0.06448816,0.00000000,0.00000000
0.05596193,-2.12186170,-1.38062930,-0.50338459,-0.11042208,0.00000000,0.00000000,0.08284963,2.16600180,1.39602613,0.34002602,0.03139425,0.00000000,0.00000000
0.05581497,-2.11993766,-1.37629616,-0.50364971,-0.08827063,0.00000000,0.00000000,0.08484752,2.16838360,1.38704419,0.34635860,0.01557336,0.00000000,0.00000000
0.05585460,-2.11825442,-1.37137878,-0.50339514,-0.08721539,0.00000000,0.00000000,0.08612015,2.16966295,1.37743008,0.35260701,0.00263840,0.00000000,0.00000000
0.05599080,-2.11671138,-1.36579657,-0.50247782,-0.08098844,0.00000000,0.00000000,0.08659966,2.16998076,1.36750686,0.35857275,-0.02121719,0.00000000,0.00000000
0.05603520,-2.11522388,-1.35946810,-0.50091350,-0.07923749,0.00000000,0.00000000,0.08640165,2.17000008,1.35779810,0.36396667,-0.04855353,0.00000000,0.00000000
0.05584573,-2.11383200,-1.35225487,-0.49875614,-0.07556791,0.00000000,0.00000000,0.08578674,2.17000008,1.34888601,0.36848772,-0.08341238,0.00000000,0.00000000
0.05541426,-2.11254311,-1.34398985,-0.49597722,-0.05143470,0.00000000,0.00000000,0.08495609,2.17000008,1.34137440,0.37184331,-0.10663538,0.00000000,0.00000000
0.05477598,-2.11127234,-1.33450806,-0.49251813,-0.01637629,0.00000000,0.00000000,0.08397528,2.17000008,1.33593988,0.37375054,-0.12729968,0.00000000,0.00000000
0.05382967,-2.10972428,-1.32372022,-0.48839983,0.02678851,0.00000000,0.00000000,0.08288354,2.17000008,1.33347583,0.37393022,-0.13278757,0.00000000,0.00000000
0.05225998,-2.10745978,-1.31162274,-0.48372492,0.05038129,0.00000000,0.00000000,0.08181896,2.17000008,1.33505750,0.37218729,-0.13693559,0.00000000,0.00000000
0.04957675,-2.10419774,-1.29821670,-0.47856107,0.08923169,0.00000000,0.00000000,0.08097303,2.17000008,1.34168506,0.36850360,-0.14024091,0.00000000,0.00000000
0.04512466,-2.09996319,-1.28348994,-0.47277889,0.11637738,0.00000000,0.00000000,0.08030725,2.17000008,1.35392237,0.36303350,-0.13824229,0.00000000,0.00000000
0.03803939,-2.09516406,-1.26744270,-0.46593300,0.13170244,0.00000000,0.00000000,0.07900541,2.16980076,1.37137973,0.35601658,-0.12529975,0.00000000,0.00000000
0.02706055,-2.09061503,-1.25016701,-0.45742616,0.13585499,0.00000000,0.00000000,0.07556432,2.16662884,1.39251304,0.34776238,-0.13670979,0.00000000,0.00000000
0.01000977,-2.08665752,-1.23218906,-0.44703346,0.13767999,0.00000000,0.00000000,0.06986390,2.15491080,1.41549933,0.33894491,-0.15126660,0.00000000,0.00000000
-0.01570416,-2.08222365,-1.21458614,-0.43489388,0.11820666,0.00000000,0.00000000,0.06464981,2.13612270,1.43906641,0.33095205,-0.18419462,0.00000000,0.00000000
-0.05063373,-2.07624722,-1.19818306,-0.42064875,0.11056731,0.00000000,0.00000000,0.06302664,2.11486363,1.46225488,0.32530534,-0.22636583,0.00000000,0.00000000
-0.09310008,-2.06890583,-1.18304765,-0.40374792,0.10719241,0.00000000,0.00000000,0.06562773,2.09511089,1.48418832,0.32265642,-0.27816686,0.00000000,0.00000000
-0.14077961,-2.06110501,-1.16872811,-0.38440803,0.08702336,0.00000000,0.00000000,0.07074961,2.07945108,1.50406206,0.32293141,-0.34485286,0.00000000,0.00000000
-0.19078256,-2.05532002,-1.15424490,-0.36391196,0.08914667,0.00000000,0.00000000,0.07545921,2.06847191,1.52117622,0.32575476,-0.40960753,0.00000000,0.00000000
-0.23946972,-2.05340576,-1.13861740,-0.34285915,0.08917025,0.00000000,0.00000000,0.07714086,2.06318808,1.53471291,0.33036855,-0.46742120,0.00000000,0.00000000
-0.28370291,-2.05703545,-1.12112081,-0.32218090,0.08742954,0.00000000,0.00000000,0.07473268,2.06393671,1.54412937,0.33558726,-0.50282091,0.00000000,0.00000000
-0.32359463,-2.06746531,-1.10173714,-0.30495390,0.09622050,0.00000000,0.00000000,0.06911318,2.06918335,1.54950416,0.33999786,-0.53774029,0.00000000,0.00000000
-0.36020622,-2.08456302,-1.08105433,-0.29487383,0.13315718,0.00000000,0.00000000,0.06186606,2.07674789,1.55131972,0.34207782,-0.57105452,0.00000000,0.00000000
-0.38915417,-2.10437560,-1.05985796,-0.29112470,0.16484648,0.00000000,0.00000000,0.05319097,2.08492875,1.55007648,0.33993837,-0.59421700,0.00000000,0.00000000
-0.40708092,-2.12285876,-1.03887987,-0.29181868,0.18597935,0.00000000,0.00000000,0.04257301,2.09320879,1.54595900,0.33204290,-0.61278194,0.00000000,0.00000000
-0.41420543,-2.13914180,-1.01851678,-0.29714355,0.21411368,0.00000000,0.00000000,0.03006964,2.10165954,1.53895712,0.31796712,-0.60499209,0.00000000,0.00000000
-0.41075590,-2.15301466,-0.99898052,-0.30728722,0.22917862,0.00000000,0.00000000,0.01705117,2.10990763,1.52926576,0.29874173,-0.60096943,0.00000000,0.00000000
-0.39639786,-2.16336012,-0.98052770,-0.32164735,0.23653781,0.00000000,0.00000000,0.00562568,2.11709023,1.51745474,0.27651933,-0.62774515,0.00000000,0.00000000
-0.37159714,-2.16866350,-0.96376336,-0.33920705,0.26011479,0.00000000,0.00000000,-0.00308151,2.12193537,1.50432968,0.25345656,-0.65230179,0.00000000,0.00000000
-0.33825094,-2.16992426,-0.94985652,-0.35863802,0.26965433,0.00000000,0.00000000,-0.01007597,2.12200642,1.49068797,0.23068324,-0.66838413,0.00000000,0.00000000
-0.29795247,-2.17000008,-0.94008023,-0.37791148,0.24733070,0.00000000,0.00000000,-0.01736331,2.11572623,1.47686279,0.20887427,-0.67875886,0.00000000,0.00000000
-0.25290653,-2.17000008,-0.93545026,-0.39519334,0.21742547,0.00000000,0.00000000,-0.02373118,2.10657334,1.46236897,0.19071226,-0.67871028,0.00000000,0.00000000
-0.20947218,-2.17000008,-0.93718433,-0.41037709,0.20490605,0.00000000,0.00000000,-0.02281110,2.09883785,1.44663608,0.18129158,-0.66217655,0.00000000,0.00000000
-0.17219514,-2.17000008,-0.94617164,-0.42226681,0.19597566,0.00000000,0.00000000,-0.01006805,2.09298277,1.42944515,0.18331434,-0.67029923,0.00000000,0.00000000
-0.13947657,-2.16985440,-0.96185428,-0.42825821,0.19009076,0.00000000,0.00000000,0.01314304,2.08865762,1.41051173,0.19501017,-0.65422755,0.00000000,0.00000000
-0.10826161,-2.16751432,-0.98235446,-0.42815569,0.18620238,0.00000000,0.00000000,0.04393734,2.08663702,1.38935733,0.21338718,-0.61310518,0.00000000,0.00000000
-0.07650161,-2.15850568,-1.00576496,-0.42224967,0.17783003,0.00000000,0.00000000,0.08024009,2.08939719,1.36537170,0.23638833,-0.57182682,0.00000000,0.00000000
-0.04103636,-2.14221096,-1.03034472,-0.40793973,0.15948597,0.00000000,0.00000000,0.11946931,2.09858966,1.33823848,0.26239294,-0.52859122,0.00000000,0.00000000
-0.00086770,-2.12410951,-1.05363107,-0.38389021,0.16186628,0.00000000,0.00000000,0.15946007,2.11214399,1.30841410,0.29017809,-0.48596677,0.00000000,0.00000000
0.03145672,-2.11532927,-1.07377791,-0.35916007,0.16439952,0.00000000,0.00000000,0.19794825,2.12722445,1.27668107,0.31887868,-0.44780496,0.00000000,0.00000000
0.05228359,-2.11126995,-1.09149778,-0.33593497,0.15119107,0.00000000,0.00000000,0.23118050,2.14129496,1.24382901,0.34759298,-0.41387171,0.00000000,0.00000000
0.06752571,-2.10882711,-1.10665143,-0.31261510,0.15677375,0.00000000,0.00000000,0.25680009,2.15354371,1.21037173,0.37617165,-0.35868853,0.00000000,0.00000000
0.07999095,-2.10843825,-1.11910355,-0.28951272,0.15272829,0.00000000,0.00000000,0.27420866,2.16300082,1.17680359,0.40450287,-0.31809041,0.00000000,0.00000000
0.08944723,-2.10989428,-1.12928426,-0.26720271,0.15548734,0.00000000,0.00000000,0.28373694,2.16846895,1.14352024,0.43203142,-0.28117841,0.00000000,0.00000000
0.09431444,-2.11192513,-1.13786983,-0.24598096,0.15758750,0.00000000,0.00000000,0.28606224,2.16991043,1.11081266,0.45750281,-0.26740259,0.00000000,0.00000000
0.09056383,-2.11177731,-1.14577663,-0.22744977,0.17914055,0.00000000,0.00000000,0.28126195,2.17000008,1.07899785,0.47865075,-0.26935840,0.00000000,0.00000000
0.07199846,-2.11027765,-1.15348601,-0.21679769,0.17676006,0.00000000,0.00000000,0.26895502,2.17000008,1.04851675,0.49328858,-0.27676201,0.00000000,0.00000000
0.04139769,-2.11394858,-1.16029871,-0.21671465,0.18660833,0.00000000,0.00000000,0.25028166,2.17000008,1.01987100,0.50180113,-0.28834766,0.00000000,0.00000000
0.01238666,-2.11860490,-1.16624486,-0.21996492,0.21320878,0.00000000,0.00000000,0.22773905,2.17000008,0.99324048,0.50676137,-0.30406493,0.00000000,0.00000000
-0.01653758,-2.11990690,-1.17189777,-0.22626287,0.22864634,0.00000000,0.00000000,0.20308858,2.17000008,0.96926183,0.50995833,-0.34656632,0.00000000,0.00000000
-0.04816190,-2.11732435,-1.17735040,-0.23640543,0.24265119,0.00000000,0.00000000,0.17860427,2.17000008,0.94980979,0.51297611,-0.39928862,0.00000000,0.00000000
-0.08234771,-2.11075211,-1.18257296,-0.24920164,0.27270147,0.00000000,0.00000000,0.15725726,2.17000008,0.93757272,0.51709712,-0.47278357,0.00000000,0.00000000
-0.11911561,-2.10106754,-1.18752229,-0.26356554,0.29847825,0.00000000,0.00000000,0.13945426,2.17000008,0.93477088,0.52131695,-0.53031772,0.00000000,0.00000000
-0.15828346,-2.09088612,-1.19202399,-0.27894375,0.32016730,0.00000000,0.00000000,0.12325341,2.17000008,0.94267255,0.52261949,-0.57784837,0.00000000,0.00000000
-0.19943425,-2.08321905,-1.19589305,-0.29503146,0.35185629,0.00000000,0.00000000,0.10622112,2.17000008,0.96124732,0.51673704,-0.61584890,0.00000000,0.00000000
-0.24179967,-2.07861090,-1.19930422,-0.31169185,0.38310143,0.00000000,0.00000000,0.08908141,2.17000008,0.98902678,0.50249904,-0.64490610,0.00000000,0.00000000
-0.28353226,-2.07581258,-1.20265102,-0.32920507,0.40208918,0.00000000,0.00000000,0.07539767,2.17000008,1.02353895,0.48153007,-0.66305709,0.00000000,0.00000000
-0.32261622,-2.07366323,-1.20610142,-0.34842587,0.39792529,0.00000000,0.00000000,0.06568299,2.17000008,1.06127048,0.45623222,-0.66360396,0.00000000,0.00000000
-0.35629120,-2.07301807,-1.20908165,-0.36991054,0.39901346,0.00000000,0.00000000,0.05860404,2.16987729,1.09966600,0.42820954,-0.67022812,0.00000000,0.00000000
-0.38161200,-2.07521176,-1.21046329,-0.39331874,0.39384890,0.00000000,0.00000000,0.05293883,2.16800165,1.13728440,0.39887664,-0.65837765,0.00000000,0.00000000
-0.39691991,-2.08044553,-1.20898199,-0.41771230,0.39474100,0.00000000,0.00000000,0.04802077,2.16200161,1.17311943,0.37024859,-0.65694344,0.00000000,0.00000000
-0.40221360,-2.08779097,-1.20351648,-0.44180176,0.40241313,0.00000000,0.00000000,0.04410437,2.15462494,1.20642424,0.34487817,-0.66762561,0.00000000,0.00000000
-0.39805844,-2.09615469,-1.19315422,-0.46356171,0.40001276,0.00000000,0.00000000,0.04212181,2.14765048,1.23690426,0.32492062,-0.66995293,0.00000000,0.00000000
-0.38562524,-2.10493493,-1.17727518,-0.48040533,0.38850167,0.00000000,0.00000000,0.04137050,2.14182854,1.26421893,0.31074628,-0.67409569,0.00000000,0.00000000
-0.36541733,-2.11389899,-1.15550756,-0.48956135,0.36976165,0.00000000,0.00000000,0.04190202,2.13757801,1.28808475,0.30214912,-0.70366299,0.00000000,0.00000000
-0.33439800,-2.12205267,-1.12757468,-0.48646596,0.36391792,0.00000000,0.00000000,0.04542626,2.13749313,1.30803156,0.29960155,-0.74519897,0.00000000,0.00000000
-0.29276356,-2.12903070,-1.09398401,-0.46930858,0.36264139,0.00000000,0.00000000,0.05014579,2.14076161,1.32398510,0.30120414,-0.79547608,0.00000000,0.00000000
-0.25088742,-2.14065528,-1.05549395,-0.44738466,0.34318221,0.00000000,0.00000000,0.05440570,2.14627051,1.33612442,0.30534443,-0.84578520,0.00000000,0.00000000
-0.21044463,-2.15374160,-1.01463163,-0.42400637,0.31591204,0.00000000,0.00000000,0.05835087,2.15438414,1.34466255,0.31157479,-0.88556474,0.00000000,0.00000000
-0.17252824,-2.16334963,-0.97500902,-0.40056166,0.29806158,0.00000000,0.00000000,0.06104799,2.16268778,1.35034811,0.31877556,-0.91002387,0.00000000,0.00000000
-0.13819511,-2.16856289,-0.93957102,-0.37790355,0.29600421,0.00000000,0.00000000,0.06165759,2.16831017,1.35409021,0.32627827,-0.92894864,0.00000000,0.00000000
-0.10925576,-2.16991615,-0.91092318,-0.35590929,0.29227784,0.00000000,0.00000000,0.06014381,2.16989899,1.35729289,0.33358821,-0.94568092,0.00000000,0.00000000
-0.08777948,-2.17000008,-0.89093292,-0.33357635,0.31756330,0.00000000,0.00000000,0.05726162,2.17000008,1.36187041,0.33997014,-0.94749254,0.00000000,0.00000000
-0.07453247,-2.16993952,-0.87983900,-0.30983031,0.33946228,0.00000000,0.00000000,0.05400348,2.17000008,1.36924863,0.34477058,-0.93916148,0.00000000,0.00000000
-0.06897784,-2.16892290,-0.87623191,-0.28484461,0.36002657,0.00000000,0.00000000,0.05086111,2.17000008,1.37969947,0.34747344,-0.90149063,0.00000000,0.00000000
-0.06980295,-2.16452670,-0.87782961,-0.26002941,0.40409255,0.00000000,0.00000000,0.04798470,2.16999125,1.39252222,0.34774241,-0.89008546,0.00000000,0.00000000
-0.07553887,-2.15619302,-0.88224185,-0.23738936,0.46307048,0.00000000,0.00000000,0.04545638,2.16980362,1.40640271,0.34552532,-0.85671341,0.00000000,0.00000000
-0.08424388,-2.14657521,-0.88743669,-0.21825206,0.49573791,0.00000000,0.00000000,0.04338518,2.16850424,1.41990471,0.34103400,-0.83478606,0.00000000,0.00000000
-0.09406730,-2.13695216,-0.89219809,-0.20244525,0.52356982,0.00000000,0.00000000,0.04200695,2.16498876,1.43205607,0.33468086,-0.83647805,0.00000000,0.00000000
-0.10457063,-2.12765431,-0.89614064,-0.18928176,0.56457967,0.00000000,0.00000000,0.04161755,2.16027927,1.44239426,0.32719344,-0.86074281,0.00000000,0.00000000
-0.11576936,-2.11913371,-0.89919436,-0.17831343,0.58278197,0.00000000,0.00000000,0.04240604,2.15543365,1.45066404,0.31966111,-0.89364606,0.00000000,0.00000000
-0.12726688,-2.11171103,-0.90130848,-0.16933493,0.61071497,0.00000000,0.00000000,0.04441538,2.15135121,1.45656681,0.31337807,-0.93906689,0.00000000,0.00000000
-0.13858388,-2.10563850,-0.90242118,-0.16241167,0.62724626,0.00000000,0.00000000,0.04770688,2.14889717,1.45976365,0.30958292,-0.96712744,0.00000000,0.00000000
-0.14994648,-2.10121989,-0.90249676,-0.15811770,0.63353395,0.00000000,0.00000000,0.05229441,2.14853430,1.45999444,0.30906934,-0.96709418,0.00000000,0.00000000
-0.16322954,-2.09985924,-0.90150833,-0.15839183,0.63432771,0.00000000,0.00000000,0.05777532,2.15027905,1.45715308,0.31182614,-0.97795868,0.00000000,0.00000000
-0.17932971,-2.10447741,-0.89926767,-0.16558126,0.64780247,0.00000000,0.00000000,0.06303942,2.15347934,1.45135391,0.31690320,-0.99197853,0.00000000,0.00000000
-0.19306123,-2.11365414,-0.89556909,-0.17739354,0.67621213,0.00000000,0.00000000,0.06688410,2.15730095,1.44284427,0.32290936,-0.99218059,0.00000000,0.00000000
-0.20212951,-2.12236285,-0.89063340,-0.19073200,0.69775391,0.00000000,0.00000000,0.06947067,2.16133833,1.43188643,0.32897854,-0.97999352,0.00000000,0.00000000
-0.20873006,-2.13086605,-0.88450974,-0.20635639,0.74481064,0.00000000,0.00000000,0.07170703,2.16511369,1.41880035,0.33465540,-0.96679628,0.00000000,0.00000000
-0.21374829,-2.14035511,-0.87707365,-0.22477999,0.77268475,0.00000000,0.00000000,0.07409359,2.16802168,1.40390539,0.33961394,-0.95348346,0.00000000,0.00000000
-0.21686052,-2.15042710,-0.86823732,-0.24527621,0.80420846,0.00000000,0.00000000,0.07673146,2.16958761,1.38743651,0.34383467,-0.97124702,0.00000000,0.00000000
-0.21774173,-2.15992689,-0.85796154,-0.26676512,0.83162707,0.00000000,0.00000000,0.07965875,2.16997623,1.36953819,0.34770033,-0.98448145,0.00000000,0.00000000
-0.21655750,-2.16686440,-0.84632689,-0.28821629,0.84112537,0.00000000,0.00000000,0.08290898,2.17000008,1.35028124,0.35183224,-1.00044823,0.00000000,0.00000000
-0.21400797,-2.16954231,-0.83364958,-0.30870843,0.85903692,0.00000000,0.00000000,0.08636380,2.17000008,1.32977521,0.35675380,-1.00810719,0.00000000,0.00000000
-0.21083681,-2.16997838,-0.82049102,-0.32717568,0.85611451,0.00000000,0.00000000,0.08968917,2.17000008,1.30841351,0.36254334,-1.01933622,0.00000000,0.00000000
-0.20769690,-2.17000008,-0.80764306,-0.34210753,0.85461229,0.00000000,0.00000000,0.09259263,2.17000008,1.28696215,0.36884004,-1.01758850,0.00000000,0.00000000
-0.20502678,-2.17000008,-0.79606879,-0.35148522,0.83074397,0.00000000,0.00000000,0.09515402,2.17000008,1.26643050,0.37511221,-1.01793981,0.00000000,0.00000000
-0.20279068,-2.17000008,-0.78652197,-0.35380781,0.81694794,0.00000000,0.00000000,0.09723698,2.17000008,1.24768531,0.38072085,-1.00851321,0.00000000,0.00000000
-0.20076190,-2.17000008,-0.77932322,-0.34888989,0.80036670,0.00000000,0.00000000,0.09338472,2.17000008,1.23109651,0.38174850,-0.99514562,0.00000000,0.00000000
-0.19874109,-2.17000008,-0.77441037,-0.33768263,0.78575182,0.00000000,0.00000000,0.08086796,2.17000008,1.21730900,0.37500635,-0.99149883,0.00000000,0.00000000
-0.19666357,-2.17000008,-0.77169901,-0.32135665,0.79689229,0.00000000,0.00000000,0.07889374,2.17000008,1.20771396,0.37152469,-1.00389171,0.00000000,0.00000000
-0.19477315,-2.17000008,-0.77115363,-0.30119380,0.79246962,0.00000000,0.00000000,0.08182926,2.17000008,1.20144284,0.36926135,-1.02330589,0.00000000,0.00000000
-0.19349813,-2.17000008,-0.77249128,-0.27914843,0.79299212,0.00000000,0.00000000,0.08333330,2.17000008,1.19794524,0.36485213,-1.03994596,0.00000000,0.00000000
-0.19325152,-2.17000008,-0.77521110,-0.25756481,0.77217484,0.00000000,0.00000000,0.08353791,2.17000008,1.19723737,0.35808748,-1.04692829,0.00000000,0.00000000
-0.19413899,-2.17000008,-0.77870941,-0.23863120,0.73162919,0.00000000,0.00000000,0.08296687,2.17000008,1.19915855,0.34909990,-1.04318297,0.00000000,0.00000000
-0.19592221,-2.17000008,-0.78244615,-0.22370024,0.68744385,0.00000000,0.00000000,0.08192437,2.16999030,1.20321715,0.33829880,-1.05457211,0.00000000,0.00000000
-0.19819924,-2.17000008,-0.78600681,-0.21312432,0.64722747,0.00000000,0.00000000,0.08043150,2.16981721,1.20852220,0.32653135,-1.08939350,0.00000000,0.00000000
-0.20048755,-2.17000008,-0.78904003,-0.20663054,0.55453891,0.00000000,0.00000000,0.07829445,2.16894984,1.21388054,0.31505385,-0.96601462,0.00000000,0.00000000
-0.20224671,-2.17000008,-0.79125965,-0.20339906,0.44842911,0.00000000,0.00000000,0.07556737,2.16711402,1.21812451,0.30541039,-0.82957524,0.00000000,0.00000000
-0.20319735,-2.17000008,-0.79248261,-0.20221359,0.34364879,0.00000000,0.00000000,0.07334685,2.16541624,1.22050226,0.29948178,-0.68488193,0.00000000,0.00000000
