l_joint1,l_joint2,l_joint3,l_joint4,l_joint5,l_joint6,l_joint7,r_joint1,r_joint2,r_joint3,r_joint4,r_joint5,r_joint6,r_joint7
-0.01617220,-2.17000008,-1.14936733,-0.26551169,-0.02895411,0.00000000,0.00000000,-0.00019176,2.17000008,1.26959491,0.31610221,-0.01915267,0.00000000,0.00000000
-0.01782602,-2.17000008,-1.14911246,-0.26417512,-0.04988376,0.00000000,0.00000000,0.00035776,2.17000008,1.26825261,0.31557956,-0.01373792,0.00000000,0.00000000
-0.02109642,-2.17000008,-1.14852929,-0.26183841,-0.07009684,0.00000000,0.00000000,0.00138855,2.17000008,1.26574111,0.31465745,-0.00259478,0.00000000,0.00000000
-0.02591143,-2.17000008,-1.14745128,-0.25887060,-0.10180174,0.00000000,0.00000000,0.00284796,2.17000008,1.26219678,0.31359217,0.01475324,0.00000000,0.00000000
-0.03196480,-2.17000008,-1.14565730,-0.25563273,-0.13236745,0.00000000,0.00000000,0.00458094,2.17000008,1.25780487,0.31268302,0.02574794,0.00000000,0.00000000
-0.03874382,-2.17000008,-1.14290249,-0.25236592,-0.15874460,0.00000000,0.00000000,0.00628384,2.17000008,1.25275207,0.31211862,0.04302521,0.00000000,0.00000000
-0.04577496,-2.16998243,-1.13893056,-0.24927989,-0.15687957,0.00000000,0.00000000,0.00766090,2.17000008,1.24717021,0.31194648,0.04777730,0.00000000,0.00000000
-0.05276931,-2.16972041,-1.13348258,-0.24665596,-0.13761301,0.00000000,0.00000000,0.00862929,2.17000008,1.24117815,0.31206796,0.04135072,0.00000000,0.00000000
-0.05940122,-2.16895342,-1.12634206,-0.24469112,-0.12141244,0.00000000,0.00000000,0.00931961,2.17000008,1.23500836,0.31218624,0.01349816,0.00000000,0.00000000
-0.06552329,-2.16834402,-1.11739397,-0.24344106,-0.10809118,0.00000000,0.00000000,0.01002194,2.17000008,1.22900128,0.31180173,-0.03231056,0.00000000,0.00000000
-0.07109734,-2.16840291,-1.10658383,-0.24283008,-0.07441481,0.00000000,0.00000000,0.01102945,2.17000008,1.22343874,0.31038025,-0.09304544,0.00000000,0.00000000
-0.07600416,-2.16909075,-1.09387302,-0.24264035,-0.03540162,0.00000000,0.00000000,0.01250100,2.17000008,1.21839285,0.30757537,-0.15880732,0.00000000,0.00000000
-0.08015652,-2.16977501,-1.07928777,-0.24248125,-0.00823665,0.00000000,0.00000000,0.01442963,2.17000008,1.21373153,0.30330843,-0.20417279,0.00000000,0.00000000
-0.08371360,-2.16998649,-1.06297171,-0.24183270,0.00440893,0.00000000,0.00000000,0.01667713,2.17000008,1.20922184,0.29772910,-0.25200006,0.00000000,0.00000000
-0.08693009,-2.17000008,-1.04513896,-0.24015322,0.01304952,0.00000000,0.00000000,0.01900372,2.17000008,1.20462596,0.29113972,-0.25965658,0.00000000,0.00000000
-0.08999049,-2.17000008,-1.02599192,-0.23702592,-0.00666252,0.00000000,0.00000000,0.02114742,2.17000008,1.19978166,0.28384909,-0.25060916,0.00000000,0.00000000
-0.09299652,-2.17000008,-1.00569379,-0.23221831,-0.02018520,0.00000000,0.00000000,0.02291789,2.17000008,1.19465339,0.27602765,-0.23045364,0.00000000,0.00000000
-0.09598944,-2.17000008,-0.98437297,-0.22564574,-0.03926704,0.00000000,0.00000000,0.02423980,2.17000008,1.18928611,0.26772511,-0.20686837,0.00000000,0.00000000
-0.09897884,-2.17000008,-0.96211845,-0.21733971,-0.06012443,0.00000000,0.00000000,0.02514784,2.17000008,1.18362141,0.25912011,-0.17255659,0.00000000,0.00000000
-0.10201494,-2.17000008,-0.93898398,-0.20742410,-0.06674556,0.00000000,0.00000000,0.02574151,2.17000008,1.17734444,0.25077420,-0.17709008,0.00000000,0.00000000
-0.10525018,-2.17000008,-0.91502100,-0.19606809,-0.09011889,0.00000000,0.00000000,0.02607674,2.17000008,1.16997099,0.24352269,-0.14981858,0.00000000,0.00000000
-0.10894797,-2.17000008,-0.89030147,-0.18349777,-0.09839491,0.00000000,0.00000000,0.02608213,2.17000008,1.16109300,0.23811135,-0.14425445,0.00000000,0.00000000
-0.11347461,-2.17000008,-0.86492258,-0.17011017,-0.07087802,0.00000000,0.00000000,0.02566223,2.17000008,1.15054667,0.23496844,-0.14097089,0.00000000,0.00000000
-0.11922472,-2.17000008,-0.83899802,-0.15657046,-0.04710283,0.00000000,0.00000000,0.02492840,2.17000008,1.13848352,0.23409344,-0.13717929,0.00000000,0.00000000
-0.12642959,-2.16999865,-0.81264508,-0.14375097,-0.02195844,0.00000000,0.00000000,0.02426650,2.17000008,1.12537265,0.23492396,-0.13178907,0.00000000,0.00000000
-0.13496046,-2.16997766,-0.78596866,-0.13252799,0.00347317,0.00000000,0.00000000,0.02416223,2.17000008,1.11187792,0.23638211,-0.13939826,0.00000000,0.00000000
-0.14429326,-2.16991711,-0.75904506,-0.12359869,0.02243170,0.00000000,0.00000000,0.02502871,2.17000008,1.09864473,0.23725457,-0.14808474,0.00000000,0.00000000
-0.15360366,-2.16989708,-0.73191631,-0.11733435,0.05502746,0.00000000,0.00000000,0.02714566,2.17000008,1.08612847,0.23664387,-0.16615401,0.00000000,0.00000000
-0.16189595,-2.16996479,-0.70459324,-0.11368022,0.08463645,0.00000000,0.00000000,0.03057777,2.17000008,1.07450569,0.23419338,-0.19462349,0.00000000,0.00000000
-0.16816367,-2.16999769,-0.67706716,-0.11218535,0.10412332,0.00000000,0.00000000,0.03502914,2.17000008,1.06364715,0.23004766,-0.23811255,0.00000000,0.00000000
-0.17162414,-2.17000008,-0.64933091,-0.11221774,0.12422345,0.00000000,0.00000000,0.03973641,2.17000008,1.05315363,0.22458722,-0.29118526,0.00000000,0.00000000
-0.17209244,-2.17000008,-0.62141383,-0.11332405,0.12119471,0.00000000,0.00000000,0.04349737,2.17000008,1.04245353,0.21801911,-0.30442768,0.00000000,0.00000000
-0.17052843,-2.17000008,-0.59344518,-0.11551671,0.09295170,0.00000000,0.00000000,0.04494915,2.17000008,1.03093302,0.21009189,-0.29894593,0.00000000,0.00000000
-0.16924670,-2.17000008,-0.56571931,-0.11904873,0.06117679,0.00000000,0.00000000,0.04309335,2.17000008,1.01804984,0.20020485,-0.27965105,0.00000000,0.00000000
-0.17042418,-2.17000008,-0.53861445,-0.12377032,0.02668246,0.00000000,0.00000000,0.03777411,2.17000008,1.00332427,0.18806548,-0.25555760,0.00000000,0.00000000
-0.17325041,-2.17000008,-0.51230693,-0.12914465,-0.00685393,0.00000000,0.00000000,0.02994235,2.17000008,0.98626471,0.17457667,-0.22618632,0.00000000,0.00000000
-0.17542006,-2.17000008,-0.48676503,-0.13493030,-0.05716026,0.00000000,0.00000000,0.02155320,2.17000008,0.96659911,0.16135773,-0.18072413,0.00000000,0.00000000
-0.17844157,-2.17000008,-0.46213078,-0.14158684,-0.11109842,0.00000000,0.00000000,0.01488005,2.17000008,0.94445896,0.14954451,-0.10989011,0.00000000,0.00000000
-0.18515430,-2.17000008,-0.43861368,-0.14948605,-0.15749514,0.00000000,0.00000000,0.01047913,2.17000008,0.92006320,0.13928096,-0.08361616,0.00000000,0.00000000
-0.19565803,-2.17000008,-0.41617757,-0.15853640,-0.19347245,0.00000000,0.00000000,0.00698361,2.17000008,0.89353478,0.13011992,-0.06266443,0.00000000,0.00000000
-0.20804182,-2.17000008,-0.39458287,-0.16826509,-0.23137596,0.00000000,0.00000000,0.00254872,2.17000008,0.86496973,0.12170422,-0.04151240,0.00000000,0.00000000
-0.22013989,-2.17000008,-0.37353715,-0.17784114,-0.24728599,0.00000000,0.00000000,-0.00411638,2.17000008,0.83452123,0.11407243,-0.02337680,0.00000000,0.00000000
-0.23024654,-2.17000008,-0.35275012,-0.18619370,-0.27643406,0.00000000,0.00000000,-0.01336164,2.17000008,0.80243063,0.10767504,-0.03291462,0.00000000,0.00000000
-0.23738135,-2.17000008,-0.33194280,-0.19219148,-0.29116762,0.00000000,0.00000000,-0.02487834,2.17000008,0.76902425,0.10301107,-0.05036854,0.00000000,0.00000000
-0.24144618,-2.17000008,-0.31083542,-0.19502383,-0.32438093,0.00000000,0.00000000,-0.03817045,2.17000008,0.73470777,0.10014982,-0.09131257,0.00000000,0.00000000
-0.24219751,-2.17000008,-0.28898653,-0.19508880,-0.34597620,0.00000000,0.00000000,-0.05190497,2.17000008,0.69996440,0.09907277,-0.10859317,0.00000000,0.00000000
-0.23762493,-2.17000008,-0.26576433,-0.19299039,-0.34892723,0.00000000,0.00000000,-0.06355266,2.17000008,0.66533941,0.09957393,-0.12313242,0.00000000,0.00000000
-0.22695351,-2.17000008,-0.24087755,-0.18790445,-0.36348233,0.00000000,0.00000000,-0.07003821,2.17000008,0.63135386,0.10098825,-0.12635231,0.00000000,0.00000000
-0.21340060,-2.17000008,-0.21449155,-0.17951348,-0.38912550,0.00000000,0.00000000,-0.06870154,2.16965270,0.59838563,0.10212059,-0.14136367,0.00000000,0.00000000
-0.19665997,-2.17000008,-0.18635736,-0.16756676,-0.42086729,0.00000000,0.00000000,-0.06369849,2.16478395,0.56638753,0.09756024,-0.12765728,0.00000000,0.00000000
-0.17119314,-2.17000008,-0.15590225,-0.15064657,-0.44143516,0.00000000,0.00000000,-0.06433526,2.15444016,0.53467464,0.08300542,-0.11891734,0.00000000,0.00000000
-0.13874575,-2.17000008,-0.12335927,-0.12851813,-0.42829654,0.00000000,0.00000000,-0.05425022,2.15328574,0.50329477,0.07132153,-0.11160807,0.00000000,0.00000000
-0.11325890,-2.17000008,-0.09003445,-0.10295371,-0.42219293,0.00000000,0.00000000,-0.02304083,2.15250635,0.47284907,0.06158115,-0.13017850,0.00000000,0.00000000
-0.09248955,-2.17000008,-0.05611152,-0.07723459,-0.42378047,0.00000000,0.00000000,0.02278711,2.14980936,0.44289330,0.05246880,-0.14240105,0.00000000,0.00000000
-0.06824341,-2.17000008,-0.02144551,-0.05492886,-0.38583598,0.00000000,0.00000000,0.07467227,2.14791369,0.41281152,0.04503727,-0.15370266,0.00000000,0.00000000
-0.03573663,-2.17000008,0.01378386,-0.03785477,-0.34694409,0.00000000,0.00000000,0.12614094,2.14664102,0.38227242,0.03950992,-0.16590540,0.00000000,0.00000000
0.00586593,-2.17000008,0.04925112,-0.02678129,-0.28467718,0.00000000,0.00000000,0.17407809,2.14520836,0.35114530,0.03613054,-0.19998398,0.00000000,0.00000000
0.04999018,-2.17000008,0.08457832,-0.02247845,-0.22447100,0.00000000,0.00000000,0.21993543,2.14328885,0.31946662,0.03508631,-0.22116940,0.00000000,0.00000000
0.08978891,-2.17000008,0.11952223,-0.02505205,-0.16162825,0.00000000,0.00000000,0.26092872,2.14128208,0.28713408,0.03544826,-0.22305445,0.00000000,0.00000000
0.12377162,-2.17000008,0.15402663,-0.03454024,-0.08349917,0.00000000,0.00000000,0.29794097,2.13904953,0.25413483,0.03671304,-0.20261388,0.00000000,0.00000000
0.15408914,-2.17000008,0.18817797,-0.05096338,-0.01170274,0.00000000,0.00000000,0.33523318,2.14311552,0.22049165,0.04331867,-0.19447401,0.00000000,0.00000000
0.18301946,-2.17000008,0.22212566,-0.07421441,0.03032100,0.00000000,0.00000000,0.37343305,2.16138840,0.18611944,0.06039532,-0.19182661,0.00000000,0.00000000
0.20897664,-2.17000008,0.25590423,-0.10321113,0.05429793,0.00000000,0.00000000,0.40189219,2.16943359,0.15079571,0.07007742,-0.20252930,0.00000000,0.00000000
0.22847776,-2.17000008,0.28956559,-0.13250716,0.06004802,0.00000000,0.00000000,0.42070985,2.17000008,0.11425485,0.06898201,-0.19639947,0.00000000,0.00000000
0.23990680,-2.17000008,0.32362136,-0.14954560,0.06370535,0.00000000,0.00000000,0.42931333,2.17000008,0.07622575,0.05396647,-0.20002106,0.00000000,0.00000000
0.23986365,-2.16946507,0.35863763,-0.13677357,0.05376551,0.00000000,0.00000000,0.42899230,2.17000008,0.03705964,0.01445143,-0.20894846,0.00000000,0.00000000
0.22500239,-2.16029406,0.39449474,-0.08413628,0.03042339,0.00000000,0.00000000,0.42267704,2.16921830,-0.00216656,-0.05335440,-0.22249930,0.00000000,0.00000000
0.19663787,-2.11812496,0.43039227,0.00212842,0.01394480,0.00000000,0.00000000,0.41301832,2.15681028,-0.03967413,-0.14479810,-0.23034264,0.00000000,0.00000000
0.15774865,-2.02331352,0.46507490,0.10811888,0.00940076,0.00000000,0.00000000,0.40601143,2.11156201,-0.07332461,-0.24910688,-0.26179865,0.00000000,0.00000000
0.11611703,-1.87623870,0.49658704,0.22303851,0.02115389,0.00000000,0.00000000,0.40765655,2.04104805,-0.10084522,-0.35324380,-0.26433370,0.00000000,0.00000000
0.08964165,-1.68722832,0.52102876,0.33339801,0.02833416,0.00000000,0.00000000,0.41907060,1.96497357,-0.11971495,-0.44598052,-0.27401963,0.00000000,0.00000000
0.09576216,-1.47235990,0.53280401,0.42351592,0.02321883,0.00000000,0.00000000,0.44203243,1.89647472,-0.12869018,-0.52136838,-0.30975822,0.00000000,0.00000000
0.13351566,-1.24251544,0.52670580,0.48687157,0.00855180,0.00000000,0.00000000,0.47711304,1.83448815,-0.12835410,-0.58544058,-0.35785371,0.00000000,0.00000000
0.18787149,-1.00120258,0.49803707,0.52394819,-0.00719118,0.00000000,0.00000000,0.51941657,1.77707970,-0.12280902,-0.64869469,-0.41777742,0.00000000,0.00000000
0.23689914,-0.75596052,0.44378772,0.53298002,-0.02801987,0.00000000,0.00000000,0.56131369,1.72814357,-0.12066241,-0.70981729,-0.48637161,0.00000000,0.00000000
0.26087093,-0.52474600,0.36372557,0.50870472,-0.05305737,0.00000000,0.00000000,0.59635699,1.69421124,-0.13052896,-0.75818938,-0.54569936,0.00000000,0.00000000
0.24814355,-0.33074585,0.25962275,0.44397250,-0.09462440,0.00000000,0.00000000,0.61984509,1.68160713,-0.15691638,-0.78859651,-0.61634374,0.00000000,0.00000000
0.19652545,-0.19772936,0.13468947,0.33153224,-0.13357006,0.00000000,0.00000000,0.62889993,1.69445467,-0.19826354,-0.80125743,-0.67430598,0.00000000,0.00000000
0.10803662,-0.14437187,-0.00653697,0.16790524,-0.17118801,0.00000000,0.00000000,0.62191296,1.73104548,-0.24863803,-0.79623944,-0.71178252,0.00000000,0.00000000
-0.01819580,-0.18178172,-0.15777224,-0.04354984,-0.19256526,0.00000000,0.00000000,0.59152341,1.78256965,-0.30282801,-0.77372360,-0.74621558,0.00000000,0.00000000
-0.18092085,-0.30835128,-0.31025082,-0.29172775,-0.19875701,0.00000000,0.00000000,0.52757704,1.83728528,-0.35869694,-0.73362184,-0.78446043,0.00000000,0.00000000
-0.36650813,-0.51098073,-0.45303267,-0.55876899,-0.19220506,0.00000000,0.00000000,0.42671680,1.88785398,-0.41704634,-0.67571175,-0.79975653,0.00000000,0.00000000
-0.55048096,-0.76994973,-0.57499903,-0.82303894,-0.16474800,0.00000000,0.00000000,0.29448083,1.93243253,-0.48130584,-0.60259444,-0.79953921,0.00000000,0.00000000
-0.70486981,-1.06141353,-0.66740918,-1.06329763,-0.12313420,0.00000000,0.00000000,0.14426409,1.97451699,-0.55676013,-0.52062088,-0.79976875,0.00000000,0.00000000
-0.80485886,-1.35921812,-0.72535074,-1.26224864,-0.08560401,0.00000000,0.00000000,-0.00328171,2.02109265,-0.64859176,-0.44069391,-0.81886125,0.00000000,0.00000000
-0.83358836,-1.63577414,-0.74771869,-1.40763104,-0.04124213,0.00000000,0.00000000,-0.12280478,2.07312179,-0.75872982,-0.38188195,-0.83490455,0.00000000,0.00000000
-0.78697002,-1.86313474,-0.73882049,-1.49178886,-0.03901764,0.00000000,0.00000000,-0.19589823,2.12259531,-0.88384479,-0.36545083,-0.84552968,0.00000000,0.00000000
-0.67864490,-2.02118301,-0.71200705,-1.51653612,-0.04697511,0.00000000,0.00000000,-0.22508629,2.15859032,-1.01575565,-0.39874434,-0.85965419,0.00000000,0.00000000
-0.53501731,-2.10744524,-0.68779129,-1.50313675,-0.06266015,0.00000000,0.00000000,-0.23078902,2.16930819,-1.13943136,-0.47787663,-0.89019716,0.00000000,0.00000000
-0.38363299,-2.13105536,-0.68938315,-1.48140764,-0.12180402,0.00000000,0.00000000,-0.23011115,2.16998577,-1.23741055,-0.59200513,-0.93979752,0.00000000,0.00000000
-0.24010129,-2.11104512,-0.72677356,-1.46306157,-0.19596936,0.00000000,0.00000000,-0.23006646,2.16934276,-1.29876041,-0.72411525,-0.98425961,0.00000000,0.00000000
-0.11619429,-2.07407546,-0.79909402,-1.45193255,-0.27505109,0.00000000,0.00000000,-0.23195158,2.16194701,-1.32502306,-0.85574025,-1.02086949,0.00000000,0.00000000
-0.00965384,-2.03762221,-0.89782870,-1.44568419,-0.35892820,0.00000000,0.00000000,-0.23596482,2.13754749,-1.32658839,-0.97461450,-1.03761947,0.00000000,0.00000000
0.08582909,-2.00707054,-1.01608002,-1.43906701,-0.41422835,0.00000000,0.00000000,-0.24166831,2.10140657,-1.31429911,-1.07623839,-1.05649579,0.00000000,0.00000000
0.17594649,-1.98284316,-1.14739954,-1.42703223,-0.45582435,0.00000000,0.00000000,-0.24604481,2.05978084,-1.29562831,-1.16285586,-1.05705857,0.00000000,0.00000000
0.25986162,-1.96556568,-1.28538966,-1.41038668,-0.47852451,0.00000000,0.00000000,-0.24971934,2.01542521,-1.27524447,-1.23827958,-1.05873823,0.00000000,0.00000000
0.33409017,-1.95614576,-1.42263222,-1.39280117,-0.50143594,0.00000000,0.00000000,-0.25568941,1.96785390,-1.25556469,-1.30668819,-1.04048979,0.00000000,0.00000000
0.39686191,-1.95506561,-1.55129254,-1.37702358,-0.51443881,0.00000000,0.00000000,-0.26795477,1.91501772,-1.23851728,-1.37192643,-1.00724494,0.00000000,0.00000000
0.44693190,-1.96225858,-1.66480303,-1.36554337,-0.50371706,0.00000000,0.00000000,-0.29499251,1.85552824,-1.22607863,-1.43521035,-0.96806055,0.00000000,0.00000000
0.48220149,-1.97633314,-1.75927699,-1.36152208,-0.48914748,0.00000000,0.00000000,-0.34909382,1.78746474,-1.21847403,-1.49631667,-0.94398272,0.00000000,0.00000000
0.50187576,-1.99478817,-1.83375752,-1.36722755,-0.44857734,0.00000000,0.00000000,-0.43869838,1.70565963,-1.21292007,-1.55739748,-0.91869414,0.00000000,0.00000000
0.51072824,-2.01653409,-1.88914192,-1.38158202,-0.41257784,0.00000000,0.00000000,-0.56757426,1.60408616,-1.20417321,-1.62075579,-0.88692027,0.00000000,0.00000000
0.52015746,-2.04234219,-1.92850232,-1.39989364,-0.40341759,0.00000000,0.00000000,-0.73364770,1.47734904,-1.17993033,-1.68606281,-0.86133844,0.00000000,0.00000000
0.53779835,-2.07165003,-1.95564198,-1.41926813,-0.38257316,0.00000000,0.00000000,-0.92524654,1.32321322,-1.12298918,-1.74664891,-0.83146340,0.00000000,0.00000000
0.56093758,-2.10212898,-1.97116065,-1.44048655,-0.37643442,0.00000000,0.00000000,-1.13244069,1.15218627,-1.03079200,-1.79040110,-0.81989861,0.00000000,0.00000000
0.58453918,-2.13036203,-1.97517157,-1.46376073,-0.38428625,0.00000000,0.00000000,-1.34499097,0.98047781,-0.90917391,-1.80999005,-0.79999429,0.00000000,0.00000000
0.60738945,-2.15292454,-1.96949875,-1.48658288,-0.36562327,0.00000000,0.00000000,-1.55026770,0.82352394,-0.76341367,-1.80531633,-0.76438433,0.00000000,0.00000000
0.63124633,-2.16624594,-1.95861816,-1.50453842,-0.36690748,0.00000000,0.00000000,-1.73745871,0.69266051,-0.59800810,-1.78333712,-0.71823698,0.00000000,0.00000000
0.65493780,-2.16977954,-1.94704998,-1.51579857,-0.38270739,0.00000000,0.00000000,-1.90818930,0.59031880,-0.42418367,-1.75579786,-0.69531643,0.00000000,0.00000000
0.67348659,-2.17000008,-1.93603015,-1.52247155,-0.40473336,0.00000000,0.00000000,-2.07005239,0.50739646,-0.25314388,-1.73002970,-0.65252841,0.00000000,0.00000000
0.68358564,-2.17000008,-1.92647016,-1.52655268,-0.42611256,0.00000000,0.00000000,-2.22308946,0.43544018,-0.08672397,-1.70750773,-0.61544436,0.00000000,0.00000000
0.68343776,-2.17000008,-1.91770005,-1.52995515,-0.44558755,0.00000000,0.00000000,-2.36784697,0.36737642,0.07300626,-1.68772292,-0.57436514,0.00000000,0.00000000
0.67247355,-2.17000008,-1.90784848,-1.53477979,-0.45611387,0.00000000,0.00000000,-2.50495815,0.29514420,0.22318800,-1.67046213,-0.55249357,0.00000000,0.00000000
0.65220970,-2.17000008,-1.89575636,-1.54244792,-0.49261594,0.00000000,0.00000000,-2.63229680,0.21387057,0.36219025,-1.65509629,-0.55122447,0.00000000,0.00000000
0.62671655,-2.17000008,-1.88283861,-1.55278599,-0.52410120,0.00000000,0.00000000,-2.74637151,0.12344909,0.48869073,-1.64027703,-0.55034810,0.00000000,0.00000000
0.60008156,-2.17000008,-1.87154281,-1.56517470,-0.57259953,0.00000000,0.00000000,-2.84359193,0.02707652,0.60124886,-1.62472796,-0.53068990,0.00000000,0.00000000
0.57486778,-2.17000008,-1.86238384,-1.57884192,-0.61427885,0.00000000,0.00000000,-2.92112803,-0.07065898,0.69806057,-1.60705018,-0.52016371,0.00000000,0.00000000
0.55222213,-2.17000008,-1.85346615,-1.59243906,-0.65851957,0.00000000,0.00000000,-2.97537827,-0.16511171,0.77850240,-1.58549511,-0.52441579,0.00000000,0.00000000
0.53159195,-2.17000008,-1.84221065,-1.60455883,-0.69205135,0.00000000,0.00000000,-3.00294113,-0.25236747,0.84485137,-1.55895734,-0.53819442,0.00000000,0.00000000
0.51133889,-2.17000008,-1.82732201,-1.61418462,-0.73073286,0.00000000,0.00000000,-3.00959659,-0.32986939,0.90231472,-1.52823091,-0.55544299,0.00000000,0.00000000
0.48992139,-2.17000008,-1.80918002,-1.62046921,-0.76416254,0.00000000,0.00000000,-3.00999999,-0.39662439,0.95637935,-1.49541080,-0.55247337,0.00000000,0.00000000
0.46612775,-2.17000008,-1.78841019,-1.62280357,-0.79685044,0.00000000,0.00000000,-3.00999999,-0.45294645,1.01017785,-1.46211386,-0.55790788,0.00000000,0.00000000
0.43921906,-2.17000008,-1.76449800,-1.62082028,-0.80256253,0.00000000,0.00000000,-3.00999999,-0.50001609,1.06455457,-1.42897177,-0.56393528,0.00000000,0.00000000
0.40924424,-2.17000008,-1.73600161,-1.61422443,-0.79253584,0.00000000,0.00000000,-3.00999999,-0.53938907,1.11924231,-1.39599013,-0.57121319,0.00000000,0.00000000
0.37709013,-2.17000008,-1.70203376,-1.60290980,-0.75954401,0.00000000,0.00000000,-3.00999999,-0.57256854,1.17372525,-1.36285615,-0.56112975,0.00000000,0.00000000
0.34449780,-2.17000008,-1.66330242,-1.58712900,-0.72940838,0.00000000,0.00000000,-3.00999999,-0.60078669,1.22763717,-1.32914841,-0.56559479,0.00000000,0.00000000
0.31391579,-2.17000008,-1.62178004,-1.56739426,-0.69507760,0.00000000,0.00000000,-3.00999999,-0.62500131,1.28081393,-1.29456568,-0.56770372,0.00000000,0.00000000
0.28686050,-2.17000008,-1.58000255,-1.54517484,-0.66463482,0.00000000,0.00000000,-3.00999999,-0.64591211,1.33320665,-1.25916934,-0.57969147,0.00000000,0.00000000
0.26178110,-2.17000008,-1.54027295,-1.52457881,-0.64150125,0.00000000,0.00000000,-3.00999999,-0.66386890,1.38478994,-1.22345006,-0.58918887,0.00000000,0.00000000
0.23674260,-2.17000008,-1.50304782,-1.51080394,-0.62664628,0.00000000,0.00000000,-3.00999999,-0.67886645,1.43548214,-1.18819284,-0.61119169,0.00000000,0.00000000
0.20583345,-2.17000008,-1.47027254,-1.51037562,-0.61890817,0.00000000,0.00000000,-3.00999999,-0.69090325,1.48502004,-1.15428948,-0.65222943,0.00000000,0.00000000
0.16969585,-2.17000008,-1.44606209,-1.51960206,-0.61788297,0.00000000,0.00000000,-3.00999999,-0.70025307,1.53280401,-1.12268186,-0.69520670,0.00000000,0.00000000
0.14861093,-2.17000008,-1.42449808,-1.52364826,-0.61838114,0.00000000,0.00000000,-3.00999999,-0.70738441,1.57796073,-1.09421825,-0.73404032,0.00000000,0.00000000
0.14017852,-2.17000008,-1.40548229,-1.52699351,-0.63682723,0.00000000,0.00000000,-3.00999999,-0.71294200,1.61930132,-1.06923211,-0.74664915,0.00000000,0.00000000
0.13749477,-2.17000008,-1.39039600,-1.53354943,-0.64992678,0.00000000,0.00000000,-3.00999999,-0.71746951,1.65560091,-1.04760623,-0.78864396,0.00000000,0.00000000
0.14076190,-2.17000008,-1.38020051,-1.54060662,-0.66286308,0.00000000,0.00000000,-3.00999999,-0.72146791,1.68554986,-1.02918541,-0.83863562,0.00000000,0.00000000
0.15054354,-2.17000008,-1.37624800,-1.54449725,-0.66267550,0.00000000,0.00000000,-3.00999999,-0.72539079,1.70785713,-1.01383305,-0.86775315,0.00000000,0.00000000
0.16572167,-2.17000008,-1.37951910,-1.54285657,-0.65941387,0.00000000,0.00000000,-3.00999999,-0.72958344,1.72145832,-1.00154412,-0.86340052,0.00000000,0.00000000
0.18577325,-2.17000008,-1.39010215,-1.53433859,-0.63672835,0.00000000,0.00000000,-3.00999999,-0.73423690,1.72564602,-0.99273777,-0.86093378,0.00000000,0.00000000
0.21083651,-2.17000008,-1.40666819,-1.51877999,-0.60800666,0.00000000,0.00000000,-3.00999999,-0.73923826,1.72021747,-0.98833722,-0.83537698,0.00000000,0.00000000
0.23911846,-2.16999793,-1.42698073,-1.49869943,-0.57102793,0.00000000,0.00000000,-3.00999999,-0.74406308,1.70557821,-0.98951232,-0.82770354,0.00000000,0.00000000
0.26490465,-2.16997242,-1.44842112,-1.48037720,-0.53731483,0.00000000,0.00000000,-3.00999999,-0.74777246,1.68278992,-0.99712837,-0.78718483,0.00000000,0.00000000
0.28344059,-2.16993237,-1.46664548,-1.46937120,-0.52405882,0.00000000,0.00000000,-3.00999999,-0.74917340,1.65355051,-1.01115513,-0.75369573,0.00000000,0.00000000
0.29855132,-2.16997242,-1.47836351,-1.46371591,-0.52277344,0.00000000,0.00000000,-3.00999999,-0.74747437,1.61979938,-1.03046489,-0.71965343,0.00000000,0.00000000
0.31656867,-2.16999817,-1.48669517,-1.45983970,-0.52863997,0.00000000,0.00000000,-3.00999999,-0.74272019,1.58316898,-1.05333662,-0.71823514,0.00000000,0.00000000
0.33404332,-2.17000008,-1.49300075,-1.46079135,-0.55697590,0.00000000,0.00000000,-3.00999999,-0.73508143,1.54498935,-1.07831180,-0.71288145,0.00000000,0.00000000
0.34846050,-2.17000008,-1.49869359,-1.46840143,-0.58157134,0.00000000,0.00000000,-3.00999999,-0.72529256,1.50591350,-1.10409784,-0.70570189,0.00000000,0.00000000
0.36207590,-2.17000008,-1.50575173,-1.48158622,-0.58538377,0.00000000,0.00000000,-3.00999999,-0.71461809,1.46595955,-1.12909007,-0.70848423,0.00000000,0.00000000
0.37867433,-2.17000008,-1.51535511,-1.49714363,-0.58588481,0.00000000,0.00000000,-3.00999999,-0.70429331,1.42496264,-1.15145075,-0.69181848,0.00000000,0.00000000
0.40066952,-2.17000008,-1.52838600,-1.51126730,-0.56929338,0.00000000,0.00000000,-3.00999999,-0.69523114,1.38284123,-1.16950095,-0.64224517,0.00000000,0.00000000
0.42610762,-2.17000008,-1.54471242,-1.52288413,-0.54683334,0.00000000,0.00000000,-3.00999999,-0.68771505,1.33995450,-1.18255675,-0.60220730,0.00000000,0.00000000
0.44942966,-2.17000008,-1.56213140,-1.53409004,-0.49793631,0.00000000,0.00000000,-3.00999999,-0.68132639,1.29730809,-1.19151890,-0.54557568,0.00000000,0.00000000
0.46781707,-2.17000008,-1.57925689,-1.54581439,-0.45337564,0.00000000,0.00000000,-3.00999999,-0.67567611,1.25582492,-1.19787836,-0.49548438,0.00000000,0.00000000
0.48217803,-2.17000008,-1.59605896,-1.55696702,-0.40253225,0.00000000,0.00000000,-3.00999999,-0.67071557,1.21575654,-1.20250463,-0.44472212,0.00000000,0.00000000
0.49433944,-2.17000008,-1.61252940,-1.56639528,-0.34409913,0.00000000,0.00000000,-3.00999999,-0.66643387,1.17685473,-1.20569205,-0.35690254,0.00000000,0.00000000
0.50561076,-2.17000008,-1.62816262,-1.57349157,-0.28940839,0.00000000,0.00000000,-3.00999999,-0.66258359,1.13875866,-1.20763850,-0.27914408,0.00000000,0.00000000
0.51647890,-2.17000008,-1.64215791,-1.57797730,-0.23108576,0.00000000,0.00000000,-3.00999999,-0.65864205,1.10124302,-1.20867801,-0.22720948,0.00000000,0.00000000
0.52652401,-2.17000008,-1.65386140,-1.57983184,-0.17879516,0.00000000,0.00000000,-3.00999999,-0.65397274,1.06434989,-1.20936370,-0.18035199,0.00000000,0.00000000
0.53448141,-2.17000008,-1.66312492,-1.57937968,-0.15330480,0.00000000,0.00000000,-3.00999999,-0.64804482,1.02846420,-1.21049297,-0.14161924,0.00000000,0.00000000
0.53859591,-2.17000008,-1.67039466,-1.57729805,-0.14040340,0.00000000,0.00000000,-3.00999999,-0.64054745,0.99427152,-1.21296287,-0.09117750,0.00000000,0.00000000
0.53736365,-2.17000008,-1.67639399,-1.57427526,-0.13892344,0.00000000,0.00000000,-3.00999999,-0.63135272,0.96250480,-1.21740818,-0.04838021,0.00000000,0.00000000
0.53022379,-2.17000008,-1.68152225,-1.57052517,-0.16434106,0.00000000,0.00000000,-3.00999999,-0.62044358,0.93360096,-1.22391629,-0.02952208,0.00000000,0.00000000
0.51751876,-2.17000008,-1.68552768,-1.56573534,-0.20828600,0.00000000,0.00000000,-3.00999999,-0.60789633,0.90753478,-1.23211849,-0.02270554,0.00000000,0.00000000
0.49995816,-2.17000008,-1.68767321,-1.55948246,-0.23165427,0.00000000,0.00000000,-3.00999999,-0.59387714,0.88393986,-1.24162316,0.00774849,0.00000000,0.00000000
0.47785062,-2.17000008,-1.68748891,-1.55198288,-0.24505958,0.00000000,0.00000000,-3.00999999,-0.57863915,0.86234760,-1.25254285,0.04081235,0.00000000,0.00000000
0.45099863,-2.17000008,-1.68554068,-1.54438901,-0.25815195,0.00000000,0.00000000,-3.00999999,-0.56240791,0.84229231,-1.26567626,0.08846120,0.00000000,0.00000000
0.42019981,-2.17000008,-1.68239665,-1.53769231,-0.27759591,0.00000000,0.00000000,-3.00999999,-0.54491359,0.82325989,-1.28200614,0.12967677,0.00000000,0.00000000
0.38695952,-2.16997504,-1.67723489,-1.53258479,-0.27809981,0.00000000,0.00000000,-3.00999999,-0.52503985,0.80453891,-1.30200183,0.16374430,0.00000000,0.00000000
0.35281941,-2.16960526,-1.66809928,-1.52955079,-0.25394696,0.00000000,0.00000000,-3.00999999,-0.50120842,0.78513402,-1.32555008,0.19442707,0.00000000,0.00000000
0.31925735,-2.16857743,-1.65260994,-1.52871931,-0.20276721,0.00000000,0.00000000,-3.00989366,-0.47206697,0.76389372,-1.35230279,0.21036431,0.00000000,0.00000000
0.28763378,-2.16794920,-1.62860036,-1.52965295,-0.14847974,0.00000000,0.00000000,-3.00794172,-0.43693203,0.73895878,-1.38140881,0.21856253,0.00000000,0.00000000
0.25860155,-2.16829991,-1.59495676,-1.53153896,-0.10869481,0.00000000,0.00000000,-2.99752712,-0.39554104,0.70563316,-1.41039491,0.23007184,0.00000000,0.00000000
0.23243129,-2.16918302,-1.55226445,-1.53313375,-0.06518310,0.00000000,0.00000000,-2.97119546,-0.34698570,0.65609348,-1.43582559,0.22505167,0.00000000,0.00000000
0.21015540,-2.16981983,-1.50211585,-1.53267431,-0.00640025,0.00000000,0.00000000,-2.92852187,-0.29092464,0.58535951,-1.45764434,0.19663812,0.00000000,0.00000000
0.19196188,-2.16998959,-1.44589496,-1.52929771,0.02049672,0.00000000,0.00000000,-2.86856747,-0.22981262,0.49299818,-1.47864139,0.18110588,0.00000000,0.00000000
0.17607993,-2.17000008,-1.38503182,-1.52344608,0.02443746,0.00000000,0.00000000,-2.78952718,-0.16779363,0.38053879,-1.50175369,0.17870465,0.00000000,0.00000000
0.15898354,-2.17000008,-1.32091725,-1.51676917,0.00342408,0.00000000,0.00000000,-2.69061279,-0.10827083,0.25019765,-1.52961397,0.19512221,0.00000000,0.00000000
0.13670278,-2.17000008,-1.25453961,-1.51147687,-0.05687069,0.00000000,0.00000000,-2.57237053,-0.05153019,0.10418588,-1.56550837,0.21058781,0.00000000,0.00000000
0.11011697,-2.17000008,-1.18775296,-1.50695324,-0.12872241,0.00000000,0.00000000,-2.43747020,0.00725626,-0.05723199,-1.61639142,0.21663462,0.00000000,0.00000000
0.08633128,-2.17000008,-1.12692451,-1.49965298,-0.19993129,0.00000000,0.00000000,-2.28660345,0.08011155,-0.23394807,-1.69274318,0.23092343,0.00000000,0.00000000
0.06641211,-2.17000008,-1.07982874,-1.49094582,-0.26411176,0.00000000,0.00000000,-2.11075163,0.18879761,-0.42022535,-1.79199851,0.24466276,0.00000000,0.00000000
0.04891250,-2.17000008,-1.04720294,-1.48239887,-0.30838031,0.00000000,0.00000000,-1.90747070,0.35174227,-0.61697280,-1.89291573,0.26794153,0.00000000,0.00000000
0.03520461,-2.17000008,-1.02588248,-1.47224140,-0.35520723,0.00000000,0.00000000,-1.68001890,0.57079023,-0.82507694,-1.97451806,0.27660450,0.00000000,0.00000000
0.02513966,-2.17000008,-1.01216722,-1.45873499,-0.38363475,0.00000000,0.00000000,-1.43555903,0.83364326,-1.03973460,-2.02229738,0.25826484,0.00000000,0.00000000
0.01591129,-2.17000008,-1.00362968,-1.44216609,-0.39324597,0.00000000,0.00000000,-1.18599796,1.11975622,-1.25128901,-2.02760315,0.24067539,0.00000000,0.00000000
0.00715707,-2.17000008,-0.99882638,-1.42202592,-0.39108402,0.00000000,0.00000000,-0.94613516,1.40476608,-1.44707084,-1.98820245,0.20979603,0.00000000,0.00000000
0.00036895,-2.17000008,-0.99801016,-1.39584863,-0.38382372,0.00000000,0.00000000,-0.73058385,1.66436934,-1.61399221,-1.90817392,0.20080541,0.00000000,0.00000000
-0.00336362,-2.17000008,-1.00361419,-1.35995400,-0.37388843,0.00000000,0.00000000,-0.55080390,1.87755632,-1.74110830,-1.79634976,0.21164757,0.00000000,0.00000000
-0.00343672,-2.17000008,-1.02014661,-1.30973697,-0.37229872,0.00000000,0.00000000,-0.41075632,2.02969241,-1.82136536,-1.66605401,0.21731657,0.00000000,0.00000000
0.00020178,-2.17000008,-1.05173409,-1.24083400,-0.37698829,0.00000000,0.00000000,-0.30432650,2.11791182,-1.85633206,-1.53534937,0.23627408,0.00000000,0.00000000
0.00566519,-2.17000008,-1.09525251,-1.15307510,-0.36918885,0.00000000,0.00000000,-0.22580248,2.15620899,-1.86436915,-1.41282630,0.27351183,0.00000000,0.00000000
0.00917924,-2.17000008,-1.14278781,-1.05166185,-0.35748088,0.00000000,0.00000000,-0.16942441,2.16787624,-1.86667502,-1.28870201,0.30350783,0.00000000,0.00000000
0.01130408,-2.17000008,-1.19073737,-0.94163418,-0.33499977,0.00000000,0.00000000,-0.12351640,2.16989183,-1.86492407,-1.15990996,0.36114824,0.00000000,0.00000000
0.01702343,-2.17000008,-1.23831475,-0.82745451,-0.30683470,0.00000000,0.00000000,-0.08657263,2.17000008,-1.85519159,-1.02612579,0.41385904,0.00000000,0.00000000
0.03147763,-2.17000008,-1.28450978,-0.71565396,-0.27804783,0.00000000,0.00000000,-0.06097127,2.17000008,-1.83451414,-0.88890344,0.46353871,0.00000000,0.00000000
0.05325729,-2.16996980,-1.32904327,-0.61602718,-0.25596416,0.00000000,0.00000000,-0.04653632,2.17000008,-1.80039799,-0.75213206,0.49441504,0.00000000,0.00000000
0.08110403,-2.16947627,-1.37176096,-0.53343534,-0.23983499,0.00000000,0.00000000,-0.04131963,2.17000008,-1.75080502,-0.62022072,0.51037967,0.00000000,0.00000000
0.11675140,-2.16752338,-1.41180301,-0.46645510,-0.22769602,0.00000000,0.00000000,-0.04129703,2.17000008,-1.68484306,-0.49828240,0.51078933,0.00000000,0.00000000
0.15979262,-2.16456366,-1.44780469,-0.41197151,-0.20672928,0.00000000,0.00000000,-0.04224492,2.17000008,-1.60377216,-0.39116424,0.51929623,0.00000000,0.00000000
0.20366444,-2.16240978,-1.47817791,-0.37045637,-0.18077120,0.00000000,0.00000000,-0.04203439,2.17000008,-1.51002645,-0.30186984,0.53886187,0.00000000,0.00000000
0.24200679,-2.16139913,-1.50203824,-0.34323525,-0.19570284,0.00000000,0.00000000,-0.04159717,2.17000008,-1.40643108,-0.23092979,0.55922019,0.00000000,0.00000000
0.27488488,-2.16249776,-1.51871228,-0.32827502,-0.20074157,0.00000000,0.00000000,-0.04310099,2.17000008,-1.29582715,-0.17707469,0.58233047,0.00000000,0.00000000
0.30433023,-2.16583776,-1.52780044,-0.32210025,-0.17185503,0.00000000,0.00000000,-0.04733044,2.17000008,-1.18074930,-0.13805754,0.60740620,0.00000000,0.00000000
0.33059156,-2.16897321,-1.52964902,-0.32212180,-0.11201563,0.00000000,0.00000000,-0.05294637,2.17000008,-1.06303406,-0.11096402,0.64749378,0.00000000,0.00000000
0.35260004,-2.16993761,-1.52576542,-0.32680604,-0.07443336,0.00000000,0.00000000,-0.05774507,2.17000008,-0.94374382,-0.09245603,0.70290816,0.00000000,0.00000000
0.36889818,-2.17000008,-1.51889491,-0.33545610,-0.05099607,0.00000000,0.00000000,-0.05993288,2.17000008,-0.82342482,-0.07920553,0.76548451,0.00000000,0.00000000
0.37812725,-2.17000008,-1.51242805,-0.34804994,-0.04510614,0.00000000,0.00000000,-0.05836580,2.17000008,-0.70238107,-0.06823833,0.80149245,0.00000000,0.00000000
0.37942082,-2.17000008,-1.50967073,-0.36487511,-0.00349196,0.00000000,0.00000000,-0.05253479,2.17000008,-0.58079737,-0.05723322,0.80615187,0.00000000,0.00000000
0.37280542,-2.17000008,-1.51333499,-0.38607416,0.02309635,0.00000000,0.00000000,-0.04306301,2.17000008,-0.45878455,-0.04459366,0.80962598,0.00000000,0.00000000
0.35909033,-2.17000008,-1.52507138,-0.41155881,0.03521761,0.00000000,0.00000000,-0.03145321,2.17000008,-0.33644342,-0.02955052,0.82640779,0.00000000,0.00000000
0.33924374,-2.17000008,-1.54486084,-0.44123757,0.03844067,0.00000000,0.00000000,-0.01890464,2.17000008,-0.21393102,-0.01211225,0.84676456,0.00000000,0.00000000
0.31412283,-2.17000008,-1.57046962,-0.47493938,0.06422598,0.00000000,0.00000000,-0.00564206,2.17000008,-0.09146733,0.00750814,0.84503585,0.00000000,0.00000000
0.28478169,-2.17000008,-1.59760702,-0.51194561,0.09449394,0.00000000,0.00000000,0.00898357,2.17000008,0.03069853,0.02963042,0.81069010,0.00000000,0.00000000
0.25284642,-2.17000008,-1.62140262,-0.55060631,0.13706876,0.00000000,0.00000000,0.02587155,2.17000008,0.15229267,0.05590753,0.79243749,0.00000000,0.00000000
0.22014944,-2.17000008,-1.63847888,-0.58866751,0.16298716,0.00000000,0.00000000,0.04503554,2.17000008,0.27290952,0.08898234,0.78512466,0.00000000,0.00000000
0.18826006,-2.17000008,-1.64784956,-0.62392288,0.17868450,0.00000000,0.00000000,0.06430911,2.16992760,0.39182693,0.12982295,0.77546120,0.00000000,0.00000000
0.15811065,-2.17000008,-1.65042651,-0.65483171,0.18933664,0.00000000,0.00000000,0.08088680,2.16881251,0.50796628,0.17691770,0.74833506,0.00000000,0.00000000
0.13009113,-2.17000008,-1.64790440,-0.68065947,0.17999458,0.00000000,0.00000000,0.09290541,2.16518235,0.61989844,0.22885779,0.72914892,0.00000000,0.00000000
0.10437600,-2.17000008,-1.64176285,-0.70125610,0.16778691,0.00000000,0.00000000,0.09925903,2.16099596,0.72594100,0.28406221,0.71361566,0.00000000,0.00000000
0.08120511,-2.17000008,-1.63275039,-0.71675307,0.15070450,0.00000000,0.00000000,0.10007872,2.15854549,0.82450283,0.34026563,0.70051396,0.00000000,0.00000000
0.06101951,-2.17000008,-1.62102413,-0.72733074,0.14482103,0.00000000,0.00000000,0.09642777,2.15865421,0.91432190,0.39500001,0.68511432,0.00000000,0.00000000
0.04435014,-2.17000008,-1.60662377,-0.73311734,0.14841732,0.00000000,0.00000000,0.08945291,2.16108894,0.99451029,0.44599253,0.67022401,0.00000000,0.00000000
0.03158612,-2.17000008,-1.58984768,-0.73414171,0.14157669,0.00000000,0.00000000,0.07999803,2.16490340,1.06455255,0.49141210,0.64107758,0.00000000,0.00000000
0.02276970,-2.17000008,-1.57135713,-0.73032576,0.12689933,0.00000000,0.00000000,0.06862084,2.16836023,1.12435484,0.52997291,0.64049834,0.00000000,0.00000000
0.01759897,-2.17000008,-1.55208850,-0.72151029,0.11106244,0.00000000,0.00000000,0.05580544,2.16976595,1.17434764,0.56089795,0.61881596,0.00000000,0.00000000
0.01569747,-2.17000008,-1.53313339,-0.70751286,0.10459624,0.00000000,0.00000000,0.04209476,2.16998911,1.21549654,0.58383924,0.61100280,0.00000000,0.00000000
0.01679481,-2.17000008,-1.51566732,-0.68832576,0.08994640,0.00000000,0.00000000,0.02786259,2.17000008,1.24923980,0.59863132,0.59803331,0.00000000,0.00000000
0.02074660,-2.17000008,-1.50074017,-0.66438574,0.06775159,0.00000000,0.00000000,0.01315299,2.17000008,1.27747774,0.60506022,0.57328874,0.00000000,0.00000000
0.02772907,-2.17000008,-1.48902726,-0.63657492,0.06478342,0.00000000,0.00000000,-0.00206126,2.17000008,1.30221319,0.60333765,0.56196529,0.00000000,0.00000000
0.03764691,-2.17000008,-1.48065400,-0.60637158,0.08359237,0.00000000,0.00000000,-0.01735207,2.17000008,1.32488143,0.59483409,0.57919478,0.00000000,0.00000000
0.04915725,-2.17000008,-1.47527027,-0.57623827,0.12428175,0.00000000,0.00000000,-0.03166001,2.17000008,1.34596682,0.58224314,0.56404108,0.00000000,0.00000000
0.05960062,-2.17000008,-1.47240543,-0.54979014,0.13220233,0.00000000,0.00000000,-0.05120524,2.17000008,1.36363006,0.56435150,0.47353911,0.00000000,0.00000000
0.06663544,-2.17000008,-1.47121048,-0.53084397,0.12265960,0.00000000,0.00000000,-0.08061779,2.17000008,1.37461710,0.54076856,0.38749695,0.00000000,0.00000000
0.06945234,-2.17000008,-1.47000241,-0.52155286,0.12028778,0.00000000,0.00000000,-0.09036166,2.17000008,1.38081467,0.53150171,0.31735459,0.00000000,0.00000000
