l_joint1,l_joint2,l_joint3,l_joint4,l_joint5,l_joint6,l_joint7,r_joint1,r_joint2,r_joint3,r_joint4,r_joint5,r_joint6,r_joint7
0.35995907,-2.17000008,-1.67908192,-0.71276057,-0.01753550,0.00000000,0.00000000,-0.25344500,2.15233517,1.85327983,0.71593285,-0.01855281,0.00000000,0.00000000
0.36010671,-2.17000008,-1.67923784,-0.71269655,-0.03302194,0.00000000,0.00000000,-0.25333905,2.15282035,1.85301602,0.71597511,-0.01669370,0.00000000,0.00000000
0.36030176,-2.17000008,-1.67952454,-0.71263307,-0.04160547,0.00000000,0.00000000,-0.25315991,2.15325117,1.85273802,0.71596831,-0.02844970,0.00000000,0.00000000
0.36047104,-2.17000008,-1.67985153,-0.71262664,-0.04768387,0.00000000,0.00000000,-0.25288960,2.15359211,1.85245931,0.71589792,-0.03996844,0.00000000,0.00000000
0.36059919,-2.17000008,-1.68011951,-0.71270877,-0.04969170,0.00000000,0.00000000,-0.25253937,2.15383148,1.85218394,0.71575618,-0.04335625,0.00000000,0.00000000
0.36067718,-2.17000008,-1.68025017,-0.71290779,-0.05092604,0.00000000,0.00000000,-0.25212118,2.15392399,1.85193455,0.71553671,-0.04725064,0.00000000,0.00000000
0.36077216,-2.17000008,-1.68019700,-0.71319324,-0.05174793,0.00000000,0.00000000,-0.25167185,2.15380073,1.85175002,0.71523046,-0.04821708,0.00000000,0.00000000
0.36096573,-2.17000008,-1.68002701,-0.71350569,-0.05276253,0.00000000,0.00000000,-0.25122175,2.15350986,1.85162055,0.71485227,-0.04387939,0.00000000,0.00000000
0.36125490,-2.17000008,-1.67991710,-0.71383011,-0.04574626,0.00000000,0.00000000,-0.25073016,2.15304589,1.85155296,0.71444237,-0.03793705,0.00000000,0.00000000
0.36164615,-2.17000008,-1.68007112,-0.71415150,-0.04090866,0.00000000,0.00000000,-0.25019324,2.15231514,1.85159802,0.71402907,-0.03487490,0.00000000,0.00000000
0.36213127,-2.17000008,-1.68061543,-0.71446979,-0.04076194,0.00000000,0.00000000,-0.24964091,2.15138912,1.85173070,0.71364754,-0.02844251,0.00000000,0.00000000
0.36264014,-2.17000008,-1.68156779,-0.71481746,-0.03970875,0.00000000,0.00000000,-0.24908125,2.15050220,1.85184312,0.71334708,-0.00654036,0.00000000,0.00000000
0.36312276,-2.17000008,-1.68292868,-0.71520323,-0.02124534,0.00000000,0.00000000,-0.24856356,2.14953685,1.85198867,0.71310341,0.02463401,0.00000000,0.00000000
0.36352345,-2.17000008,-1.68459570,-0.71562636,-0.00908220,0.00000000,0.00000000,-0.24811079,2.14842582,1.85219717,0.71287394,0.05185079,0.00000000,0.00000000
0.36372194,-2.17000008,-1.68627083,-0.71612203,0.00780950,0.00000000,0.00000000,-0.24759267,2.14759278,1.85226440,0.71269453,0.07977460,0.00000000,0.00000000
0.36372313,-2.17000008,-1.68776274,-0.71666640,0.01419513,0.00000000,0.00000000,-0.24697983,2.14701867,1.85219312,0.71253806,0.12347654,0.00000000,0.00000000
0.36356118,-2.17000008,-1.68898654,-0.71722496,0.01393793,0.00000000,0.00000000,-0.24626702,2.14660764,1.85202157,0.71239448,0.16881989,0.00000000,0.00000000
0.36324582,-2.17000008,-1.68993056,-0.71778083,0.01375746,0.00000000,0.00000000,-0.24545401,2.14632940,1.85176098,0.71227759,0.19876200,0.00000000,0.00000000
0.36276993,-2.17000008,-1.69062710,-0.71833217,0.00740146,0.00000000,0.00000000,-0.24457017,2.14614892,1.85142887,0.71219546,0.23618770,0.00000000,0.00000000
0.36214781,-2.17000008,-1.69109237,-0.71886939,-0.00151587,0.00000000,0.00000000,-0.24365664,2.14606094,1.85103416,0.71214801,0.26681346,0.00000000,0.00000000
0.36144799,-2.17000008,-1.69131279,-0.71935487,-0.00541953,0.00000000,0.00000000,-0.24274623,2.14605141,1.85059702,0.71211880,0.29074812,0.00000000,0.00000000
0.36075249,-2.17000008,-1.69128859,-0.71974432,-0.00391351,0.00000000,0.00000000,-0.24186569,2.14604211,1.85017359,0.71207094,0.31060416,0.00000000,0.00000000
0.36010611,-2.17000008,-1.69107616,-0.72000897,-0.00969397,0.00000000,0.00000000,-0.24103861,2.14595795,1.84981799,0.71196926,0.32978249,0.00000000,0.00000000
0.35953203,-2.17000008,-1.69077039,-0.72013050,-0.00835440,0.00000000,0.00000000,-0.24029550,2.14579415,1.84954894,0.71179342,0.35029432,0.00000000,0.00000000
0.35904893,-2.17000008,-1.69044518,-0.72009969,0.00358634,0.00000000,0.00000000,-0.23966424,2.14558816,1.84936559,0.71153480,0.35921147,0.00000000,0.00000000
0.35866135,-2.17000008,-1.69013500,-0.71992344,0.00371984,0.00000000,0.00000000,-0.23915552,2.14537311,1.84927189,0.71118724,0.37168148,0.00000000,0.00000000
0.35836923,-2.17000008,-1.68985188,-0.71961606,0.01341378,0.00000000,0.00000000,-0.23876958,2.14515901,1.84928370,0.71074039,0.38120112,0.00000000,0.00000000
0.35814661,-2.17000008,-1.68960166,-0.71920747,0.02028516,0.00000000,0.00000000,-0.23847108,2.14497375,1.84940004,0.71019268,0.38021711,0.00000000,0.00000000
0.35795608,-2.17000008,-1.68940485,-0.71873170,0.03213386,0.00000000,0.00000000,-0.23820110,2.14486480,1.84959817,0.70955247,0.37608057,0.00000000,0.00000000
0.35774300,-2.17000008,-1.68930423,-0.71823537,0.04864642,0.00000000,0.00000000,-0.23787747,2.14483762,1.84985685,0.70883447,0.36322007,0.00000000,0.00000000
0.35743207,-2.17000008,-1.68933988,-0.71778297,0.06508411,0.00000000,0.00000000,-0.23739195,2.14494634,1.85011673,0.70807344,0.35383704,0.00000000,0.00000000
0.35696238,-2.17000008,-1.68953490,-0.71742982,0.08237313,0.00000000,0.00000000,-0.23665571,2.14521646,1.85032654,0.70730060,0.34222472,0.00000000,0.00000000
0.35626739,-2.17000008,-1.68986261,-0.71723098,0.10013226,0.00000000,0.00000000,-0.23560546,2.14570785,1.85041559,0.70655280,0.33870074,0.00000000,0.00000000
0.35536650,-2.17000008,-1.69026709,-0.71719158,0.11146344,0.00000000,0.00000000,-0.23433639,2.14653659,1.85029161,0.70585787,0.33869666,0.00000000,0.00000000
0.35429844,-2.17000008,-1.69073510,-0.71730989,0.11590307,0.00000000,0.00000000,-0.23305765,2.14771461,1.84992886,0.70522386,0.33406222,0.00000000,0.00000000
0.35311094,-2.17000008,-1.69129670,-0.71757489,0.11437512,0.00000000,0.00000000,-0.23194943,2.14909720,1.84939528,0.70463222,0.33476093,0.00000000,0.00000000
0.35188177,-2.17000008,-1.69192934,-0.71794236,0.11849887,0.00000000,0.00000000,-0.23103619,2.15046930,1.84880269,0.70403290,0.34763834,0.00000000,0.00000000
0.35068387,-2.17000008,-1.69253790,-0.71836108,0.11521071,0.00000000,0.00000000,-0.23020980,2.15170860,1.84822667,0.70336509,0.35716873,0.00000000,0.00000000
0.34958863,-2.17000008,-1.69302988,-0.71878010,0.10649780,0.00000000,0.00000000,-0.22938871,2.15278530,1.84771001,0.70256829,0.36075553,0.00000000,0.00000000
0.34867230,-2.17000008,-1.69336009,-0.71914274,0.09130719,0.00000000,0.00000000,-0.22857837,2.15370631,1.84728253,0.70159221,0.36814752,0.00000000,0.00000000
0.34798563,-2.17000008,-1.69352758,-0.71940601,0.08598985,0.00000000,0.00000000,-0.22782201,2.15446424,1.84697294,0.70041293,0.38107419,0.00000000,0.00000000
0.34752658,-2.17000008,-1.69355464,-0.71956372,0.07137126,0.00000000,0.00000000,-0.22715953,2.15503168,1.84680080,0.69905013,0.39190385,0.00000000,0.00000000
0.34725073,-2.17000008,-1.69347751,-0.71963960,0.06108274,0.00000000,0.00000000,-0.22661461,2.15539503,1.84676087,0.69757420,0.40538448,0.00000000,0.00000000
0.34709856,-2.17000008,-1.69334710,-0.71966600,0.04418333,0.00000000,0.00000000,-0.22618490,2.15561271,1.84680641,0.69609296,0.42233518,0.00000000,0.00000000
0.34704188,-2.17000008,-1.69320059,-0.71965396,0.03041390,0.00000000,0.00000000,-0.22584443,2.15577030,1.84688020,0.69470334,0.43579808,0.00000000,0.00000000
0.34708798,-2.17000008,-1.69303703,-0.71959597,0.01862307,0.00000000,0.00000000,-0.22554070,2.15589619,1.84695518,0.69345117,0.43462625,0.00000000,0.00000000
0.34720641,-2.17000008,-1.69286680,-0.71951467,0.00496512,0.00000000,0.00000000,-0.22526325,2.15607572,1.84698641,0.69236851,0.44565043,0.00000000,0.00000000
0.34738013,-2.17000008,-1.69270694,-0.71942616,-0.00627258,0.00000000,0.00000000,-0.22502364,2.15635991,1.84695172,0.69145685,0.45797530,0.00000000,0.00000000
0.34761989,-2.17000008,-1.69255972,-0.71932775,-0.00388352,0.00000000,0.00000000,-0.22483292,2.15673876,1.84686232,0.69068331,0.48053619,0.00000000,0.00000000
0.34792474,-2.17000008,-1.69242084,-0.71922469,-0.00521520,0.00000000,0.00000000,-0.22470514,2.15711594,1.84677279,0.69000548,0.49982557,0.00000000,0.00000000
0.34827957,-2.17000008,-1.69229126,-0.71913260,-0.00905630,0.00000000,0.00000000,-0.22462013,2.15751100,1.84668171,0.68940014,0.52034718,0.00000000,0.00000000
0.34864396,-2.17000008,-1.69223261,-0.71908373,0.00420856,0.00000000,0.00000000,-0.22458181,2.15779018,1.84664774,0.68885583,0.54040319,0.00000000,0.00000000
0.34902468,-2.17000008,-1.69229650,-0.71906775,0.02639815,0.00000000,0.00000000,-0.22460729,2.15791512,1.84668744,0.68838298,0.55085421,0.00000000,0.00000000
0.34946415,-2.17000008,-1.69250906,-0.71903622,0.05280650,0.00000000,0.00000000,-0.22470677,2.15786004,1.84680867,0.68800247,0.56945425,0.00000000,0.00000000
0.34996918,-2.17000008,-1.69288969,-0.71895230,0.08958183,0.00000000,0.00000000,-0.22487694,2.15757704,1.84701753,0.68774778,0.59337866,0.00000000,0.00000000
0.35053146,-2.17000008,-1.69342029,-0.71880829,0.12625510,0.00000000,0.00000000,-0.22522439,2.15680051,1.84742105,0.68762261,0.63172114,0.00000000,0.00000000
0.35111177,-2.17000008,-1.69403124,-0.71863407,0.17066295,0.00000000,0.00000000,-0.22604923,2.15518546,1.84819007,0.68747514,0.67460907,0.00000000,0.00000000
0.35168102,-2.17000008,-1.69462395,-0.71845728,0.22333810,0.00000000,0.00000000,-0.22747631,2.15310931,1.84917653,0.68707794,0.71357590,0.00000000,0.00000000
0.35222825,-2.17000008,-1.69509196,-0.71828973,0.27348876,0.00000000,0.00000000,-0.22892804,2.15164375,1.84985614,0.68654352,0.76073128,0.00000000,0.00000000
0.35271013,-2.17000008,-1.69532526,-0.71815717,0.32764646,0.00000000,0.00000000,-0.22988364,2.15103960,1.85006094,0.68617028,0.79123211,0.00000000,0.00000000
0.35311389,-2.17000008,-1.69524968,-0.71806854,0.38349658,0.00000000,0.00000000,-0.23041414,2.15089393,1.84996784,0.68605536,0.80683452,0.00000000,0.00000000
0.35344988,-2.17000008,-1.69486487,-0.71802479,0.43718886,0.00000000,0.00000000,-0.23073126,2.15094185,1.84970677,0.68618786,0.81993008,0.00000000,0.00000000
0.35373142,-2.17000008,-1.69424331,-0.71802241,0.49111137,0.00000000,0.00000000,-0.23095094,2.15109777,1.84932327,0.68653816,0.82763004,0.00000000,0.00000000
0.35399154,-2.17000008,-1.69349921,-0.71803176,0.55981565,0.00000000,0.00000000,-0.23115058,2.15127778,1.84885752,0.68703943,0.84990185,0.00000000,0.00000000
0.35427523,-2.17000008,-1.69274294,-0.71799827,0.61371017,0.00000000,0.00000000,-0.23140985,2.15135503,1.84835744,0.68759388,0.85807735,0.00000000,0.00000000
0.35463527,-2.17000008,-1.69205844,-0.71784478,0.66726667,0.00000000,0.00000000,-0.23182039,2.15115690,1.84787810,0.68808860,0.87258136,0.00000000,0.00000000
0.35510379,-2.17000008,-1.69148719,-0.71749234,0.71664393,0.00000000,0.00000000,-0.23240001,2.15062571,1.84740162,0.68847102,0.87470502,0.00000000,0.00000000
0.35560763,-2.17000008,-1.69103169,-0.71692955,0.75907332,0.00000000,0.00000000,-0.23298264,2.15002346,1.84674585,0.68882990,0.86791575,0.00000000,0.00000000
0.35604241,-2.17000008,-1.69069266,-0.71618545,0.79125899,0.00000000,0.00000000,-0.23346515,2.14952135,1.84577644,0.68920767,0.84346819,0.00000000,0.00000000
0.35635847,-2.17000008,-1.69046938,-0.71526277,0.83817750,0.00000000,0.00000000,-0.23392282,2.14895916,1.84452629,0.68950415,0.81303746,0.00000000,0.00000000
0.35656983,-2.17000008,-1.69034040,-0.71410435,0.86496973,0.00000000,0.00000000,-0.23450845,2.14803171,1.84309447,0.68958014,0.78203428,0.00000000,0.00000000
0.35662663,-2.17000008,-1.69024134,-0.71266943,0.89400548,0.00000000,0.00000000,-0.23527464,2.14664865,1.84146047,0.68939382,0.75730002,0.00000000,0.00000000
0.35631654,-2.17000008,-1.69007003,-0.71101224,0.92466849,0.00000000,0.00000000,-0.23603804,2.14520502,1.83934939,0.68908954,0.72669369,0.00000000,0.00000000
0.35560232,-2.17000008,-1.68987465,-0.70909059,0.94318551,0.00000000,0.00000000,-0.23686360,2.14358497,1.83672464,0.68865198,0.69889128,0.00000000,0.00000000
0.35448685,-2.17000008,-1.68972301,-0.70683491,0.96790785,0.00000000,0.00000000,-0.23779556,2.14171243,1.83352363,0.68809921,0.65894514,0.00000000,0.00000000
0.35298631,-2.17000008,-1.68962872,-0.70414764,0.98330581,0.00000000,0.00000000,-0.23883285,2.13959074,1.82963014,0.68748891,0.62077898,0.00000000,0.00000000
0.35109779,-2.17000008,-1.68953097,-0.70090848,0.97699952,0.00000000,0.00000000,-0.23997805,2.13722110,1.82490885,0.68689203,0.58016127,0.00000000,0.00000000
0.34878150,-2.17000008,-1.68928015,-0.69697970,0.98518729,0.00000000,0.00000000,-0.24126650,2.13460088,1.81920385,0.68639666,0.54870570,0.00000000,0.00000000
0.34596422,-2.17000008,-1.68857801,-0.69221127,0.98662472,0.00000000,0.00000000,-0.24277116,2.13169050,1.81235194,0.68610060,0.51494265,0.00000000,0.00000000
0.34254095,-2.16997552,-1.68685329,-0.68644702,0.98370546,0.00000000,0.00000000,-0.24457817,2.12839913,1.80418730,0.68610060,0.49173543,0.00000000,0.00000000
0.33838898,-2.16955948,-1.68317938,-0.67951423,0.99199533,0.00000000,0.00000000,-0.24677254,2.12459016,1.79453206,0.68649703,0.47029030,0.00000000,0.00000000
0.33336172,-2.16770792,-1.67645097,-0.67122620,1.00461340,0.00000000,0.00000000,-0.24945131,2.12010241,1.78317916,0.68741888,0.45780441,0.00000000,0.00000000
0.32724148,-2.16381145,-1.66575134,-0.66140872,0.99483925,0.00000000,0.00000000,-0.25276652,2.11474442,1.76988220,0.68906087,0.43682805,0.00000000,0.00000000
0.31972843,-2.15824461,-1.65040612,-0.64989328,0.99480802,0.00000000,0.00000000,-0.25694466,2.10833359,1.75432920,0.69174594,0.42562008,0.00000000,0.00000000
0.31044117,-2.15135241,-1.62984085,-0.63650149,0.99734545,0.00000000,0.00000000,-0.26230687,2.10075521,1.73611331,0.69600993,0.41023272,0.00000000,0.00000000
0.29889992,-2.14330912,-1.60349238,-0.62104833,0.99977535,0.00000000,0.00000000,-0.26933953,2.09190750,1.71475434,0.70267057,0.40386462,0.00000000,0.00000000
0.28453833,-2.13429499,-1.57078815,-0.60333860,1.00812984,0.00000000,0.00000000,-0.27884829,2.08149624,1.68978119,0.71283698,0.40598851,0.00000000,0.00000000
0.26670113,-2.12455988,-1.53114545,-0.58317518,0.99799055,0.00000000,0.00000000,-0.29211426,2.06897902,1.66074085,0.72799057,0.41194597,0.00000000,0.00000000
0.24467324,-2.11443853,-1.48398316,-0.56035161,0.98987871,0.00000000,0.00000000,-0.31108001,2.05365300,1.62712145,0.75016272,0.41523486,0.00000000,0.00000000
0.21771222,-2.10446024,-1.42871428,-0.53466153,1.00091577,0.00000000,0.00000000,-0.33762652,2.03416586,1.58855212,0.78259677,0.41338202,0.00000000,0.00000000
0.18503430,-2.09551477,-1.36474669,-0.50594717,1.00405109,0.00000000,0.00000000,-0.37265050,2.00677347,1.54579914,0.82933056,0.40904829,0.00000000,0.00000000
0.14597742,-2.08868670,-1.29156613,-0.47402355,1.01620841,0.00000000,0.00000000,-0.41898298,1.96441042,1.50161266,0.89141732,0.40398389,0.00000000,0.00000000
0.10059650,-2.08447862,-1.20891643,-0.43821934,1.01978540,0.00000000,0.00000000,-0.48309252,1.89577663,1.46149838,0.96457517,0.38744470,0.00000000,0.00000000
0.05027570,-2.08240485,-1.11678016,-0.39691162,1.00020933,0.00000000,0.00000000,-0.57368076,1.78631508,1.43336475,1.03831112,0.37563521,0.00000000,0.00000000
-0.00284006,-2.08223295,-1.01505160,-0.34810394,0.97852892,0.00000000,0.00000000,-0.69859898,1.62597442,1.42285860,1.09822631,0.37449259,0.00000000,0.00000000
-0.05687722,-2.08491898,-0.90351093,-0.29034764,0.95874929,0.00000000,0.00000000,-0.86091125,1.41481078,1.42963791,1.13198066,0.38915479,0.00000000,0.00000000
-0.10990536,-2.09186578,-0.78210843,-0.22274503,0.94482309,0.00000000,0.00000000,-1.05775654,1.16074944,1.44869816,1.13134074,0.40491828,0.00000000,0.00000000
-0.15936889,-2.10411215,-0.65115958,-0.14482890,0.92068052,0.00000000,0.00000000,-1.28111863,0.87678593,1.47242534,1.09150648,0.42078495,0.00000000,0.00000000
-0.20216313,-2.12123132,-0.51148051,-0.05633331,0.89935803,0.00000000,0.00000000,-1.51895821,0.57957792,1.49206364,1.01091850,0.43600199,0.00000000,0.00000000
-0.23517480,-2.14024448,-0.36448526,0.04313012,0.88194406,0.00000000,0.00000000,-1.75691569,0.28782639,1.49940825,0.89137423,0.45825505,0.00000000,0.00000000
-0.25574765,-2.15707898,-0.21216603,0.15344408,0.87488621,0.00000000,0.00000000,-1.98068130,0.02005845,1.48861635,0.73773241,0.48047325,0.00000000,0.00000000
-0.26219383,-2.16718435,-0.05712653,0.27432629,0.87555867,0.00000000,0.00000000,-2.17838430,-0.20782933,1.45763314,0.55707502,0.50431347,0.00000000,0.00000000
-0.25449568,-2.16983557,0.09742475,0.40541187,0.87742251,0.00000000,0.00000000,-2.34241748,-0.38479570,1.40867162,0.35772437,0.52235174,0.00000000,0.00000000
-0.23459476,-2.17000008,0.24776690,0.54567939,0.89015973,0.00000000,0.00000000,-2.47033691,-0.50660211,1.34750819,0.14849043,0.54038393,0.00000000,0.00000000
-0.20601238,-2.16988897,0.38990811,0.69288516,0.89961421,0.00000000,0.00000000,-2.56449127,-0.57714218,1.28153336,-0.06197891,0.56150752,0.00000000,0.00000000
-0.17312886,-2.16793084,0.52002382,0.84359771,0.91817731,0.00000000,0.00000000,-2.62981462,-0.60719711,1.21708369,-0.26625660,0.58190781,0.00000000,0.00000000
-0.14039628,-2.15835047,0.63492465,0.99366766,0.95222020,0.00000000,0.00000000,-2.67094684,-0.60981536,1.15782464,-0.45907909,0.60314465,0.00000000,0.00000000
-0.11181112,-2.13603044,0.73232847,1.13889825,0.98810679,0.00000000,0.00000000,-2.69142675,-0.59613466,1.10510147,-0.63698417,0.61080486,0.00000000,0.00000000
-0.09083338,-2.10278845,0.81095606,1.27573824,1.01457238,0.00000000,0.00000000,-2.69387460,-0.57415783,1.05902267,-0.79776841,0.60102254,0.00000000,0.00000000
-0.08015032,-2.06271338,0.87050492,1.40153301,1.04920852,0.00000000,0.00000000,-2.68043351,-0.54919428,1.01918626,-0.94016171,0.58346999,0.00000000,0.00000000
-0.08127172,-2.01932168,0.91156936,1.51449752,1.08820069,0.00000000,0.00000000,-2.65304685,-0.52456933,0.98497361,-1.06372702,0.57472873,0.00000000,0.00000000
-0.09434884,-1.97517216,0.93547058,1.61373782,1.12860715,0.00000000,0.00000000,-2.61345601,-0.50216001,0.95567006,-1.16886926,0.56746793,0.00000000,0.00000000
-0.11837228,-1.93157125,0.94402629,1.69928753,1.16735959,0.00000000,0.00000000,-2.56318235,-0.48275438,0.93060941,-1.25676918,0.55967116,0.00000000,0.00000000
-0.15155953,-1.88867962,0.93939155,1.77195776,1.19628513,0.00000000,0.00000000,-2.50372243,-0.46641627,0.90926164,-1.32913888,0.55351269,0.00000000,0.00000000
-0.19169647,-1.84606528,0.92403871,1.83302248,1.20965230,0.00000000,0.00000000,-2.43692684,-0.45271295,0.89113498,-1.38777161,0.54227954,0.00000000,0.00000000
-0.23633301,-1.80341649,0.90084690,1.88390303,1.20943248,0.00000000,0.00000000,-2.36513972,-0.44087383,0.87561882,-1.43416739,0.52308279,0.00000000,0.00000000
-0.28282380,-1.76095283,0.87317491,1.92601836,1.19124067,0.00000000,0.00000000,-2.29087806,-0.43014508,0.86201310,-1.46951723,0.49819407,0.00000000,0.00000000
-0.32842031,-1.71934402,0.84467524,1.96080983,1.17233551,0.00000000,0.00000000,-2.21642613,-0.42014757,0.84970695,-1.49481857,0.45881185,0.00000000,0.00000000
-0.37067074,-1.67947865,0.81871945,1.98973680,1.13646650,0.00000000,0.00000000,-2.14370966,-0.41102022,0.83812940,-1.51090956,0.41995549,0.00000000,0.00000000
-0.40787351,-1.64228606,0.79776281,2.01413083,1.10438764,0.00000000,0.00000000,-2.07433224,-0.40332538,0.82657897,-1.51849806,0.38017452,0.00000000,0.00000000
-0.43923545,-1.60858250,0.78302640,2.03500485,1.07879758,0.00000000,0.00000000,-2.00937152,-0.39771429,0.81443089,-1.51826882,0.33710229,0.00000000,0.00000000
-0.46477067,-1.57907104,0.77449936,2.05286360,1.06388474,0.00000000,0.00000000,-1.94954932,-0.39457992,0.80123979,-1.51089442,0.30375755,0.00000000,0.00000000
-0.48515147,-1.55434847,0.77117312,2.06780243,1.04970467,0.00000000,0.00000000,-1.89635873,-0.39410868,0.78602332,-1.49716341,0.27427787,0.00000000,0.00000000
-0.50152940,-1.53442168,0.77149248,2.08016348,1.03547060,0.00000000,0.00000000,-1.85096180,-0.39644775,0.76806867,-1.47882617,0.23989595,0.00000000,0.00000000
-0.51508039,-1.51904738,0.77380496,2.09022760,1.02292871,0.00000000,0.00000000,-1.81344557,-0.40144655,0.74763548,-1.45774508,0.19829610,0.00000000,0.00000000
-0.52664101,-1.50795972,0.77688330,2.09815097,1.00691092,0.00000000,0.00000000,-1.78314865,-0.40904248,0.72538960,-1.43522084,0.15654266,0.00000000,0.00000000
-0.53658855,-1.50076711,0.78012043,2.10411263,0.99748969,0.00000000,0.00000000,-1.75912690,-0.41927752,0.70197713,-1.41185844,0.11160216,0.00000000,0.00000000
-0.54489458,-1.49687779,0.78342849,2.10835147,0.99367124,0.00000000,0.00000000,-1.74049473,-0.43217441,0.67777449,-1.38791490,0.07754886,0.00000000,0.00000000
-0.55130398,-1.49557471,0.78706121,2.11115742,0.99035585,0.00000000,0.00000000,-1.72658217,-0.44801053,0.65260601,-1.36404049,0.06253805,0.00000000,0.00000000
-0.55555826,-1.49614620,0.79138911,2.11284614,1.00895965,0.00000000,0.00000000,-1.71666574,-0.46747127,0.62595427,-1.34162736,0.06380702,0.00000000,0.00000000
-0.55756581,-1.49794912,0.79666996,2.11375308,1.02704334,0.00000000,0.00000000,-1.70984626,-0.49146098,0.59731108,-1.32251155,0.06860385,0.00000000,0.00000000
-0.55752027,-1.50048482,0.80290747,2.11422324,1.06568551,0.00000000,0.00000000,-1.70501518,-0.52078688,0.56650239,-1.30832338,0.07656984,0.00000000,0.00000000
-0.55592275,-1.50349808,0.80987269,2.11457896,1.10429108,0.00000000,0.00000000,-1.70102715,-0.55597341,0.53371644,-1.29997194,0.08508540,0.00000000,0.00000000
-0.55345875,-1.50698936,0.81723893,2.11506772,1.14469838,0.00000000,0.00000000,-1.69693971,-0.59720242,0.49932319,-1.29747319,0.10428248,0.00000000,0.00000000
-0.55081815,-1.51114821,0.82471204,2.11581564,1.18791831,0.00000000,0.00000000,-1.69186568,-0.64435875,0.46394914,-1.30007863,0.12331651,0.00000000,0.00000000
-0.54853678,-1.51619840,0.83208436,2.11683869,1.22381496,0.00000000,0.00000000,-1.68505442,-0.69692326,0.42851999,-1.30655098,0.13660258,0.00000000,0.00000000
-0.54689270,-1.52225232,0.83924532,2.11808205,1.25762677,0.00000000,0.00000000,-1.67651868,-0.75363201,0.39387861,-1.31520832,0.14580010,0.00000000,0.00000000
-0.54585606,-1.52925313,0.84619433,2.11942768,1.27565980,0.00000000,0.00000000,-1.66693509,-0.81272173,0.36056444,-1.32452893,0.15270732,0.00000000,0.00000000
-0.54513323,-1.53697586,0.85298479,2.12072420,1.28297317,0.00000000,0.00000000,-1.65714860,-0.87216240,0.32896656,-1.33371925,0.14732358,0.00000000,0.00000000
-0.54436082,-1.54505420,0.85958987,2.12190366,1.29686439,0.00000000,0.00000000,-1.64792776,-0.92958927,0.29949000,-1.34266686,0.13845927,0.00000000,0.00000000
-0.54324847,-1.55304039,0.86583364,2.12300706,1.31300688,0.00000000,0.00000000,-1.63988006,-0.98239779,0.27256244,-1.35167325,0.11439307,0.00000000,0.00000000
-0.54161227,-1.56049621,0.87141401,2.12407947,1.33389127,0.00000000,0.00000000,-1.63344479,-1.02807796,0.24845071,-1.36128950,0.08384276,0.00000000,0.00000000
-0.53937364,-1.56706977,0.87600005,2.12513733,1.34475398,0.00000000,0.00000000,-1.62870240,-1.06462359,0.22739804,-1.37204349,0.05256044,0.00000000,0.00000000
-0.53652000,-1.57258070,0.87935901,2.12616849,1.34686053,0.00000000,0.00000000,-1.62522364,-1.09078419,0.20998290,-1.38401937,0.03820963,0.00000000,0.00000000
-0.53307927,-1.57708299,0.88140750,2.12711024,1.33793080,0.00000000,0.00000000,-1.62235725,-1.10609055,0.19685374,-1.39674711,0.02745314,0.00000000,0.00000000
-0.52912372,-1.58081377,0.88217652,2.12787890,1.32523799,0.00000000,0.00000000,-1.61957514,-1.11076641,0.18821400,-1.40935183,0.01807599,0.00000000,0.00000000
-0.52473801,-1.58408713,0.88178909,2.12841582,1.30643868,0.00000000,0.00000000,-1.61652708,-1.10549068,0.18378519,-1.42068803,-0.00415645,0.00000000,0.00000000
-0.51997334,-1.58712935,0.88039339,2.12872338,1.28708494,0.00000000,0.00000000,-1.61298203,-1.09099054,0.18300937,-1.42965019,-0.00912709,0.00000000,0.00000000
-0.51483041,-1.58998907,0.87810534,2.12886977,1.25776744,0.00000000,0.00000000,-1.60882378,-1.06783462,0.18511538,-1.43555439,-0.00370469,0.00000000,0.00000000
-0.50927466,-1.59259689,0.87502396,2.12897348,1.22980380,0.00000000,0.00000000,-1.60404515,-1.03657925,0.18916059,-1.43809557,0.00908317,0.00000000,0.00000000
-0.50327396,-1.59486997,0.87125218,2.12917614,1.20016873,0.00000000,0.00000000,-1.59867799,-0.99802995,0.19420902,-1.43709779,0.03330055,0.00000000,0.00000000
-0.49684194,-1.59680390,0.86687976,2.12956548,1.17868543,0.00000000,0.00000000,-1.59263384,-0.95343447,0.19972086,-1.43234980,0.06339169,0.00000000,0.00000000
-0.49006081,-1.59853292,0.86200529,2.13012171,1.16086197,0.00000000,0.00000000,-1.58570659,-0.90459150,0.20564772,-1.42349875,0.09914688,0.00000000,0.00000000
-0.48306566,-1.60029519,0.85679477,2.13074565,1.15746605,0.00000000,0.00000000,-1.57771063,-0.85367787,0.21224654,-1.40995157,0.13974917,0.00000000,0.00000000
-0.47597036,-1.60236621,0.85150689,2.13121390,1.14931285,0.00000000,0.00000000,-1.56859100,-0.80259651,0.21993238,-1.39065778,0.18010126,0.00000000,0.00000000
-0.46885782,-1.60496414,0.84644741,2.13123393,1.13163567,0.00000000,0.00000000,-1.55861461,-0.75265688,0.22890779,-1.36458063,0.21078567,0.00000000,0.00000000
-0.46181732,-1.60819232,0.84188998,2.13054204,1.11365247,0.00000000,0.00000000,-1.54831409,-0.70488417,0.23902759,-1.33143985,0.23967543,0.00000000,0.00000000
-0.45498401,-1.61200583,0.83799767,2.12899661,1.10805571,0.00000000,0.00000000,-1.53830922,-0.66017556,0.24992371,-1.29182172,0.26883563,0.00000000,0.00000000
-0.44854257,-1.61620426,0.83479995,2.12665987,1.10696590,0.00000000,0.00000000,-1.52920091,-0.61924154,0.26112387,-1.24698520,0.30137467,0.00000000,0.00000000
-0.44268912,-1.62048340,0.83223271,2.12378693,1.10197341,0.00000000,0.00000000,-1.52132654,-0.58267099,0.27225828,-1.19882560,0.33668435,0.00000000,0.00000000
-0.43757650,-1.62451398,0.83019644,2.12074971,1.09768474,0.00000000,0.00000000,-1.51438546,-0.55082768,0.28338605,-1.14965713,0.35698649,0.00000000,0.00000000
-0.43327332,-1.62800205,0.82861125,2.11794734,1.10320616,0.00000000,0.00000000,-1.50759470,-0.52417004,0.29483861,-1.10225379,0.36716115,0.00000000,0.00000000
-0.42974931,-1.63075030,0.82745683,2.11570668,1.12122762,0.00000000,0.00000000,-1.50121975,-0.50309092,0.30627409,-1.05963004,0.37578347,0.00000000,0.00000000
-0.42687953,-1.63273549,0.82672536,2.11416769,1.15194213,0.00000000,0.00000000,-1.49761879,-0.48567671,0.31643716,-1.02321208,0.39080298,0.00000000,0.00000000
-0.42454535,-1.63403511,0.82626534,2.11328697,1.18595815,0.00000000,0.00000000,-1.49811971,-0.47027108,0.32465976,-0.99439120,0.39922962,0.00000000,0.00000000
-0.42267305,-1.63473845,0.82582831,2.11291313,1.21550572,0.00000000,0.00000000,-1.50178766,-0.45909214,0.33089373,-0.97679949,0.40705743,0.00000000,0.00000000
-0.42120394,-1.63496470,0.82524097,2.11285114,1.23390937,0.00000000,0.00000000,-1.50670803,-0.45454219,0.33554617,-0.97331619,0.42439193,0.00000000,0.00000000
-0.42007118,-1.63486648,0.82445812,2.11289859,1.25253344,0.00000000,0.00000000,-1.51266062,-0.45707861,0.33839482,-0.98379427,0.44801730,0.00000000,0.00000000
-0.41923583,-1.63461769,0.82358181,2.11292791,1.27718639,0.00000000,0.00000000,-1.52062786,-0.46509659,0.33895570,-1.00526011,0.46290869,0.00000000,0.00000000
-0.41875860,-1.63440979,0.82282519,2.11295080,1.30611527,0.00000000,0.00000000,-1.53019583,-0.47758979,0.33744517,-1.03466153,0.47006238,0.00000000,0.00000000
-0.41879809,-1.63441658,0.82238519,2.11308217,1.32550609,0.00000000,0.00000000,-1.54009867,-0.49609858,0.33405083,-1.07019055,0.46508253,0.00000000,0.00000000
-0.41951153,-1.63473201,0.82239467,2.11346269,1.34374654,0.00000000,0.00000000,-1.54917896,-0.52286941,0.32870471,-1.11001801,0.44784397,0.00000000,0.00000000
-0.42093155,-1.63538337,0.82296842,2.11417842,1.35871589,0.00000000,0.00000000,-1.55676353,-0.55856341,0.32145709,-1.15149236,0.44004911,0.00000000,0.00000000
-0.42297196,-1.63639569,0.82428336,2.11528158,1.38329756,0.00000000,0.00000000,-1.56279111,-0.60217804,0.31257033,-1.19175124,0.43528107,0.00000000,0.00000000
-0.42545298,-1.63784492,0.82656062,2.11675429,1.40646207,0.00000000,0.00000000,-1.56764150,-0.65207827,0.30239022,-1.22835577,0.42645332,0.00000000,0.00000000
-0.42813230,-1.63983977,0.82993841,2.11843514,1.42121780,0.00000000,0.00000000,-1.57160890,-0.70656544,0.29150319,-1.25950432,0.43350422,0.00000000,0.00000000
-0.43078259,-1.64245105,0.83438057,2.12007475,1.42277062,0.00000000,0.00000000,-1.57476795,-0.76392388,0.28072211,-1.28410459,0.43131739,0.00000000,0.00000000
-0.43326122,-1.64563811,0.83961415,2.12142515,1.41877806,0.00000000,0.00000000,-1.57697749,-0.82238317,0.27096021,-1.30198598,0.42778397,0.00000000,0.00000000
-0.43549338,-1.64921677,0.84515929,2.12227058,1.40481198,0.00000000,0.00000000,-1.57806253,-0.88023210,0.26292667,-1.31421602,0.42437753,0.00000000,0.00000000
-0.43742651,-1.65286982,0.85043544,2.12245083,1.38880277,0.00000000,0.00000000,-1.57799268,-0.93562692,0.25693399,-1.32274234,0.41810942,0.00000000,0.00000000
-0.43902007,-1.65619695,0.85489780,2.12191796,1.38249516,0.00000000,0.00000000,-1.57700002,-0.98624098,0.25280347,-1.32910061,0.40607834,0.00000000,0.00000000
-0.44025779,-1.65881085,0.85818052,2.12076378,1.37687409,0.00000000,0.00000000,-1.57561576,-1.02987099,0.24957058,-1.33421385,0.40045291,0.00000000,0.00000000
-0.44114414,-1.66042078,0.86016959,2.11917448,1.36594534,0.00000000,0.00000000,-1.57458711,-1.06517696,0.24541561,-1.33913660,0.38600412,0.00000000,0.00000000
-0.44171691,-1.66084564,0.86092246,2.11736274,1.35424888,0.00000000,0.00000000,-1.57439554,-1.09149766,0.23873913,-1.34487522,0.39756584,0.00000000,0.00000000
-0.44205689,-1.66003573,0.86056793,2.11548495,1.33289301,0.00000000,0.00000000,-1.57484090,-1.10829985,0.22945796,-1.35123742,0.42070708,0.00000000,0.00000000
-0.44225669,-1.65810323,0.85929799,2.11355257,1.31146848,0.00000000,0.00000000,-1.57515621,-1.11549509,0.21893758,-1.35704005,0.43986249,0.00000000,0.00000000
-0.44241449,-1.65524077,0.85729933,2.11141157,1.27122450,0.00000000,0.00000000,-1.57447588,-1.11375487,0.20895429,-1.36102819,0.46406689,0.00000000,0.00000000
-0.44263694,-1.65159798,0.85466909,2.10877466,1.23471355,0.00000000,0.00000000,-1.57212484,-1.10396218,0.20104577,-1.36185133,0.49060410,0.00000000,0.00000000
-0.44302398,-1.64723289,0.85142130,2.10525107,1.20297158,0.00000000,0.00000000,-1.56775713,-1.08679152,0.19604617,-1.35804820,0.49494535,0.00000000,0.00000000
-0.44367379,-1.64212883,0.84749418,2.10033870,1.18620598,0.00000000,0.00000000,-1.56135941,-1.06293118,0.19383456,-1.34867692,0.50411338,0.00000000,0.00000000
-0.44470891,-1.63621128,0.84266710,2.09337139,1.17230988,0.00000000,0.00000000,-1.55323613,-1.03328598,0.19345792,-1.33384252,0.53119642,0.00000000,0.00000000
-0.44631353,-1.62934828,0.83642030,2.08342528,1.16557992,0.00000000,0.00000000,-1.54404962,-0.99880165,0.19347192,-1.31457233,0.55835253,0.00000000,0.00000000
-0.44875464,-1.62137318,0.82783228,2.06916714,1.16908312,0.00000000,0.00000000,-1.53459001,-0.96013367,0.19263081,-1.29215324,0.58940929,0.00000000,0.00000000
-0.45234996,-1.61218452,0.81553930,2.04862642,1.16852427,0.00000000,0.00000000,-1.52521408,-0.91768813,0.19067813,-1.26768422,0.62232625,0.00000000,0.00000000
-0.45740959,-1.60186040,0.79768473,2.01900339,1.16685760,0.00000000,0.00000000,-1.51580250,-0.87195677,0.18819177,-1.24223590,0.65696323,0.00000000,0.00000000
-0.46419430,-1.59074640,0.77190191,1.97663295,1.18394077,0.00000000,0.00000000,-1.50628626,-0.82354403,0.18583404,-1.21676433,0.70655876,0.00000000,0.00000000
-0.47292364,-1.57945561,0.73546833,1.91730893,1.19942391,0.00000000,0.00000000,-1.49684656,-0.77302998,0.18409236,-1.19162440,0.72600853,0.00000000,0.00000000
-0.48388055,-1.56868804,0.68564010,1.83698416,1.22904968,0.00000000,0.00000000,-1.48773491,-0.72114646,0.18332377,-1.16649604,0.74369174,0.00000000,0.00000000
-0.49751166,-1.55893612,0.62001503,1.73248160,1.26705158,0.00000000,0.00000000,-1.47922003,-0.66887408,0.18368113,-1.14082515,0.76323605,0.00000000,0.00000000
-0.51440370,-1.55027699,0.53675807,1.60188389,1.30492449,0.00000000,0.00000000,-1.47149444,-0.61750960,0.18516368,-1.11435854,0.78264868,0.00000000,0.00000000
-0.53516763,-1.54237854,0.43470520,1.44459534,1.34820843,0.00000000,0.00000000,-1.46464813,-0.56856275,0.18767332,-1.08734214,0.80873597,0.00000000,0.00000000
-0.56028068,-1.53466821,0.31345838,1.26126921,1.37904465,0.00000000,0.00000000,-1.45869708,-0.52361941,0.19102700,-1.06055331,0.83923846,0.00000000,0.00000000
-0.58988214,-1.52657342,0.17352372,1.05375171,1.40033567,0.00000000,0.00000000,-1.45385873,-0.48418671,0.19486129,-1.03540814,0.85548019,0.00000000,0.00000000
-0.62355465,-1.51781201,0.01645648,0.82506788,1.43390095,0.00000000,0.00000000,-1.45076776,-0.45087135,0.19868515,-1.01382542,0.86375850,0.00000000,0.00000000
-0.66014832,-1.50868523,-0.15505753,0.57938933,1.47063601,0.00000000,0.00000000,-1.45009577,-0.42261609,0.20217624,-0.99778581,0.86041999,0.00000000,0.00000000
-0.69769722,-1.50009644,-0.33726069,0.32192108,1.49717677,0.00000000,0.00000000,-1.45207298,-0.39780194,0.20522529,-0.98909926,0.85048640,0.00000000,0.00000000
-0.73350739,-1.49316347,-0.52555913,0.05866033,1.52262843,0.00000000,0.00000000,-1.45640206,-0.37621513,0.20778434,-0.98933840,0.83841974,0.00000000,0.00000000
-0.76457852,-1.48891819,-0.71491778,-0.20401318,1.54285920,0.00000000,0.00000000,-1.46248722,-0.35913375,0.20981550,-0.99927396,0.82226247,0.00000000,0.00000000
-0.78821421,-1.48825264,-0.90035188,-0.45985919,1.55000925,0.00000000,0.00000000,-1.46975291,-0.34816825,0.21128836,-1.01847398,0.80388200,0.00000000,0.00000000
-0.80251247,-1.49181318,-1.07739556,-0.70325792,1.57021642,0.00000000,0.00000000,-1.47773921,-0.34489515,0.21218041,-1.04566145,0.78858340,0.00000000,0.00000000
-0.80663836,-1.49983740,-1.24243689,-0.92955232,1.59122729,0.00000000,0.00000000,-1.48608482,-0.35075247,0.21249039,-1.07908928,0.76523167,0.00000000,0.00000000
-0.80087292,-1.51206279,-1.39287412,-1.13522339,1.60025203,0.00000000,0.00000000,-1.49441636,-0.36678976,0.21232477,-1.11674058,0.73869026,0.00000000,0.00000000
-0.78645396,-1.52773023,-1.52711964,-1.31792152,1.61911809,0.00000000,0.00000000,-1.50239229,-0.39334726,0.21191561,-1.15644312,0.69532406,0.00000000,0.00000000
-0.76527125,-1.54567575,-1.64451396,-1.47641599,1.62075424,0.00000000,0.00000000,-1.50993013,-0.43004227,0.21146786,-1.19611454,0.64160538,0.00000000,0.00000000
-0.73952991,-1.56451011,-1.74519491,-1.61053991,1.62788975,0.00000000,0.00000000,-1.51717007,-0.47597370,0.21107979,-1.23396862,0.59330595,0.00000000,0.00000000
-0.71147579,-1.58287978,-1.82995260,-1.72117043,1.63093066,0.00000000,0.00000000,-1.52419579,-0.52978933,0.21082889,-1.26846349,0.54992419,0.00000000,0.00000000
-0.68310869,-1.59972966,-1.90008032,-1.81016779,1.62954581,0.00000000,0.00000000,-1.53102732,-0.58978468,0.21071209,-1.29836535,0.50529909,0.00000000,0.00000000
-0.65590525,-1.61440873,-1.95725226,-1.88019168,1.61535621,0.00000000,0.00000000,-1.53762543,-0.65409267,0.21060999,-1.32308781,0.47544041,0.00000000,0.00000000
-0.63068235,-1.62663853,-2.00340843,-1.93437040,1.60012090,0.00000000,0.00000000,-1.54382980,-0.72070879,0.21036361,-1.34295762,0.44511548,0.00000000,0.00000000
-0.60769826,-1.63644874,-2.04059839,-1.97589493,1.59574175,0.00000000,0.00000000,-1.54951775,-0.78735709,0.20970495,-1.35897040,0.41277590,0.00000000,0.00000000
-0.58688277,-1.64405954,-2.07079554,-2.00765491,1.60010588,0.00000000,0.00000000,-1.55460823,-0.85144526,0.20838320,-1.37211812,0.38619006,0.00000000,0.00000000
-0.56803304,-1.64976227,-2.09575105,-2.03203082,1.60981882,0.00000000,0.00000000,-1.55888736,-0.91035211,0.20640443,-1.38300896,0.35380509,0.00000000,0.00000000
-0.55090266,-1.65384150,-2.11691880,-2.05084324,1.62229145,0.00000000,0.00000000,-1.56230521,-0.96189469,0.20359766,-1.39223039,0.32497260,0.00000000,0.00000000
-0.53525400,-1.65657747,-2.13542724,-2.06543779,1.61262870,0.00000000,0.00000000,-1.56503558,-1.00458157,0.19948602,-1.40064669,0.31391189,0.00000000,0.00000000
-0.52089393,-1.65827727,-2.15206814,-2.07682395,1.59918487,0.00000000,0.00000000,-1.56709790,-1.03747559,0.19395590,-1.40883136,0.29592490,0.00000000,0.00000000
-0.50767624,-1.65927875,-2.16733503,-2.08577275,1.57491469,0.00000000,0.00000000,-1.56819928,-1.06002486,0.18764402,-1.41644919,0.28773189,0.00000000,0.00000000
-0.49549562,-1.65991318,-2.18150330,-2.09288383,1.55257964,0.00000000,0.00000000,-1.56790709,-1.07218218,0.18155809,-1.42269599,0.27938735,0.00000000,0.00000000
-0.48426896,-1.66042674,-2.19473410,-2.09863067,1.54300368,0.00000000,0.00000000,-1.56593907,-1.07440507,0.17638482,-1.42683053,0.27109995,0.00000000,0.00000000
-0.47390145,-1.66092837,-2.20715237,-2.10337734,1.53790128,0.00000000,0.00000000,-1.56226122,-1.06734121,0.17224537,-1.42813981,0.27091181,0.00000000,0.00000000
-0.46425867,-1.66141415,-2.21886206,-2.10737538,1.51893342,0.00000000,0.00000000,-1.55697834,-1.05165207,0.16890132,-1.42590868,0.27758276,0.00000000,0.00000000
-0.45517486,-1.66182601,-2.22993517,-2.11076856,1.50800431,0.00000000,0.00000000,-1.55025697,-1.02809632,0.16594398,-1.41955161,0.29213172,0.00000000,0.00000000
-0.44650117,-1.66211629,-2.24040675,-2.11362529,1.49509037,0.00000000,0.00000000,-1.54234648,-0.99765986,0.16287342,-1.40866816,0.29706344,0.00000000,0.00000000
-0.43816438,-1.66229320,-2.25028872,-2.11598635,1.47241068,0.00000000,0.00000000,-1.53360057,-0.96159226,0.15922697,-1.39297402,0.28978148,0.00000000,0.00000000
-0.43019721,-1.66244411,-2.25957584,-2.11788869,1.45530105,0.00000000,0.00000000,-1.52436304,-0.92125523,0.15487331,-1.37211215,0.28324401,0.00000000,0.00000000
-0.42269582,-1.66269946,-2.26825166,-2.11936808,1.42899036,0.00000000,0.00000000,-1.51489663,-0.87796873,0.15007411,-1.34577584,0.27322271,0.00000000,0.00000000
-0.41574246,-1.66315448,-2.27627468,-2.12047362,1.38774478,0.00000000,0.00000000,-1.50545299,-0.83311588,0.14522079,-1.31421649,0.27651700,0.00000000,0.00000000
-0.40937519,-1.66383326,-2.28358102,-2.12128425,1.36018252,0.00000000,0.00000000,-1.49629760,-0.78812248,0.14070249,-1.27820694,0.25784472,0.00000000,0.00000000
-0.40358564,-1.66469932,-2.29010224,-2.12188745,1.34792233,0.00000000,0.00000000,-1.48771906,-0.74429858,0.13686508,-1.23876464,0.24271171,0.00000000,0.00000000
-0.39832476,-1.66568089,-2.29578853,-2.12233973,1.34267998,0.00000000,0.00000000,-1.47997892,-0.70276320,0.13401467,-1.19712019,0.23040016,0.00000000,0.00000000
-0.39354846,-1.66670430,-2.30062008,-2.12267923,1.35697401,0.00000000,0.00000000,-1.47324538,-0.66434455,0.13241644,-1.15454364,0.23101264,0.00000000,0.00000000
-0.38926440,-1.66771746,-2.30461001,-2.12295771,1.36608732,0.00000000,0.00000000,-1.46760404,-0.62971932,0.13221909,-1.11222935,0.23181967,0.00000000,0.00000000
-0.38552648,-1.66870368,-2.30780983,-2.12323809,1.36829507,0.00000000,0.00000000,-1.46332932,-0.59966236,0.13327990,-1.07149231,0.22315589,0.00000000,0.00000000
-0.38237041,-1.66969991,-2.31025434,-2.12355876,1.37020552,0.00000000,0.00000000,-1.46101224,-0.57464433,0.13519192,-1.03392494,0.20873442,0.00000000,0.00000000
-0.37979433,-1.67074740,-2.31193781,-2.12395644,1.37752533,0.00000000,0.00000000,-1.46084237,-0.55484009,0.13772778,-1.00151324,0.18681017,0.00000000,0.00000000
-0.37774420,-1.67181599,-2.31289530,-2.12446523,1.38791096,0.00000000,0.00000000,-1.46268094,-0.54085535,0.14063965,-0.97623718,0.17999296,0.00000000,0.00000000
-0.37613332,-1.67281079,-2.31319070,-2.12511730,1.38978910,0.00000000,0.00000000,-1.46620202,-0.53304118,0.14371888,-0.95934963,0.19111076,0.00000000,0.00000000
-0.37486640,-1.67363703,-2.31291604,-2.12591481,1.36408544,0.00000000,0.00000000,-1.47092021,-0.53098780,0.14699817,-0.95119613,0.19653590,0.00000000,0.00000000
-0.37384501,-1.67428696,-2.31214070,-2.12679219,1.34490967,0.00000000,0.00000000,-1.47654533,-0.53408819,0.15053822,-0.95164800,0.21837072,0.00000000,0.00000000
-0.37304348,-1.67478991,-2.31096101,-2.12768269,1.32159913,0.00000000,0.00000000,-1.48268247,-0.54240417,0.15445906,-0.96074122,0.23227447,0.00000000,0.00000000
-0.37251830,-1.67514002,-2.30956006,-2.12854958,1.29432261,0.00000000,0.00000000,-1.48862278,-0.55664933,0.15900372,-0.97871625,0.26007068,0.00000000,0.00000000
-0.37229466,-1.67538500,-2.30804539,-2.12932158,1.27943194,0.00000000,0.00000000,-1.49396884,-0.57721049,0.16427355,-1.00549364,0.29137057,0.00000000,0.00000000
-0.37234506,-1.67570400,-2.30626917,-2.12992406,1.25988078,0.00000000,0.00000000,-1.49877131,-0.60335290,0.17024931,-1.04029918,0.31899720,0.00000000,0.00000000
-0.37266165,-1.67626500,-2.30407524,-2.13034701,1.22903693,0.00000000,0.00000000,-1.50314474,-0.63377178,0.17689596,-1.08130896,0.33521613,0.00000000,0.00000000
-0.37332293,-1.67706466,-2.30157781,-2.13067508,1.20097041,0.00000000,0.00000000,-1.50675261,-0.66822010,0.18414961,-1.12609243,0.32922956,0.00000000,0.00000000
-0.37445047,-1.67809772,-2.29882073,-2.13105559,1.18432736,0.00000000,0.00000000,-1.50929821,-0.70684052,0.19170052,-1.17245793,0.33190197,0.00000000,0.00000000
-0.37608132,-1.67947519,-2.29573011,-2.13154960,1.17535651,0.00000000,0.00000000,-1.51113319,-0.74902582,0.19890417,-1.21842551,0.32366523,0.00000000,0.00000000
-0.37817580,-1.68128133,-2.29228878,-2.13215685,1.16486001,0.00000000,0.00000000,-1.51278460,-0.79399818,0.20508280,-1.26223326,0.31925559,0.00000000,0.00000000
-0.38063312,-1.68351889,-2.28850698,-2.13287067,1.17056596,0.00000000,0.00000000,-1.51460648,-0.84078008,0.20974343,-1.30227804,0.30869827,0.00000000,0.00000000
-0.38328210,-1.68610740,-2.28442168,-2.13366222,1.18436265,0.00000000,0.00000000,-1.51679599,-0.88809156,0.21255375,-1.33739352,0.29210484,0.00000000,0.00000000
-0.38592911,-1.68886280,-2.28013277,-2.13450003,1.22098553,0.00000000,0.00000000,-1.51932776,-0.93444961,0.21339773,-1.36703122,0.27932185,0.00000000,0.00000000
-0.38838488,-1.69156265,-2.27581191,-2.13532782,1.26209807,0.00000000,0.00000000,-1.52194095,-0.97826219,0.21244241,-1.39118290,0.25631258,0.00000000,0.00000000
-0.39048952,-1.69400406,-2.27169490,-2.13607430,1.30655086,0.00000000,0.00000000,-1.52430189,-1.01791739,0.21000396,-1.41017127,0.23066720,0.00000000,0.00000000
-0.39214334,-1.69602048,-2.26807785,-2.13670707,1.35544920,0.00000000,0.00000000,-1.52621126,-1.05182934,0.20633712,-1.42447495,0.19041771,0.00000000,0.00000000
-0.39330935,-1.69749188,-2.26528740,-2.13724113,1.39275444,0.00000000,0.00000000,-1.52760303,-1.07854378,0.20172177,-1.43477273,0.15740073,0.00000000,0.00000000
-0.39397913,-1.69836414,-2.26358151,-2.13770866,1.42545307,0.00000000,0.00000000,-1.52842546,-1.09687829,0.19667104,-1.44191337,0.12243833,0.00000000,0.00000000
-0.39414570,-1.69865346,-2.26306486,-2.13814116,1.45874071,0.00000000,0.00000000,-1.52860069,-1.10599303,0.19193165,-1.44669807,0.09615267,0.00000000,0.00000000
-0.39380738,-1.69842982,-2.26371646,-2.13855267,1.48269737,0.00000000,0.00000000,-1.52812159,-1.10533988,0.18814418,-1.44969642,0.08530028,0.00000000,0.00000000
-0.39297497,-1.69777691,-2.26546478,-2.13892984,1.50725234,0.00000000,0.00000000,-1.52716506,-1.09464395,0.18540175,-1.45114100,0.06577247,0.00000000,0.00000000
-0.39166647,-1.69680989,-2.26816607,-2.13922238,1.53037322,0.00000000,0.00000000,-1.52598906,-1.07423162,0.18324606,-1.45080233,0.06549282,0.00000000,0.00000000
-0.38988543,-1.69575679,-2.27153587,-2.13932276,1.54084170,0.00000000,0.00000000,-1.52474535,-1.04538000,0.18102248,-1.44783700,0.06497528,0.00000000,0.00000000
-0.38767636,-1.69484341,-2.27526259,-2.13916540,1.53909147,0.00000000,0.00000000,-1.52344024,-1.00986588,0.17824930,-1.44096887,0.06813392,0.00000000,0.00000000
-0.38514149,-1.69419754,-2.27910304,-2.13877487,1.53407729,0.00000000,0.00000000,-1.52211010,-0.96939266,0.17456384,-1.42884493,0.06263648,0.00000000,0.00000000
-0.38242552,-1.69387257,-2.28288078,-2.13824177,1.52637243,0.00000000,0.00000000,-1.52088642,-0.92545319,0.16971473,-1.41031110,0.05376900,0.00000000,0.00000000
-0.37970552,-1.69388330,-2.28650689,-2.13767481,1.50359857,0.00000000,0.00000000,-1.51990950,-0.87935615,0.16371880,-1.38464832,0.04505162,0.00000000,0.00000000
-0.37716347,-1.69421577,-2.28997517,-2.13716078,1.47780895,0.00000000,0.00000000,-1.51926649,-0.83238250,0.15686193,-1.35192239,0.03134939,0.00000000,0.00000000
-0.37491390,-1.69482815,-2.29332042,-2.13672805,1.44750535,0.00000000,0.00000000,-1.51899612,-0.78582305,0.14958237,-1.31301665,0.02634245,0.00000000,0.00000000
-0.37292138,-1.69565892,-2.29653144,-2.13632178,1.41951823,0.00000000,0.00000000,-1.51895988,-0.74073428,0.14255962,-1.26911902,0.01485253,0.00000000,0.00000000
-0.37099695,-1.69663680,-2.29947472,-2.13583207,1.40056956,0.00000000,0.00000000,-1.51877785,-0.69794899,0.13664816,-1.22160411,0.00403726,0.00000000,0.00000000
-0.36893213,-1.69769001,-2.30194426,-2.13517070,1.37206352,0.00000000,0.00000000,-1.51792097,-0.65801567,0.13266325,-1.17200351,-0.01297915,0.00000000,0.00000000
-0.36666465,-1.69876134,-2.30380893,-2.13434672,1.34805369,0.00000000,0.00000000,-1.51568735,-0.62098378,0.13132642,-1.12180352,-0.03487862,0.00000000,0.00000000
-0.36431664,-1.69981170,-2.30509663,-2.13346314,1.32581174,0.00000000,0.00000000,-1.51091015,-0.58724946,0.13334921,-1.07293904,-0.05251152,0.00000000,0.00000000
-0.36208943,-1.70081818,-2.30594635,-2.13265133,1.30822229,0.00000000,0.00000000,-1.50396538,-0.55968338,0.13802296,-1.02875900,-0.08891256,0.00000000,0.00000000
-0.36011785,-1.70179164,-2.30648661,-2.13200092,1.29398179,0.00000000,0.00000000,-1.49929595,-0.53877497,0.14227112,-0.99073160,-0.12369392,0.00000000,0.00000000
-0.35841665,-1.70274282,-2.30676389,-2.13154960,1.27274764,0.00000000,0.00000000,-1.49725878,-0.51728523,0.14635724,-0.95631218,-0.16354284,0.00000000,0.00000000
-0.35691184,-1.70358574,-2.30688691,-2.13129520,1.25378597,0.00000000,0.00000000,-1.49487090,-0.49598366,0.15172458,-0.92826027,-0.18731193,0.00000000,0.00000000
-0.35553432,-1.70411921,-2.30705166,-2.13125253,1.23373616,0.00000000,0.00000000,-1.49198759,-0.47733477,0.15792944,-0.90932852,-0.21993880,0.00000000,0.00000000
-0.35426673,-1.70418048,-2.30747724,-2.13142681,1.21875358,0.00000000,0.00000000,-1.48893845,-0.46180034,0.16451709,-0.90023661,-0.24296482,0.00000000,0.00000000
-0.35315910,-1.70370865,-2.30837870,-2.13181734,1.20365703,0.00000000,0.00000000,-1.48542058,-0.44930118,0.17154129,-0.90083140,-0.25977582,0.00000000,0.00000000
-0.35226882,-1.70274806,-2.30983925,-2.13242316,1.19408691,0.00000000,0.00000000,-1.48285663,-0.43946540,0.17829566,-0.91018701,-0.28945819,0.00000000,0.00000000
-0.35159922,-1.70139825,-2.31178832,-2.13322043,1.17003810,0.00000000,0.00000000,-1.48388720,-0.43406639,0.18327394,-0.92837846,-0.32224190,0.00000000,0.00000000
-0.35112399,-1.69968390,-2.31417227,-2.13417029,1.13929939,0.00000000,0.00000000,-1.48876548,-0.43598115,0.18598001,-0.95584720,-0.35104761,0.00000000,0.00000000
-0.35080492,-1.69755375,-2.31694508,-2.13522100,1.11124408,0.00000000,0.00000000,-1.49654615,-0.44706085,0.18662091,-0.99181080,-0.37480140,0.00000000,0.00000000
-0.35067305,-1.69500434,-2.31998420,-2.13633204,1.08690178,0.00000000,0.00000000,-1.50608957,-0.46807495,0.18567003,-1.03440273,-0.39110452,0.00000000,0.00000000
-0.35088649,-1.69218338,-2.32305264,-2.13749409,1.05915380,0.00000000,0.00000000,-1.51641190,-0.49931785,0.18358123,-1.08146119,-0.41374531,0.00000000,0.00000000
-0.35166308,-1.68940282,-2.32574677,-2.13872266,1.02217627,0.00000000,0.00000000,-1.52688301,-0.54036307,0.18070444,-1.13075495,-0.43384629,0.00000000,0.00000000
-0.35311100,-1.68708599,-2.32747579,-2.14001560,0.98685598,0.00000000,0.00000000,-1.53703403,-0.58986205,0.17742185,-1.18000495,-0.45745218,0.00000000,0.00000000
-0.35510910,-1.68564892,-2.32759571,-2.14134550,0.96259803,0.00000000,0.00000000,-1.54653823,-0.64591205,0.17410113,-1.22706115,-0.47255898,0.00000000,0.00000000
-0.35741037,-1.68537736,-2.32569814,-2.14271069,0.92999160,0.00000000,0.00000000,-1.55496669,-0.70650476,0.17121319,-1.27024174,-0.48274839,0.00000000,0.00000000
-0.35988474,-1.68639266,-2.32183146,-2.14418864,0.89827865,0.00000000,0.00000000,-1.56165111,-0.76954913,0.16947269,-1.30847347,-0.48166329,0.00000000,0.00000000
-0.36260870,-1.68869019,-2.31649446,-2.14588284,0.86811566,0.00000000,0.00000000,-1.56598532,-0.83287334,0.16963950,-1.34140730,-0.48478207,0.00000000,0.00000000
-0.36573118,-1.69212091,-2.31040287,-2.14787269,0.85400158,0.00000000,0.00000000,-1.56774545,-0.89416826,0.17220883,-1.36910868,-0.47563860,0.00000000,0.00000000
-0.36925539,-1.69637191,-2.30419993,-2.15017629,0.83400071,0.00000000,0.00000000,-1.56719756,-0.95121646,0.17715962,-1.39187157,-0.45545375,0.00000000,0.00000000
-0.37293100,-1.70100570,-2.29828930,-2.15272617,0.82237428,0.00000000,0.00000000,-1.56500673,-1.00215816,0.18382983,-1.41026962,-0.42754033,0.00000000,0.00000000
-0.37632611,-1.70553124,-2.29288769,-2.15538859,0.82287502,0.00000000,0.00000000,-1.56211090,-1.04540420,0.19090608,-1.42508841,-0.41024047,0.00000000,0.00000000
-0.37902609,-1.70949316,-2.28824306,-2.15800762,0.82894391,0.00000000,0.00000000,-1.55946350,-1.07941949,0.19690289,-1.43719053,-0.40290356,0.00000000,0.00000000
-0.38080606,-1.71259356,-2.28477216,-2.16044664,0.83264011,0.00000000,0.00000000,-1.55771196,-1.10281169,0.20095305,-1.44748592,-0.39943498,0.00000000,0.00000000
-0.38165709,-1.71482086,-2.28292537,-2.16260052,0.83353001,0.00000000,0.00000000,-1.55702126,-1.11472976,0.20321564,-1.45659971,-0.38555813,0.00000000,0.00000000
-0.38167694,-1.71647930,-2.28290915,-2.16437674,0.83009458,0.00000000,0.00000000,-1.55717373,-1.11523008,0.20455725,-1.46440148,-0.37280643,0.00000000,0.00000000
-0.38095066,-1.71801615,-2.28461432,-2.16569233,0.82947308,0.00000000,0.00000000,-1.55790567,-1.10516500,0.20571569,-1.47010314,-0.36831969,0.00000000,0.00000000
-0.37947509,-1.71978998,-2.28772116,-2.16647816,0.82456976,0.00000000,0.00000000,-1.55913866,-1.08566427,0.20681588,-1.47275233,-0.37632143,0.00000000,0.00000000
-0.37715623,-1.72198796,-2.29177189,-2.16668177,0.83705270,0.00000000,0.00000000,-1.56087959,-1.05787647,0.20767714,-1.47146142,-0.38593823,0.00000000,0.00000000
-0.37389013,-1.72470558,-2.29622102,-2.16625094,0.84117848,0.00000000,0.00000000,-1.56308138,-1.02301645,0.20822589,-1.46525574,-0.38736695,0.00000000,0.00000000
-0.36966366,-1.72804260,-2.30056047,-2.16510653,0.84429729,0.00000000,0.00000000,-1.56562328,-0.98239398,0.20866062,-1.45315611,-0.39131838,0.00000000,0.00000000
-0.36463454,-1.73207104,-2.30445957,-2.16320872,0.84311563,0.00000000,0.00000000,-1.56835973,-0.93733197,0.20938975,-1.43465042,-0.40822408,0.00000000,0.00000000
-0.35915515,-1.73675656,-2.30779600,-2.16066813,0.83844250,0.00000000,0.00000000,-1.57116377,-0.88898510,0.21089108,-1.40981650,-0.40962380,0.00000000,0.00000000
-0.35366735,-1.74198222,-2.31059170,-2.15771127,0.82900560,0.00000000,0.00000000,-1.57390845,-0.83832121,0.21365310,-1.37897444,-0.41881010,0.00000000,0.00000000
-0.34850764,-1.74760199,-2.31288958,-2.15456152,0.82175332,0.00000000,0.00000000,-1.57650399,-0.78637373,0.21803597,-1.34268653,-0.41465598,0.00000000,0.00000000
-0.34381920,-1.75338113,-2.31461978,-2.15144920,0.81088948,0.00000000,0.00000000,-1.57868731,-0.73426366,0.22459958,-1.30198121,-0.39552224,0.00000000,0.00000000
-0.33957827,-1.75898576,-2.31564713,-2.14861560,0.79392177,0.00000000,0.00000000,-1.58019841,-0.68306339,0.23391327,-1.25822282,-0.37974894,0.00000000,0.00000000
-0.33569640,-1.76416290,-2.31583738,-2.14623475,0.78004420,0.00000000,0.00000000,-1.58105576,-0.63356370,0.24620120,-1.21302593,-0.37177619,0.00000000,0.00000000
-0.33212921,-1.76881254,-2.31519246,-2.14438176,0.77028579,0.00000000,0.00000000,-1.58161438,-0.58616483,0.26127759,-1.16815507,-0.34817418,0.00000000,0.00000000
-0.32888544,-1.77291954,-2.31391144,-2.14303851,0.75953221,0.00000000,0.00000000,-1.58240652,-0.54093403,0.27875134,-1.12533653,-0.31644729,0.00000000,0.00000000
-0.32595816,-1.77649379,-2.31227660,-2.14209867,0.75419170,0.00000000,0.00000000,-1.58396864,-0.49781188,0.29820722,-1.08625984,-0.27539882,0.00000000,0.00000000
-0.32328832,-1.77955067,-2.31049895,-2.14141440,0.75275981,0.00000000,0.00000000,-1.58683085,-0.45674425,0.31921056,-1.05250919,-0.23769841,0.00000000,0.00000000
-0.32079101,-1.78211439,-2.30865860,-2.14088559,0.76063025,0.00000000,0.00000000,-1.59163451,-0.41767797,0.34125090,-1.02536631,-0.20465598,0.00000000,0.00000000
-0.31839281,-1.78424394,-2.30671763,-2.14051056,0.76792806,0.00000000,0.00000000,-1.59904647,-0.38075408,0.36381167,-1.00596929,-0.16305524,0.00000000,0.00000000
-0.31603390,-1.78605664,-2.30456233,-2.14036274,0.76786643,0.00000000,0.00000000,-1.60946381,-0.34654701,0.38653511,-0.99550056,-0.10958805,0.00000000,0.00000000
-0.31362325,-1.78774202,-2.30204296,-2.14049911,0.78418785,0.00000000,0.00000000,-1.62304461,-0.31578171,0.40927044,-0.99476689,-0.07065133,0.00000000,0.00000000
-0.31099045,-1.78955746,-2.29899263,-2.14088774,0.79883897,0.00000000,0.00000000,-1.64002192,-0.28891978,0.43198588,-1.00385714,-0.02741805,0.00000000,0.00000000
-0.30790079,-1.79177272,-2.29526067,-2.14142346,0.80431861,0.00000000,0.00000000,-1.66056955,-0.26610500,0.45481583,-1.02232361,-0.00034811,0.00000000,0.00000000
-0.30409640,-1.79462564,-2.29075408,-2.14195919,0.81975508,0.00000000,0.00000000,-1.68455756,-0.24721627,0.47814369,-1.04934514,0.01867462,0.00000000,0.00000000
-0.29931176,-1.79830420,-2.28544593,-2.14230943,0.84056365,0.00000000,0.00000000,-1.71170366,-0.23185077,0.50249964,-1.08365095,0.04261229,0.00000000,0.00000000
-0.29324347,-1.80291915,-2.27937102,-2.14223194,0.85333163,0.00000000,0.00000000,-1.74166584,-0.21919717,0.52849883,-1.12335587,0.07474034,0.00000000,0.00000000
-0.28549054,-1.80849016,-2.27258372,-2.14141083,0.87649578,0.00000000,0.00000000,-1.77404904,-0.20802845,0.55685884,-1.16605866,0.10386177,0.00000000,0.00000000
-0.27560842,-1.81494939,-2.26508617,-2.13955736,0.90540272,0.00000000,0.00000000,-1.80851269,-0.19717845,0.58824468,-1.20950842,0.13299567,0.00000000,0.00000000
-0.26325059,-1.82220209,-2.25689244,-2.13647413,0.92857635,0.00000000,0.00000000,-1.84501660,-0.18600610,0.62294602,-1.25216472,0.16102384,0.00000000,0.00000000
-0.24824563,-1.83021927,-2.24814963,-2.13198185,0.93611008,0.00000000,0.00000000,-1.88379753,-0.17444956,0.66080749,-1.29323447,0.16683976,0.00000000,0.00000000
-0.23059596,-1.83904624,-2.23917437,-2.12588811,0.95515794,0.00000000,0.00000000,-1.92508197,-0.16279040,0.70145190,-1.33234704,0.16810343,0.00000000,0.00000000
-0.21042597,-1.84873152,-2.23035431,-2.11801267,0.96982253,0.00000000,0.00000000,-1.96873927,-0.15133370,0.74462414,-1.36918592,0.16289735,0.00000000,0.00000000
-0.18782419,-1.85931337,-2.22207975,-2.10803485,0.99569571,0.00000000,0.00000000,-2.01438951,-0.14001156,0.79034275,-1.40316904,0.15102609,0.00000000,0.00000000
-0.16283336,-1.87076151,-2.21467113,-2.09556103,1.01189363,0.00000000,0.00000000,-2.06170583,-0.12873890,0.83855373,-1.43386245,0.14170924,0.00000000,0.00000000
-0.13546066,-1.88297069,-2.20839119,-2.08018517,1.03736401,0.00000000,0.00000000,-2.11067128,-0.11766749,0.88885450,-1.46106124,0.13300590,0.00000000,0.00000000
-0.10569447,-1.89577579,-2.20348072,-2.06154490,1.05874217,0.00000000,0.00000000,-2.16147876,-0.10704093,0.94066709,-1.48450232,0.13105759,0.00000000,0.00000000
-0.07352071,-1.90900540,-2.20012975,-2.03935122,1.05933344,0.00000000,0.00000000,-2.21438217,-0.09715259,0.99338162,-1.50372529,0.13981265,0.00000000,0.00000000
-0.03902422,-1.92252159,-2.19844961,-2.01347780,1.05725420,0.00000000,0.00000000,-2.26951718,-0.08849223,1.04638672,-1.51814866,0.14041603,0.00000000,0.00000000
-0.00251642,-1.93620670,-2.19847417,-1.98406124,1.07527900,0.00000000,0.00000000,-2.32662106,-0.08175683,1.09913003,-1.52714789,0.13686176,0.00000000,0.00000000
0.03551935,-1.95005560,-2.20006728,-1.95132411,1.09044552,0.00000000,0.00000000,-2.38499308,-0.07773296,1.15104234,-1.53001702,0.13570651,0.00000000,0.00000000
0.07453008,-1.96432137,-2.20284271,-1.91531563,1.10011959,0.00000000,0.00000000,-2.44368553,-0.07719300,1.20138121,-1.52593017,0.13480450,0.00000000,0.00000000
0.11390456,-1.97941113,-2.20616841,-1.87595904,1.11003590,0.00000000,0.00000000,-2.50154567,-0.08075416,1.24925303,-1.51396906,0.12475191,0.00000000,0.00000000
0.15298143,-1.99565542,-2.20921040,-1.83321989,1.12173283,0.00000000,0.00000000,-2.55714369,-0.08874948,1.29379690,-1.49305153,0.13095270,0.00000000,0.00000000
0.19101536,-2.01318026,-2.21112657,-1.78717911,1.11773634,0.00000000,0.00000000,-2.60879803,-0.10109790,1.33436894,-1.46177232,0.14167225,0.00000000,0.00000000
0.22712648,-2.03178644,-2.21129370,-1.73810339,1.12329686,0.00000000,0.00000000,-2.65464401,-0.11717687,1.37064815,-1.41832697,0.14757802,0.00000000,0.00000000
0.26031107,-2.05084682,-2.20930982,-1.68656182,1.11380577,0.00000000,0.00000000,-2.69270897,-0.13594230,1.40268481,-1.36058068,0.15438616,0.00000000,0.00000000
0.28962293,-2.06951380,-2.20481443,-1.63327026,1.10180247,0.00000000,0.00000000,-2.72099590,-0.15625420,1.43093109,-1.28628540,0.15648538,0.00000000,0.00000000
0.31440350,-2.08710432,-2.19740415,-1.57875812,1.09293282,0.00000000,0.00000000,-2.73756790,-0.17704242,1.45623541,-1.19343853,0.15695389,0.00000000,0.00000000
0.33428094,-2.10314345,-2.18681550,-1.52334154,1.08744359,0.00000000,0.00000000,-2.74072528,-0.19727777,1.47975886,-1.08062875,0.15758984,0.00000000,0.00000000
0.34896654,-2.11710453,-2.17316794,-1.46738672,1.08886862,0.00000000,0.00000000,-2.72917151,-0.21582025,1.50286329,-0.94722837,0.15012680,0.00000000,0.00000000
0.35794789,-2.12817478,-2.15695810,-1.41170442,1.07297039,0.00000000,0.00000000,-2.70200968,-0.23115478,1.52695739,-0.79348212,0.14130519,0.00000000,0.00000000
0.36053354,-2.13546109,-2.13878489,-1.35758317,1.04715037,0.00000000,0.00000000,-2.65868831,-0.24111097,1.55328143,-0.62052333,0.14121139,0.00000000,0.00000000
0.35726008,-2.13939810,-2.11876774,-1.30561662,1.01744223,0.00000000,0.00000000,-2.59902263,-0.24265563,1.58264744,-0.43031725,0.13927338,0.00000000,0.00000000
0.35068098,-2.14235568,-2.09636521,-1.25534832,0.99687290,0.00000000,0.00000000,-2.52312183,-0.23183869,1.61512470,-0.22569083,0.13574907,0.00000000,0.00000000
0.34276810,-2.14601254,-2.07130766,-1.20693684,0.96955186,0.00000000,0.00000000,-2.43103290,-0.20365272,1.64972568,-0.01062135,0.13887399,0.00000000,0.00000000
0.33406454,-2.15050507,-2.04391360,-1.16076756,0.94002330,0.00000000,0.00000000,-2.32227206,-0.15162918,1.68402946,0.20925331,0.13933873,0.00000000,0.00000000
0.32509360,-2.15547538,-2.01486301,-1.11655724,0.92102975,0.00000000,0.00000000,-2.19531727,-0.06771699,1.71375644,0.42591241,0.12893720,0.00000000,0.00000000
0.31645632,-2.16013718,-1.98509514,-1.07373250,0.89869970,0.00000000,0.00000000,-2.04758286,0.05594270,1.73307693,0.62878424,0.11907422,0.00000000,0.00000000
0.30836630,-2.16368198,-1.95537961,-1.03212821,0.87855494,0.00000000,0.00000000,-1.87724066,0.22238061,1.73685753,0.80683100,0.09786307,0.00000000,0.00000000
0.30076107,-2.16595984,-1.92627800,-0.99219656,0.86603826,0.00000000,0.00000000,-1.68626118,0.42637271,1.72366500,0.95183331,0.08615756,0.00000000,0.00000000
0.29408863,-2.16734385,-1.89859271,-0.95473564,0.86056614,0.00000000,0.00000000,-1.48142362,0.65622389,1.69645631,1.05920947,0.06452641,0.00000000,0.00000000
0.28912792,-2.16830063,-1.87312007,-0.92073345,0.86324722,0.00000000,0.00000000,-1.27287519,0.89725101,1.66129899,1.12709022,0.03642454,0.00000000,0.00000000
0.28645721,-2.16897511,-1.85072780,-0.89118981,0.87284750,0.00000000,0.00000000,-1.07200050,1.13414812,1.62580323,1.15586889,0.01102682,0.00000000,0.00000000
0.28678894,-2.16936255,-1.83221054,-0.86672604,0.90139169,0.00000000,0.00000000,-0.88944185,1.35259867,1.59770048,1.14829993,-0.00143849,0.00000000,0.00000000
0.29134303,-2.16981077,-1.81787622,-0.84680337,0.92223161,0.00000000,0.00000000,-0.73339248,1.54062998,1.58354390,1.10971415,-0.01168489,0.00000000,0.00000000
0.30063391,-2.16998792,-1.80847168,-0.83000940,0.94450313,0.00000000,0.00000000,-0.60813403,1.69022620,1.58729601,1.04846859,-0.03146914,0.00000000,0.00000000
0.31285784,-2.17000008,-1.80359375,-0.81539321,0.95713562,0.00000000,0.00000000,-0.51296216,1.79981637,1.60855913,0.97614312,-0.05834631,0.00000000,0.00000000
0.32503584,-2.17000008,-1.80085468,-0.80258435,0.97817838,0.00000000,0.00000000,-0.44289041,1.87575400,1.64198482,0.90520155,-0.08896370,0.00000000,0.00000000
0.33536014,-2.17000008,-1.79774237,-0.79112142,1.00128627,0.00000000,0.00000000,-0.39143127,1.92842269,1.68045533,0.84470302,-0.10935956,0.00000000,0.00000000
0.34356666,-2.17000008,-1.79328895,-0.78045672,1.01885092,0.00000000,0.00000000,-0.35307851,1.96664321,1.71875823,0.79870081,-0.12694426,0.00000000,0.00000000
0.34960282,-2.17000008,-1.78771293,-0.77056551,1.04712486,0.00000000,0.00000000,-0.32490259,1.99654830,1.75405312,0.76643974,-0.14075311,0.00000000,0.00000000
0.35356846,-2.17000008,-1.78136325,-0.76161695,1.07481229,0.00000000,0.00000000,-0.30539137,2.02143121,1.78548419,0.74418277,-0.14447950,0.00000000,0.00000000
0.35687009,-2.17000008,-1.77418649,-0.75298464,1.10571957,0.00000000,0.00000000,-0.29283035,2.04247570,1.81328988,0.72828263,-0.14844453,0.00000000,0.00000000
0.35988820,-2.17000008,-1.76648247,-0.74491107,1.13062584,0.00000000,0.00000000,-0.28475443,2.06089234,1.83748627,0.71718884,-0.14599004,0.00000000,0.00000000
0.36262929,-2.17000008,-1.75843239,-0.73772478,1.15125751,0.00000000,0.00000000,-0.27956000,2.07752514,1.85822737,0.70960075,-0.12586609,0.00000000,0.00000000
0.36514056,-2.17000008,-1.74991906,-0.73145205,1.16323352,0.00000000,0.00000000,-0.27619311,2.09236979,1.87601221,0.70435917,-0.09993198,0.00000000,0.00000000
0.36750656,-2.17000008,-1.74085653,-0.72597885,1.16375470,0.00000000,0.00000000,-0.27387515,2.10521746,1.89137995,0.70067090,-0.09016074,0.00000000,0.00000000
0.36985260,-2.17000008,-1.73144758,-0.72113860,1.16677630,0.00000000,0.00000000,-0.27217922,2.11607456,1.90476203,0.69792342,-0.09557250,0.00000000,0.00000000
0.37209842,-2.17000008,-1.72226143,-0.71686929,1.17559803,0.00000000,0.00000000,-0.27083191,2.12508202,1.91649389,0.69566500,-0.09737776,0.00000000,0.00000000
0.37394404,-2.17000008,-1.71389854,-0.71324009,1.18976009,0.00000000,0.00000000,-0.26960149,2.13228822,1.92688608,0.69361424,-0.09145942,0.00000000,0.00000000
0.37523955,-2.17000008,-1.70655322,-0.71029919,1.20049036,0.00000000,0.00000000,-0.26840854,2.13783145,1.93615854,0.69162452,-0.08387447,0.00000000,0.00000000
0.37607488,-2.17000008,-1.70001161,-0.70806259,1.21530032,0.00000000,0.00000000,-0.26730773,2.14198208,1.94442701,0.68965256,-0.07173325,0.00000000,0.00000000
0.37664250,-2.17000008,-1.69391465,-0.70653880,1.21633470,0.00000000,0.00000000,-0.26639715,2.14507937,1.95172775,0.68772012,-0.03632090,0.00000000,0.00000000
0.37703180,-2.17000008,-1.68808067,-0.70573545,1.21854699,0.00000000,0.00000000,-0.26569200,2.14746213,1.95804799,0.68589246,-0.00950405,0.00000000,0.00000000
0.37718230,-2.17000008,-1.68272245,-0.70561486,1.23274100,0.00000000,0.00000000,-0.26509053,2.14939547,1.96337330,0.68424678,0.01063848,0.00000000,0.00000000
0.37703764,-2.17000008,-1.67836297,-0.70603710,1.23360765,0.00000000,0.00000000,-0.26447734,2.15100050,1.96774459,0.68282664,0.02591293,0.00000000,0.00000000
0.37662098,-2.17000008,-1.67548525,-0.70680791,1.22810543,0.00000000,0.00000000,-0.26375768,2.15231466,1.97123635,0.68164825,0.03501158,0.00000000,0.00000000
0.37600386,-2.17000008,-1.67420399,-0.70776135,1.20639944,0.00000000,0.00000000,-0.26280403,2.15339231,1.97390187,0.68072909,0.03496059,0.00000000,0.00000000
0.37529543,-2.17000008,-1.67418122,-0.70876396,1.19019294,0.00000000,0.00000000,-0.26148549,2.15428495,1.97579145,0.68007863,0.03241091,0.00000000,0.00000000
0.37463006,-2.17000008,-1.67484272,-0.70968831,1.18245649,0.00000000,0.00000000,-0.25973541,2.15503240,1.97697258,0.67968416,0.03173803,0.00000000,0.00000000
0.37410516,-2.17000008,-1.67568970,-0.71041530,1.18577015,0.00000000,0.00000000,-0.25758329,2.15564084,1.97753811,0.67951477,0.03900117,0.00000000,0.00000000
0.37371528,-2.17000008,-1.67645168,-0.71086425,1.18929052,0.00000000,0.00000000,-0.25509137,2.15607071,1.97758472,0.67954898,0.04042287,0.00000000,0.00000000
0.37344748,-2.17000008,-1.67698336,-0.71095282,1.19278967,0.00000000,0.00000000,-0.25241578,2.15632796,1.97718978,0.67974877,0.04529897,0.00000000,0.00000000
0.37332430,-2.17000008,-1.67715263,-0.71061790,1.20070219,0.00000000,0.00000000,-0.24977821,2.15650868,1.97638941,0.68005961,0.05762183,0.00000000,0.00000000
0.37333903,-2.17000008,-1.67685342,-0.70988613,1.20087469,0.00000000,0.00000000,-0.24739711,2.15670848,1.97520030,0.68042129,0.05992142,0.00000000,0.00000000
0.37338662,-2.17000008,-1.67601359,-0.70890051,1.21354151,0.00000000,0.00000000,-0.24537937,2.15708423,1.97358501,0.68079036,0.05048077,0.00000000,0.00000000
0.37334460,-2.17000008,-1.67463994,-0.70781952,1.21882141,0.00000000,0.00000000,-0.24372958,2.15777731,1.97150278,0.68111992,0.04525562,0.00000000,0.00000000
0.37315628,-2.17000008,-1.67289245,-0.70672345,1.21973932,0.00000000,0.00000000,-0.24239184,2.15875936,1.96899378,0.68133545,0.04557237,0.00000000,0.00000000
0.37280077,-2.17000008,-1.67107725,-0.70561707,1.12285745,0.00000000,0.00000000,-0.24130625,2.15982461,1.96624410,0.68133479,0.03645271,0.00000000,0.00000000
0.37222135,-2.17000008,-1.66954243,-0.70450002,1.02689397,0.00000000,0.00000000,-0.24046572,2.16068983,1.96361208,0.68102884,0.03597890,0.00000000,0.00000000
0.37133223,-2.17000008,-1.66857970,-0.70344216,0.94539332,0.00000000,0.00000000,-0.23985726,2.16112494,1.96147084,0.68043220,0.03727113,0.00000000,0.00000000
0.37023318,-2.17000008,-1.66831088,-0.70253164,0.86395484,0.00000000,0.00000000,-0.23949000,2.16089535,1.96011376,0.67968047,0.03123800,0.00000000,0.00000000
0.36927870,-2.17000008,-1.66853607,-0.70182449,0.78256744,0.00000000,0.00000000,-0.23935553,2.16013837,1.95954525,0.67898196,0.03322193,0.00000000,0.00000000
0.36880526,-2.17000008,-1.66883218,-0.70137906,0.69360065,0.00000000,0.00000000,-0.23939493,2.15938544,1.95947635,0.67853588,0.03210809,0.00000000,0.00000000
