l_joint1,l_joint2,l_joint3,l_joint4,l_joint5,l_joint6,l_joint7,r_joint1,r_joint2,r_joint3,r_joint4,r_joint5,r_joint6,r_joint7
-0.83975261,-0.70936519,-0.16287008,-1.77053058,0.05195767,0.00000000,0.00000000,-0.53741443,1.78241396,-1.03542328,-1.89735687,0.03250423,0.00000000,0.00000000
-0.83448315,-0.71011049,-0.16817753,-1.77017379,0.06191329,0.00000000,0.00000000,-0.53837228,1.78304088,-1.03300714,-1.89736533,0.04811231,0.00000000,0.00000000
-0.82446927,-0.71209860,-0.17875333,-1.76965988,0.07187583,0.00000000,0.00000000,-0.54068488,1.78464317,-1.02967083,-1.89786243,0.06257306,0.00000000,0.00000000
-0.80966991,-0.71559948,-0.19472124,-1.76857209,0.07699195,0.00000000,0.00000000,-0.54421693,1.78712559,-1.02535272,-1.89886808,0.07425589,0.00000000,0.00000000
-0.78987509,-0.72106558,-0.21603613,-1.76633203,0.08962391,0.00000000,0.00000000,-0.54884952,1.79041159,-1.01988935,-1.90003657,0.09024345,0.00000000,0.00000000
-0.76473695,-0.72945863,-0.24255447,-1.76241851,0.09540986,0.00000000,0.00000000,-0.55424291,1.79428113,-1.01322293,-1.90127015,0.11001385,0.00000000,0.00000000
-0.73435241,-0.74187297,-0.27460369,-1.75565994,0.11241388,0.00000000,0.00000000,-0.56003189,1.79854012,-1.00603592,-1.90280914,0.12829226,0.00000000,0.00000000
-0.69931847,-0.75898707,-0.31298667,-1.74483514,0.13622649,0.00000000,0.00000000,-0.56596655,1.80306518,-0.99908644,-1.90482974,0.13991201,0.00000000,0.00000000
-0.65983009,-0.78120494,-0.35801038,-1.72966444,0.14866070,0.00000000,0.00000000,-0.57171011,1.80760026,-0.99215239,-1.90722072,0.14903733,0.00000000,0.00000000
-0.61603016,-0.80893552,-0.40980873,-1.71067882,0.13829786,0.00000000,0.00000000,-0.57737011,1.81219530,-0.98528510,-1.90960920,0.15565823,0.00000000,0.00000000
-0.56826895,-0.84246331,-0.46856150,-1.68865991,0.12805729,0.00000000,0.00000000,-0.58305573,1.81687748,-0.97861117,-1.91173625,0.18178253,0.00000000,0.00000000
-0.51709497,-0.88189518,-0.53442848,-1.66449773,0.12846728,0.00000000,0.00000000,-0.58860970,1.82141042,-0.97207266,-1.91358197,0.22639531,0.00000000,0.00000000
-0.46313253,-0.92724240,-0.60736722,-1.63929427,0.14272159,0.00000000,0.00000000,-0.59390152,1.82577002,-0.96580410,-1.91507041,0.27551669,0.00000000,0.00000000
-0.40710562,-0.97833449,-0.68709481,-1.61429346,0.14933793,0.00000000,0.00000000,-0.59862548,1.82978380,-0.95985061,-1.91630673,0.31430435,0.00000000,0.00000000
-0.34982282,-1.03480840,-0.77301347,-1.59087288,0.16025887,0.00000000,0.00000000,-0.60265774,1.83339262,-0.95452863,-1.91725624,0.35808370,0.00000000,0.00000000
-0.29213902,-1.09601271,-0.86415154,-1.57041180,0.17817809,0.00000000,0.00000000,-0.60590106,1.83651674,-0.95020175,-1.91787088,0.40000561,0.00000000,0.00000000
-0.23490587,-1.16091454,-0.95914036,-1.55409205,0.19315073,0.00000000,0.00000000,-0.60805553,1.83888054,-0.94695449,-1.91828573,0.43346193,0.00000000,0.00000000
-0.17899078,-1.22812426,-1.05628800,-1.54283309,0.21414477,0.00000000,0.00000000,-0.60894680,1.84033239,-0.94506276,-1.91858673,0.44800609,0.00000000,0.00000000
-0.12521924,-1.29592729,-1.15365911,-1.53716981,0.22510764,0.00000000,0.00000000,-0.60858399,1.84086812,-0.94501001,-1.91872406,0.46027952,0.00000000,0.00000000
-0.07429659,-1.36238575,-1.24919629,-1.53721750,0.23015963,0.00000000,0.00000000,-0.60684186,1.84039938,-0.94705969,-1.91877079,0.47350359,0.00000000,0.00000000
-0.02673860,-1.42547715,-1.34089768,-1.54261816,0.22817045,0.00000000,0.00000000,-0.60348076,1.83875513,-0.95118278,-1.91884720,0.47779080,0.00000000,0.00000000
0.01716883,-1.48334658,-1.42697608,-1.55263007,0.23532136,0.00000000,0.00000000,-0.59846663,1.83592880,-0.95741600,-1.91884911,0.48237172,0.00000000,0.00000000
0.05738368,-1.53459144,-1.50601959,-1.56631923,0.24853759,0.00000000,0.00000000,-0.59183621,1.83196616,-0.96562994,-1.91858959,0.47024265,0.00000000,0.00000000
0.09410517,-1.57848430,-1.57713282,-1.58264816,0.26248321,0.00000000,0.00000000,-0.58357912,1.82685518,-0.97532183,-1.91799641,0.42615318,0.00000000,0.00000000
0.12772906,-1.61511803,-1.63993454,-1.60059881,0.28128076,0.00000000,0.00000000,-0.57395935,1.82082713,-0.98604435,-1.91694117,0.37021345,0.00000000,0.00000000
0.15871927,-1.64523339,-1.69456017,-1.61923146,0.30232874,0.00000000,0.00000000,-0.56348854,1.81432784,-0.99743152,-1.91535103,0.31813374,0.00000000,0.00000000
0.18745869,-1.66990960,-1.74153769,-1.63787258,0.31954035,0.00000000,0.00000000,-0.55267769,1.80777359,-1.00905955,-1.91334271,0.24910222,0.00000000,0.00000000
0.21424672,-1.69028735,-1.78161895,-1.65607643,0.32648927,0.00000000,0.00000000,-0.54194355,1.80146313,-1.02038586,-1.91109157,0.18552928,0.00000000,0.00000000
0.23923200,-1.70733237,-1.81572616,-1.67350221,0.33320051,0.00000000,0.00000000,-0.53176165,1.79570544,-1.03108132,-1.90873575,0.12392105,0.00000000,0.00000000
0.26246259,-1.72179461,-1.84476066,-1.68995333,0.33986035,0.00000000,0.00000000,-0.52255493,1.79068589,-1.04099691,-1.90646279,0.07810361,0.00000000,0.00000000
0.28396678,-1.73420322,-1.86953747,-1.70531893,0.34655982,0.00000000,0.00000000,-0.51458448,1.78644204,-1.05000710,-1.90445638,0.03530406,0.00000000,0.00000000
0.30377522,-1.74493659,-1.89076018,-1.71954310,0.35101336,0.00000000,0.00000000,-0.50796658,1.78292572,-1.05801034,-1.90288424,0.00272980,0.00000000,0.00000000
0.32194126,-1.75428736,-1.90900791,-1.73259664,0.37684223,0.00000000,0.00000000,-0.50271326,1.78007364,-1.06494284,-1.90194821,-0.02565027,0.00000000,0.00000000
0.33854482,-1.76249647,-1.92472625,-1.74447691,0.40060276,0.00000000,0.00000000,-0.49890858,1.77785492,-1.07084215,-1.90178061,-0.05929598,0.00000000,0.00000000
0.35363069,-1.76978111,-1.93822575,-1.75526154,0.42913646,0.00000000,0.00000000,-0.49632001,1.77597833,-1.07559824,-1.90270782,-0.09015416,0.00000000,0.00000000
0.36714742,-1.77623546,-1.94974232,-1.76513839,0.44378263,0.00000000,0.00000000,-0.49492577,1.77424419,-1.07949162,-1.90501451,-0.11233597,0.00000000,0.00000000
0.37910879,-1.78196454,-1.95937073,-1.77427530,0.45507014,0.00000000,0.00000000,-0.49474561,1.77244174,-1.08275199,-1.90874004,-0.11499026,0.00000000,0.00000000
0.38959658,-1.78705573,-1.96719503,-1.78274918,0.46154025,0.00000000,0.00000000,-0.49514073,1.76993966,-1.08482563,-1.91407871,-0.10603005,0.00000000,0.00000000
0.39865214,-1.79149580,-1.97339642,-1.79062366,0.46890777,0.00000000,0.00000000,-0.49608740,1.76648712,-1.08549643,-1.92079544,-0.08225438,0.00000000,0.00000000
0.40629190,-1.79522085,-1.97824097,-1.79790866,0.48800063,0.00000000,0.00000000,-0.49805930,1.76205814,-1.08476126,-1.92832792,-0.06291801,0.00000000,0.00000000
0.41251403,-1.79820538,-1.98177159,-1.80466485,0.50084865,0.00000000,0.00000000,-0.50098979,1.75617242,-1.08262849,-1.93693948,-0.03960345,0.00000000,0.00000000
0.41718191,-1.80042756,-1.98372507,-1.81130850,0.51090819,0.00000000,0.00000000,-0.50474250,1.74812555,-1.07906675,-1.94690776,-0.01629571,0.00000000,0.00000000
0.42015070,-1.80187511,-1.98370218,-1.81835210,0.52626061,0.00000000,0.00000000,-0.50966328,1.73736346,-1.07412374,-1.95797443,0.00325359,0.00000000,0.00000000
0.42131519,-1.80244863,-1.98148644,-1.82613277,0.52675563,0.00000000,0.00000000,-0.51587057,1.72303951,-1.06749213,-1.97017848,0.02293898,0.00000000,0.00000000
0.42070988,-1.80207336,-1.97694802,-1.83474839,0.53108388,0.00000000,0.00000000,-0.52358830,1.70434988,-1.05849874,-1.98310137,0.05534320,0.00000000,0.00000000
0.41840732,-1.80068123,-1.97004759,-1.84413803,0.53608030,0.00000000,0.00000000,-0.53276879,1.68018734,-1.04599321,-1.99624479,0.09187326,0.00000000,0.00000000
0.41456634,-1.79831743,-1.96066499,-1.85418415,0.52717412,0.00000000,0.00000000,-0.54314268,1.64914358,-1.02869689,-2.00931740,0.11929941,0.00000000,0.00000000
0.40928227,-1.79511487,-1.94874144,-1.86484814,0.52056420,0.00000000,0.00000000,-0.55493957,1.61024714,-1.00585282,-2.02146268,0.14995167,0.00000000,0.00000000
0.40286121,-1.79144704,-1.93433475,-1.87574232,0.50344205,0.00000000,0.00000000,-0.56970328,1.56358218,-0.97749692,-2.03032017,0.15965891,0.00000000,0.00000000
0.39519563,-1.78753161,-1.91772878,-1.88702857,0.47703865,0.00000000,0.00000000,-0.58872902,1.50902402,-0.94412202,-2.03462458,0.15280603,0.00000000,0.00000000
0.38607404,-1.78340960,-1.89987278,-1.89890063,0.44229463,0.00000000,0.00000000,-0.61236465,1.44632435,-0.90493923,-2.03329539,0.14294881,0.00000000,0.00000000
0.37600410,-1.77931511,-1.88171637,-1.91132367,0.40391648,0.00000000,0.00000000,-0.64225155,1.37657988,-0.86075723,-2.02548218,0.12407983,0.00000000,0.00000000
0.36629841,-1.77566540,-1.86408234,-1.92395914,0.36801898,0.00000000,0.00000000,-0.67903471,1.30105543,-0.81203830,-2.01081538,0.10535397,0.00000000,0.00000000
0.35783342,-1.77281201,-1.84663963,-1.93764162,0.33082810,0.00000000,0.00000000,-0.72172534,1.22036684,-0.75873983,-1.98855114,0.08451253,0.00000000,0.00000000
0.35155597,-1.77089691,-1.82989585,-1.95202267,0.28781858,0.00000000,0.00000000,-0.76967448,1.13622129,-0.70175022,-1.95829153,0.06754047,0.00000000,0.00000000
0.34764150,-1.76977015,-1.81459987,-1.96671462,0.25223881,0.00000000,0.00000000,-0.82187784,1.05029476,-0.64234465,-1.92031932,0.04330389,0.00000000,0.00000000
0.34597978,-1.76919842,-1.80180204,-1.98077452,0.20229504,0.00000000,0.00000000,-0.87646270,0.96425647,-0.58117777,-1.87456310,0.00178064,0.00000000,0.00000000
0.34668589,-1.76928103,-1.79063296,-1.99378300,0.15969595,0.00000000,0.00000000,-0.93174499,0.87892503,-0.51933533,-1.82110047,-0.03790602,0.00000000,0.00000000
0.34737724,-1.76928508,-1.78128266,-2.00606370,0.10983233,0.00000000,0.00000000,-0.98631865,0.79405129,-0.45813346,-1.75999844,-0.06877133,0.00000000,0.00000000
0.34635788,-1.76866198,-1.77388918,-2.01768279,0.06118890,0.00000000,0.00000000,-1.03899598,0.70929641,-0.39879051,-1.69141889,-0.09525711,0.00000000,0.00000000
0.34370998,-1.76752675,-1.76708436,-2.02867699,0.01456619,0.00000000,0.00000000,-1.08855128,0.62490916,-0.34216464,-1.61456752,-0.11436325,0.00000000,0.00000000
0.33979025,-1.76600099,-1.75928509,-2.03946018,-0.01552568,0.00000000,0.00000000,-1.13414252,0.54175216,-0.28920093,-1.52791905,-0.13405445,0.00000000,0.00000000
0.33480191,-1.76406670,-1.74936032,-2.05051422,-0.03740915,0.00000000,0.00000000,-1.17495847,0.46098760,-0.24058983,-1.42976832,-0.15397766,0.00000000,0.00000000
0.32894829,-1.76171720,-1.73645091,-2.06225133,-0.05608029,0.00000000,0.00000000,-1.20945728,0.38343573,-0.19605207,-1.31940937,-0.16132459,0.00000000,0.00000000
0.32232261,-1.75899911,-1.72021580,-2.07500339,-0.07540242,0.00000000,0.00000000,-1.23591626,0.30994031,-0.15476871,-1.19757068,-0.17164803,0.00000000,0.00000000
0.31509140,-1.75605512,-1.70073736,-2.08886790,-0.08258963,0.00000000,0.00000000,-1.25415897,0.24174972,-0.11634751,-1.06635273,-0.18213625,0.00000000,0.00000000
0.30777478,-1.75316000,-1.67798972,-2.10374904,-0.09056599,0.00000000,0.00000000,-1.26523602,0.18027650,-0.07975443,-0.92877871,-0.18715309,0.00000000,0.00000000
0.30105132,-1.75063002,-1.65209973,-2.11945176,-0.09026708,0.00000000,0.00000000,-1.27063239,0.13040031,-0.04303053,-0.78621435,-0.18220319,0.00000000,0.00000000
0.29500324,-1.74861228,-1.62503290,-2.13521218,-0.08543594,0.00000000,0.00000000,-1.27076018,0.09662110,-0.00403389,-0.64295626,-0.17313989,0.00000000,0.00000000
0.28938913,-1.74705732,-1.59989762,-2.14971256,-0.07922690,0.00000000,0.00000000,-1.26535988,0.07075561,0.03821559,-0.51399845,-0.17360742,0.00000000,0.00000000
0.28460416,-1.74590647,-1.57867610,-2.16142488,-0.05477592,0.00000000,0.00000000,-1.25529087,0.04723042,0.08283000,-0.40558064,-0.17945357,0.00000000,0.00000000
0.28072950,-1.74515927,-1.56215560,-2.17002678,-0.03544044,0.00000000,0.00000000,-1.24198806,0.02741981,0.12838222,-0.31604826,-0.18382521,0.00000000,0.00000000
0.27721536,-1.74469614,-1.55037868,-2.17649269,-0.02429882,0.00000000,0.00000000,-1.22739756,0.01214768,0.17348258,-0.24344589,-0.18424590,0.00000000,0.00000000
0.27420974,-1.74442458,-1.54247200,-2.18126750,-0.01421612,0.00000000,0.00000000,-1.21421707,0.00104410,0.21704859,-0.18594587,-0.18983313,0.00000000,0.00000000
0.27203694,-1.74430203,-1.53732991,-2.18465257,0.00612727,0.00000000,0.00000000,-1.20436442,-0.00647305,0.25864950,-0.14169653,-0.19912417,0.00000000,0.00000000
0.27070248,-1.74423492,-1.53442693,-2.18698645,0.02342200,0.00000000,0.00000000,-1.19793081,-0.01110766,0.29840937,-0.10925245,-0.20343634,0.00000000,0.00000000
0.26989463,-1.74419749,-1.53376508,-2.18878174,0.04260436,0.00000000,0.00000000,-1.19411290,-0.01347824,0.33662975,-0.08750809,-0.21822278,0.00000000,0.00000000
0.26958573,-1.74422348,-1.53521097,-2.19015670,0.04605706,0.00000000,0.00000000,-1.19241977,-0.01377366,0.37355620,-0.07534163,-0.23138751,0.00000000,0.00000000
0.27030143,-1.74446058,-1.53729892,-2.19143438,0.03838251,0.00000000,0.00000000,-1.19370961,-0.01317959,0.40926254,-0.07223362,-0.25731847,0.00000000,0.00000000
0.27196020,-1.74489450,-1.54010999,-2.19258094,0.01541298,0.00000000,0.00000000,-1.19857085,-0.01146899,0.44380328,-0.07739120,-0.28279722,0.00000000,0.00000000
0.27418083,-1.74547231,-1.54427516,-2.19368148,-0.00571694,0.00000000,0.00000000,-1.20759940,-0.00806830,0.47717428,-0.09026260,-0.29934731,0.00000000,0.00000000
0.27653599,-1.74614751,-1.55029035,-2.19503641,-0.01943840,0.00000000,0.00000000,-1.22190738,-0.00264113,0.50925803,-0.11066079,-0.30118805,0.00000000,0.00000000
0.27891791,-1.74691379,-1.55809987,-2.19681406,-0.05074687,0.00000000,0.00000000,-1.24234831,0.00448435,0.53987443,-0.13911563,-0.30085129,0.00000000,0.00000000
0.28191054,-1.74787521,-1.56675577,-2.19872785,-0.07839039,0.00000000,0.00000000,-1.26822317,0.01188067,0.56891304,-0.17738272,-0.30515790,0.00000000,0.00000000
0.28521350,-1.74902380,-1.57684219,-2.20070934,-0.10168462,0.00000000,0.00000000,-1.29977119,0.01977073,0.59625113,-0.22624648,-0.31198147,0.00000000,0.00000000
0.28870428,-1.75028515,-1.58900797,-2.20217657,-0.11656009,0.00000000,0.00000000,-1.33813310,0.02878059,0.62171108,-0.28631836,-0.30933475,0.00000000,0.00000000
0.29226851,-1.75161719,-1.60357988,-2.20284033,-0.14833972,0.00000000,0.00000000,-1.38457239,0.03841108,0.64512283,-0.35887891,-0.30495736,0.00000000,0.00000000
0.29543972,-1.75296187,-1.62100363,-2.20303035,-0.17788014,0.00000000,0.00000000,-1.43976450,0.04773438,0.66660213,-0.44523054,-0.30472732,0.00000000,0.00000000
0.29814643,-1.75437260,-1.64115536,-2.20265603,-0.21508147,0.00000000,0.00000000,-1.50403750,0.05721537,0.68667203,-0.54523802,-0.29339236,0.00000000,0.00000000
0.30044156,-1.75579977,-1.66330135,-2.20169854,-0.24923874,0.00000000,0.00000000,-1.57670891,0.07014791,0.70691907,-0.65583140,-0.27638412,0.00000000,0.00000000
0.30238992,-1.75716841,-1.68647575,-2.20004201,-0.27934620,0.00000000,0.00000000,-1.65545142,0.08936094,0.72983390,-0.77258253,-0.24694793,0.00000000,0.00000000
0.30402392,-1.75830781,-1.70944571,-2.19749188,-0.28504509,0.00000000,0.00000000,-1.73904669,0.11548952,0.75720578,-0.88989830,-0.23606628,0.00000000,0.00000000
0.30533317,-1.75891256,-1.73119581,-2.19360495,-0.29404393,0.00000000,0.00000000,-1.82607198,0.14783593,0.79048294,-1.00219965,-0.22955583,0.00000000,0.00000000
0.30620289,-1.75866044,-1.75111103,-2.18786097,-0.32192943,0.00000000,0.00000000,-1.91567266,0.18294223,0.82974392,-1.10562146,-0.23127361,0.00000000,0.00000000
0.30651751,-1.75720799,-1.76900709,-2.17975163,-0.33894312,0.00000000,0.00000000,-2.00803185,0.21696024,0.87384117,-1.19873321,-0.22198780,0.00000000,0.00000000
0.30623162,-1.75437057,-1.78506792,-2.16882730,-0.35651743,0.00000000,0.00000000,-2.10290360,0.24778342,0.92186856,-1.28111458,-0.19959697,0.00000000,0.00000000
0.30525303,-1.75010705,-1.79955339,-2.15465355,-0.36870542,0.00000000,0.00000000,-2.19982338,0.27354136,0.97276318,-1.35264039,-0.17158502,0.00000000,0.00000000
0.30318436,-1.74437726,-1.81260753,-2.13723731,-0.38943338,0.00000000,0.00000000,-2.29769731,0.29291394,1.02530086,-1.41365397,-0.15682608,0.00000000,0.00000000
0.29932252,-1.73701632,-1.82398331,-2.11711001,-0.40574133,0.00000000,0.00000000,-2.39459372,0.30585894,1.07838905,-1.46478224,-0.14887354,0.00000000,0.00000000
0.29289401,-1.72820377,-1.83326840,-2.09463668,-0.42425942,0.00000000,0.00000000,-2.48880792,0.31240979,1.13089967,-1.50683308,-0.14562835,0.00000000,0.00000000
0.28305146,-1.71820796,-1.83999598,-2.07015514,-0.43499029,0.00000000,0.00000000,-2.57880330,0.31284800,1.18167150,-1.54111397,-0.14943379,0.00000000,0.00000000
0.26895911,-1.70715857,-1.84354484,-2.04398537,-0.43278307,0.00000000,0.00000000,-2.66320372,0.30777693,1.22943580,-1.56935596,-0.15220657,0.00000000,0.00000000
0.24990951,-1.69496644,-1.84295475,-2.01616335,-0.41054934,0.00000000,0.00000000,-2.74064612,0.29775620,1.27298987,-1.59363461,-0.16677551,0.00000000,0.00000000
0.22522318,-1.68100202,-1.83727562,-1.98661292,-0.40075159,0.00000000,0.00000000,-2.80992389,0.28350636,1.31132483,-1.61567366,-0.17427726,0.00000000,0.00000000
0.19411021,-1.66411757,-1.82566547,-1.95514107,-0.38564715,0.00000000,0.00000000,-2.87017608,0.26613027,1.34347510,-1.63658309,-0.17573677,0.00000000,0.00000000
0.15552984,-1.64290094,-1.80750787,-1.92124331,-0.36711571,0.00000000,0.00000000,-2.92070389,0.24690422,1.36869311,-1.65693951,-0.18410912,0.00000000,0.00000000
0.10803983,-1.61589360,-1.78248441,-1.88410103,-0.35855871,0.00000000,0.00000000,-2.96067595,0.22724354,1.38669980,-1.67672861,-0.20747815,0.00000000,0.00000000
0.05027340,-1.58196521,-1.75038612,-1.84255970,-0.34774879,0.00000000,0.00000000,-2.98918939,0.20833896,1.39752173,-1.69557714,-0.25276545,0.00000000,0.00000000
-0.01882590,-1.54082334,-1.71134746,-1.79525566,-0.34311131,0.00000000,0.00000000,-3.00505209,0.19094776,1.40156627,-1.71329308,-0.30544835,0.00000000,0.00000000
-0.09963927,-1.49292898,-1.66608417,-1.74093270,-0.33846721,0.00000000,0.00000000,-3.00954866,0.17568934,1.39995718,-1.73024082,-0.33978775,0.00000000,0.00000000
-0.19126979,-1.44028199,-1.61565149,-1.67884624,-0.33926019,0.00000000,0.00000000,-3.00998688,0.16306426,1.39422882,-1.74691761,-0.36279568,0.00000000,0.00000000
-0.29106236,-1.38897014,-1.56159520,-1.60925806,-0.33115670,0.00000000,0.00000000,-3.00999999,0.15317313,1.38564157,-1.76341307,-0.37897155,0.00000000,0.00000000
-0.39478552,-1.34879076,-1.50571823,-1.53323984,-0.31298524,0.00000000,0.00000000,-3.00999999,0.14540660,1.37468374,-1.77926123,-0.38315865,0.00000000,0.00000000
-0.49975401,-1.32492208,-1.45068061,-1.45054233,-0.29050356,0.00000000,0.00000000,-3.00999999,0.13898487,1.36146069,-1.79434502,-0.39594990,0.00000000,0.00000000
-0.60664409,-1.31525898,-1.40072703,-1.35907698,-0.27746502,0.00000000,0.00000000,-3.00999999,0.13359179,1.34619176,-1.80931830,-0.41086021,0.00000000,0.00000000
-0.71789068,-1.31389511,-1.36112559,-1.25692594,-0.26041302,0.00000000,0.00000000,-3.00999999,0.12920451,1.32953656,-1.82464671,-0.42987394,0.00000000,0.00000000
-0.82972395,-1.31619442,-1.33293903,-1.14070868,-0.24525869,0.00000000,0.00000000,-3.00999999,0.12541893,1.31259942,-1.84042239,-0.45449492,0.00000000,0.00000000
-0.93504882,-1.32148492,-1.31276667,-1.01413250,-0.23418336,0.00000000,0.00000000,-3.00999999,0.12232694,1.29661739,-1.85621536,-0.46298572,0.00000000,0.00000000
-1.03638732,-1.33186531,-1.29833043,-0.89854085,-0.22895642,0.00000000,0.00000000,-3.00999999,0.12037085,1.28248966,-1.87101507,-0.45860630,0.00000000,0.00000000
-1.13108873,-1.34389257,-1.28877306,-0.79819280,-0.23224527,0.00000000,0.00000000,-3.00999999,0.11958583,1.27099407,-1.88369012,-0.44923908,0.00000000,0.00000000
-1.21684146,-1.35475230,-1.28286970,-0.71344870,-0.23824567,0.00000000,0.00000000,-3.00999999,0.12024323,1.26234460,-1.89339483,-0.43347257,0.00000000,0.00000000
-1.29127407,-1.36385548,-1.27862632,-0.64406097,-0.23457637,0.00000000,0.00000000,-3.00999999,0.12178936,1.25629771,-1.90070701,-0.41643915,0.00000000,0.00000000
-1.35249972,-1.37066555,-1.27465820,-0.58846337,-0.22071898,0.00000000,0.00000000,-3.00999999,0.12366819,1.25243282,-1.90618730,-0.40950423,0.00000000,0.00000000
-1.40018332,-1.37503994,-1.27032387,-0.54532832,-0.21933085,0.00000000,0.00000000,-3.00999999,0.12575480,1.25031412,-1.91014266,-0.40660316,0.00000000,0.00000000
-1.43500710,-1.37740803,-1.26524985,-0.51356858,-0.22792633,0.00000000,0.00000000,-3.00999999,0.12778509,1.24954593,-1.91316438,-0.40872326,0.00000000,0.00000000
-1.45825648,-1.37685311,-1.25976598,-0.49200121,-0.24195065,0.00000000,0.00000000,-3.00999999,0.12967511,1.24998021,-1.91568518,-0.42030466,0.00000000,0.00000000
-1.47026277,-1.37350452,-1.25373280,-0.47955754,-0.25506940,0.00000000,0.00000000,-3.00999999,0.13119136,1.25092697,-1.91787910,-0.42669556,0.00000000,0.00000000
-1.47181880,-1.36668038,-1.24735987,-0.47585222,-0.26157102,0.00000000,0.00000000,-3.00999999,0.13241006,1.25251794,-1.91996527,-0.42151710,0.00000000,0.00000000
-1.46364343,-1.35601377,-1.24083948,-0.48065412,-0.26948130,0.00000000,0.00000000,-3.00999999,0.13357657,1.25497067,-1.92224765,-0.41434216,0.00000000,0.00000000
-1.44627249,-1.34307730,-1.23388541,-0.49456167,-0.27354053,0.00000000,0.00000000,-3.00999999,0.13481887,1.25765860,-1.92509520,-0.41488305,0.00000000,0.00000000
-1.41895020,-1.32948458,-1.22594130,-0.51822776,-0.27102411,0.00000000,0.00000000,-3.00999999,0.13626957,1.26083004,-1.92881262,-0.41763335,0.00000000,0.00000000
-1.38063669,-1.31629181,-1.21661520,-0.55221432,-0.25816900,0.00000000,0.00000000,-3.00999999,0.13796219,1.26497531,-1.93377471,-0.41610518,0.00000000,0.00000000
-1.33185601,-1.30484033,-1.20601988,-0.59755856,-0.23515397,0.00000000,0.00000000,-3.00999999,0.13994071,1.27008581,-1.94001079,-0.41519049,0.00000000,0.00000000
-1.27407539,-1.29511547,-1.19486165,-0.65563631,-0.22514978,0.00000000,0.00000000,-3.00999999,0.14268585,1.27615428,-1.94728768,-0.41185808,0.00000000,0.00000000
-1.20980418,-1.28699386,-1.18439829,-0.72722799,-0.22295997,0.00000000,0.00000000,-3.00999999,0.14680962,1.28318512,-1.95502532,-0.40953049,0.00000000,0.00000000
-1.14081597,-1.28019381,-1.17604721,-0.81095797,-0.21860760,0.00000000,0.00000000,-3.00996566,0.15258494,1.29066420,-1.96273983,-0.41050926,0.00000000,0.00000000
-1.06916881,-1.27421796,-1.17144704,-0.90444493,-0.21634002,0.00000000,0.00000000,-3.00928354,0.16035867,1.29777718,-1.96985376,-0.41792363,0.00000000,0.00000000
-0.99552381,-1.26861382,-1.17184281,-1.00229204,-0.21479958,0.00000000,0.00000000,-3.00507665,0.17039219,1.30344534,-1.97561693,-0.41154277,0.00000000,0.00000000
-0.92027324,-1.26348221,-1.17809486,-1.09923744,-0.21501456,0.00000000,0.00000000,-2.99311662,0.18255115,1.30647278,-1.97938168,-0.39872542,0.00000000,0.00000000
-0.84372967,-1.26003921,-1.19028485,-1.19188583,-0.21967570,0.00000000,0.00000000,-2.97278023,0.19636768,1.30560899,-1.98095942,-0.38443273,0.00000000,0.00000000
-0.76682729,-1.25893843,-1.20877039,-1.27743483,-0.22041470,0.00000000,0.00000000,-2.94475985,0.21128349,1.29988050,-1.98043990,-0.37206623,0.00000000,0.00000000
-0.69065166,-1.26080310,-1.23369837,-1.35473728,-0.22648403,0.00000000,0.00000000,-2.90951467,0.22680598,1.28874421,-1.97769773,-0.36033738,0.00000000,0.00000000
-0.61491901,-1.26745701,-1.26354861,-1.42464817,-0.22305129,0.00000000,0.00000000,-2.86756372,0.24250774,1.27198768,-1.97203875,-0.35109475,0.00000000,0.00000000
-0.53935969,-1.27989590,-1.29662371,-1.48872542,-0.22868639,0.00000000,0.00000000,-2.81941032,0.25815684,1.24971581,-1.96253610,-0.33984232,0.00000000,0.00000000
-0.46398890,-1.29766166,-1.33132005,-1.54821515,-0.24360634,0.00000000,0.00000000,-2.76529074,0.27362147,1.22225380,-1.94831753,-0.33997098,0.00000000,0.00000000
-0.38917279,-1.31948686,-1.36620462,-1.60350442,-0.25472751,0.00000000,0.00000000,-2.70519018,0.28863838,1.18988776,-1.92889667,-0.35234237,0.00000000,0.00000000
-0.31599474,-1.34351015,-1.40036178,-1.65438485,-0.26372501,0.00000000,0.00000000,-2.63894773,0.30302414,1.15297639,-1.90394533,-0.36381009,0.00000000,0.00000000
-0.24571265,-1.36790907,-1.43294525,-1.70067406,-0.25899401,0.00000000,0.00000000,-2.56666708,0.31670904,1.11198962,-1.87279665,-0.37607500,0.00000000,0.00000000
-0.17926635,-1.39188731,-1.46308661,-1.74239159,-0.24760938,0.00000000,0.00000000,-2.48918343,0.32960722,1.06742942,-1.83415246,-0.37622628,0.00000000,0.00000000
-0.11758864,-1.41494477,-1.49064243,-1.77983487,-0.22988024,0.00000000,0.00000000,-2.40774083,0.34136927,1.01999807,-1.78639102,-0.37535045,0.00000000,0.00000000
-0.06095492,-1.43661106,-1.51599228,-1.81309366,-0.21949624,0.00000000,0.00000000,-2.32384992,0.34971657,0.97075069,-1.72840929,-0.38310340,0.00000000,0.00000000
-0.00887055,-1.45686507,-1.53924572,-1.84227455,-0.20573975,0.00000000,0.00000000,-2.23978901,0.35031033,0.92146206,-1.65950179,-0.40676183,0.00000000,0.00000000
0.03888321,-1.47584105,-1.56040215,-1.86770964,-0.20470984,0.00000000,0.00000000,-2.15803289,0.33973187,0.87426794,-1.57846761,-0.41825181,0.00000000,0.00000000
0.08218687,-1.49370241,-1.57891464,-1.89044237,-0.19259247,0.00000000,0.00000000,-2.07957244,0.31824881,0.83133036,-1.48355448,-0.42530340,0.00000000,0.00000000
0.12108485,-1.51054943,-1.59386063,-1.91162002,-0.18979761,0.00000000,0.00000000,-2.00373650,0.28893343,0.79501343,-1.37341595,-0.43542242,0.00000000,0.00000000
0.15575528,-1.52647996,-1.60444534,-1.93221176,-0.18489470,0.00000000,0.00000000,-1.92920649,0.25552538,0.76749873,-1.24784970,-0.44484699,0.00000000,0.00000000
0.18653132,-1.54142785,-1.61037397,-1.95282876,-0.17071635,0.00000000,0.00000000,-1.85598326,0.22207797,0.74977380,-1.10735834,-0.45542282,0.00000000,0.00000000
0.21399240,-1.55531919,-1.61215651,-1.97337353,-0.15447293,0.00000000,0.00000000,-1.78507614,0.19435537,0.74224246,-0.95488119,-0.46527562,0.00000000,0.00000000
0.23871188,-1.56813240,-1.61112583,-1.99321806,-0.12653531,0.00000000,0.00000000,-1.71514952,0.17636260,0.74528027,-0.80054289,-0.47023383,0.00000000,0.00000000
0.26106632,-1.57985449,-1.60921907,-2.01129436,-0.10052890,0.00000000,0.00000000,-1.64382648,0.16587959,0.75739980,-0.65855777,-0.47596824,0.00000000,0.00000000
0.28113538,-1.59049952,-1.60812068,-2.02692318,-0.08807024,0.00000000,0.00000000,-1.57257330,0.15722567,0.77446699,-0.53845096,-0.47403601,0.00000000,0.00000000
0.29872024,-1.59980190,-1.60912776,-2.03990698,-0.08693169,0.00000000,0.00000000,-1.50303197,0.14960080,0.79378295,-0.44170418,-0.46855175,0.00000000,0.00000000
0.31363398,-1.60759628,-1.61245978,-2.05076838,-0.09442661,0.00000000,0.00000000,-1.43814886,0.14294592,0.81304514,-0.36607546,-0.46279269,0.00000000,0.00000000
0.32624978,-1.61399615,-1.61716008,-2.06008649,-0.09675819,0.00000000,0.00000000,-1.38267195,0.13631776,0.83002132,-0.30733630,-0.44722474,0.00000000,0.00000000
0.33714584,-1.61925709,-1.62228870,-2.06793618,-0.10114559,0.00000000,0.00000000,-1.33972716,0.12988333,0.84383392,-0.26088545,-0.44187579,0.00000000,0.00000000
0.34671223,-1.62360620,-1.62725496,-2.07438755,-0.10998449,0.00000000,0.00000000,-1.30841911,0.12402961,0.85491896,-0.22471207,-0.44540086,0.00000000,0.00000000
0.35471934,-1.62701416,-1.63204026,-2.07991195,-0.10988336,0.00000000,0.00000000,-1.28555477,0.11875333,0.86405808,-0.19886479,-0.45532140,0.00000000,0.00000000
0.36104986,-1.62950313,-1.63652456,-2.08493352,-0.11242265,0.00000000,0.00000000,-1.26995218,0.11410367,0.87162429,-0.18234242,-0.45963520,0.00000000,0.00000000
0.36583138,-1.63114953,-1.64057875,-2.08949208,-0.10937697,0.00000000,0.00000000,-1.26204991,0.11053455,0.87773991,-0.17329524,-0.45737058,0.00000000,0.00000000
0.36915493,-1.63194215,-1.64420223,-2.09353447,-0.10703208,0.00000000,0.00000000,-1.26230776,0.10794548,0.88244021,-0.17061892,-0.43815753,0.00000000,0.00000000
0.37112159,-1.63192379,-1.64763331,-2.09678912,-0.10846052,0.00000000,0.00000000,-1.27035272,0.10601900,0.88577527,-0.17442168,-0.42553908,0.00000000,0.00000000
0.37185979,-1.63107324,-1.65148723,-2.09856606,-0.11699343,0.00000000,0.00000000,-1.28549016,0.10507572,0.88782060,-0.18512823,-0.40305936,0.00000000,0.00000000
0.37137273,-1.62937033,-1.65610719,-2.09868312,-0.11535055,0.00000000,0.00000000,-1.30801713,0.10530998,0.88850921,-0.20294705,-0.39876455,0.00000000,0.00000000
0.36974880,-1.62688839,-1.66154361,-2.09709048,-0.11145459,0.00000000,0.00000000,-1.33834577,0.10655780,0.88772225,-0.22867127,-0.40766773,0.00000000,0.00000000
0.36714277,-1.62374461,-1.66768491,-2.09377003,-0.10258982,0.00000000,0.00000000,-1.37677920,0.10824853,0.88537776,-0.26375565,-0.40144065,0.00000000,0.00000000
0.36367726,-1.61999965,-1.67450643,-2.08861208,-0.10366571,0.00000000,0.00000000,-1.42317653,0.11009846,0.88159740,-0.31000483,-0.39348832,0.00000000,0.00000000
0.35925049,-1.61571932,-1.68213356,-2.08156896,-0.09100398,0.00000000,0.00000000,-1.47744846,0.11217634,0.87667578,-0.36889014,-0.40669456,0.00000000,0.00000000
0.35368735,-1.61098528,-1.69066584,-2.07262325,-0.07398427,0.00000000,0.00000000,-1.53964388,0.11498959,0.87119216,-0.44095373,-0.40550414,0.00000000,0.00000000
0.34689578,-1.60587585,-1.70002556,-2.06177998,-0.05825097,0.00000000,0.00000000,-1.60906732,0.12057685,0.86648691,-0.52525443,-0.41628277,0.00000000,0.00000000
0.33885151,-1.60048282,-1.70981586,-2.04917312,-0.03872472,0.00000000,0.00000000,-1.68444395,0.13115285,0.86434305,-0.61976594,-0.43363973,0.00000000,0.00000000
0.32950300,-1.59489918,-1.71926606,-2.03517580,-0.03510782,0.00000000,0.00000000,-1.76478994,0.14694628,0.86617196,-0.72233826,-0.44697613,0.00000000,0.00000000
0.31868681,-1.58922541,-1.72743237,-2.02037764,-0.03040645,0.00000000,0.00000000,-1.84979069,0.16694207,0.87290215,-0.83009160,-0.47311291,0.00000000,0.00000000
0.30607036,-1.58333409,-1.73348975,-2.00548887,-0.02207181,0.00000000,0.00000000,-1.93813288,0.19029526,0.88584930,-0.93937439,-0.48380288,0.00000000,0.00000000
0.29114965,-1.57712746,-1.73700833,-1.99106884,-0.01720022,0.00000000,0.00000000,-2.02692866,0.21628502,0.90699100,-1.04620969,-0.49853364,0.00000000,0.00000000
0.27373070,-1.57097387,-1.73759484,-1.97713113,-0.02914005,0.00000000,0.00000000,-2.11490440,0.24303809,0.93703151,-1.14659488,-0.50136781,0.00000000,0.00000000
0.25381073,-1.56524563,-1.73483503,-1.96349049,-0.04477985,0.00000000,0.00000000,-2.20271349,0.26643983,0.97443610,-1.23866177,-0.49689668,0.00000000,0.00000000
0.23122799,-1.55994105,-1.72892380,-1.94974971,-0.05173263,0.00000000,0.00000000,-2.29011941,0.28416517,1.01800179,-1.32250893,-0.49703315,0.00000000,0.00000000
0.20557557,-1.55467868,-1.72056782,-1.93545473,-0.06470365,0.00000000,0.00000000,-2.37588358,0.29532039,1.06698978,-1.39904010,-0.49141207,0.00000000,0.00000000
0.17647727,-1.54911041,-1.71033418,-1.91996598,-0.06956205,0.00000000,0.00000000,-2.45906901,0.29974341,1.12014544,-1.46868896,-0.46684149,0.00000000,0.00000000
0.14359021,-1.54269755,-1.69837666,-1.90265596,-0.07431129,0.00000000,0.00000000,-2.53889298,0.29857746,1.17566359,-1.53159285,-0.44655040,0.00000000,0.00000000
0.10660384,-1.53496599,-1.68409812,-1.88320220,-0.07659297,0.00000000,0.00000000,-2.61457276,0.29316989,1.23148060,-1.58808804,-0.40356499,0.00000000,0.00000000
0.06484629,-1.52549124,-1.66688931,-1.86141407,-0.07246255,0.00000000,0.00000000,-2.68514585,0.28465381,1.28585875,-1.63881493,-0.35946506,0.00000000,0.00000000
0.01751651,-1.51383054,-1.64625239,-1.83689249,-0.05065490,0.00000000,0.00000000,-2.74991775,0.27389738,1.33718646,-1.68469453,-0.31574187,0.00000000,0.00000000
-0.03575080,-1.49940813,-1.62143314,-1.80889118,-0.04173941,0.00000000,0.00000000,-2.80821037,0.26150614,1.38416398,-1.72672498,-0.27956533,0.00000000,0.00000000
-0.09534068,-1.48147237,-1.59189415,-1.77647257,-0.06102089,0.00000000,0.00000000,-2.85949087,0.24803752,1.42572749,-1.76552963,-0.24407420,0.00000000,0.00000000
-0.16197491,-1.45942962,-1.55769432,-1.73865318,-0.07233714,0.00000000,0.00000000,-2.90345430,0.23390923,1.46101761,-1.80150712,-0.20857169,0.00000000,0.00000000
-0.23611878,-1.43319452,-1.51913905,-1.69422722,-0.06447680,0.00000000,0.00000000,-2.93993163,0.21954951,1.48953390,-1.83489239,-0.17001086,0.00000000,0.00000000
-0.31779653,-1.40308273,-1.47674179,-1.64202464,-0.06471873,0.00000000,0.00000000,-2.96881056,0.20548858,1.51112080,-1.86560452,-0.12713009,0.00000000,0.00000000
-0.40612853,-1.37083590,-1.43141496,-1.58106244,-0.05803356,0.00000000,0.00000000,-2.98984313,0.19222961,1.52599120,-1.89360583,-0.08555671,0.00000000,0.00000000
-0.49942398,-1.34100199,-1.38491666,-1.51113188,-0.03875679,0.00000000,0.00000000,-3.00287533,0.18013965,1.53467023,-1.91904819,-0.05583870,0.00000000,0.00000000
-0.59607786,-1.31981063,-1.34013057,-1.43254507,-0.03168759,0.00000000,0.00000000,-3.00865126,0.16928361,1.53766119,-1.94203448,-0.03205018,0.00000000,0.00000000
-0.69514871,-1.31077719,-1.30007827,-1.34486008,-0.03294341,0.00000000,0.00000000,-3.00992513,0.15966611,1.53561139,-1.96270084,-0.01980749,0.00000000,0.00000000
-0.79703057,-1.31202757,-1.26794958,-1.24690676,-0.04234086,0.00000000,0.00000000,-3.00999999,0.15148385,1.52935374,-1.98136985,-0.00961107,0.00000000,0.00000000
-0.90257418,-1.31788969,-1.24705517,-1.13651645,-0.04812333,0.00000000,0.00000000,-3.00999999,0.14452167,1.51954746,-1.99865842,0.00330926,0.00000000,0.00000000
-1.01031113,-1.32314074,-1.23835468,-1.01314652,-0.07388810,0.00000000,0.00000000,-3.00999999,0.13844132,1.50736058,-2.01464248,0.00801319,0.00000000,0.00000000
-1.11245739,-1.33152449,-1.23579800,-0.88494575,-0.10285904,0.00000000,0.00000000,-3.00999999,0.13318589,1.49452484,-2.02888989,0.01364100,0.00000000,0.00000000
-1.20893908,-1.34347165,-1.23770821,-0.76934588,-0.12189199,0.00000000,0.00000000,-3.00999999,0.12858278,1.48258471,-2.04115772,0.01511246,0.00000000,0.00000000
-1.29883742,-1.35578358,-1.24304926,-0.67216873,-0.14477861,0.00000000,0.00000000,-3.00999999,0.12459114,1.47230661,-2.05145383,0.02156452,0.00000000,0.00000000
-1.37811601,-1.36739063,-1.24896753,-0.59187728,-0.17143267,0.00000000,0.00000000,-3.00999999,0.12140100,1.46390176,-2.05949330,0.02295139,0.00000000,0.00000000
-1.44473469,-1.37795556,-1.25373495,-0.52668232,-0.18189874,0.00000000,0.00000000,-3.00999999,0.11911153,1.45718706,-2.06593108,0.01389331,0.00000000,0.00000000
-1.49847794,-1.38816822,-1.25665808,-0.47513875,-0.19915956,0.00000000,0.00000000,-3.00999999,0.11783347,1.45202482,-2.07139134,0.00638430,0.00000000,0.00000000
-1.53896332,-1.39792037,-1.25754750,-0.43493089,-0.22829063,0.00000000,0.00000000,-3.00999999,0.11739469,1.44813824,-2.07586527,0.00112321,0.00000000,0.00000000
-1.56686997,-1.40699482,-1.25667024,-0.40443486,-0.25211334,0.00000000,0.00000000,-3.00999999,0.11759876,1.44535816,-2.07934546,-0.01066343,0.00000000,0.00000000
-1.58357978,-1.41364706,-1.25475013,-0.38253194,-0.26951465,0.00000000,0.00000000,-3.00999999,0.11825556,1.44357228,-2.08239841,-0.02311460,0.00000000,0.00000000
-1.59064984,-1.41663289,-1.25230992,-0.36907804,-0.27815786,0.00000000,0.00000000,-3.00999999,0.11922224,1.44257784,-2.08567786,-0.03796693,0.00000000,0.00000000
-1.58894658,-1.41593182,-1.24948156,-0.36431354,-0.28640279,0.00000000,0.00000000,-3.00999999,0.12033150,1.44214308,-2.08977747,-0.05087156,0.00000000,0.00000000
-1.57834017,-1.41231000,-1.24610770,-0.36845115,-0.27459416,0.00000000,0.00000000,-3.00999999,0.12139577,1.44214582,-2.09537554,-0.05658912,0.00000000,0.00000000
-1.55722606,-1.40702808,-1.24174428,-0.38112107,-0.24666485,0.00000000,0.00000000,-3.00999999,0.12211764,1.44247103,-2.10338020,-0.07734724,0.00000000,0.00000000
-1.52463126,-1.40126777,-1.23612404,-0.40247113,-0.20136918,0.00000000,0.00000000,-3.00999999,0.12216133,1.44291914,-2.11392260,-0.09601377,0.00000000,0.00000000
-1.48342144,-1.39608836,-1.22968543,-0.43524408,-0.17109516,0.00000000,0.00000000,-3.00999999,0.12174421,1.44348574,-2.12489057,-0.12303820,0.00000000,0.00000000
-1.43434751,-1.39059603,-1.22305906,-0.47930154,-0.14268057,0.00000000,0.00000000,-3.00999999,0.12150077,1.44462049,-2.13501620,-0.14947645,0.00000000,0.00000000
-1.37820983,-1.38401508,-1.21710098,-0.53427827,-0.11791531,0.00000000,0.00000000,-3.00999999,0.12170917,1.44669294,-2.14403367,-0.17451058,0.00000000,0.00000000
-1.31458783,-1.37699306,-1.21219337,-0.60043883,-0.09173758,0.00000000,0.00000000,-3.00999999,0.12214261,1.44967830,-2.15235662,-0.22321799,0.00000000,0.00000000
-1.24377954,-1.37094235,-1.20852709,-0.68004394,-0.05385738,0.00000000,0.00000000,-3.00999999,0.12274003,1.45340681,-2.16027904,-0.26152080,0.00000000,0.00000000
-1.16693854,-1.36680830,-1.20696247,-0.77380353,-0.01724286,0.00000000,0.00000000,-3.00999999,0.12371401,1.45772493,-2.16777062,-0.29071996,0.00000000,0.00000000
-1.08619785,-1.36410558,-1.20930338,-0.87809211,0.01497957,0.00000000,0.00000000,-3.00999999,0.12531233,1.46229315,-2.17493200,-0.31183130,0.00000000,0.00000000
-1.00325298,-1.36094522,-1.21757925,-0.98482400,0.04091720,0.00000000,0.00000000,-3.00999999,0.12796003,1.46667290,-2.18170166,-0.33599222,0.00000000,0.00000000
-0.91891444,-1.35785866,-1.23222446,-1.08970094,0.06099769,0.00000000,0.00000000,-3.00999999,0.13174717,1.47026646,-2.18796682,-0.37177935,0.00000000,0.00000000
-0.83445156,-1.35639477,-1.25328124,-1.19042206,0.06207162,0.00000000,0.00000000,-3.00999999,0.13605480,1.47237229,-2.19385052,-0.39441770,0.00000000,0.00000000
-0.75160855,-1.35738695,-1.28078759,-1.28589821,0.05714882,0.00000000,0.00000000,-3.00999999,0.14031830,1.47232723,-2.19943118,-0.38576350,0.00000000,0.00000000
-0.67055726,-1.36253858,-1.31317866,-1.37643719,0.03748001,0.00000000,0.00000000,-3.00995946,0.14443322,1.46962941,-2.20450640,-0.37773311,0.00000000,0.00000000
-0.59069890,-1.37350142,-1.34837985,-1.46234441,0.02076527,0.00000000,0.00000000,-3.00918889,0.14858367,1.46386564,-2.20860219,-0.37393671,0.00000000,0.00000000
-0.51239151,-1.39006793,-1.38510823,-1.54370487,0.01142045,0.00000000,0.00000000,-3.00474262,0.15297341,1.45439851,-2.21092916,-0.37909275,0.00000000,0.00000000
-0.43640509,-1.41063845,-1.42252731,-1.62006509,0.00798844,0.00000000,0.00000000,-2.99251676,0.15765680,1.44055212,-2.21057916,-0.37982142,0.00000000,0.00000000
-0.36364439,-1.43339276,-1.46013999,-1.69066763,0.00188478,0.00000000,0.00000000,-2.97144794,0.16275498,1.42184460,-2.20639849,-0.36540049,0.00000000,0.00000000
-0.29466134,-1.45662379,-1.49729216,-1.75461483,-0.00679907,0.00000000,0.00000000,-2.94140673,0.16878437,1.39804780,-2.19719410,-0.34815603,0.00000000,0.00000000
-0.22964677,-1.47915041,-1.53276658,-1.81139660,-0.01572915,0.00000000,0.00000000,-2.90203309,0.17663047,1.36918223,-2.18197489,-0.32607785,0.00000000,0.00000000
-0.16917813,-1.50038457,-1.56549752,-1.86111379,-0.02058451,0.00000000,0.00000000,-2.85322523,0.18690740,1.33522630,-2.15976810,-0.30856284,0.00000000,0.00000000
-0.11372684,-1.51996160,-1.59488356,-1.90397203,-0.02437618,0.00000000,0.00000000,-2.79505372,0.19997188,1.29594302,-2.12940764,-0.28679934,0.00000000,0.00000000
-0.06342724,-1.53748846,-1.62062371,-1.94017065,-0.02684028,0.00000000,0.00000000,-2.72745585,0.21591961,1.25107956,-2.08950305,-0.25878093,0.00000000,0.00000000
-0.01866735,-1.55257332,-1.64283323,-1.97035074,-0.01560535,0.00000000,0.00000000,-2.65037394,0.23485121,1.20069242,-2.03875875,-0.24569279,0.00000000,0.00000000
0.02018170,-1.56511843,-1.66173136,-1.99540269,-0.01112518,0.00000000,0.00000000,-2.56428218,0.25650296,1.14508641,-1.97578132,-0.24446334,0.00000000,0.00000000
0.05304741,-1.57508302,-1.67789257,-2.01609588,-0.01555572,0.00000000,0.00000000,-2.47075796,0.27910933,1.08517218,-1.89948189,-0.24834114,0.00000000,0.00000000
0.08053835,-1.58289361,-1.69205165,-2.03267908,-0.00898954,0.00000000,0.00000000,-2.37423134,0.29586273,1.02298927,-1.80982888,-0.24460137,0.00000000,0.00000000
0.10350927,-1.58939946,-1.70455420,-2.04521370,-0.00440089,0.00000000,0.00000000,-2.27980232,0.29720360,0.96182913,-1.70765769,-0.23516265,0.00000000,0.00000000
0.12239008,-1.59501410,-1.71509373,-2.05439091,-0.00395572,0.00000000,0.00000000,-2.18825078,0.28315243,0.90460175,-1.59279776,-0.21444096,0.00000000,0.00000000
0.13766298,-1.60004365,-1.72271419,-2.06116939,-0.00767850,0.00000000,0.00000000,-2.09904337,0.25785393,0.85327423,-1.46426690,-0.20843184,0.00000000,0.00000000
0.14985171,-1.60465634,-1.72646511,-2.06652522,-0.02190437,0.00000000,0.00000000,-2.01127887,0.22526015,0.80968279,-1.32186079,-0.21732263,0.00000000,0.00000000
0.15967044,-1.60898077,-1.72576225,-2.07111692,-0.04270703,0.00000000,0.00000000,-1.92339683,0.19000249,0.77602208,-1.16708410,-0.23438369,0.00000000,0.00000000
0.16789488,-1.61310816,-1.72071230,-2.07519889,-0.06724854,0.00000000,0.00000000,-1.83529949,0.15881525,0.75369012,-1.00457001,-0.24953456,0.00000000,0.00000000
0.17511037,-1.61712766,-1.71224391,-2.07857513,-0.07397355,0.00000000,0.00000000,-1.74964917,0.13418792,0.74028498,-0.84461451,-0.26148549,0.00000000,0.00000000
0.18139705,-1.62090838,-1.70208037,-2.08086824,-0.07256550,0.00000000,0.00000000,-1.66725802,0.11454623,0.73296922,-0.69833779,-0.27526796,0.00000000,0.00000000
0.18651561,-1.62432134,-1.69177306,-2.08194232,-0.07920868,0.00000000,0.00000000,-1.59057653,0.09646866,0.72817492,-0.57210565,-0.29273862,0.00000000,0.00000000
0.19033965,-1.62730551,-1.68200803,-2.08191299,-0.07216723,0.00000000,0.00000000,-1.52107084,0.07963948,0.72377533,-0.46664625,-0.31558853,0.00000000,0.00000000
0.19267984,-1.62961602,-1.67322266,-2.08093357,-0.05237540,0.00000000,0.00000000,-1.45944297,0.06524926,0.71848685,-0.38019904,-0.33780378,0.00000000,0.00000000
0.19327366,-1.63104010,-1.66563320,-2.07928133,-0.04243837,0.00000000,0.00000000,-1.40642297,0.05350657,0.71123481,-0.31058177,-0.35097152,0.00000000,0.00000000
0.19205843,-1.63147628,-1.65898883,-2.07715034,-0.04437792,0.00000000,0.00000000,-1.36263180,0.04384453,0.70139992,-0.25553665,-0.36428922,0.00000000,0.00000000
0.18922146,-1.63101470,-1.65263271,-2.07454467,-0.05031730,0.00000000,0.00000000,-1.32828021,0.03551907,0.68885630,-0.21303643,-0.39082816,0.00000000,0.00000000
0.18490870,-1.62985277,-1.64599288,-2.07136559,-0.04654916,0.00000000,0.00000000,-1.30288601,0.02820058,0.67382455,-0.18143135,-0.38809973,0.00000000,0.00000000
0.17894548,-1.62805772,-1.63892126,-2.06762934,-0.03646284,0.00000000,0.00000000,-1.28536415,0.02236218,0.65668726,-0.15934415,-0.38172889,0.00000000,0.00000000
0.17120495,-1.62558079,-1.63127160,-2.06332660,-0.01195173,0.00000000,0.00000000,-1.27443719,0.01879701,0.63779575,-0.14573279,-0.36241028,0.00000000,0.00000000
0.16157752,-1.62234902,-1.62278605,-2.05855107,0.01676706,0.00000000,0.00000000,-1.26952922,0.01793236,0.61731809,-0.13984634,-0.33752054,0.00000000,0.00000000
0.14995284,-1.61827707,-1.61319149,-2.05335188,0.02238892,0.00000000,0.00000000,-1.27063918,0.01992386,0.59528291,-0.14124955,-0.30949527,0.00000000,0.00000000
0.13619545,-1.61326981,-1.60223615,-2.04774380,0.02331176,0.00000000,0.00000000,-1.27732229,0.02463825,0.57169652,-0.15018979,-0.27569771,0.00000000,0.00000000
0.12014847,-1.60710418,-1.59002602,-2.04135013,0.01734246,0.00000000,0.00000000,-1.28886664,0.03216264,0.54657328,-0.16725433,-0.23834085,0.00000000,0.00000000
0.10194706,-1.59959865,-1.57644212,-2.03331542,0.01009036,0.00000000,0.00000000,-1.30504549,0.04292402,0.51987660,-0.19299151,-0.18791705,0.00000000,0.00000000
0.08148317,-1.59040987,-1.56130683,-2.02300406,-0.00340812,0.00000000,0.00000000,-1.32689834,0.05849659,0.49139234,-0.22712235,-0.14589597,0.00000000,0.00000000
0.05852701,-1.57903039,-1.54429948,-2.01009727,-0.01176835,0.00000000,0.00000000,-1.35595143,0.07819481,0.46068028,-0.27033108,-0.10695930,0.00000000,0.00000000
0.03270292,-1.56480598,-1.52485836,-1.99467754,-0.00874571,0.00000000,0.00000000,-1.38866591,0.09781435,0.42815605,-0.32672420,-0.06687231,0.00000000,0.00000000
0.00391398,-1.54737139,-1.50152087,-1.97698545,-0.01013269,0.00000000,0.00000000,-1.41792083,0.11960129,0.39594120,-0.39698121,-0.03398967,0.00000000,0.00000000
-0.02817348,-1.52632475,-1.47270274,-1.95763707,-0.01265809,0.00000000,0.00000000,-1.44074881,0.14221539,0.36541879,-0.47988728,-0.01887254,0.00000000,0.00000000
-0.06431180,-1.50086629,-1.43693149,-1.93739510,-0.00892443,0.00000000,0.00000000,-1.46564198,0.17732875,0.33543181,-0.56328219,-0.00279622,0.00000000,0.00000000
-0.10532073,-1.47007930,-1.39281809,-1.91682959,-0.02760374,0.00000000,0.00000000,-1.49110675,0.22437914,0.30638599,-0.64563608,0.00421581,0.00000000,0.00000000
-0.15195493,-1.43295550,-1.33921444,-1.89657223,-0.04770001,0.00000000,0.00000000,-1.51487291,0.27626690,0.27805126,-0.72943836,0.00223956,0.00000000,0.00000000
-0.20474508,-1.38850904,-1.27523077,-1.87737548,-0.05470953,0.00000000,0.00000000,-1.53719079,0.32959238,0.24931854,-0.81542045,-0.02312258,0.00000000,0.00000000
-0.26415008,-1.33582687,-1.20047545,-1.86002481,-0.07671606,0.00000000,0.00000000,-1.55739629,0.38353786,0.21919945,-0.90367997,-0.06593743,0.00000000,0.00000000
-0.33069688,-1.27452290,-1.11506057,-1.84552252,-0.08410262,0.00000000,0.00000000,-1.57426333,0.43741077,0.18668786,-0.99379200,-0.10231171,0.00000000,0.00000000
-0.40477499,-1.20527053,-1.01956713,-1.83508599,-0.09213234,0.00000000,0.00000000,-1.58680701,0.49056208,0.15108989,-1.08424902,-0.14999737,0.00000000,0.00000000
-0.48632991,-1.12983370,-0.91500223,-1.82988894,-0.08877935,0.00000000,0.00000000,-1.59429049,0.54250443,0.11238432,-1.17293596,-0.20194779,0.00000000,0.00000000
-0.57484448,-1.05076051,-0.80280799,-1.83085251,-0.09155595,0.00000000,0.00000000,-1.59646356,0.59265304,0.07086977,-1.25779521,-0.26473144,0.00000000,0.00000000
-0.66969937,-0.97087294,-0.68495584,-1.83837998,-0.07660846,0.00000000,0.00000000,-1.59299994,0.64041525,0.02727227,-1.33699620,-0.32733577,0.00000000,0.00000000
-0.77003860,-0.89308935,-0.56342506,-1.85236180,-0.05494047,0.00000000,0.00000000,-1.58467174,0.68514711,-0.01845037,-1.40905499,-0.38728997,0.00000000,0.00000000
-0.87478930,-0.81991398,-0.43992093,-1.87181795,-0.05035993,0.00000000,0.00000000,-1.57222652,0.72614372,-0.06630982,-1.47298515,-0.43634564,0.00000000,0.00000000
-0.98311722,-0.75304681,-0.31604522,-1.89477408,-0.06720918,0.00000000,0.00000000,-1.55626273,0.76306993,-0.11625358,-1.52837217,-0.48286352,0.00000000,0.00000000
-1.09444737,-0.69307667,-0.19316873,-1.91814101,-0.06183941,0.00000000,0.00000000,-1.53615451,0.79606611,-0.16715160,-1.57517731,-0.53638369,0.00000000,0.00000000
-1.20810640,-0.63931930,-0.07209134,-1.93753862,-0.05966438,0.00000000,0.00000000,-1.51219475,0.82491559,-0.21886691,-1.61436236,-0.58752108,0.00000000,0.00000000
-1.32315147,-0.59019500,0.04697926,-1.94838977,-0.06980239,0.00000000,0.00000000,-1.48442030,0.84888327,-0.27109760,-1.64737451,-0.61542720,0.00000000,0.00000000
-1.43836534,-0.54458296,0.16424860,-1.95006061,-0.05878102,0.00000000,0.00000000,-1.45266116,0.86820537,-0.32344401,-1.67524695,-0.63579309,0.00000000,0.00000000
-1.55367339,-0.50108361,0.27866304,-1.94689202,-0.06072765,0.00000000,0.00000000,-1.41717303,0.88495773,-0.37601694,-1.69838059,-0.66840988,0.00000000,0.00000000
-1.66950715,-0.45690799,0.38825977,-1.94150817,-0.06530318,0.00000000,0.00000000,-1.37810886,0.90156084,-0.42881921,-1.71693146,-0.70116204,0.00000000,0.00000000
-1.78625083,-0.41034544,0.49061924,-1.93465412,-0.07306046,0.00000000,0.00000000,-1.33450985,0.92001748,-0.48062590,-1.73083389,-0.71995509,0.00000000,0.00000000
-1.90273142,-0.36110502,0.58464909,-1.92640638,-0.07646909,0.00000000,0.00000000,-1.28807008,0.94116366,-0.53303921,-1.74381816,-0.73625386,0.00000000,0.00000000
-2.01726961,-0.30951309,0.66940331,-1.91603088,-0.10324659,0.00000000,0.00000000,-1.23801363,0.96605539,-0.58471799,-1.75618434,-0.75569594,0.00000000,0.00000000
-2.12770271,-0.25681096,0.74453998,-1.90302336,-0.13357775,0.00000000,0.00000000,-1.18386471,0.99505645,-0.63444734,-1.76718700,-0.76972914,0.00000000,0.00000000
-2.23142099,-0.20456457,0.81039393,-1.88825488,-0.15418182,0.00000000,0.00000000,-1.12611175,1.02842104,-0.68172431,-1.77714133,-0.77840233,0.00000000,0.00000000
-2.32609606,-0.15347821,0.86667848,-1.87215900,-0.16423978,0.00000000,0.00000000,-1.06519711,1.06640744,-0.72560716,-1.78751051,-0.78456044,0.00000000,0.00000000
-2.40975356,-0.10478778,0.91390181,-1.85487282,-0.18452395,0.00000000,0.00000000,-1.00306964,1.10893703,-0.76662725,-1.79878473,-0.78086686,0.00000000,0.00000000
-2.48264146,-0.06080903,0.95233536,-1.83896327,-0.20385087,0.00000000,0.00000000,-0.94103891,1.15584230,-0.80400372,-1.81044209,-0.77486658,0.00000000,0.00000000
-2.54673696,-0.02386049,0.98036313,-1.82949698,-0.21763290,0.00000000,0.00000000,-0.87932301,1.20602202,-0.83561265,-1.82310796,-0.76860291,0.00000000,0.00000000
-2.59844160,0.01022212,0.99621671,-1.81980550,-0.24996188,0.00000000,0.00000000,-0.82070249,1.25773036,-0.86310416,-1.83604336,-0.75851595,0.00000000,0.00000000
-2.63471818,0.04320023,1.01210129,-1.80411196,-0.26877278,0.00000000,0.00000000,-0.76600981,1.30799651,-0.88670969,-1.84613025,-0.74878794,0.00000000,0.00000000
-2.66007686,0.07257639,1.02928030,-1.78601623,-0.28377414,0.00000000,0.00000000,-0.71544540,1.35297704,-0.90754074,-1.85255373,-0.73171234,0.00000000,0.00000000
-2.68327308,0.09359304,1.03919828,-1.77564871,-0.30987453,0.00000000,0.00000000,-0.67062891,1.39445484,-0.92431355,-1.85662544,-0.71090090,0.00000000,0.00000000
-2.70460796,0.10798995,1.04350984,-1.77133071,-0.33673665,0.00000000,0.00000000,-0.63211226,1.43183661,-0.93820220,-1.85877705,-0.68526167,0.00000000,0.00000000
-2.71837616,0.12183907,1.04769754,-1.76512837,-0.35092214,0.00000000,0.00000000,-0.59937662,1.46372485,-0.95047891,-1.85954571,-0.66151947,0.00000000,0.00000000
-2.72647953,0.13482131,1.05120909,-1.75862563,-0.36821449,0.00000000,0.00000000,-0.57211196,1.49058533,-0.96085536,-1.85864449,-0.62844396,0.00000000,0.00000000
-2.73139381,0.14607084,1.05334687,-1.75357008,-0.38855538,0.00000000,0.00000000,-0.54992360,1.51309824,-0.96951175,-1.85599351,-0.61184514,0.00000000,0.00000000
-2.73410678,0.15585895,1.05476880,-1.75002110,-0.40298593,0.00000000,0.00000000,-0.53199941,1.53164947,-0.97682458,-1.85184646,-0.60801309,0.00000000,0.00000000
-2.73553252,0.16426693,1.05569470,-1.74773550,-0.41140178,0.00000000,0.00000000,-0.51727021,1.54650640,-0.98293006,-1.84657717,-0.60548782,0.00000000,0.00000000
-2.73627353,0.17144984,1.05641198,-1.74645650,-0.41098306,0.00000000,0.00000000,-0.50478208,1.55799842,-0.98803729,-1.84084129,-0.61456347,0.00000000,0.00000000
-2.73673511,0.17763157,1.05721259,-1.74598396,-0.41333693,0.00000000,0.00000000,-0.49405161,1.56669176,-0.99273437,-1.83555222,-0.61865997,0.00000000,0.00000000
-2.73700333,0.18316929,1.05853498,-1.74606729,-0.42304006,0.00000000,0.00000000,-0.48500118,1.57335234,-0.99780011,-1.83135426,-0.62599856,0.00000000,0.00000000
-2.73705673,0.18825100,1.06035876,-1.74632823,-0.43349195,0.00000000,0.00000000,-0.47737110,1.57858884,-1.00309217,-1.82806849,-0.63005215,0.00000000,0.00000000
-2.73691630,0.19299540,1.06253850,-1.74652278,-0.46172118,0.00000000,0.00000000,-0.47060224,1.58266592,-1.00808978,-1.82544887,-0.63778085,0.00000000,0.00000000
-2.73678660,0.19728629,1.06465662,-1.74662542,-0.48344350,0.00000000,0.00000000,-0.46434331,1.58581185,-1.01242876,-1.82324600,-0.65333974,0.00000000,0.00000000
-2.73657417,0.20119631,1.06658399,-1.74648595,-0.50212371,0.00000000,0.00000000,-0.45857477,1.58826602,-1.01603055,-1.82125771,-0.65976417,0.00000000,0.00000000
-2.73621297,0.20473155,1.06812131,-1.74598432,-0.53277624,0.00000000,0.00000000,-0.45356336,1.59020114,-1.01909900,-1.81941164,-0.67216009,0.00000000,0.00000000
-2.73591948,0.20773521,1.06937575,-1.74545717,-0.55886972,0.00000000,0.00000000,-0.44938111,1.59152508,-1.02206624,-1.81796980,-0.69057608,0.00000000,0.00000000
-2.73573542,0.21012925,1.07018435,-1.74481571,-0.57651281,0.00000000,0.00000000,-0.44592765,1.59224069,-1.02471399,-1.81650019,-0.70954269,0.00000000,0.00000000
-2.73553228,0.21201093,1.07056057,-1.74404764,-0.59135562,0.00000000,0.00000000,-0.44303295,1.59243786,-1.02688515,-1.81480229,-0.71991688,0.00000000,0.00000000
-2.73538089,0.21345134,1.07078099,-1.74373543,-0.61544341,0.00000000,0.00000000,-0.44068056,1.59221900,-1.02897453,-1.81329322,-0.73146856,0.00000000,0.00000000
-2.73501086,0.21469006,1.07077610,-1.74387395,-0.64827210,0.00000000,0.00000000,-0.43862376,1.59167647,-1.03076756,-1.81212425,-0.71983808,0.00000000,0.00000000
-2.73428917,0.21587707,1.07049024,-1.74451184,-0.67218548,0.00000000,0.00000000,-0.43706432,1.59114945,-1.03228903,-1.81103456,-0.72449672,0.00000000,0.00000000
-2.73310828,0.21705116,1.06971574,-1.74552548,-0.68067122,0.00000000,0.00000000,-0.43612576,1.59082866,-1.03345132,-1.80983174,-0.72402900,0.00000000,0.00000000
-2.73162007,0.21816675,1.06843770,-1.74692011,-0.69186604,0.00000000,0.00000000,-0.43545064,1.59062529,-1.03420568,-1.80883992,-0.71699387,0.00000000,0.00000000
-2.72975254,0.21938866,1.06687284,-1.74843884,-0.69420427,0.00000000,0.00000000,-0.43478376,1.59058273,-1.03464830,-1.80826092,-0.71053660,0.00000000,0.00000000
-2.72755742,0.22071834,1.06499422,-1.74986029,-0.68031442,0.00000000,0.00000000,-0.43417531,1.59072518,-1.03483570,-1.80791259,-0.70151782,0.00000000,0.00000000
-2.72526932,0.22209777,1.06307268,-1.75130546,-0.66584808,0.00000000,0.00000000,-0.43362921,1.59093416,-1.03497636,-1.80779076,-0.70578748,0.00000000,0.00000000
-2.72302318,0.22352360,1.06126249,-1.75275910,-0.65765744,0.00000000,0.00000000,-0.43325785,1.59126425,-1.03530645,-1.80776572,-0.70309615,0.00000000,0.00000000
-2.72090292,0.22497934,1.05953550,-1.75420618,-0.64374065,0.00000000,0.00000000,-0.43298706,1.59168220,-1.03575432,-1.80777586,-0.71022505,0.00000000,0.00000000
-2.71893764,0.22644863,1.05787170,-1.75566268,-0.62329662,0.00000000,0.00000000,-0.43266472,1.59212506,-1.03610408,-1.80781472,-0.72172666,0.00000000,0.00000000
-2.71710682,0.22787198,1.05612779,-1.75697076,-0.60658473,0.00000000,0.00000000,-0.43218106,1.59258783,-1.03618145,-1.80788064,-0.73743194,0.00000000,0.00000000
-2.71538877,0.22920221,1.05430889,-1.75801611,-0.59585893,0.00000000,0.00000000,-0.43157968,1.59316397,-1.03617978,-1.80810249,-0.75538576,0.00000000,0.00000000
-2.71365261,0.23046851,1.05252242,-1.75861239,-0.58663982,0.00000000,0.00000000,-0.43091235,1.59390521,-1.03635347,-1.80860567,-0.79271919,0.00000000,0.00000000
-2.71201563,0.23159218,1.05093539,-1.75890207,-0.58257437,0.00000000,0.00000000,-0.43025327,1.59483838,-1.03695500,-1.80937719,-0.82501328,0.00000000,0.00000000
-2.71063733,0.23244563,1.04955316,-1.75904548,-0.57396835,0.00000000,0.00000000,-0.42951536,1.59587491,-1.03792489,-1.81031513,-0.85479337,0.00000000,0.00000000
-2.70952630,0.23296636,1.04821014,-1.75901747,-0.56818241,0.00000000,0.00000000,-0.42865068,1.59698069,-1.03909004,-1.81126595,-0.89157367,0.00000000,0.00000000
-2.70857859,0.23325056,1.04701662,-1.75892842,-0.56168634,0.00000000,0.00000000,-0.42771140,1.59815347,-1.04037631,-1.81215465,-0.93505281,0.00000000,0.00000000
-2.70762444,0.23353641,1.04627037,-1.75893331,-0.56507581,0.00000000,0.00000000,-0.42705807,1.59951615,-1.04198730,-1.81283021,-0.97926193,0.00000000,0.00000000
-2.70668840,0.23376292,1.04576468,-1.75909853,-0.56534791,0.00000000,0.00000000,-0.42684013,1.60104966,-1.04386830,-1.81324649,-1.02303195,0.00000000,0.00000000
-2.70571280,0.23390569,1.04505873,-1.75919461,-0.56483537,0.00000000,0.00000000,-0.42684004,1.60260129,-1.04550517,-1.81331193,-1.06258512,0.00000000,0.00000000
-2.70463347,0.23404010,1.04421699,-1.75923228,-0.56541872,0.00000000,0.00000000,-0.42672780,1.60404003,-1.04682791,-1.81327999,-1.08032393,0.00000000,0.00000000
-2.70345998,0.23410986,1.04330683,-1.75937355,-0.58288896,0.00000000,0.00000000,-0.42640275,1.60530078,-1.04793894,-1.81335151,-1.08497095,0.00000000,0.00000000
-2.70201325,0.23414575,1.04238081,-1.75954008,-0.59141612,0.00000000,0.00000000,-0.42602426,1.60647190,-1.04898417,-1.81351173,-1.09008408,0.00000000,0.00000000
-2.70030665,0.23404416,1.04141593,-1.75974500,-0.58272207,0.00000000,0.00000000,-0.42564806,1.60755861,-1.05002081,-1.81377137,-1.07625949,0.00000000,0.00000000
-2.69833088,0.23379438,1.04050231,-1.75996506,-0.56896681,0.00000000,0.00000000,-0.42520615,1.60848129,-1.05111480,-1.81415498,-1.05678833,0.00000000,0.00000000
-2.69615793,0.23331895,1.03963709,-1.76013136,-0.55052841,0.00000000,0.00000000,-0.42472157,1.60926437,-1.05246794,-1.81459808,-1.03697777,0.00000000,0.00000000
-2.69382954,0.23255734,1.03877938,-1.76010239,-0.54956001,0.00000000,0.00000000,-0.42405486,1.60984385,-1.05390775,-1.81496644,-1.03649116,0.00000000,0.00000000
-2.69149160,0.23142192,1.03793836,-1.75994539,-0.55065012,0.00000000,0.00000000,-0.42323965,1.61029375,-1.05545330,-1.81517994,-1.03125715,0.00000000,0.00000000
-2.68917394,0.22990245,1.03709674,-1.75966442,-0.55101484,0.00000000,0.00000000,-0.42242208,1.61078250,-1.05723572,-1.81517196,-1.00967562,0.00000000,0.00000000
-2.68665004,0.22810343,1.03635716,-1.75920761,-0.55771703,0.00000000,0.00000000,-0.42161980,1.61132562,-1.05909729,-1.81478226,-0.98005497,0.00000000,0.00000000
-2.68387032,0.22601184,1.03595757,-1.75885296,-0.56577885,0.00000000,0.00000000,-0.42086443,1.61195683,-1.06108069,-1.81399131,-0.94951600,0.00000000,0.00000000
-2.68081021,0.22354855,1.03592396,-1.75865340,-0.58042806,0.00000000,0.00000000,-0.42001393,1.61258328,-1.06317866,-1.81301296,-0.92903668,0.00000000,0.00000000
-2.67759013,0.22052003,1.03621876,-1.75864756,-0.59581035,0.00000000,0.00000000,-0.41901624,1.61311781,-1.06556678,-1.81210124,-0.92530769,0.00000000,0.00000000
-2.67407751,0.21689102,1.03675246,-1.75859320,-0.59602296,0.00000000,0.00000000,-0.41806644,1.61360681,-1.06821990,-1.81097007,-0.91544211,0.00000000,0.00000000
-2.67010999,0.21272705,1.03768110,-1.75846612,-0.60478616,0.00000000,0.00000000,-0.41727933,1.61412740,-1.07107592,-1.80938399,-0.89461362,0.00000000,0.00000000
-2.66582870,0.20787704,1.03896511,-1.75851810,-0.61771172,0.00000000,0.00000000,-0.41661426,1.61465192,-1.07419586,-1.80747783,-0.88212162,0.00000000,0.00000000
-2.66126037,0.20224096,1.04030371,-1.75872552,-0.63051802,0.00000000,0.00000000,-0.41595885,1.61514723,-1.07742834,-1.80528414,-0.88071620,0.00000000,0.00000000
-2.65630531,0.19577678,1.04153383,-1.75897992,-0.65345943,0.00000000,0.00000000,-0.41508320,1.61551452,-1.08064401,-1.80303383,-0.88640553,0.00000000,0.00000000
-2.65080976,0.18842746,1.04270494,-1.75926185,-0.65495408,0.00000000,0.00000000,-0.41400179,1.61577022,-1.08398366,-1.80087686,-0.88410723,0.00000000,0.00000000
-2.64462852,0.18008164,1.04381371,-1.75961852,-0.66525000,0.00000000,0.00000000,-0.41276002,1.61589909,-1.08743739,-1.79883790,-0.89169145,0.00000000,0.00000000
-2.63756394,0.17067157,1.04476917,-1.76000547,-0.67303079,0.00000000,0.00000000,-0.41149712,1.61592817,-1.09111071,-1.79692364,-0.90780252,0.00000000,0.00000000
-2.62932444,0.16022030,1.04567659,-1.76036549,-0.66961163,0.00000000,0.00000000,-0.41020319,1.61584139,-1.09492552,-1.79512072,-0.93566841,0.00000000,0.00000000
-2.61978006,0.14860059,1.04654396,-1.76065338,-0.67851919,0.00000000,0.00000000,-0.40886986,1.61561513,-1.09892845,-1.79342711,-0.96651083,0.00000000,0.00000000
-2.60886860,0.13571517,1.04742873,-1.76099014,-0.66952336,0.00000000,0.00000000,-0.40752238,1.61524200,-1.10307527,-1.79165792,-0.98676950,0.00000000,0.00000000
-2.59660387,0.12149318,1.04816747,-1.76144588,-0.66871411,0.00000000,0.00000000,-0.40600055,1.61458969,-1.10737157,-1.79002500,-1.00401509,0.00000000,0.00000000
-2.58300614,0.10594680,1.04871857,-1.76211894,-0.67299634,0.00000000,0.00000000,-0.40447286,1.61380959,-1.11198819,-1.78848398,-1.02809465,0.00000000,0.00000000
-2.56816602,0.08904975,1.04900038,-1.76307857,-0.66464365,0.00000000,0.00000000,-0.40310928,1.61309242,-1.11659777,-1.78662705,-1.05933928,0.00000000,0.00000000
-2.55204964,0.07090182,1.04862297,-1.76396012,-0.66841030,0.00000000,0.00000000,-0.40165925,1.61233020,-1.12111509,-1.78485680,-1.08959627,0.00000000,0.00000000
-2.53465438,0.05170422,1.04761839,-1.76459694,-0.67688000,0.00000000,0.00000000,-0.40023771,1.61162400,-1.12581646,-1.78334785,-1.09624302,0.00000000,0.00000000
-2.51610398,0.03161024,1.04614019,-1.76481354,-0.67663240,0.00000000,0.00000000,-0.39883006,1.61086953,-1.13024998,-1.78177083,-1.10143661,0.00000000,0.00000000
-2.49442434,0.01260232,1.04630494,-1.76293230,-0.67909861,0.00000000,0.00000000,-0.39757955,1.61011255,-1.13451290,-1.77994502,-1.11420465,0.00000000,0.00000000
-2.46739531,-0.00308028,1.04942310,-1.75724578,-0.67325765,0.00000000,0.00000000,-0.39633173,1.60930276,-1.13952410,-1.77892387,-1.12042785,0.00000000,0.00000000
-2.44558334,-0.02337168,1.05052400,-1.75695193,-0.65269208,0.00000000,0.00000000,-0.39519775,1.60843039,-1.14400434,-1.77759159,-1.13675964,0.00000000,0.00000000
-2.42636895,-0.04554353,1.04881430,-1.75803828,-0.63630152,0.00000000,0.00000000,-0.39419430,1.60758543,-1.14798713,-1.77591276,-1.13654470,0.00000000,0.00000000
-2.40639305,-0.06625967,1.04645276,-1.75786996,-0.61046201,0.00000000,0.00000000,-0.39281014,1.60649455,-1.15182817,-1.77481866,-1.13006055,0.00000000,0.00000000
-2.38669181,-0.08576001,1.04415512,-1.75724232,-0.58303392,0.00000000,0.00000000,-0.39145091,1.60538864,-1.15564954,-1.77394164,-1.12417042,0.00000000,0.00000000
-2.36827564,-0.10422219,1.04178429,-1.75643897,-0.55822307,0.00000000,0.00000000,-0.39040586,1.60437238,-1.15941775,-1.77299356,-1.11778700,0.00000000,0.00000000
-2.35150337,-0.12133960,1.03936064,-1.75570059,-0.53775811,0.00000000,0.00000000,-0.38969988,1.60342205,-1.16309845,-1.77200401,-1.12298143,0.00000000,0.00000000
-2.33645129,-0.13669333,1.03735566,-1.75529408,-0.53446758,0.00000000,0.00000000,-0.38952100,1.60269356,-1.16657865,-1.77069092,-1.13245070,0.00000000,0.00000000
-2.32329702,-0.14991853,1.03578329,-1.75483394,-0.47937670,0.00000000,0.00000000,-0.38971278,1.60213804,-1.16972935,-1.76908207,-1.04278767,0.00000000,0.00000000
-2.31221247,-0.16074775,1.03480911,-1.75411773,-0.42202529,0.00000000,0.00000000,-0.39025283,1.60181868,-1.17293727,-1.76740766,-0.96529877,0.00000000,0.00000000
-2.30344081,-0.16902207,1.03451610,-1.75317025,-0.36797062,0.00000000,0.00000000,-0.39106131,1.60174525,-1.17625141,-1.76580429,-0.88438785,0.00000000,0.00000000
-2.29733324,-0.17466527,1.03460550,-1.75202966,-0.32006115,0.00000000,0.00000000,-0.39202070,1.60192502,-1.17936766,-1.76446140,-0.78941536,0.00000000,0.00000000
-2.29410577,-0.17759843,1.03478527,-1.75122905,-0.26765761,0.00000000,0.00000000,-0.39282948,1.60221434,-1.18147206,-1.76356268,-0.69303858,0.00000000,0.00000000
