l_joint1,l_joint2,l_joint3,l_joint4,l_joint5,l_joint6,l_joint7,r_joint1,r_joint2,r_joint3,r_joint4,r_joint5,r_joint6,r_joint7
0.10290083,-2.17000008,-1.23218524,-0.54879332,0.03738445,0.00000000,0.00000000,-0.06388487,2.17000008,1.18398845,0.48082238,0.14247927,0.00000000,0.00000000
0.10296615,-2.17000008,-1.23294675,-0.54875737,0.04679357,0.00000000,0.00000000,-0.06374550,2.17000008,1.18528390,0.48073116,0.16733877,0.00000000,0.00000000
0.10304944,-2.17000008,-1.23462749,-0.54856688,0.05796454,0.00000000,0.00000000,-0.06357092,2.17000008,1.18786085,0.48042849,0.19354939,0.00000000,0.00000000
0.10319707,-2.17000008,-1.23733342,-0.54817683,0.07168105,0.00000000,0.00000000,-0.06349844,2.17000008,1.19175124,0.47980604,0.22375114,0.00000000,0.00000000
0.10344292,-2.17000008,-1.24117780,-0.54754376,0.08575386,0.00000000,0.00000000,-0.06353420,2.17000008,1.19690740,0.47887042,0.25326851,0.00000000,0.00000000
0.10377486,-2.17000008,-1.24635124,-0.54655123,0.09903729,0.00000000,0.00000000,-0.06358613,2.17000008,1.20318127,0.47772747,0.27909437,0.00000000,0.00000000
0.10420898,-2.17000008,-1.25276005,-0.54527009,0.10134914,0.00000000,0.00000000,-0.06361151,2.17000008,1.21036005,0.47647926,0.30149156,0.00000000,0.00000000
0.10470098,-2.17000008,-1.26003754,-0.54406327,0.10122291,0.00000000,0.00000000,-0.06369563,2.17000008,1.21814823,0.47520822,0.31443620,0.00000000,0.00000000
0.10514919,-2.17000008,-1.26784086,-0.54332960,0.08921087,0.00000000,0.00000000,-0.06399424,2.17000008,1.22615218,0.47402707,0.31606686,0.00000000,0.00000000
0.10556969,-2.17000008,-1.27574992,-0.54330117,0.07724736,0.00000000,0.00000000,-0.06468362,2.17000008,1.23399687,0.47302568,0.31119904,0.00000000,0.00000000
0.10606905,-2.17000008,-1.28329325,-0.54393685,0.06950448,0.00000000,0.00000000,-0.06576218,2.17000008,1.24136603,0.47233990,0.30839002,0.00000000,0.00000000
0.10676533,-2.17000008,-1.29024136,-0.54497349,0.05642299,0.00000000,0.00000000,-0.06716217,2.17000008,1.24811864,0.47199577,0.29921305,0.00000000,0.00000000
0.10772943,-2.17000008,-1.29653382,-0.54623955,0.02928179,0.00000000,0.00000000,-0.06882760,2.17000008,1.25431025,0.47187442,0.28867659,0.00000000,0.00000000
0.10904191,-2.17000008,-1.30204880,-0.54777896,-0.00436232,0.00000000,0.00000000,-0.07067898,2.17000008,1.26005578,0.47185022,0.27181309,0.00000000,0.00000000
0.11080240,-2.17000008,-1.30664396,-0.54968923,-0.03753783,0.00000000,0.00000000,-0.07263107,2.17000008,1.26542759,0.47186249,0.26233357,0.00000000,0.00000000
0.11304315,-2.17000008,-1.31031573,-0.55196768,-0.06857397,0.00000000,0.00000000,-0.07461460,2.17000008,1.27043581,0.47191867,0.24946088,0.00000000,0.00000000
0.11569820,-2.17000008,-1.31325471,-0.55448496,-0.10935247,0.00000000,0.00000000,-0.07659950,2.17000008,1.27504742,0.47206986,0.23494059,0.00000000,0.00000000
0.11867178,-2.17000008,-1.31578958,-0.55703938,-0.14604297,0.00000000,0.00000000,-0.07860453,2.17000008,1.27921593,0.47238255,0.22964504,0.00000000,0.00000000
0.12189963,-2.17000008,-1.31831145,-0.55941492,-0.16799535,0.00000000,0.00000000,-0.08064324,2.17000008,1.28296041,0.47289455,0.22213775,0.00000000,0.00000000
0.12533253,-2.17000008,-1.32123935,-0.56140661,-0.18302298,0.00000000,0.00000000,-0.08266126,2.17000008,1.28643322,0.47357625,0.20653442,0.00000000,0.00000000
0.12887520,-2.17000008,-1.32503903,-0.56281573,-0.19863223,0.00000000,0.00000000,-0.08457420,2.17000008,1.28992283,0.47430116,0.20295319,0.00000000,0.00000000
0.13233341,-2.17000008,-1.33025002,-0.56343502,-0.20366929,0.00000000,0.00000000,-0.08630461,2.17000008,1.29380906,0.47485510,0.21227241,0.00000000,0.00000000
0.13549337,-2.17000008,-1.33731687,-0.56309766,-0.20595150,0.00000000,0.00000000,-0.08780354,2.17000008,1.29845631,0.47500125,0.22308348,0.00000000,0.00000000
0.13831295,-2.17000008,-1.34613717,-0.56185210,-0.20705067,0.00000000,0.00000000,-0.08903686,2.17000008,1.30401313,0.47463363,0.22124091,0.00000000,0.00000000
0.14091341,-2.17000008,-1.35596979,-0.56004280,-0.20327812,0.00000000,0.00000000,-0.08996012,2.17000008,1.31030631,0.47387379,0.22583002,0.00000000,0.00000000
0.14333378,-2.17000008,-1.36615920,-0.55803275,-0.18579106,0.00000000,0.00000000,-0.09057549,2.17000008,1.31715584,0.47283882,0.22514807,0.00000000,0.00000000
0.14542685,-2.17000008,-1.37656772,-0.55599403,-0.16014914,0.00000000,0.00000000,-0.09092430,2.17000008,1.32451844,0.47154632,0.22255446,0.00000000,0.00000000
0.14700818,-2.17000008,-1.38733745,-0.55397063,-0.13721988,0.00000000,0.00000000,-0.09108426,2.17000008,1.33238530,0.46997270,0.22151895,0.00000000,0.00000000
0.14804672,-2.17000008,-1.39835668,-0.55207461,-0.11813691,0.00000000,0.00000000,-0.09115272,2.17000008,1.34057474,0.46818241,0.21426548,0.00000000,0.00000000
0.14869863,-2.17000008,-1.40912628,-0.55052269,-0.09472379,0.00000000,0.00000000,-0.09124958,2.17000008,1.34877586,0.46629840,0.19371444,0.00000000,0.00000000
0.14915504,-2.17000008,-1.41900206,-0.54954976,-0.07412267,0.00000000,0.00000000,-0.09148782,2.17000008,1.35660577,0.46447462,0.17064239,0.00000000,0.00000000
0.14950897,-2.17000008,-1.42752886,-0.54928887,-0.05977520,0.00000000,0.00000000,-0.09192152,2.17000008,1.36372876,0.46284291,0.14841349,0.00000000,0.00000000
0.14975055,-2.17000008,-1.43458772,-0.54969585,-0.04564670,0.00000000,0.00000000,-0.09254922,2.17000008,1.36990976,0.46148288,0.12078656,0.00000000,0.00000000
0.14985855,-2.17000008,-1.44030929,-0.55056286,-0.03210596,0.00000000,0.00000000,-0.09333658,2.17000008,1.37504578,0.46041325,0.09068564,0.00000000,0.00000000
0.14987704,-2.17000008,-1.44481206,-0.55166942,-0.02237677,0.00000000,0.00000000,-0.09422367,2.17000008,1.37908697,0.45963719,0.04563678,0.00000000,0.00000000
0.14989325,-2.17000008,-1.44808197,-0.55290705,-0.01488554,0.00000000,0.00000000,-0.09512305,2.17000008,1.38198853,0.45917019,0.00439097,0.00000000,0.00000000
0.14997810,-2.17000008,-1.45012736,-0.55422318,-0.00618093,0.00000000,0.00000000,-0.09594469,2.17000008,1.38378072,0.45900619,-0.04038449,0.00000000,0.00000000
0.15017611,-2.17000008,-1.45107865,-0.55553675,-0.00669530,0.00000000,0.00000000,-0.09664424,2.17000008,1.38460422,0.45909432,-0.09448873,0.00000000,0.00000000
0.15052649,-2.17000008,-1.45107913,-0.55674851,-0.00805478,0.00000000,0.00000000,-0.09722281,2.17000008,1.38457119,0.45939782,-0.15058395,0.00000000,0.00000000
0.15103360,-2.17000008,-1.45031083,-0.55775601,-0.02344582,0.00000000,0.00000000,-0.09771250,2.17000008,1.38375819,0.45990339,-0.20053823,0.00000000,0.00000000
0.15165587,-2.17000008,-1.44905841,-0.55845737,-0.04335395,0.00000000,0.00000000,-0.09815227,2.17000008,1.38231802,0.46057406,-0.24419287,0.00000000,0.00000000
0.15234283,-2.17000008,-1.44753993,-0.55884999,-0.05575270,0.00000000,0.00000000,-0.09853929,2.17000008,1.38042450,0.46136829,-0.27014861,0.00000000,0.00000000
0.15304951,-2.17000008,-1.44588900,-0.55899841,-0.06533537,0.00000000,0.00000000,-0.09883552,2.17000008,1.37825871,0.46223959,-0.27870840,0.00000000,0.00000000
0.15372102,-2.17000008,-1.44419920,-0.55900401,-0.09078732,0.00000000,0.00000000,-0.09903473,2.17000008,1.37598419,0.46313617,-0.29039717,0.00000000,0.00000000
0.15429476,-2.17000008,-1.44254684,-0.55897945,-0.11802635,0.00000000,0.00000000,-0.09918111,2.17000008,1.37372196,0.46401274,-0.29759589,0.00000000,0.00000000
0.15473711,-2.17000008,-1.44100773,-0.55899525,-0.13906099,0.00000000,0.00000000,-0.09933137,2.17000008,1.37157679,0.46482706,-0.29682967,0.00000000,0.00000000
0.15507421,-2.17000008,-1.43964493,-0.55904543,-0.16472833,0.00000000,0.00000000,-0.09951016,2.17000008,1.36966133,0.46553567,-0.30256921,0.00000000,0.00000000
0.15536413,-2.17000008,-1.43847549,-0.55908567,-0.18506707,0.00000000,0.00000000,-0.09969885,2.17000008,1.36806464,0.46611118,-0.30824432,0.00000000,0.00000000
0.15563723,-2.17000008,-1.43748283,-0.55909276,-0.20219497,0.00000000,0.00000000,-0.09984907,2.17000008,1.36683750,0.46654770,-0.31403503,0.00000000,0.00000000
0.15588731,-2.17000008,-1.43662930,-0.55907941,-0.22164145,0.00000000,0.00000000,-0.09993882,2.17000008,1.36596537,0.46686095,-0.30294868,0.00000000,0.00000000
0.15610367,-2.17000008,-1.43584740,-0.55907667,-0.23652820,0.00000000,0.00000000,-0.09998059,2.17000008,1.36536860,0.46708995,-0.28261909,0.00000000,0.00000000
0.15627931,-2.17000008,-1.43506634,-0.55910838,-0.25561172,0.00000000,0.00000000,-0.09998433,2.17000008,1.36496103,0.46727696,-0.26380435,0.00000000,0.00000000
0.15640457,-2.17000008,-1.43421769,-0.55918241,-0.26340255,0.00000000,0.00000000,-0.09995799,2.17000008,1.36465716,0.46746179,-0.24707316,0.00000000,0.00000000
0.15646178,-2.17000008,-1.43322062,-0.55929935,-0.25528514,0.00000000,0.00000000,-0.09990730,2.17000008,1.36435819,0.46768683,-0.23283933,0.00000000,0.00000000
0.15642503,-2.17000008,-1.43200779,-0.55944657,-0.25531471,0.00000000,0.00000000,-0.09982985,2.17000008,1.36397779,0.46798453,-0.22539131,0.00000000,0.00000000
0.15626919,-2.17000008,-1.43058968,-0.55957687,-0.25681359,0.00000000,0.00000000,-0.09971175,2.17000008,1.36351335,0.46834412,-0.22633745,0.00000000,0.00000000
0.15598734,-2.17000008,-1.42899847,-0.55964863,-0.25232455,0.00000000,0.00000000,-0.09954182,2.17000008,1.36299956,0.46873844,-0.23098916,0.00000000,0.00000000
0.15558197,-2.17000008,-1.42722559,-0.55965436,-0.25543225,0.00000000,0.00000000,-0.09931063,2.17000008,1.36241388,0.46917817,-0.23803045,0.00000000,0.00000000
0.15504032,-2.17000008,-1.42533386,-0.55957580,-0.25705528,0.00000000,0.00000000,-0.09902456,2.17000008,1.36177754,0.46965525,-0.23937850,0.00000000,0.00000000
0.15433313,-2.17000008,-1.42340302,-0.55939531,-0.25442755,0.00000000,0.00000000,-0.09869295,2.17000008,1.36111403,0.47016421,-0.23610719,0.00000000,0.00000000
0.15343675,-2.17000008,-1.42138159,-0.55915439,-0.26386914,0.00000000,0.00000000,-0.09833357,2.17000008,1.36035395,0.47074017,-0.22630586,0.00000000,0.00000000
0.15236679,-2.17000008,-1.41909206,-0.55895191,-0.27518421,0.00000000,0.00000000,-0.09799150,2.17000008,1.35940206,0.47141525,-0.21881136,0.00000000,0.00000000
0.15118639,-2.17000008,-1.41631937,-0.55890787,-0.29131714,0.00000000,0.00000000,-0.09771655,2.17000008,1.35821593,0.47218844,-0.21570300,0.00000000,0.00000000
0.14996350,-2.17000008,-1.41296923,-0.55910397,-0.30526650,0.00000000,0.00000000,-0.09752908,2.17000008,1.35685682,0.47301373,-0.21655028,0.00000000,0.00000000
0.14872143,-2.17000008,-1.40917015,-0.55954140,-0.33260018,0.00000000,0.00000000,-0.09741157,2.17000008,1.35548258,0.47380686,-0.21269019,0.00000000,0.00000000
0.14746788,-2.17000008,-1.40513265,-0.56016624,-0.35853776,0.00000000,0.00000000,-0.09733343,2.17000008,1.35421538,0.47450399,-0.19746359,0.00000000,0.00000000
0.14623259,-2.17000008,-1.40102255,-0.56089199,-0.40075412,0.00000000,0.00000000,-0.09728891,2.17000008,1.35307264,0.47508803,-0.18947694,0.00000000,0.00000000
0.14501701,-2.17000008,-1.39703536,-0.56159866,-0.44096184,0.00000000,0.00000000,-0.09728264,2.17000008,1.35204911,0.47555485,-0.18913455,0.00000000,0.00000000
0.14378469,-2.17000008,-1.39341533,-0.56217486,-0.48582345,0.00000000,0.00000000,-0.09729429,2.17000008,1.35119092,0.47588646,-0.18333143,0.00000000,0.00000000
0.14256573,-2.17000008,-1.39031029,-0.56256932,-0.52540219,0.00000000,0.00000000,-0.09727994,2.17000008,1.35058415,0.47605285,-0.17233033,0.00000000,0.00000000
0.14151482,-2.17000008,-1.38766241,-0.56280041,-0.56203461,0.00000000,0.00000000,-0.09720791,2.17000008,1.35026550,0.47604600,-0.15813428,0.00000000,0.00000000
0.14081289,-2.17000008,-1.38528001,-0.56292319,-0.60386014,0.00000000,0.00000000,-0.09709015,2.17000008,1.35016942,0.47590092,-0.13446009,0.00000000,0.00000000
0.14055663,-2.17000008,-1.38295066,-0.56300712,-0.63986897,0.00000000,0.00000000,-0.09696876,2.17000008,1.35012984,0.47569558,-0.10437234,0.00000000,0.00000000
0.14074366,-2.17000008,-1.38051641,-0.56311172,-0.68112302,0.00000000,0.00000000,-0.09686931,2.17000008,1.34992826,0.47553691,-0.07185392,0.00000000,0.00000000
0.14126001,-2.17000008,-1.37803900,-0.56321728,-0.72192168,0.00000000,0.00000000,-0.09681831,2.17000008,1.34941876,0.47549102,-0.04398048,0.00000000,0.00000000
0.14184678,-2.17000008,-1.37589061,-0.56319261,-0.75338435,0.00000000,0.00000000,-0.09686125,2.17000008,1.34859800,0.47554281,-0.02160437,0.00000000,0.00000000
0.14218308,-2.17000008,-1.37456048,-0.56287390,-0.78303403,0.00000000,0.00000000,-0.09701233,2.17000008,1.34757531,0.47562262,0.00149993,0.00000000,0.00000000
0.14209752,-2.17000008,-1.37427425,-0.56219417,-0.80024856,0.00000000,0.00000000,-0.09722880,2.17000008,1.34649527,0.47565338,0.02287105,0.00000000,0.00000000
0.14173800,-2.17000008,-1.37466538,-0.56129956,-0.82514650,0.00000000,0.00000000,-0.09745095,2.17000008,1.34536016,0.47563758,0.04194483,0.00000000,0.00000000
0.14145507,-2.17000008,-1.37493169,-0.56050771,-0.83563423,0.00000000,0.00000000,-0.09762897,2.17000008,1.34403491,0.47565377,0.06891403,0.00000000,0.00000000
0.14152092,-2.17000008,-1.37438095,-0.56011295,-0.84544045,0.00000000,0.00000000,-0.09772630,2.17000008,1.34239662,0.47578061,0.10367433,0.00000000,0.00000000
0.14190246,-2.17000008,-1.37298620,-0.56012863,-0.85816228,0.00000000,0.00000000,-0.09772524,2.17000008,1.34053755,0.47599021,0.13283539,0.00000000,0.00000000
0.14234899,-2.17000008,-1.37129700,-0.56031328,-0.87599009,0.00000000,0.00000000,-0.09771062,2.17000008,1.33868718,0.47615534,0.16059166,0.00000000,0.00000000
0.14266352,-2.17000008,-1.36983192,-0.56043839,-0.89336181,0.00000000,0.00000000,-0.09781457,2.17000008,1.33698881,0.47617790,0.18500517,0.00000000,0.00000000
0.14282511,-2.17000008,-1.36872876,-0.56043339,-0.90483093,0.00000000,0.00000000,-0.09808836,2.17000008,1.33545792,0.47604915,0.21506098,0.00000000,0.00000000
0.14290239,-2.17000008,-1.36785984,-0.56033415,-0.91278315,0.00000000,0.00000000,-0.09845180,2.17000008,1.33405471,0.47582495,0.23865452,0.00000000,0.00000000
0.14295202,-2.17000008,-1.36706614,-0.56019163,-0.91605729,0.00000000,0.00000000,-0.09879083,2.17000008,1.33273363,0.47556984,0.25615197,0.00000000,0.00000000
0.14298387,-2.17000008,-1.36626637,-0.56002843,-0.91206592,0.00000000,0.00000000,-0.09905649,2.17000008,1.33145070,0.47532988,0.26830730,0.00000000,0.00000000
0.14297685,-2.17000008,-1.36545217,-0.55984205,-0.91569656,0.00000000,0.00000000,-0.09927258,2.17000008,1.33015752,0.47514036,0.28435415,0.00000000,0.00000000
0.14293139,-2.17000008,-1.36463428,-0.55963004,-0.92543232,0.00000000,0.00000000,-0.09950157,2.17000008,1.32880676,0.47503465,0.30214655,0.00000000,0.00000000
0.14287585,-2.17000008,-1.36382413,-0.55939102,-0.93673182,0.00000000,0.00000000,-0.09974475,2.17000008,1.32740068,0.47503671,0.31380495,0.00000000,0.00000000
0.14284930,-2.17000008,-1.36303008,-0.55912149,-0.94901985,0.00000000,0.00000000,-0.09995355,2.17000008,1.32598472,0.47514758,0.31150353,0.00000000,0.00000000
0.14289893,-2.17000008,-1.36224353,-0.55882192,-0.96598828,0.00000000,0.00000000,-0.10012824,2.17000008,1.32460451,0.47533557,0.30538914,0.00000000,0.00000000
0.14303958,-2.17000008,-1.36144400,-0.55850202,-0.98844063,0.00000000,0.00000000,-0.10032563,2.17000008,1.32328880,0.47554928,0.28532410,0.00000000,0.00000000
0.14320430,-2.17000008,-1.36060858,-0.55818474,-1.00959325,0.00000000,0.00000000,-0.10057940,2.17000008,1.32205665,0.47574550,0.27692693,0.00000000,0.00000000
0.14327623,-2.17000008,-1.35970521,-0.55790794,-1.01836836,0.00000000,0.00000000,-0.10085725,2.17000008,1.32092893,0.47589898,0.25640514,0.00000000,0.00000000
0.14318086,-2.17000008,-1.35868287,-0.55771136,-1.02875423,0.00000000,0.00000000,-0.10108825,2.17000008,1.31992388,0.47599930,0.22851953,0.00000000,0.00000000
0.14294200,-2.17000008,-1.35749876,-0.55761415,-1.04861879,0.00000000,0.00000000,-0.10123548,2.17000008,1.31905591,0.47603413,0.18706468,0.00000000,0.00000000
0.14263710,-2.17000008,-1.35618556,-0.55759066,-1.07384408,0.00000000,0.00000000,-0.10132746,2.17000008,1.31834376,0.47598171,0.14600681,0.00000000,0.00000000
0.14232141,-2.17000008,-1.35488307,-0.55757266,-1.08979130,0.00000000,0.00000000,-0.10142989,2.17000008,1.31782055,0.47581273,0.09924886,0.00000000,0.00000000
0.14200836,-2.17000008,-1.35376120,-0.55748737,-1.11759031,0.00000000,0.00000000,-0.10158645,2.17000008,1.31751335,0.47551674,0.05818974,0.00000000,0.00000000
0.14170732,-2.17000008,-1.35291040,-0.55730045,-1.14201903,0.00000000,0.00000000,-0.10179839,2.17000008,1.31740582,0.47512317,0.00789905,0.00000000,0.00000000
0.14143556,-2.17000008,-1.35233545,-0.55701500,-1.15328503,0.00000000,0.00000000,-0.10204806,2.17000008,1.31743944,0.47468683,-0.03683618,0.00000000,0.00000000
0.14120246,-2.17000008,-1.35202217,-0.55664039,-1.16236961,0.00000000,0.00000000,-0.10232142,2.17000008,1.31754482,0.47425938,-0.07117805,0.00000000,0.00000000
0.14103332,-2.17000008,-1.35194564,-0.55618322,-1.15563738,0.00000000,0.00000000,-0.10263786,2.17000008,1.31764889,0.47387871,-0.09973442,0.00000000,0.00000000
0.14096698,-2.17000008,-1.35205412,-0.55565393,-1.15820658,0.00000000,0.00000000,-0.10303491,2.17000008,1.31768382,0.47357178,-0.12633353,0.00000000,0.00000000
0.14101154,-2.17000008,-1.35227966,-0.55507320,-1.15655112,0.00000000,0.00000000,-0.10352430,2.17000008,1.31760693,0.47336006,-0.14602768,0.00000000,0.00000000
0.14112893,-2.17000008,-1.35256243,-0.55447060,-1.15099216,0.00000000,0.00000000,-0.10407755,2.17000008,1.31742144,0.47325221,-0.18082182,0.00000000,0.00000000
0.14126536,-2.17000008,-1.35285592,-0.55388224,-1.14928627,0.00000000,0.00000000,-0.10465188,2.17000008,1.31716335,0.47324130,-0.19865708,0.00000000,0.00000000
0.14138095,-2.17000008,-1.35311532,-0.55334604,-1.13891590,0.00000000,0.00000000,-0.10520783,2.17000008,1.31686246,0.47332016,-0.20087580,0.00000000,0.00000000
0.14147115,-2.17000008,-1.35329461,-0.55289358,-1.12740529,0.00000000,0.00000000,-0.10575217,2.17000008,1.31651425,0.47348836,-0.19451827,0.00000000,0.00000000
0.14155146,-2.17000008,-1.35337806,-0.55253470,-1.12581336,0.00000000,0.00000000,-0.10633127,2.17000008,1.31611240,0.47373524,-0.18267334,0.00000000,0.00000000
0.14161876,-2.17000008,-1.35340822,-0.55225271,-1.13130534,0.00000000,0.00000000,-0.10696220,2.17000008,1.31571198,0.47402263,-0.16844760,0.00000000,0.00000000
0.14164445,-2.17000008,-1.35345995,-0.55202001,-1.12233937,0.00000000,0.00000000,-0.10757570,2.17000008,1.31544077,0.47428983,-0.15328301,0.00000000,0.00000000
0.14161964,-2.17000008,-1.35357296,-0.55182254,-1.11212182,0.00000000,0.00000000,-0.10806310,2.17000008,1.31543303,0.47447893,-0.12570252,0.00000000,0.00000000
0.14159456,-2.17000008,-1.35371292,-0.55166972,-1.11391187,0.00000000,0.00000000,-0.10838780,2.17000008,1.31573272,0.47456467,-0.11246550,0.00000000,0.00000000
0.14164518,-2.17000008,-1.35382140,-0.55157602,-1.10799026,0.00000000,0.00000000,-0.10855713,2.17000008,1.31632173,0.47455081,-0.08826315,0.00000000,0.00000000
0.14182356,-2.17000008,-1.35388148,-0.55153829,-1.10848832,0.00000000,0.00000000,-0.10857809,2.17000008,1.31718504,0.47444412,-0.06457157,0.00000000,0.00000000
0.14213422,-2.17000008,-1.35387766,-0.55155849,-1.10684502,0.00000000,0.00000000,-0.10850500,2.17000008,1.31820953,0.47429356,-0.04429740,0.00000000,0.00000000
0.14250031,-2.17000008,-1.35380054,-0.55164689,-1.10826480,0.00000000,0.00000000,-0.10840230,2.17000008,1.31916869,0.47420359,-0.01465479,0.00000000,0.00000000
0.14282762,-2.17000008,-1.35366273,-0.55180645,-1.10564458,0.00000000,0.00000000,-0.10827078,2.17000008,1.31987381,0.47426686,0.02910068,0.00000000,0.00000000
0.14306307,-2.17000008,-1.35349095,-0.55202651,-1.10902739,0.00000000,0.00000000,-0.10812366,2.17000008,1.32017279,0.47454780,0.06617317,0.00000000,0.00000000
0.14319383,-2.17000008,-1.35334742,-0.55227464,-1.13488758,0.00000000,0.00000000,-0.10799381,2.17000008,1.32000291,0.47505796,0.10320954,0.00000000,0.00000000
0.14323275,-2.17000008,-1.35332751,-0.55250001,-1.16161168,0.00000000,0.00000000,-0.10788324,2.17000008,1.31942916,0.47575220,0.13461547,0.00000000,0.00000000
0.14322509,-2.17000008,-1.35350251,-0.55266011,-1.17796552,0.00000000,0.00000000,-0.10779691,2.17000008,1.31856728,0.47655517,0.16079533,0.00000000,0.00000000
0.14323439,-2.17000008,-1.35388327,-0.55273926,-1.18699217,0.00000000,0.00000000,-0.10772795,2.17000008,1.31754792,0.47738153,0.19184083,0.00000000,0.00000000
0.14330344,-2.17000008,-1.35443413,-0.55274808,-1.21135139,0.00000000,0.00000000,-0.10763069,2.17000008,1.31650710,0.47814724,0.22492436,0.00000000,0.00000000
0.14343764,-2.17000008,-1.35508835,-0.55271769,-1.24276912,0.00000000,0.00000000,-0.10746795,2.17000008,1.31553984,0.47878638,0.24429701,0.00000000,0.00000000
0.14360946,-2.17000008,-1.35576940,-0.55268651,-1.25735033,0.00000000,0.00000000,-0.10724368,2.17000008,1.31467474,0.47926542,0.25973773,0.00000000,0.00000000
0.14377986,-2.17000008,-1.35641634,-0.55268383,-1.26992774,0.00000000,0.00000000,-0.10699158,2.17000008,1.31390250,0.47957763,0.25702304,0.00000000,0.00000000
0.14392893,-2.17000008,-1.35698366,-0.55272484,-1.28778982,0.00000000,0.00000000,-0.10673743,2.17000008,1.31321323,0.47973293,0.24961543,0.00000000,0.00000000
0.14405574,-2.17000008,-1.35742831,-0.55281901,-1.30104077,0.00000000,0.00000000,-0.10647918,2.17000008,1.31263709,0.47973603,0.24510697,0.00000000,0.00000000
0.14412107,-2.17000008,-1.35773718,-0.55296648,-1.30231988,0.00000000,0.00000000,-0.10617794,2.17000008,1.31222367,0.47960362,0.24130094,0.00000000,0.00000000
0.14406349,-2.17000008,-1.35794306,-0.55314320,-1.30921781,0.00000000,0.00000000,-0.10581190,2.17000008,1.31197786,0.47938943,0.23588103,0.00000000,0.00000000
0.14391005,-2.17000008,-1.35808253,-0.55331749,-1.30088437,0.00000000,0.00000000,-0.10547762,2.17000008,1.31185853,0.47914243,0.23153856,0.00000000,0.00000000
0.14372915,-2.17000008,-1.35819316,-0.55345380,-1.28214645,0.00000000,0.00000000,-0.10524970,2.17000008,1.31185460,0.47888845,0.23328866,0.00000000,0.00000000
0.14353792,-2.17000008,-1.35830605,-0.55352920,-1.25131190,0.00000000,0.00000000,-0.10508905,2.17000008,1.31198668,0.47864527,0.23973161,0.00000000,0.00000000
0.14332241,-2.17000008,-1.35843694,-0.55354011,-1.22199380,0.00000000,0.00000000,-0.10492018,2.17000008,1.31229436,0.47841027,0.25127137,0.00000000,0.00000000
0.14309983,-2.17000008,-1.35858452,-0.55349165,-1.19542813,0.00000000,0.00000000,-0.10470685,2.17000008,1.31282294,0.47815582,0.25923076,0.00000000,0.00000000
0.14292514,-2.17000008,-1.35872710,-0.55339438,-1.17310941,0.00000000,0.00000000,-0.10445614,2.17000008,1.31359065,0.47785416,0.27132738,0.00000000,0.00000000
0.14283036,-2.17000008,-1.35884082,-0.55326110,-1.13429320,0.00000000,0.00000000,-0.10419950,2.17000008,1.31455791,0.47750008,0.29973528,0.00000000,0.00000000
0.14278686,-2.17000008,-1.35889804,-0.55310810,-1.10261738,0.00000000,0.00000000,-0.10398819,2.17000008,1.31556606,0.47714502,0.34161672,0.00000000,0.00000000
0.14271985,-2.17000008,-1.35889649,-0.55293953,-1.10314155,0.00000000,0.00000000,-0.10381451,2.17000008,1.31648731,0.47683328,0.39168012,0.00000000,0.00000000
0.14255317,-2.17000008,-1.35884392,-0.55275249,-1.10875928,0.00000000,0.00000000,-0.10363799,2.17000008,1.31723142,0.47659543,0.43759143,0.00000000,0.00000000
0.14224389,-2.17000008,-1.35874808,-0.55254066,-1.11841857,0.00000000,0.00000000,-0.10341708,2.17000008,1.31775105,0.47644684,0.48276174,0.00000000,0.00000000
0.14179789,-2.17000008,-1.35861874,-0.55229527,-1.12679446,0.00000000,0.00000000,-0.10313720,2.17000008,1.31803739,0.47638735,0.52393007,0.00000000,0.00000000
0.14125714,-2.17000008,-1.35846448,-0.55201089,-1.13977873,0.00000000,0.00000000,-0.10283146,2.17000008,1.31809425,0.47640884,0.56134760,0.00000000,0.00000000
0.14066112,-2.17000008,-1.35829568,-0.55168843,-1.15516698,0.00000000,0.00000000,-0.10254197,2.17000008,1.31794095,0.47650170,0.59079796,0.00000000,0.00000000
0.14003481,-2.17000008,-1.35812604,-0.55132866,-1.15738511,0.00000000,0.00000000,-0.10228167,2.17000008,1.31762350,0.47665367,0.60517019,0.00000000,0.00000000
0.13941786,-2.17000008,-1.35796571,-0.55093056,-1.16712379,0.00000000,0.00000000,-0.10207785,2.17000008,1.31722069,0.47682765,0.62508416,0.00000000,0.00000000
0.13885288,-2.17000008,-1.35780418,-0.55049360,-1.17637241,0.00000000,0.00000000,-0.10193250,2.17000008,1.31681824,0.47698665,0.63462085,0.00000000,0.00000000
0.13837160,-2.17000008,-1.35760665,-0.55002654,-1.18610787,0.00000000,0.00000000,-0.10183106,2.17000008,1.31647527,0.47711107,0.64542365,0.00000000,0.00000000
0.13799103,-2.17000008,-1.35733008,-0.54954463,-1.17839217,0.00000000,0.00000000,-0.10176693,2.17000008,1.31622088,0.47719389,0.65118700,0.00000000,0.00000000
0.13770437,-2.17000008,-1.35694110,-0.54906392,-1.18570542,0.00000000,0.00000000,-0.10174201,2.17000008,1.31606400,0.47723401,0.64764863,0.00000000,0.00000000
0.13748382,-2.17000008,-1.35641062,-0.54860389,-1.18916559,0.00000000,0.00000000,-0.10175893,2.17000008,1.31599689,0.47723466,0.64356446,0.00000000,0.00000000
0.13729458,-2.17000008,-1.35569906,-0.54819125,-1.16202164,0.00000000,0.00000000,-0.10180917,2.17000008,1.31599426,0.47720897,0.63047409,0.00000000,0.00000000
0.13710506,-2.17000008,-1.35476756,-0.54785353,-1.11901534,0.00000000,0.00000000,-0.10187797,2.17000008,1.31602550,0.47717613,0.61705601,0.00000000,0.00000000
0.13688645,-2.17000008,-1.35362244,-0.54759979,-1.07593584,0.00000000,0.00000000,-0.10196960,2.17000008,1.31608105,0.47714052,0.60025501,0.00000000,0.00000000
0.13661158,-2.17000008,-1.35232711,-0.54741329,-1.04625618,0.00000000,0.00000000,-0.10209267,2.17000008,1.31617904,0.47709146,0.58565956,0.00000000,0.00000000
0.13627307,-2.17000008,-1.35096681,-0.54726326,-1.00089467,0.00000000,0.00000000,-0.10224030,2.17000008,1.31635582,0.47701257,0.56792712,0.00000000,0.00000000
0.13589349,-2.17000008,-1.34961081,-0.54712117,-0.97355658,0.00000000,0.00000000,-0.10238123,2.17000008,1.31665254,0.47689089,0.56250542,0.00000000,0.00000000
0.13551064,-2.17000008,-1.34831548,-0.54696316,-0.95601934,0.00000000,0.00000000,-0.10248201,2.17000008,1.31710625,0.47671622,0.55956209,0.00000000,0.00000000
0.13515362,-2.17000008,-1.34714031,-0.54676539,-0.94273853,0.00000000,0.00000000,-0.10253628,2.17000008,1.31773841,0.47647852,0.54365081,0.00000000,0.00000000
0.13482197,-2.17000008,-1.34613729,-0.54651022,-0.93267936,0.00000000,0.00000000,-0.10256524,2.17000008,1.31852317,0.47618490,0.53010637,0.00000000,0.00000000
0.13448606,-2.17000008,-1.34532654,-0.54619545,-0.92566544,0.00000000,0.00000000,-0.10260171,2.17000008,1.31936979,0.47587094,0.51103407,0.00000000,0.00000000
0.13411780,-2.17000008,-1.34469259,-0.54583091,-0.93324083,0.00000000,0.00000000,-0.10267685,2.17000008,1.32017326,0.47557312,0.47854996,0.00000000,0.00000000
0.13372077,-2.17000008,-1.34419239,-0.54543126,-0.94597435,0.00000000,0.00000000,-0.10279477,2.17000008,1.32085562,0.47531635,0.43375573,0.00000000,0.00000000
0.13333987,-2.17000008,-1.34378099,-0.54500532,-0.97024310,0.00000000,0.00000000,-0.10293281,2.17000008,1.32138991,0.47510812,0.39537451,0.00000000,0.00000000
0.13302161,-2.17000008,-1.34343767,-0.54455227,-0.99999118,0.00000000,0.00000000,-0.10306264,2.17000008,1.32179856,0.47493777,0.36429390,0.00000000,0.00000000
0.13275756,-2.17000008,-1.34316421,-0.54407030,-1.03619337,0.00000000,0.00000000,-0.10315706,2.17000008,1.32209802,0.47480452,0.34057355,0.00000000,0.00000000
0.13251039,-2.17000008,-1.34295869,-0.54356658,-1.06729794,0.00000000,0.00000000,-0.10321791,2.17000008,1.32228720,0.47471157,0.31487492,0.00000000,0.00000000
0.13225442,-2.17000008,-1.34279966,-0.54305840,-1.09711766,0.00000000,0.00000000,-0.10326146,2.17000008,1.32236230,0.47465807,0.29741511,0.00000000,0.00000000
0.13197927,-2.17000008,-1.34264469,-0.54257065,-1.12903118,0.00000000,0.00000000,-0.10329033,2.17000008,1.32233381,0.47463632,0.28233817,0.00000000,0.00000000
0.13168737,-2.17000008,-1.34243357,-0.54213500,-1.15251935,0.00000000,0.00000000,-0.10329132,2.17000008,1.32223868,0.47462744,0.25661513,0.00000000,0.00000000
0.13139433,-2.17000008,-1.34209371,-0.54178703,-1.16054583,0.00000000,0.00000000,-0.10325561,2.17000008,1.32212675,0.47460309,0.23677365,0.00000000,0.00000000
0.13111894,-2.17000008,-1.34156621,-0.54155594,-1.16742611,0.00000000,0.00000000,-0.10318013,2.17000008,1.32204139,0.47453886,0.21987252,0.00000000,0.00000000
0.13087206,-2.17000008,-1.34084690,-0.54144603,-1.17341840,0.00000000,0.00000000,-0.10306425,2.17000008,1.32201552,0.47441864,0.20814084,0.00000000,0.00000000
0.13064833,-2.17000008,-1.33999562,-0.54143286,-1.18393922,0.00000000,0.00000000,-0.10291147,2.17000008,1.32206750,0.47423780,0.21083203,0.00000000,0.00000000
0.13042817,-2.17000008,-1.33909392,-0.54148459,-1.18399966,0.00000000,0.00000000,-0.10271864,2.17000008,1.32217765,0.47401813,0.22251359,0.00000000,0.00000000
0.13019742,-2.17000008,-1.33821249,-0.54157329,-1.17557192,0.00000000,0.00000000,-0.10248175,2.17000008,1.32229662,0.47379920,0.23509206,0.00000000,0.00000000
0.12996739,-2.17000008,-1.33741665,-0.54166627,-1.14742243,0.00000000,0.00000000,-0.10221203,2.17000008,1.32235777,0.47362444,0.22787626,0.00000000,0.00000000
0.12976702,-2.17000008,-1.33679783,-0.54170978,-1.11850667,0.00000000,0.00000000,-0.10196547,2.17000008,1.32230151,0.47351983,0.21547800,0.00000000,0.00000000
0.12960966,-2.17000008,-1.33646691,-0.54164046,-1.08132982,0.00000000,0.00000000,-0.10178702,2.17000008,1.32211769,0.47348446,0.19786637,0.00000000,0.00000000
0.12947272,-2.17000008,-1.33652329,-0.54140961,-1.05816388,0.00000000,0.00000000,-0.10167945,2.17000008,1.32185924,0.47349310,0.17877394,0.00000000,0.00000000
0.12930639,-2.17000008,-1.33701253,-0.54100001,-1.02657402,0.00000000,0.00000000,-0.10162476,2.17000008,1.32158387,0.47352111,0.14628972,0.00000000,0.00000000
0.12909476,-2.17000008,-1.33786833,-0.54043835,-0.99531221,0.00000000,0.00000000,-0.10158172,2.17000008,1.32134318,0.47354934,0.11340146,0.00000000,0.00000000
0.12892920,-2.17000008,-1.33886254,-0.53980935,-0.96079952,0.00000000,0.00000000,-0.10148007,2.17000008,1.32118607,0.47356561,0.07539922,0.00000000,0.00000000
0.12890844,-2.17000008,-1.33973813,-0.53921604,-0.93779433,0.00000000,0.00000000,-0.10133738,2.17000008,1.32110465,0.47356611,0.02782084,0.00000000,0.00000000
0.12898056,-2.17000008,-1.34039438,-0.53870928,-0.92133337,0.00000000,0.00000000,-0.10124207,2.17000008,1.32103646,0.47356030,-0.02229255,0.00000000,0.00000000
0.12903161,-2.17000008,-1.34080577,-0.53831452,-0.89060318,0.00000000,0.00000000,-0.10123111,2.17000008,1.32092226,0.47356921,-0.07044055,0.00000000,0.00000000
0.12899676,-2.17000008,-1.34093261,-0.53805774,-0.85108078,0.00000000,0.00000000,-0.10128518,2.17000008,1.32071793,0.47361696,-0.13592693,0.00000000,0.00000000
0.12887901,-2.17000008,-1.34074223,-0.53794885,-0.81782448,0.00000000,0.00000000,-0.10136738,2.17000008,1.32041895,0.47371221,-0.19356050,0.00000000,0.00000000
0.12872867,-2.17000008,-1.34025311,-0.53796583,-0.77779847,0.00000000,0.00000000,-0.10145537,2.17000008,1.32006776,0.47383919,-0.23438622,0.00000000,0.00000000
0.12860914,-2.17000008,-1.33953834,-0.53805971,-0.75074142,0.00000000,0.00000000,-0.10156382,2.17000008,1.31971538,0.47397330,-0.26542464,0.00000000,0.00000000
0.12855490,-2.17000008,-1.33870196,-0.53817457,-0.72823095,0.00000000,0.00000000,-0.10172773,2.17000008,1.31940031,0.47409382,-0.29435322,0.00000000,0.00000000
0.12855072,-2.17000008,-1.33784604,-0.53826380,-0.71453887,0.00000000,0.00000000,-0.10195360,2.17000008,1.31914425,0.47419542,-0.31236672,0.00000000,0.00000000
0.12857455,-2.17000008,-1.33704650,-0.53829837,-0.67896163,0.00000000,0.00000000,-0.10223261,2.17000008,1.31898177,0.47426543,-0.32441327,0.00000000,0.00000000
0.12861790,-2.17000008,-1.33635092,-0.53826386,-0.64992607,0.00000000,0.00000000,-0.10254567,2.17000008,1.31896055,0.47428173,-0.34261054,0.00000000,0.00000000
0.12867649,-2.17000008,-1.33578503,-0.53815740,-0.61802244,0.00000000,0.00000000,-0.10287156,2.17000008,1.31911540,0.47422418,-0.35268468,0.00000000,0.00000000
0.12874669,-2.17000008,-1.33534873,-0.53798795,-0.57792354,0.00000000,0.00000000,-0.10319871,2.17000008,1.31944513,0.47408372,-0.35992128,0.00000000,0.00000000
0.12882838,-2.17000008,-1.33501363,-0.53777570,-0.54025406,0.00000000,0.00000000,-0.10353021,2.17000008,1.31990945,0.47386253,-0.36804086,0.00000000,0.00000000
0.12891816,-2.17000008,-1.33472705,-0.53754908,-0.47402281,0.00000000,0.00000000,-0.10387112,2.17000008,1.32043886,0.47357300,-0.37941489,0.00000000,0.00000000
0.12898557,-2.17000008,-1.33443666,-0.53733963,-0.42888775,0.00000000,0.00000000,-0.10419931,2.17000008,1.32095551,0.47323695,-0.39164081,0.00000000,0.00000000
0.12896492,-2.17000008,-1.33411074,-0.53717166,-0.36939260,0.00000000,0.00000000,-0.10444731,2.17000008,1.32138526,0.47288945,-0.38705647,0.00000000,0.00000000
0.12881476,-2.17000008,-1.33372700,-0.53706193,-0.30610797,0.00000000,0.00000000,-0.10457739,2.17000008,1.32165027,0.47256395,-0.37805185,0.00000000,0.00000000
0.12854682,-2.17000008,-1.33328199,-0.53700900,-0.24527782,0.00000000,0.00000000,-0.10460214,2.17000008,1.32168877,0.47227710,-0.37587970,0.00000000,0.00000000
0.12821215,-2.17000008,-1.33280683,-0.53698617,-0.17919806,0.00000000,0.00000000,-0.10457198,2.17000008,1.32147384,0.47201869,-0.36424059,0.00000000,0.00000000
0.12787293,-2.17000008,-1.33235061,-0.53695452,-0.11199330,0.00000000,0.00000000,-0.10454191,2.17000008,1.32100427,0.47176149,-0.35029262,0.00000000,0.00000000
0.12757629,-2.17000008,-1.33194399,-0.53688526,-0.04720469,0.00000000,0.00000000,-0.10452989,2.17000008,1.32028341,0.47148141,-0.35119975,0.00000000,0.00000000
0.12735943,-2.17000008,-1.33159339,-0.53676486,0.00984278,0.00000000,0.00000000,-0.10449851,2.17000008,1.31934500,0.47114706,-0.35673776,0.00000000,0.00000000
0.12726948,-2.17000008,-1.33131051,-0.53657645,0.06831651,0.00000000,0.00000000,-0.10436533,2.17000008,1.31830430,0.47068709,-0.36182612,0.00000000,0.00000000
0.12735571,-2.17000008,-1.33113146,-0.53629190,0.11623462,0.00000000,0.00000000,-0.10406458,2.17000008,1.31729841,0.47000375,-0.38457155,0.00000000,0.00000000
0.12764882,-2.17000008,-1.33109641,-0.53588140,0.15343009,0.00000000,0.00000000,-0.10356923,2.17000008,1.31637418,0.46903202,-0.40606910,0.00000000,0.00000000
0.12814952,-2.17000008,-1.33123398,-0.53532106,0.17973018,0.00000000,0.00000000,-0.10281176,2.16996121,1.31549382,0.46776649,-0.41885471,0.00000000,0.00000000
0.12883651,-2.17000008,-1.33156180,-0.53458858,0.18957584,0.00000000,0.00000000,-0.10161710,2.16937184,1.31461120,0.46625119,-0.42485267,0.00000000,0.00000000
0.12967938,-2.17000008,-1.33208263,-0.53366429,0.20926882,0.00000000,0.00000000,-0.09992577,2.16758227,1.31339276,0.46459788,-0.44033867,0.00000000,0.00000000
0.13062403,-2.17000008,-1.33275759,-0.53254747,0.21459602,0.00000000,0.00000000,-0.09806250,2.16625476,1.31084061,0.46290532,-0.46013314,0.00000000,0.00000000
0.13158295,-2.17000008,-1.33347404,-0.53127378,0.21895579,0.00000000,0.00000000,-0.09582194,2.16648483,1.30623579,0.46121001,-0.48572385,0.00000000,0.00000000
0.13248508,-2.17000008,-1.33408904,-0.52988899,0.21280462,0.00000000,0.00000000,-0.09212362,2.16622663,1.29958820,0.45962137,-0.50879085,0.00000000,0.00000000
0.13330348,-2.17000008,-1.33455813,-0.52838278,0.19660218,0.00000000,0.00000000,-0.08716115,2.16497016,1.29029202,0.45789477,-0.52992040,0.00000000,0.00000000
0.13401453,-2.17000008,-1.33487511,-0.52671540,0.18079308,0.00000000,0.00000000,-0.08173105,2.16299748,1.27743876,0.45565820,-0.56043148,0.00000000,0.00000000
0.13456659,-2.17000008,-1.33500254,-0.52485371,0.17038754,0.00000000,0.00000000,-0.07616492,2.16006255,1.26037443,0.45271224,-0.57484704,0.00000000,0.00000000
0.13488641,-2.17000008,-1.33490300,-0.52276051,0.15900870,0.00000000,0.00000000,-0.07009865,2.15597463,1.23880053,0.44908941,-0.58625042,0.00000000,0.00000000
0.13490412,-2.17000008,-1.33456838,-0.52038395,0.15192030,0.00000000,0.00000000,-0.06301284,2.15083146,1.21254444,0.44483161,-0.59559262,0.00000000,0.00000000
0.13456450,-2.17000008,-1.33401000,-0.51767218,0.14562589,0.00000000,0.00000000,-0.05457722,2.14482212,1.18141413,0.43984485,-0.59924155,0.00000000,0.00000000
0.13383032,-2.17000008,-1.33321762,-0.51460671,0.14203233,0.00000000,0.00000000,-0.04462677,2.13816357,1.14519000,0.43392655,-0.59935474,0.00000000,0.00000000
0.13269185,-2.17000008,-1.33212149,-0.51122320,0.14558738,0.00000000,0.00000000,-0.03305770,2.13112950,1.10364056,0.42685565,-0.59141129,0.00000000,0.00000000
0.13116516,-2.17000008,-1.33059931,-0.50759315,0.13661346,0.00000000,0.00000000,-0.01974154,2.12406278,1.05654216,0.41844076,-0.58223659,0.00000000,0.00000000
0.12926671,-2.17000008,-1.32849276,-0.50379533,0.11943609,0.00000000,0.00000000,-0.00454509,2.11741972,1.00368321,0.40846714,-0.57331949,0.00000000,0.00000000
0.12698507,-2.17000008,-1.32560194,-0.49991593,0.09719855,0.00000000,0.00000000,0.01257505,2.11180854,0.94485837,0.39662272,-0.56191957,0.00000000,0.00000000
0.12425934,-2.17000008,-1.32171845,-0.49604803,0.07895284,0.00000000,0.00000000,0.03148365,2.10791063,0.87988871,0.38248092,-0.55311608,0.00000000,0.00000000
0.12095848,-2.17000008,-1.31674278,-0.49223846,0.06428780,0.00000000,0.00000000,0.05171213,2.10622048,0.80865276,0.36548308,-0.54898125,0.00000000,0.00000000
0.11689337,-2.17000008,-1.31076419,-0.48842356,0.05935903,0.00000000,0.00000000,0.07247215,2.10689354,0.73110402,0.34509537,-0.56021833,0.00000000,0.00000000
0.11190191,-2.17000008,-1.30398047,-0.48444995,0.05464317,0.00000000,0.00000000,0.09304807,2.11001348,0.64728189,0.32121921,-0.56697565,0.00000000,0.00000000
0.10615061,-2.17000008,-1.29653156,-0.48004904,0.05191155,0.00000000,0.00000000,0.11285947,2.11574101,0.55731297,0.29423335,-0.57878131,0.00000000,0.00000000
0.09527078,-2.17000008,-1.28871584,-0.47781003,0.05379648,0.00000000,0.00000000,0.13124561,2.12413311,0.46140921,0.26471779,-0.59412658,0.00000000,0.00000000
0.07488871,-2.17000008,-1.28062868,-0.48049033,0.05170210,0.00000000,0.00000000,0.14739884,2.13503504,0.35986099,0.23331964,-0.60500252,0.00000000,0.00000000
0.06257357,-2.17000008,-1.27076089,-0.47805774,0.05109337,0.00000000,0.00000000,0.16010872,2.14762878,0.25301099,0.20042896,-0.61651409,0.00000000,0.00000000
0.05390496,-2.17000008,-1.25924313,-0.47378442,0.05154849,0.00000000,0.00000000,0.16807300,2.15975809,0.14129049,0.16584468,-0.63430625,0.00000000,0.00000000
0.04461548,-2.17000008,-1.24652505,-0.47067186,0.06055422,0.00000000,0.00000000,0.16954225,2.16768599,0.02517165,0.12767294,-0.66104352,0.00000000,0.00000000
0.03518052,-2.17000008,-1.23334289,-0.46852928,0.08041580,0.00000000,0.00000000,0.16224320,2.16986322,-0.09481795,0.08114807,-0.69691193,0.00000000,0.00000000
0.02585209,-2.17000008,-1.22085834,-0.46696278,0.10267550,0.00000000,0.00000000,0.14420430,2.17000008,-0.21789077,0.02034228,-0.72941822,0.00000000,0.00000000
0.01689080,-2.17000008,-1.20998657,-0.46555325,0.14119881,0.00000000,0.00000000,0.11465964,2.17000008,-0.34261790,-0.05829141,-0.77272940,0.00000000,0.00000000
0.01214660,-2.17000008,-1.20083368,-0.46220374,0.17901526,0.00000000,0.00000000,0.07419167,2.17000008,-0.46663362,-0.15505387,-0.81325942,0.00000000,0.00000000
0.01439743,-2.17000008,-1.19332361,-0.45581836,0.22376952,0.00000000,0.00000000,0.02435814,2.17000008,-0.58659738,-0.26810706,-0.84870946,0.00000000,0.00000000
0.01011712,-2.17000008,-1.18887222,-0.45377573,0.26514041,0.00000000,0.00000000,-0.03245852,2.17000008,-0.69839114,-0.39457262,-0.88515592,0.00000000,0.00000000
0.00237423,-2.17000008,-1.18750954,-0.45334575,0.31720623,0.00000000,0.00000000,-0.09357893,2.17000008,-0.79745167,-0.53110760,-0.92243028,0.00000000,0.00000000
-0.00497783,-2.17000008,-1.18908477,-0.45208588,0.37338987,0.00000000,0.00000000,-0.15648438,2.16957450,-0.87933308,-0.67407453,-0.96035272,0.00000000,0.00000000
-0.01182106,-2.17000008,-1.19354928,-0.45017302,0.42571834,0.00000000,0.00000000,-0.21879956,2.16277671,-0.94059104,-0.81945074,-0.98938435,0.00000000,0.00000000
-0.01795904,-2.17000008,-1.20097935,-0.44740510,0.48077044,0.00000000,0.00000000,-0.27846882,2.13733339,-0.97939140,-0.96305597,-1.01718771,0.00000000,0.00000000
-0.02312595,-2.17000008,-1.21106768,-0.44392538,0.54133099,0.00000000,0.00000000,-0.33331212,2.09482169,-0.99554420,-1.10142362,-1.03404212,0.00000000,0.00000000
-0.02701783,-2.17000008,-1.22301078,-0.44029719,0.59350598,0.00000000,0.00000000,-0.38116917,2.04214048,-0.99004120,-1.23217762,-1.03866982,0.00000000,0.00000000
-0.03339366,-2.17000008,-1.23588490,-0.43983194,0.62874109,0.00000000,0.00000000,-0.42045915,1.98437119,-0.96467513,-1.35378766,-1.04156399,0.00000000,0.00000000
-0.04598425,-2.17000008,-1.24910629,-0.44558659,0.67063081,0.00000000,0.00000000,-0.45061111,1.92489815,-0.92174125,-1.46523106,-1.04474139,0.00000000,0.00000000
-0.05046057,-2.16999388,-1.26156330,-0.44855645,0.70807618,0.00000000,0.00000000,-0.47187641,1.86584258,-0.86406380,-1.56584418,-1.04848337,0.00000000,0.00000000
-0.05026535,-2.16989899,-1.27257967,-0.45048308,0.73579955,0.00000000,0.00000000,-0.48501825,1.80839813,-0.79478127,-1.65527570,-1.04919422,0.00000000,0.00000000
-0.04934760,-2.16959906,-1.28186655,-0.45340654,0.75622463,0.00000000,0.00000000,-0.49126807,1.75317562,-0.71685380,-1.73329532,-1.04258943,0.00000000,0.00000000
-0.04767236,-2.16933584,-1.28918636,-0.45693940,0.77737826,0.00000000,0.00000000,-0.49217936,1.70055068,-0.63305372,-1.79973400,-1.03555465,0.00000000,0.00000000
-0.04528647,-2.16942334,-1.29440558,-0.46072879,0.79685885,0.00000000,0.00000000,-0.48948076,1.65090525,-0.54613364,-1.85457301,-1.03083456,0.00000000,0.00000000
-0.04229108,-2.16975021,-1.29750562,-0.46441543,0.80615151,0.00000000,0.00000000,-0.48485214,1.60465062,-0.45874363,-1.89813888,-1.02784836,0.00000000,0.00000000
-0.03882566,-2.16995287,-1.29855061,-0.46764436,0.80295891,0.00000000,0.00000000,-0.47961342,1.56214046,-0.37315604,-1.93121541,-1.02228796,0.00000000,0.00000000
-0.03510201,-2.16999769,-1.29767191,-0.47010869,0.79892921,0.00000000,0.00000000,-0.47450840,1.52359486,-0.29101673,-1.95494640,-1.01954150,0.00000000,0.00000000
-0.03138706,-2.17000008,-1.29505515,-0.47155815,0.79250968,0.00000000,0.00000000,-0.46966437,1.48902285,-0.21323216,-1.97065639,-1.01485777,0.00000000,0.00000000
-0.02794228,-2.17000008,-1.29091215,-0.47178769,0.78110206,0.00000000,0.00000000,-0.46470299,1.45816731,-0.14001274,-1.97968292,-1.01094127,0.00000000,0.00000000
-0.02500245,-2.17000008,-1.28545249,-0.47066396,0.78476578,0.00000000,0.00000000,-0.45898286,1.43055689,-0.07108341,-1.98321927,-1.01077974,0.00000000,0.00000000
-0.02285873,-2.17000008,-1.27889848,-0.46822160,0.80955213,0.00000000,0.00000000,-0.45191908,1.40561831,-0.00598381,-1.98223841,-1.01414216,0.00000000,0.00000000
-0.02197322,-2.17000008,-1.27154911,-0.46478328,0.82711494,0.00000000,0.00000000,-0.44326204,1.38275874,0.05569525,-1.97755718,-1.01551366,0.00000000,0.00000000
-0.02286071,-2.17000008,-1.26384509,-0.46092290,0.85799050,0.00000000,0.00000000,-0.43321282,1.36144090,0.11426330,-1.96993566,-1.02127242,0.00000000,0.00000000
-0.02560532,-2.17000008,-1.25637710,-0.45711541,0.88355547,0.00000000,0.00000000,-0.42235965,1.34130001,0.17000496,-1.96006799,-1.02498353,0.00000000,0.00000000
-0.02967331,-2.17000008,-1.24979937,-0.45346862,0.90534741,0.00000000,0.00000000,-0.41160262,1.32219195,0.22307259,-1.94853556,-1.04853618,0.00000000,0.00000000
-0.03446415,-2.17000008,-1.24471545,-0.45001376,0.92917818,0.00000000,0.00000000,-0.40202272,1.30413139,0.27336982,-1.93577683,-1.07747972,0.00000000,0.00000000
-0.03981752,-2.17000008,-1.24160302,-0.44690970,0.94212848,0.00000000,0.00000000,-0.39464569,1.28719652,0.32061842,-1.92208779,-1.10363948,0.00000000,0.00000000
-0.04589592,-2.17000008,-1.24070573,-0.44426495,0.94599354,0.00000000,0.00000000,-0.39016244,1.27137232,0.36454618,-1.90771019,-1.13420534,0.00000000,0.00000000
-0.04838249,-2.17000008,-1.24157095,-0.43954077,0.95512658,0.00000000,0.00000000,-0.38878366,1.25649023,0.40507084,-1.89286351,-1.17124903,0.00000000,0.00000000
-0.04292148,-2.16994858,-1.24340916,-0.43037701,0.96181744,0.00000000,0.00000000,-0.39021108,1.24248230,0.44240925,-1.87749839,-1.21728802,0.00000000,0.00000000
-0.04502977,-2.16917300,-1.24666440,-0.42565656,0.96720433,0.00000000,0.00000000,-0.39378437,1.22929955,0.47667974,-1.86137044,-1.26469314,0.00000000,0.00000000
-0.05227524,-2.16687703,-1.25011110,-0.42356002,0.97248179,0.00000000,0.00000000,-0.39867973,1.21681368,0.50792593,-1.84407640,-1.31576109,0.00000000,0.00000000
-0.06065144,-2.16501927,-1.25229764,-0.42204010,0.96717107,0.00000000,0.00000000,-0.40414324,1.20471644,0.53646404,-1.82500124,-1.37051904,0.00000000,0.00000000
-0.06957470,-2.16511512,-1.25255144,-0.42103744,0.95810533,0.00000000,0.00000000,-0.40995848,1.19189620,0.56270647,-1.80333149,-1.41146553,0.00000000,0.00000000
-0.07889715,-2.16679430,-1.25098562,-0.42049900,0.93671393,0.00000000,0.00000000,-0.41674292,1.17640185,0.58695996,-1.77817976,-1.43857384,0.00000000,0.00000000
-0.08844037,-2.16872740,-1.24818671,-0.42040744,0.91180432,0.00000000,0.00000000,-0.42583299,1.15616167,0.60941857,-1.74860048,-1.46047068,0.00000000,0.00000000
-0.09750922,-2.16975641,-1.24493301,-0.42048422,0.88393444,0.00000000,0.00000000,-0.43912303,1.12933981,0.63013583,-1.71377039,-1.48832607,0.00000000,0.00000000
-0.10505971,-2.16998672,-1.24229491,-0.41999045,0.85905623,0.00000000,0.00000000,-0.45872986,1.09420550,0.64909953,-1.67306828,-1.50407660,0.00000000,0.00000000
-0.11010857,-2.17000008,-1.24150133,-0.41789839,0.83596718,0.00000000,0.00000000,-0.48625648,1.04923797,0.66639543,-1.62613511,-1.51061904,0.00000000,0.00000000
-0.11234457,-2.17000008,-1.24350250,-0.41350797,0.82222617,0.00000000,0.00000000,-0.52204478,0.99353802,0.68229836,-1.57298386,-1.52229095,0.00000000,0.00000000
-0.11235136,-2.17000008,-1.24869442,-0.40680787,0.81818205,0.00000000,0.00000000,-0.56510150,0.92697489,0.69711298,-1.51395845,-1.52909148,0.00000000,0.00000000
-0.11102352,-2.17000008,-1.25688779,-0.39820886,0.80820614,0.00000000,0.00000000,-0.61361849,0.85008818,0.71083325,-1.44938672,-1.53422308,0.00000000,0.00000000
-0.10893857,-2.16998625,-1.26728797,-0.38827202,0.79058498,0.00000000,0.00000000,-0.66560495,0.76396430,0.72285676,-1.37922096,-1.52989745,0.00000000,0.00000000
-0.10637247,-2.16978621,-1.27864206,-0.37772068,0.77510971,0.00000000,0.00000000,-0.71928465,0.67018002,0.73200846,-1.30291009,-1.53183234,0.00000000,0.00000000
-0.10378536,-2.16929722,-1.28967690,-0.36750874,0.75567114,0.00000000,0.00000000,-0.77299047,0.57086849,0.73703992,-1.21967518,-1.53980005,0.00000000,0.00000000
-0.10175104,-2.16926622,-1.29956901,-0.35850540,0.74530143,0.00000000,0.00000000,-0.82440877,0.46884391,0.73750782,-1.12930000,-1.55241406,0.00000000,0.00000000
-0.09990471,-2.16976118,-1.30818844,-0.35067680,0.73038393,0.00000000,0.00000000,-0.86938161,0.36748439,0.73461407,-1.03346491,-1.57743657,0.00000000,0.00000000
-0.09633257,-2.16985416,-1.31591547,-0.34274122,0.71878749,0.00000000,0.00000000,-0.90111810,0.26987177,0.73138428,-0.93711281,-1.61225045,0.00000000,0.00000000
-0.08894063,-2.16879725,-1.32307148,-0.33333603,0.70868045,0.00000000,0.00000000,-0.91100281,0.17772067,0.73168552,-0.84776205,-1.64094388,0.00000000,0.00000000
-0.07723850,-2.16546059,-1.32958210,-0.32230997,0.68832016,0.00000000,0.00000000,-0.89268053,0.09198067,0.73787385,-0.77098840,-1.65887046,0.00000000,0.00000000
-0.06217174,-2.16062856,-1.33513987,-0.31047523,0.67020124,0.00000000,0.00000000,-0.85286599,0.01315589,0.74669248,-0.70644528,-1.67656600,0.00000000,0.00000000
-0.04511925,-2.15620518,-1.33941913,-0.29890659,0.64063460,0.00000000,0.00000000,-0.81065840,-0.05809969,0.75114375,-0.65236932,-1.69458497,0.00000000,0.00000000
-0.02773058,-2.15368605,-1.34222949,-0.28873613,0.61282384,0.00000000,0.00000000,-0.77292192,-0.11871791,0.75016767,-0.61079496,-1.70363653,0.00000000,0.00000000
-0.01042750,-2.15326476,-1.34357095,-0.28015342,0.57470500,0.00000000,0.00000000,-0.74032623,-0.16823392,0.74432719,-0.58282048,-1.70916152,0.00000000,0.00000000
0.00812091,-2.15386343,-1.34357452,-0.27214485,0.53759426,0.00000000,0.00000000,-0.71184075,-0.20888390,0.73396158,-0.56944358,-1.71158326,0.00000000,0.00000000
0.02485254,-2.15607357,-1.34226716,-0.26659861,0.51499897,0.00000000,0.00000000,-0.69072729,-0.24098025,0.71867466,-0.56900620,-1.71989071,0.00000000,0.00000000
0.03937060,-2.15966034,-1.33970034,-0.26373452,0.49899137,0.00000000,0.00000000,-0.67692465,-0.26589033,0.69843215,-0.58189940,-1.71460295,0.00000000,0.00000000
0.05158966,-2.16388607,-1.33595228,-0.26363015,0.48521248,0.00000000,0.00000000,-0.67101377,-0.28498456,0.67265671,-0.60808676,-1.70429194,0.00000000,0.00000000
0.06059139,-2.16747141,-1.33116078,-0.26684615,0.45081708,0.00000000,0.00000000,-0.67554778,-0.29986206,0.63981909,-0.64664686,-1.68521571,0.00000000,0.00000000
0.06567985,-2.16946650,-1.32537937,-0.27378136,0.41872963,0.00000000,0.00000000,-0.69117254,-0.31530157,0.59803206,-0.69919920,-1.66986609,0.00000000,0.00000000
0.06753547,-2.16996932,-1.31856358,-0.28399268,0.39614609,0.00000000,0.00000000,-0.72040313,-0.32998532,0.54578650,-0.76173186,-1.65138388,0.00000000,0.00000000
0.06421954,-2.16993880,-1.31093049,-0.29828113,0.36461452,0.00000000,0.00000000,-0.76318693,-0.33968461,0.48296168,-0.82598770,-1.63998067,0.00000000,0.00000000
0.05376673,-2.16899586,-1.30264962,-0.31700480,0.33491868,0.00000000,0.00000000,-0.81446117,-0.34324580,0.41096279,-0.88596177,-1.62155354,0.00000000,0.00000000
0.03680939,-2.16600132,-1.29320240,-0.33870226,0.30393282,0.00000000,0.00000000,-0.87197268,-0.33876678,0.33059815,-0.93716520,-1.59984958,0.00000000,0.00000000
0.01228409,-2.16391945,-1.28158224,-0.36356023,0.27020392,0.00000000,0.00000000,-0.93388277,-0.31860062,0.24356876,-0.97344971,-1.57512474,0.00000000,0.00000000
-0.01954828,-2.16615725,-1.26697135,-0.39240587,0.23817927,0.00000000,0.00000000,-0.99106097,-0.27289128,0.15534313,-0.98776859,-1.53831291,0.00000000,0.00000000
-0.05222691,-2.16906190,-1.25020111,-0.42278230,0.21422665,0.00000000,0.00000000,-1.02083683,-0.18855885,0.07793052,-0.97459531,-1.51888883,0.00000000,0.00000000
-0.07828750,-2.16994381,-1.23312664,-0.45188528,0.18919219,0.00000000,0.00000000,-0.99990618,-0.05353148,0.02188498,-0.93089944,-1.48381734,0.00000000,0.00000000
-0.09564283,-2.17000008,-1.21748757,-0.47964427,0.15344645,0.00000000,0.00000000,-0.92024714,0.13532406,-0.00993297,-0.85567588,-1.44695640,0.00000000,0.00000000
-0.10523335,-2.17000008,-1.20457375,-0.50736624,0.11179893,0.00000000,0.00000000,-0.78541851,0.37288743,-0.01848704,-0.74983793,-1.41377079,0.00000000,0.00000000
-0.10739369,-2.17000008,-1.19547331,-0.53559279,0.05772459,0.00000000,0.00000000,-0.60638970,0.64775348,-0.00580803,-0.61726040,-1.38514483,0.00000000,0.00000000
-0.10206432,-2.17000008,-1.19146395,-0.56379843,0.02717237,0.00000000,0.00000000,-0.40109631,0.94257635,0.02523077,-0.46583250,-1.34513998,0.00000000,0.00000000
-0.08993089,-2.17000008,-1.19398308,-0.59089261,-0.00620131,0.00000000,0.00000000,-0.19264556,1.23570871,0.07089326,-0.30709124,-1.30110335,0.00000000,0.00000000
-0.07228260,-2.17000008,-1.20411706,-0.61542684,-0.03380242,0.00000000,0.00000000,-0.00519240,1.50491726,0.12689093,-0.15406685,-1.25688934,0.00000000,0.00000000
-0.05020289,-2.17000008,-1.22265673,-0.63539463,-0.05400901,0.00000000,0.00000000,0.14111733,1.73144972,0.18899471,-0.01843013,-1.20568001,0.00000000,0.00000000
-0.02336038,-2.16989803,-1.25007653,-0.64792114,-0.06397235,0.00000000,0.00000000,0.23550522,1.90334713,0.25359175,0.09142981,-1.16291940,0.00000000,0.00000000
0.01084205,-2.16830873,-1.28321576,-0.65003824,-0.06200435,0.00000000,0.00000000,0.27969658,2.01892734,0.31789634,0.17067172,-1.13183916,0.00000000,0.00000000
0.05063552,-2.16291022,-1.31622517,-0.64234555,-0.05564898,0.00000000,0.00000000,0.28010076,2.08729839,0.37972689,0.21805212,-1.09501517,0.00000000,0.00000000
0.09068851,-2.15634918,-1.34549809,-0.62819004,-0.04405398,0.00000000,0.00000000,0.24226449,2.12080336,0.43786141,0.23681164,-1.06917155,0.00000000,0.00000000
0.12876083,-2.15288997,-1.36881340,-0.60988665,-0.02702646,0.00000000,0.00000000,0.18166593,2.12789226,0.49353912,0.23550758,-1.02785182,0.00000000,0.00000000
0.16298464,-2.15334105,-1.38584089,-0.58986849,-0.00503632,0.00000000,0.00000000,0.11703235,2.12130523,0.54849851,0.22889805,-1.00073981,0.00000000,0.00000000
0.19202210,-2.15578079,-1.39737070,-0.57072926,0.02318304,0.00000000,0.00000000,0.05648929,2.11061764,0.60318726,0.22580312,-0.97106606,0.00000000,0.00000000
0.21630043,-2.15914345,-1.40372717,-0.55401510,0.03973386,0.00000000,0.00000000,0.00261138,2.09941363,0.65756828,0.22851510,-0.94420063,0.00000000,0.00000000
0.23651887,-2.16306186,-1.40498924,-0.54063380,0.07648255,0.00000000,0.00000000,-0.04415401,2.08829737,0.71148276,0.23634155,-0.92039382,0.00000000,0.00000000
0.25286838,-2.16685057,-1.40136373,-0.53127861,0.10472739,0.00000000,0.00000000,-0.08400375,2.07740617,0.76469797,0.24788332,-0.91579258,0.00000000,0.00000000
0.26513261,-2.16929460,-1.39334333,-0.52640450,0.13231032,0.00000000,0.00000000,-0.11656450,2.06708789,0.81700861,0.26221180,-0.91877550,0.00000000,0.00000000
0.27328616,-2.16995859,-1.38205040,-0.52578789,0.14388405,0.00000000,0.00000000,-0.14189130,2.05835152,0.86805999,0.27893540,-0.92026484,0.00000000,0.00000000
0.27759594,-2.17000008,-1.36947215,-0.52853096,0.15153360,0.00000000,0.00000000,-0.16054356,2.05203462,0.91740304,0.29777059,-0.92860830,0.00000000,0.00000000
0.27805108,-2.17000008,-1.35788083,-0.53391504,0.15583511,0.00000000,0.00000000,-0.17322910,2.04849505,0.96455932,0.31841281,-0.94274217,0.00000000,0.00000000
0.27433798,-2.17000008,-1.34878552,-0.54189587,0.15028352,0.00000000,0.00000000,-0.18059519,2.04804397,1.00899899,0.34068921,-0.94700271,0.00000000,0.00000000
0.26650262,-2.17000008,-1.34273612,-0.55247033,0.14294176,0.00000000,0.00000000,-0.18328509,2.05110621,1.05013859,0.36452156,-0.95784408,0.00000000,0.00000000
0.25527230,-2.17000008,-1.33968389,-0.56505787,0.13027129,0.00000000,0.00000000,-0.18245094,2.05812168,1.08733332,0.38957173,-0.96677482,0.00000000,0.00000000
0.24173939,-2.17000008,-1.33918989,-0.57882553,0.11615907,0.00000000,0.00000000,-0.17930870,2.06882644,1.12009549,0.41521871,-0.97024387,0.00000000,0.00000000
0.22682649,-2.17000008,-1.34044719,-0.59333014,0.09855855,0.00000000,0.00000000,-0.17472467,2.08234477,1.14816022,0.44086859,-0.98067772,0.00000000,0.00000000
0.21115661,-2.17000008,-1.34241652,-0.60856926,0.08132862,0.00000000,0.00000000,-0.16928680,2.09762692,1.17141163,0.46608785,-0.98955035,0.00000000,0.00000000
0.19528827,-2.17000008,-1.34409547,-0.62451911,0.07690055,0.00000000,0.00000000,-0.16351163,2.11349583,1.18984735,0.49044546,-1.00164795,0.00000000,0.00000000
0.17974836,-2.17000008,-1.34465122,-0.64084703,0.07125598,0.00000000,0.00000000,-0.15784585,2.12879515,1.20352387,0.51353157,-1.01446462,0.00000000,0.00000000
0.16500102,-2.17000008,-1.34339476,-0.65685785,0.07146242,0.00000000,0.00000000,-0.15265496,2.14256525,1.21249688,0.53501570,-1.02438939,0.00000000,0.00000000
0.15150660,-2.17000008,-1.33981955,-0.67157406,0.08140010,0.00000000,0.00000000,-0.14833568,2.15390897,1.21683037,0.55454969,-1.02587271,0.00000000,0.00000000
0.13976987,-2.17000008,-1.33363390,-0.68392205,0.10785762,0.00000000,0.00000000,-0.14541194,2.16253829,1.21650553,0.57191533,-1.03650510,0.00000000,0.00000000
0.13011605,-2.17000008,-1.32487488,-0.69308585,0.14805503,0.00000000,0.00000000,-0.14345253,2.16823578,1.21223593,0.58719945,-1.03808081,0.00000000,0.00000000
0.11910383,-2.17000008,-1.31485605,-0.70033133,0.19105880,0.00000000,0.00000000,-0.14064620,2.16989374,1.20704043,0.59966445,-1.04049063,0.00000000,0.00000000
0.10337481,-2.17000008,-1.30572879,-0.70610839,0.23031639,0.00000000,0.00000000,-0.13659926,2.17000008,1.20421004,0.60758084,-1.05266917,0.00000000,0.00000000
0.09444654,-2.17000008,-1.29720795,-0.70316583,0.26284856,0.00000000,0.00000000,-0.13171229,2.17000008,1.20533121,0.61041671,-1.07123196,0.00000000,0.00000000
0.09117971,-2.17000008,-1.28945005,-0.69447160,0.27961713,0.00000000,0.00000000,-0.12716223,2.17000008,1.21132016,0.60767353,-1.09050775,0.00000000,0.00000000
0.09039826,-2.17000008,-1.28270411,-0.68348044,0.28410223,0.00000000,0.00000000,-0.12320177,2.17000008,1.22205532,0.60009962,-1.09913099,0.00000000,0.00000000
0.09183437,-2.17000008,-1.27691329,-0.67098802,0.28041419,0.00000000,0.00000000,-0.11956106,2.17000008,1.23638797,0.58931190,-1.09498858,0.00000000,0.00000000
0.09535605,-2.17000008,-1.27258182,-0.65721005,0.27156159,0.00000000,0.00000000,-0.11178751,2.17000008,1.25319457,0.57935941,-1.09673405,0.00000000,0.00000000
0.10082811,-2.17000008,-1.27023685,-0.64225000,0.25420856,0.00000000,0.00000000,-0.09646653,2.17000008,1.27244198,0.57284898,-1.10068607,0.00000000,0.00000000
0.10794000,-2.17000008,-1.26918280,-0.62654644,0.23810954,0.00000000,0.00000000,-0.09043619,2.17000008,1.29079962,0.56091130,-1.10506308,0.00000000,0.00000000
0.12028833,-2.17000008,-1.26831079,-0.60806131,0.21124156,0.00000000,0.00000000,-0.08883422,2.17000008,1.30757189,0.54748291,-1.10293925,0.00000000,0.00000000
0.13939376,-2.17000008,-1.26794338,-0.58476102,0.17709732,0.00000000,0.00000000,-0.08735725,2.16999698,1.32244372,0.53597391,-1.10534537,0.00000000,0.00000000
0.14903529,-2.17000008,-1.27021515,-0.56663740,0.13244182,0.00000000,0.00000000,-0.08653091,2.16995573,1.33477080,0.52698588,-1.09997010,0.00000000,0.00000000
0.15515663,-2.17000008,-1.27356005,-0.55103594,0.08082028,0.00000000,0.00000000,-0.08637744,2.16989183,1.34414947,0.52127296,-1.09728384,0.00000000,0.00000000
0.16093326,-2.17000008,-1.27718127,-0.53687191,0.02300941,0.00000000,0.00000000,-0.08668037,2.16995573,1.35026658,0.51928371,-1.08907330,0.00000000,0.00000000
0.16442992,-2.17000008,-1.28213644,-0.52564204,-0.03210512,0.00000000,0.00000000,-0.08757380,2.16999722,1.35315275,0.52059615,-1.06168592,0.00000000,0.00000000
0.16699058,-2.17000008,-1.28712118,-0.51747882,-0.07603083,0.00000000,0.00000000,-0.08912576,2.17000008,1.35310888,0.52443457,-1.03960478,0.00000000,0.00000000
0.16933867,-2.17000008,-1.29119468,-0.51237452,-0.10356291,0.00000000,0.00000000,-0.09103066,2.17000008,1.35034239,0.53003800,-1.02113712,0.00000000,0.00000000
0.17049316,-2.17000008,-1.29400504,-0.51077199,-0.10360085,0.00000000,0.00000000,-0.09282111,2.17000008,1.34556985,0.53655899,-1.01516926,0.00000000,0.00000000
0.16975041,-2.17000008,-1.29557037,-0.51235104,-0.09671877,0.00000000,0.00000000,-0.09433454,2.17000008,1.33935165,0.54334295,-1.01800013,0.00000000,0.00000000
0.16797233,-2.17000008,-1.29621994,-0.51564282,-0.08574691,0.00000000,0.00000000,-0.09545286,2.17000008,1.33220458,0.54977864,-1.01823843,0.00000000,0.00000000
0.16606662,-2.17000008,-1.29597688,-0.51979160,-0.07577884,0.00000000,0.00000000,-0.09613119,2.17000008,1.32496989,0.55523694,-1.00611866,0.00000000,0.00000000
0.15889612,-2.17000008,-1.29501247,-0.52793521,-0.06846396,0.00000000,0.00000000,-0.09635355,2.17000008,1.31841493,0.55929941,-0.99889672,0.00000000,0.00000000
0.14092769,-2.17000008,-1.29410946,-0.54299349,-0.06873056,0.00000000,0.00000000,-0.09613216,2.17000008,1.31225550,0.56208891,-1.00302625,0.00000000,0.00000000
0.13043095,-2.17000008,-1.29157186,-0.55405504,-0.07378671,0.00000000,0.00000000,-0.09566190,2.17000008,1.30669010,0.56367379,-1.00764132,0.00000000,0.00000000
0.12446037,-2.17000008,-1.28811991,-0.56287390,-0.08191871,0.00000000,0.00000000,-0.09502430,2.17000008,1.30233169,0.56408072,-1.01024497,0.00000000,0.00000000
0.11887785,-2.17000008,-1.28443074,-0.57160205,-0.09859098,0.00000000,0.00000000,-0.09423834,2.17000008,1.29944086,0.56348646,-1.00396407,0.00000000,0.00000000
0.11386844,-2.17000008,-1.28081667,-0.57973409,-0.10947729,0.00000000,0.00000000,-0.09335890,2.17000008,1.29804242,0.56208944,-0.99965018,0.00000000,0.00000000
0.10941459,-2.17000008,-1.27762985,-0.58692616,-0.11561487,0.00000000,0.00000000,-0.09247048,2.17000008,1.29801893,0.56010151,-1.01246071,0.00000000,0.00000000
0.10549591,-2.17000008,-1.27504647,-0.59295344,-0.13127796,0.00000000,0.00000000,-0.09165619,2.17000008,1.29910135,0.55777627,-1.01840138,0.00000000,0.00000000
0.10215352,-2.17000008,-1.27309644,-0.59768784,-0.14730333,0.00000000,0.00000000,-0.09095935,2.17000008,1.30097330,0.55533302,-1.02799261,0.00000000,0.00000000
0.09949568,-2.17000008,-1.27164721,-0.60113442,-0.16802913,0.00000000,0.00000000,-0.09042201,2.17000008,1.30328047,0.55298293,-1.04206085,0.00000000,0.00000000
0.09763557,-2.17000008,-1.27057290,-0.60335720,-0.17253186,0.00000000,0.00000000,-0.09008621,2.17000008,1.30571437,0.55089951,-1.04498923,0.00000000,0.00000000
0.09662523,-2.17000008,-1.26986897,-0.60439962,-0.16882142,0.00000000,0.00000000,-0.08995083,2.17000008,1.30809617,0.54917741,-1.05077410,0.00000000,0.00000000
0.09642340,-2.17000008,-1.26961720,-0.60428017,-0.16740301,0.00000000,0.00000000,-0.08994356,2.17000008,1.31036234,0.54784381,-1.06932306,0.00000000,0.00000000
0.09695739,-2.17000008,-1.26986158,-0.60304433,-0.17397840,0.00000000,0.00000000,-0.08996677,2.17000008,1.31246352,0.54691714,-1.07701623,0.00000000,0.00000000
0.09817106,-2.17000008,-1.27053332,-0.60081041,-0.17831132,0.00000000,0.00000000,-0.08989045,2.17000008,1.31432164,0.54644519,-1.07442176,0.00000000,0.00000000
0.09986634,-2.17000008,-1.27144444,-0.59796625,-0.16709782,0.00000000,0.00000000,-0.08946588,2.17000008,1.31575465,0.54658508,-1.07147646,0.00000000,0.00000000
0.10593557,-2.17000008,-1.27193034,-0.59236568,-0.13975388,0.00000000,0.00000000,-0.09337861,2.17000008,1.31598020,0.54456466,-1.08267379,0.00000000,0.00000000
0.11954137,-2.17000008,-1.27171266,-0.58170676,-0.11110359,0.00000000,0.00000000,-0.10651158,2.17000008,1.31492746,0.53710818,-1.10787058,0.00000000,0.00000000
0.12432432,-2.17000008,-1.27283955,-0.57609367,-0.07916214,0.00000000,0.00000000,-0.11207035,2.17000008,1.31494319,0.53396869,-1.13554466,0.00000000,0.00000000
0.12549794,-2.17000008,-1.27437449,-0.57292950,-0.05831557,0.00000000,0.00000000,-0.11342758,2.17000008,1.31515718,0.53343427,-1.16632354,0.00000000,0.00000000
0.12732182,-2.17000008,-1.27577388,-0.56993914,-0.02661681,0.00000000,0.00000000,-0.11475760,2.17000008,1.31526208,0.53309137,-1.19699049,0.00000000,0.00000000
0.12905481,-2.17000008,-1.27749276,-0.56755966,0.00185636,0.00000000,0.00000000,-0.11601676,2.17000008,1.31521046,0.53306770,-1.21861875,0.00000000,0.00000000
0.13039199,-2.17000008,-1.27966571,-0.56595474,0.01284827,0.00000000,0.00000000,-0.11726412,2.17000008,1.31534517,0.53320515,-1.24322248,0.00000000,0.00000000
0.13138600,-2.17000008,-1.28215766,-0.56506944,0.01769279,0.00000000,0.00000000,-0.11852063,2.17000008,1.31574082,0.53347200,-1.28194964,0.00000000,0.00000000
0.13209431,-2.17000008,-1.28482676,-0.56473929,0.01226249,0.00000000,0.00000000,-0.11971011,2.17000008,1.31638646,0.53387624,-1.31702363,0.00000000,0.00000000
0.13253264,-2.17000008,-1.28751016,-0.56479484,0.00014897,0.00000000,0.00000000,-0.12074510,2.17000008,1.31726706,0.53441876,-1.34792256,0.00000000,0.00000000
0.13274270,-2.17000008,-1.28996706,-0.56514078,-0.00831318,0.00000000,0.00000000,-0.12161005,2.17000008,1.31824017,0.53516161,-1.38087857,0.00000000,0.00000000
0.13270634,-2.17000008,-1.29203987,-0.56575024,-0.01662109,0.00000000,0.00000000,-0.12231625,2.17000008,1.31927800,0.53610843,-1.42413986,0.00000000,0.00000000
0.13239871,-2.17000008,-1.29368222,-0.56660080,-0.04468377,0.00000000,0.00000000,-0.12279803,2.17000008,1.32036972,0.53723985,-1.46298242,0.00000000,0.00000000
0.13185197,-2.17000008,-1.29497719,-0.56760013,-0.07337461,0.00000000,0.00000000,-0.12300559,2.17000008,1.32160676,0.53848517,-1.49874711,0.00000000,0.00000000
0.13117850,-2.17000008,-1.29603553,-0.56862676,-0.09376938,0.00000000,0.00000000,-0.12293465,2.17000008,1.32310402,0.53976792,-1.52659345,0.00000000,0.00000000
0.13057455,-2.17000008,-1.29689765,-0.56959307,-0.12610716,0.00000000,0.00000000,-0.12265969,2.17000008,1.32484710,0.54109603,-1.53385413,0.00000000,0.00000000
0.13027909,-2.17000008,-1.29760098,-0.57041633,-0.14374058,0.00000000,0.00000000,-0.12232205,2.17000008,1.32677400,0.54252666,-1.52975106,0.00000000,0.00000000
0.13074419,-2.17000008,-1.29817128,-0.57085675,-0.14417122,0.00000000,0.00000000,-0.12199906,2.17000008,1.32889044,0.54407042,-1.42350352,0.00000000,0.00000000
0.12776658,-2.17000008,-1.29927754,-0.57332152,-0.14687209,0.00000000,0.00000000,-0.12166227,2.17000008,1.33113086,0.54571277,-1.31781757,0.00000000,0.00000000
0.11608353,-2.17000008,-1.30153513,-0.58073688,-0.14483868,0.00000000,0.00000000,-0.12144005,2.17000008,1.33309603,0.54734659,-1.20622814,0.00000000,0.00000000
0.11120385,-2.17000008,-1.30266440,-0.58377498,-0.14858621,0.00000000,0.00000000,-0.11700394,2.17000008,1.33513975,0.55138445,-1.08756936,0.00000000,0.00000000
0.11068106,-2.17000008,-1.30336547,-0.58418304,-0.15113783,0.00000000,0.00000000,-0.10416198,2.17000008,1.33765984,0.56009459,-0.96825945,0.00000000,0.00000000
0.11045467,-2.17000008,-1.30359101,-0.58454245,-0.14074971,0.00000000,0.00000000,-0.10027429,2.17000008,1.33877063,0.56286395,-0.84964305,0.00000000,0.00000000
