l_joint1,l_joint2,l_joint3,l_joint4,l_joint5,l_joint6,l_joint7,r_joint1,r_joint2,r_joint3,r_joint4,r_joint5,r_joint6,r_joint7
0.08266623,-2.12607503,-0.99933839,-1.52663970,-0.08407977,0.00000000,0.00000000,-0.27239606,2.16687894,1.41267765,1.26460457,-0.03459185,0.00000000,0.00000000
0.08074716,-2.13168526,-0.99281961,-1.52012122,-0.10600530,0.00000000,0.00000000,-0.25528502,2.16900921,1.40195596,1.28255272,-0.04565931,0.00000000,0.00000000
0.07727411,-2.13935566,-0.98381871,-1.50514865,-0.12452310,0.00000000,0.00000000,-0.23071681,2.16992092,1.38495910,1.30079675,-0.04883439,0.00000000,0.00000000
0.07191607,-2.14715362,-0.97541183,-1.48051834,-0.15439428,0.00000000,0.00000000,-0.20531012,2.16999912,1.36612582,1.30736482,-0.04256996,0.00000000,0.00000000
0.06443519,-2.15403199,-0.96953595,-1.44574940,-0.18232030,0.00000000,0.00000000,-0.18163761,2.17000008,1.34910429,1.29721725,-0.03328796,0.00000000,0.00000000
0.05508458,-2.15959215,-0.96651024,-1.40071106,-0.21153864,0.00000000,0.00000000,-0.15873094,2.17000008,1.33571613,1.27008402,-0.02270063,0.00000000,0.00000000
0.04428864,-2.16406155,-0.96529222,-1.34605956,-0.23946153,0.00000000,0.00000000,-0.13405773,2.17000008,1.32644856,1.22782612,-0.01272425,0.00000000,0.00000000
0.03197173,-2.16756248,-0.96512645,-1.28391898,-0.26294827,0.00000000,0.00000000,-0.10889902,2.17000008,1.32055652,1.17148888,-0.00928653,0.00000000,0.00000000
0.01817374,-2.16949296,-0.96675867,-1.21720839,-0.27721965,0.00000000,0.00000000,-0.08737045,2.17000008,1.31638503,1.10393500,-0.00892317,0.00000000,0.00000000
0.00476231,-2.16997099,-0.97093457,-1.14733946,-0.29082823,0.00000000,0.00000000,-0.07000773,2.17000008,1.31396604,1.02996814,-0.01080909,0.00000000,0.00000000
-0.00606590,-2.17000008,-0.97808367,-1.07432115,-0.30438191,0.00000000,0.00000000,-0.05685140,2.17000008,1.31394243,0.95262760,-0.01064618,0.00000000,0.00000000
-0.01323660,-2.17000008,-0.98876923,-0.99802327,-0.31249332,0.00000000,0.00000000,-0.04795206,2.17000008,1.31697857,0.87364143,-0.00823033,0.00000000,0.00000000
-0.01678539,-2.17000008,-1.00362003,-0.91885889,-0.32998571,0.00000000,0.00000000,-0.04282793,2.17000008,1.32350028,0.79442590,-0.01373126,0.00000000,0.00000000
-0.01709267,-2.17000008,-1.02325082,-0.83783710,-0.34504515,0.00000000,0.00000000,-0.04493229,2.17000008,1.33294499,0.71456432,-0.01380299,0.00000000,0.00000000
-0.01407588,-2.17000008,-1.04784262,-0.75634271,-0.36486417,0.00000000,0.00000000,-0.05756931,2.17000008,1.34384501,0.63495159,-0.02619524,0.00000000,0.00000000
-0.00763963,-2.17000008,-1.07592213,-0.67676890,-0.37942767,0.00000000,0.00000000,-0.06805953,2.16998672,1.35528505,0.56496292,-0.05304923,0.00000000,0.00000000
0.00205599,-2.17000008,-1.10506654,-0.60214829,-0.38990009,0.00000000,0.00000000,-0.07897900,2.16977835,1.36466193,0.50307363,-0.08030067,0.00000000,0.00000000
0.01459594,-2.17000008,-1.13307357,-0.53523254,-0.40123862,0.00000000,0.00000000,-0.09380991,2.16904497,1.36941564,0.44778550,-0.11545003,0.00000000,0.00000000
0.02943577,-2.17000008,-1.15817666,-0.47806031,-0.41070583,0.00000000,0.00000000,-0.11139648,2.16831589,1.36828673,0.40036047,-0.15115766,0.00000000,0.00000000
0.04595541,-2.17000008,-1.17918956,-0.43170884,-0.42066136,0.00000000,0.00000000,-0.12974989,2.16866636,1.36124027,0.36199081,-0.18512359,0.00000000,0.00000000
0.06333452,-2.17000008,-1.19566059,-0.39629102,-0.43574089,0.00000000,0.00000000,-0.14727744,2.16961813,1.34901083,0.33323079,-0.21607202,0.00000000,0.00000000
0.08063608,-2.17000008,-1.20774508,-0.37113133,-0.44596484,0.00000000,0.00000000,-0.16312510,2.16997576,1.33282578,0.31374747,-0.23268697,0.00000000,0.00000000
0.09707345,-2.17000008,-1.21587121,-0.35497794,-0.44585931,0.00000000,0.00000000,-0.17689502,2.17000008,1.31420839,0.30245018,-0.24753173,0.00000000,0.00000000
0.11214063,-2.17000008,-1.22044599,-0.34623945,-0.43886465,0.00000000,0.00000000,-0.18836559,2.17000008,1.29457879,0.29795578,-0.26290318,0.00000000,0.00000000
0.12547225,-2.17000008,-1.22175920,-0.34329429,-0.42496821,0.00000000,0.00000000,-0.19731143,2.17000008,1.27511907,0.29893062,-0.25912857,0.00000000,0.00000000
0.13658074,-2.17000008,-1.22007132,-0.34482819,-0.40430918,0.00000000,0.00000000,-0.20332296,2.17000008,1.25693214,0.30417612,-0.25429451,0.00000000,0.00000000
0.14481319,-2.17000008,-1.21575677,-0.34992325,-0.37783843,0.00000000,0.00000000,-0.20583771,2.17000008,1.24112475,0.31263158,-0.24455337,0.00000000,0.00000000
0.14960703,-2.17000008,-1.20935059,-0.35789403,-0.34500909,0.00000000,0.00000000,-0.20444378,2.17000008,1.22870040,0.32339495,-0.23108795,0.00000000,0.00000000
0.15067667,-2.17000008,-1.20155334,-0.36809096,-0.32488593,0.00000000,0.00000000,-0.19911569,2.17000008,1.22041261,0.33578655,-0.22816890,0.00000000,0.00000000
0.14800167,-2.17000008,-1.19319320,-0.37982517,-0.30841872,0.00000000,0.00000000,-0.19022372,2.17000008,1.21670163,0.34939644,-0.21719430,0.00000000,0.00000000
0.14178152,-2.17000008,-1.18507814,-0.39241579,-0.30160570,0.00000000,0.00000000,-0.17843135,2.17000008,1.21769392,0.36407441,-0.21343870,0.00000000,0.00000000
0.13244264,-2.17000008,-1.17777717,-0.40529272,-0.29692450,0.00000000,0.00000000,-0.16445459,2.17000008,1.22322333,0.37996638,-0.20845175,0.00000000,0.00000000
0.12062592,-2.17000008,-1.17151785,-0.41803578,-0.29079148,0.00000000,0.00000000,-0.14842066,2.17000008,1.23285210,0.39783165,-0.20410192,0.00000000,0.00000000
0.10707366,-2.17000008,-1.16630149,-0.43029073,-0.27791083,0.00000000,0.00000000,-0.12971827,2.17000008,1.24582636,0.41917285,-0.21461190,0.00000000,0.00000000
0.09245097,-2.17000008,-1.16204214,-0.44172111,-0.27579364,0.00000000,0.00000000,-0.10974332,2.17000008,1.26086187,0.44432232,-0.22451472,0.00000000,0.00000000
0.07723494,-2.17000008,-1.15853298,-0.45207813,-0.27012107,0.00000000,0.00000000,-0.09264322,2.17000008,1.27633882,0.47096476,-0.23127373,0.00000000,0.00000000
0.06175470,-2.17000008,-1.15565717,-0.46102813,-0.26669553,0.00000000,0.00000000,-0.08404922,2.17000008,1.29073191,0.49492723,-0.25166336,0.00000000,0.00000000
0.04628731,-2.17000008,-1.15356719,-0.46802831,-0.28134638,0.00000000,0.00000000,-0.08845408,2.17000008,1.30262828,0.51316506,-0.27346697,0.00000000,0.00000000
0.03120019,-2.17000008,-1.15197694,-0.47286096,-0.31042960,0.00000000,0.00000000,-0.08909117,2.17000008,1.31284523,0.53479981,-0.28272191,0.00000000,0.00000000
0.01698685,-2.17000008,-1.15021873,-0.47566301,-0.36005214,0.00000000,0.00000000,-0.08593606,2.17000008,1.32246077,0.55588233,-0.29297325,0.00000000,0.00000000
0.00357633,-2.17000008,-1.14824903,-0.47669783,-0.39934748,0.00000000,0.00000000,-0.08431613,2.17000008,1.33058178,0.57061970,-0.30091399,0.00000000,0.00000000
-0.00913247,-2.17000008,-1.14618623,-0.47652227,-0.43548793,0.00000000,0.00000000,-0.08540244,2.17000008,1.33666897,0.57738167,-0.31096923,0.00000000,0.00000000
-0.02087496,-2.17000008,-1.14404058,-0.47586048,-0.46638069,0.00000000,0.00000000,-0.08849639,2.17000008,1.34083807,0.57629395,-0.31757021,0.00000000,0.00000000
-0.03102241,-2.17000008,-1.14172256,-0.47537079,-0.50040585,0.00000000,0.00000000,-0.08810880,2.17000008,1.34381723,0.57036644,-0.31057054,0.00000000,0.00000000
-0.03887121,-2.17000008,-1.13927555,-0.47549695,-0.52260607,0.00000000,0.00000000,-0.08084458,2.17000008,1.34663963,0.56089419,-0.30317619,0.00000000,0.00000000
-0.04385063,-2.17000008,-1.13698590,-0.47650942,-0.55505311,0.00000000,0.00000000,-0.08305024,2.17000008,1.34936535,0.53925180,-0.28455946,0.00000000,0.00000000
-0.04552841,-2.17000008,-1.13527834,-0.47861457,-0.59032059,0.00000000,0.00000000,-0.08881642,2.17000008,1.35355020,0.51139826,-0.26675671,0.00000000,0.00000000
-0.04371231,-2.17000008,-1.13498533,-0.48169696,-0.63377512,0.00000000,0.00000000,-0.09448174,2.17000008,1.36001480,0.48173898,-0.24505128,0.00000000,0.00000000
-0.03857725,-2.17000008,-1.13685822,-0.48567113,-0.67908865,0.00000000,0.00000000,-0.10214780,2.17000008,1.36899698,0.45046625,-0.21967196,0.00000000,0.00000000
-0.03072151,-2.17000008,-1.14156711,-0.49040082,-0.71674603,0.00000000,0.00000000,-0.11353782,2.17000008,1.38066995,0.41763839,-0.20665410,0.00000000,0.00000000
-0.02097905,-2.17000008,-1.14981771,-0.49544588,-0.74081469,0.00000000,0.00000000,-0.12936875,2.17000008,1.39490867,0.38405707,-0.21365489,0.00000000,0.00000000
-0.00984501,-2.17000008,-1.16178989,-0.50019008,-0.73692906,0.00000000,0.00000000,-0.14673711,2.17000008,1.41104317,0.35272264,-0.21769311,0.00000000,0.00000000
0.00265269,-2.17000008,-1.17684150,-0.50406760,-0.74186504,0.00000000,0.00000000,-0.16312724,2.17000008,1.42776668,0.32581908,-0.22582825,0.00000000,0.00000000
0.01620580,-2.17000008,-1.19419920,-0.50678438,-0.75447726,0.00000000,0.00000000,-0.17862786,2.16997433,1.44362354,0.30365589,-0.22908416,0.00000000,0.00000000
0.02991761,-2.17000008,-1.21322179,-0.50852156,-0.76783520,0.00000000,0.00000000,-0.19293998,2.16955471,1.45749748,0.28668129,-0.22207808,0.00000000,0.00000000
0.04297420,-2.17000008,-1.23326516,-0.50962490,-0.77420950,0.00000000,0.00000000,-0.20496197,2.16784024,1.46871185,0.27572563,-0.23001848,0.00000000,0.00000000
0.05498664,-2.17000008,-1.25365150,-0.51047736,-0.78571057,0.00000000,0.00000000,-0.21397790,2.16462111,1.47697723,0.27135408,-0.23647678,0.00000000,0.00000000
0.06576410,-2.17000008,-1.27368093,-0.51161003,-0.79455429,0.00000000,0.00000000,-0.22007316,2.16036344,1.48222423,0.27374116,-0.24820158,0.00000000,0.00000000
0.07531140,-2.16999888,-1.29254353,-0.51346433,-0.79086912,0.00000000,0.00000000,-0.22396211,2.15534258,1.48441660,0.28286079,-0.26166743,0.00000000,0.00000000
0.08428937,-2.16995406,-1.30911863,-0.51585609,-0.78802824,0.00000000,0.00000000,-0.22665617,2.14985442,1.48342848,0.29872721,-0.27971825,0.00000000,0.00000000
0.09357397,-2.16947508,-1.32195401,-0.51826948,-0.77525759,0.00000000,0.00000000,-0.22901016,2.14432216,1.47905064,0.32170042,-0.29338831,0.00000000,0.00000000
0.10218392,-2.16811132,-1.32974315,-0.52124983,-0.76730239,0.00000000,0.00000000,-0.23129165,2.13885355,1.47109497,0.35278744,-0.29267418,0.00000000,0.00000000
0.10749172,-2.16687679,-1.33169901,-0.52627379,-0.76323098,0.00000000,0.00000000,-0.23366611,2.13271713,1.45951378,0.39342296,-0.28615460,0.00000000,0.00000000
0.10847911,-2.16676593,-1.32731533,-0.53387213,-0.75602871,0.00000000,0.00000000,-0.23713353,2.12449694,1.44438434,0.44501063,-0.28287405,0.00000000,0.00000000
0.10649501,-2.16790819,-1.31625521,-0.54323804,-0.74442029,0.00000000,0.00000000,-0.24362901,2.11236930,1.42588735,0.50889623,-0.27365434,0.00000000,0.00000000
0.10388511,-2.16937971,-1.29852879,-0.55294919,-0.73174781,0.00000000,0.00000000,-0.25572345,2.09372807,1.40449345,0.58640844,-0.27017817,0.00000000,0.00000000
0.10286034,-2.16993856,-1.27486002,-0.56136674,-0.71272165,0.00000000,0.00000000,-0.27673867,2.06405640,1.38150096,0.67839569,-0.26636958,0.00000000,0.00000000
0.10448839,-2.16999817,-1.24701107,-0.56705910,-0.68877703,0.00000000,0.00000000,-0.31123239,2.01540852,1.35995591,0.78410387,-0.25320220,0.00000000,0.00000000
0.10776198,-2.17000008,-1.21742296,-0.56970030,-0.67641521,0.00000000,0.00000000,-0.36546060,1.93592048,1.34539235,0.89946812,-0.24402305,0.00000000,0.00000000
0.10946756,-2.17000008,-1.18846440,-0.57052445,-0.65700340,0.00000000,0.00000000,-0.44696146,1.81266797,1.34489715,1.01586437,-0.23317151,0.00000000,0.00000000
0.10593228,-2.17000008,-1.16204488,-0.57121521,-0.65694505,0.00000000,0.00000000,-0.56191629,1.63763738,1.36393607,1.12149847,-0.23090896,0.00000000,0.00000000
0.09580579,-2.17000008,-1.13953567,-0.57224268,-0.64183837,0.00000000,0.00000000,-0.71181625,1.41174197,1.40347910,1.20467532,-0.23253469,0.00000000,0.00000000
0.08097364,-2.17000008,-1.12145877,-0.57280922,-0.63297045,0.00000000,0.00000000,-0.89212573,1.14458990,1.45940614,1.25595999,-0.22229688,0.00000000,0.00000000
0.06470569,-2.17000008,-1.10754430,-0.57211012,-0.62632489,0.00000000,0.00000000,-1.09272218,0.85221446,1.52351749,1.26917434,-0.21362276,0.00000000,0.00000000
0.04928978,-2.17000008,-1.09741569,-0.57003593,-0.61116451,0.00000000,0.00000000,-1.29966784,0.55432189,1.58520925,1.24206579,-0.20137076,0.00000000,0.00000000
0.03552399,-2.17000008,-1.09102488,-0.56644380,-0.60707939,0.00000000,0.00000000,-1.49802649,0.27126068,1.63353932,1.17660737,-0.19756688,0.00000000,0.00000000
0.02341098,-2.17000008,-1.08844650,-0.56080639,-0.60969585,0.00000000,0.00000000,-1.67504120,0.02100168,1.65929639,1.07873905,-0.18480532,0.00000000,0.00000000
0.01273230,-2.17000008,-1.08966923,-0.55258495,-0.59117073,0.00000000,0.00000000,-1.82285178,-0.18349434,1.65667939,0.95775157,-0.17078941,0.00000000,0.00000000
0.00323266,-2.17000008,-1.09432566,-0.54178518,-0.57142866,0.00000000,0.00000000,-1.93998969,-0.33642653,1.62445045,0.82538700,-0.16467486,0.00000000,0.00000000
-0.00557335,-2.17000008,-1.10133374,-0.52931583,-0.56044674,0.00000000,0.00000000,-2.03073192,-0.44032121,1.56616712,0.69390452,-0.16427536,0.00000000,0.00000000
-0.01441621,-2.16998887,-1.10898268,-0.51651067,-0.54860437,0.00000000,0.00000000,-2.10213757,-0.50447744,1.48855460,0.57289833,-0.16330600,0.00000000,0.00000000
-0.02385877,-2.16980839,-1.11558461,-0.50425237,-0.54233086,0.00000000,0.00000000,-2.16084456,-0.54057920,1.39858758,0.46712676,-0.15878215,0.00000000,0.00000000
-0.03407338,-2.16909266,-1.11985588,-0.49282670,-0.51144022,0.00000000,0.00000000,-2.21181107,-0.55884665,1.30158818,0.37714830,-0.14461124,0.00000000,0.00000000
-0.04476213,-2.16795301,-1.12086296,-0.48221391,-0.48588493,0.00000000,0.00000000,-2.25848627,-0.56659472,1.20098126,0.30128604,-0.12460098,0.00000000,0.00000000
-0.05538433,-2.16703773,-1.11797762,-0.47239867,-0.45802557,0.00000000,0.00000000,-2.30308366,-0.56836760,1.09877801,0.23710850,-0.11365786,0.00000000,0.00000000
-0.06550832,-2.16661406,-1.11089802,-0.46350253,-0.42709792,0.00000000,0.00000000,-2.34664083,-0.56660128,0.99611455,0.18213290,-0.10561662,0.00000000,0.00000000
-0.07496572,-2.16659212,-1.09962225,-0.45574683,-0.40465498,0.00000000,0.00000000,-2.38913012,-0.56233251,0.89366126,0.13413955,-0.10807605,0.00000000,0.00000000
-0.08382792,-2.16676831,-1.08438861,-0.44937402,-0.38528627,0.00000000,0.00000000,-2.42977238,-0.55573457,0.79187751,0.09136147,-0.10771897,0.00000000,0.00000000
-0.09228112,-2.16690540,-1.06559086,-0.44451851,-0.36302468,0.00000000,0.00000000,-2.46749640,-0.54652309,0.69114006,0.05257667,-0.11776274,0.00000000,0.00000000
-0.10051039,-2.16680789,-1.04365230,-0.44103584,-0.35148793,0.00000000,0.00000000,-2.50139022,-0.53454912,0.59179080,0.01697256,-0.12225704,0.00000000,0.00000000
-0.10856400,-2.16641331,-1.01887178,-0.43838015,-0.34551984,0.00000000,0.00000000,-2.53089762,-0.52049714,0.49413511,-0.01623646,-0.13177407,0.00000000,0.00000000
-0.11617278,-2.16580677,-0.99134618,-0.43564028,-0.33246168,0.00000000,0.00000000,-2.55567169,-0.50598347,0.39843139,-0.04807543,-0.14496396,0.00000000,0.00000000
-0.12322879,-2.16533661,-0.96110195,-0.43223649,-0.31875905,0.00000000,0.00000000,-2.57540655,-0.49281886,0.30490401,-0.07964739,-0.15438263,0.00000000,0.00000000
-0.13085827,-2.16591263,-0.92828763,-0.42941186,-0.30257839,0.00000000,0.00000000,-2.59003663,-0.48202860,0.21375628,-0.11170261,-0.16003864,0.00000000,0.00000000
-0.14037658,-2.16783500,-0.89314717,-0.43011856,-0.28563735,0.00000000,0.00000000,-2.60019398,-0.47306281,0.12514350,-0.14423530,-0.16468203,0.00000000,0.00000000
-0.15013842,-2.16949272,-0.85589743,-0.43579656,-0.26594323,0.00000000,0.00000000,-2.60712790,-0.46419108,0.03913096,-0.17673576,-0.17570966,0.00000000,0.00000000
-0.15691900,-2.16997004,-0.81720132,-0.44521582,-0.22995377,0.00000000,0.00000000,-2.61178255,-0.45407599,-0.04427994,-0.20904161,-0.18671180,0.00000000,0.00000000
-0.16223645,-2.17000008,-0.77880287,-0.45748290,-0.19983672,0.00000000,0.00000000,-2.61394572,-0.44237429,-0.12504324,-0.24157836,-0.20221053,0.00000000,0.00000000
-0.16876984,-2.17000008,-0.74248940,-0.47189215,-0.17294651,0.00000000,0.00000000,-2.61235666,-0.42943925,-0.20300685,-0.27508080,-0.20444040,0.00000000,0.00000000
-0.17773291,-2.17000008,-0.70945257,-0.48752511,-0.14172418,0.00000000,0.00000000,-2.60550451,-0.41583997,-0.27796212,-0.31031710,-0.20001630,0.00000000,0.00000000
-0.18952678,-2.17000008,-0.68034726,-0.50368381,-0.10282076,0.00000000,0.00000000,-2.59224844,-0.40192077,-0.34973502,-0.34793264,-0.18780398,0.00000000,0.00000000
-0.20412317,-2.17000008,-0.65541250,-0.51996517,-0.06643218,0.00000000,0.00000000,-2.57192612,-0.38760746,-0.41824493,-0.38841450,-0.17938569,0.00000000,0.00000000
-0.22108392,-2.17000008,-0.63459677,-0.53604925,-0.03685039,0.00000000,0.00000000,-2.54422641,-0.37254974,-0.48352310,-0.43217805,-0.15793538,0.00000000,0.00000000
-0.23972388,-2.17000008,-0.61771959,-0.55153096,0.00005953,0.00000000,0.00000000,-2.50907850,-0.35639939,-0.54569906,-0.47969240,-0.14021850,0.00000000,0.00000000
-0.25937212,-2.17000008,-0.60461813,-0.56586200,0.03946624,0.00000000,0.00000000,-2.46650386,-0.33904117,-0.60493273,-0.53155380,-0.11727419,0.00000000,0.00000000
-0.27952582,-2.17000008,-0.59521449,-0.57835007,0.07732878,0.00000000,0.00000000,-2.41646099,-0.32076710,-0.66128772,-0.58854437,-0.10597716,0.00000000,0.00000000
-0.29981866,-2.17000008,-0.58948457,-0.58819574,0.09980024,0.00000000,0.00000000,-2.35905647,-0.30253634,-0.71462661,-0.65193462,-0.07848844,0.00000000,0.00000000
-0.31985018,-2.17000008,-0.58732963,-0.59463048,0.11384932,0.00000000,0.00000000,-2.29503822,-0.28616849,-0.76457995,-0.72382861,-0.03457244,0.00000000,0.00000000
-0.33917505,-2.17000008,-0.58842188,-0.59729666,0.10267761,0.00000000,0.00000000,-2.22436714,-0.27263901,-0.81047428,-0.80427212,-0.00385450,0.00000000,0.00000000
-0.35763437,-2.17000008,-0.59217900,-0.59668171,0.09900527,0.00000000,0.00000000,-2.14667702,-0.26023588,-0.85211915,-0.88798904,0.02192186,0.00000000,0.00000000
-0.37510669,-2.17000008,-0.59783506,-0.59376878,0.10215059,0.00000000,0.00000000,-2.06635809,-0.24806939,-0.89073890,-0.97095042,0.04256583,0.00000000,0.00000000
-0.39102253,-2.17000008,-0.60452873,-0.58941364,0.09931500,0.00000000,0.00000000,-1.98626745,-0.23608994,-0.92687100,-1.05061483,0.05001842,0.00000000,0.00000000
-0.40493709,-2.17000008,-0.61154640,-0.58439475,0.09201555,0.00000000,0.00000000,-1.90722656,-0.22458005,-0.96043241,-1.12566996,0.04507436,0.00000000,0.00000000
-0.41681895,-2.17000008,-0.61842287,-0.57947516,0.08218904,0.00000000,0.00000000,-1.82960355,-0.21382517,-0.99146783,-1.19572222,0.03684282,0.00000000,0.00000000
-0.42702800,-2.16999149,-0.62493372,-0.57538909,0.06835894,0.00000000,0.00000000,-1.75356054,-0.20386072,-1.02032471,-1.26057315,0.04153717,0.00000000,0.00000000
-0.43619844,-2.16979265,-0.63103431,-0.57285005,0.03238494,0.00000000,0.00000000,-1.67925107,-0.19454035,-1.04757416,-1.32002735,0.06662218,0.00000000,0.00000000
-0.44499907,-2.16827512,-0.63673526,-0.57257473,-0.00135609,0.00000000,0.00000000,-1.60698199,-0.18577273,-1.07371330,-1.37406743,0.09154601,0.00000000,0.00000000
-0.45382166,-2.16361094,-0.64199018,-0.57517993,-0.03710358,0.00000000,0.00000000,-1.53712964,-0.17758784,-1.09885132,-1.42297757,0.12398603,0.00000000,0.00000000
-0.46256495,-2.15603518,-0.64666432,-0.58099151,-0.06386930,0.00000000,0.00000000,-1.46988857,-0.16988368,-1.12268424,-1.46711040,0.13887693,0.00000000,0.00000000
-0.47072563,-2.14655662,-0.65054375,-0.59012318,-0.08789009,0.00000000,0.00000000,-1.40528595,-0.16225569,-1.14474559,-1.50660324,0.14649133,0.00000000,0.00000000
-0.47766373,-2.13599229,-0.65339607,-0.60264623,-0.10388835,0.00000000,0.00000000,-1.34354496,-0.15398096,-1.16480792,-1.54133511,0.16431414,0.00000000,0.00000000
-0.48253682,-2.12482262,-0.65498102,-0.61849123,-0.11274181,0.00000000,0.00000000,-1.28527701,-0.14413323,-1.18302965,-1.57118332,0.19554976,0.00000000,0.00000000
-0.48455858,-2.11352038,-0.65505153,-0.63749564,-0.13229555,0.00000000,0.00000000,-1.23093581,-0.13194264,-1.19937575,-1.59626400,0.22089426,0.00000000,0.00000000
-0.48429748,-2.10326409,-0.65359586,-0.65967339,-0.15563548,0.00000000,0.00000000,-1.18034112,-0.11729545,-1.21289039,-1.61711597,0.27190042,0.00000000,0.00000000
-0.48290172,-2.09455585,-0.65095139,-0.68417382,-0.17493738,0.00000000,0.00000000,-1.13312662,-0.10065266,-1.22206259,-1.63475180,0.34386593,0.00000000,0.00000000
-0.48098874,-2.08656955,-0.64760774,-0.70971477,-0.18323942,0.00000000,0.00000000,-1.08926022,-0.08217631,-1.22601509,-1.65006185,0.41169116,0.00000000,0.00000000
-0.47950628,-2.07872772,-0.64409178,-0.73627782,-0.18290162,0.00000000,0.00000000,-1.04905689,-0.06135955,-1.22490764,-1.66348994,0.45093986,0.00000000,0.00000000
-0.47936529,-2.07123661,-0.64073801,-0.76482582,-0.17214207,0.00000000,0.00000000,-1.01287055,-0.03744974,-1.21943796,-1.67528236,0.48448080,0.00000000,0.00000000
-0.48089716,-2.06472683,-0.63765001,-0.79594058,-0.17105737,0.00000000,0.00000000,-0.98075902,-0.01005953,-1.21015000,-1.68576729,0.51601899,0.00000000,0.00000000
-0.48432755,-2.06018209,-0.63495374,-0.82930905,-0.18305142,0.00000000,0.00000000,-0.95255643,0.02031142,-1.19705927,-1.69562948,0.53253812,0.00000000,0.00000000
-0.49014544,-2.05764842,-0.63328946,-0.86211884,-0.18754445,0.00000000,0.00000000,-0.92837220,0.05212196,-1.17983103,-1.70584345,0.54123342,0.00000000,0.00000000
-0.49678940,-2.05494189,-0.63304394,-0.88667947,-0.19437560,0.00000000,0.00000000,-0.90889072,0.08350914,-1.15834177,-1.71689665,0.53919637,0.00000000,0.00000000
-0.50171286,-2.05304790,-0.63298267,-0.89900851,-0.20839335,0.00000000,0.00000000,-0.89509678,0.11290462,-1.13297713,-1.72850227,0.52823579,0.00000000,0.00000000
-0.50453591,-2.05375528,-0.63242161,-0.89866394,-0.24464741,0.00000000,0.00000000,-0.88748574,0.13892242,-1.10460281,-1.74014449,0.50333303,0.00000000,0.00000000
-0.50618702,-2.05652213,-0.63193613,-0.88622004,-0.26837525,0.00000000,0.00000000,-0.88547540,0.16148299,-1.07422459,-1.75166237,0.48113990,0.00000000,0.00000000
-0.50778842,-2.05876803,-0.63276052,-0.86258620,-0.27366027,0.00000000,0.00000000,-0.88746005,0.18120618,-1.04284775,-1.76342928,0.44984233,0.00000000,0.00000000
-0.51120973,-2.05779028,-0.63629460,-0.82932818,-0.28706661,0.00000000,0.00000000,-0.89229977,0.19823581,-1.01164937,-1.77609110,0.42168206,0.00000000,0.00000000
-0.51851332,-2.05337238,-0.64303404,-0.79039448,-0.31154391,0.00000000,0.00000000,-0.89968258,0.21272844,-0.98187697,-1.78981924,0.40594527,0.00000000,0.00000000
-0.52751476,-2.05041575,-0.65011251,-0.75179011,-0.33895478,0.00000000,0.00000000,-0.90933973,0.22534221,-0.95454186,-1.80370998,0.40379751,0.00000000,0.00000000
-0.53670597,-2.05114841,-0.65588641,-0.71662551,-0.36920229,0.00000000,0.00000000,-0.92116487,0.23732750,-0.93096423,-1.81576777,0.39846185,0.00000000,0.00000000
-0.54562300,-2.05558562,-0.66000426,-0.68708372,-0.39168134,0.00000000,0.00000000,-0.93444908,0.25015464,-0.91207278,-1.82383537,0.39836219,0.00000000,0.00000000
-0.55250782,-2.06167603,-0.66240001,-0.66344851,-0.39705276,0.00000000,0.00000000,-0.94636792,0.26447845,-0.89660186,-1.82741022,0.40431878,0.00000000,0.00000000
-0.55682564,-2.06757784,-0.66346884,-0.64514095,-0.43039945,0.00000000,0.00000000,-0.95491993,0.27998331,-0.88344759,-1.82814324,0.41501531,0.00000000,0.00000000
-0.55955285,-2.07318497,-0.66367048,-0.63229001,-0.46742383,0.00000000,0.00000000,-0.96003979,0.29566699,-0.87279469,-1.82820642,0.43255320,0.00000000,0.00000000
-0.56154102,-2.07865715,-0.66331238,-0.62501866,-0.49228096,0.00000000,0.00000000,-0.96189952,0.31046343,-0.86514962,-1.82884705,0.46507293,0.00000000,0.00000000
-0.56325549,-2.08387828,-0.66260213,-0.62320936,-0.51108778,0.00000000,0.00000000,-0.96047235,0.32327026,-0.86102384,-1.83064353,0.51050639,0.00000000,0.00000000
-0.56472075,-2.08850288,-0.66163617,-0.62652570,-0.53050053,0.00000000,0.00000000,-0.95559627,0.33311421,-0.86095804,-1.83348012,0.54841059,0.00000000,0.00000000
-0.56515688,-2.09190059,-0.66032022,-0.63422465,-0.54674995,0.00000000,0.00000000,-0.94700843,0.33937880,-0.86548251,-1.83642852,0.58440661,0.00000000,0.00000000
-0.56328964,-2.09337115,-0.65842241,-0.64519435,-0.56694061,0.00000000,0.00000000,-0.93453139,0.34175825,-0.87512404,-1.83803856,0.59749925,0.00000000,0.00000000
-0.55876535,-2.09283590,-0.65585703,-0.65837145,-0.58123869,0.00000000,0.00000000,-0.91840005,0.33979857,-0.89044547,-1.83709061,0.60335398,0.00000000,0.00000000
-0.55239648,-2.09068584,-0.65281743,-0.67255777,-0.59345227,0.00000000,0.00000000,-0.89961547,0.33231413,-0.91211194,-1.83353734,0.59852624,0.00000000,0.00000000
-0.54478937,-2.08669734,-0.64960277,-0.68616253,-0.60322428,0.00000000,0.00000000,-0.87937742,0.31777871,-0.94060421,-1.82830441,0.59534818,0.00000000,0.00000000
-0.53625745,-2.07997870,-0.64658350,-0.69789600,-0.60985994,0.00000000,0.00000000,-0.85821688,0.29521269,-0.97590816,-1.82230914,0.58485216,0.00000000,0.00000000
-0.52711391,-2.06978297,-0.64407498,-0.70732015,-0.61659741,0.00000000,0.00000000,-0.83608156,0.26434788,-1.01766634,-1.81636798,0.59249300,0.00000000,0.00000000
-0.51738077,-2.05599403,-0.64210814,-0.71482962,-0.60783136,0.00000000,0.00000000,-0.81256527,0.22545846,-1.06518221,-1.81151414,0.60662174,0.00000000,0.00000000
-0.50676370,-2.03877234,-0.64051902,-0.72121167,-0.59878224,0.00000000,0.00000000,-0.78707629,0.17931128,-1.11724317,-1.80879653,0.62480462,0.00000000,0.00000000
-0.49577880,-2.01946974,-0.63912696,-0.72795188,-0.59307545,0.00000000,0.00000000,-0.76006925,0.12738279,-1.17277193,-1.80863106,0.64167511,0.00000000,0.00000000
-0.48599532,-2.00098157,-0.63774920,-0.73719567,-0.56323099,0.00000000,0.00000000,-0.73432267,0.07219052,-1.23168242,-1.81124294,0.64487696,0.00000000,0.00000000
-0.47798350,-1.98519242,-0.63614577,-0.75018048,-0.53996462,0.00000000,0.00000000,-0.71181738,0.01686924,-1.29251373,-1.81741476,0.66034192,0.00000000,0.00000000
-0.47129965,-1.97264278,-0.63408905,-0.76702106,-0.52730316,0.00000000,0.00000000,-0.69179583,-0.03534622,-1.35165668,-1.82678139,0.68518078,0.00000000,0.00000000
-0.46544880,-1.96368539,-0.63137054,-0.78721297,-0.50692427,0.00000000,0.00000000,-0.67334324,-0.08163872,-1.40593517,-1.83802021,0.72446620,0.00000000,0.00000000
-0.46009699,-1.95875371,-0.62778741,-0.80993611,-0.49541441,0.00000000,0.00000000,-0.65624076,-0.12043995,-1.45345187,-1.84969652,0.76076084,0.00000000,0.00000000
-0.45563745,-1.95809197,-0.62347102,-0.83448613,-0.47950956,0.00000000,0.00000000,-0.64081222,-0.15188654,-1.49349415,-1.86077011,0.79841971,0.00000000,0.00000000
-0.45352560,-1.95995426,-0.61957037,-0.85851979,-0.47215956,0.00000000,0.00000000,-0.62801075,-0.17753148,-1.52640700,-1.87079704,0.82619113,0.00000000,0.00000000
-0.45369673,-1.96094656,-0.61707598,-0.87672776,-0.46125659,0.00000000,0.00000000,-0.61920315,-0.19929323,-1.55312276,-1.87965906,0.84619701,0.00000000,0.00000000
-0.45502862,-1.96179199,-0.61536133,-0.88795745,-0.46442851,0.00000000,0.00000000,-0.61585832,-0.21839528,-1.57448936,-1.88726020,0.85498327,0.00000000,0.00000000
-0.45671147,-1.96385288,-0.61380279,-0.89243948,-0.46801284,0.00000000,0.00000000,-0.61920905,-0.23505944,-1.59089148,-1.89335287,0.86471963,0.00000000,0.00000000
-0.45819423,-1.96760488,-0.61220998,-0.89004129,-0.45456418,0.00000000,0.00000000,-0.62998581,-0.24897689,-1.60228682,-1.89755380,0.87282664,0.00000000,0.00000000
-0.45905083,-1.97352386,-0.61047709,-0.88093454,-0.45520225,0.00000000,0.00000000,-0.64844996,-0.25994152,-1.60840404,-1.89950001,0.86157334,0.00000000,0.00000000
-0.45901906,-1.98207128,-0.60855162,-0.86571860,-0.46664330,0.00000000,0.00000000,-0.67462778,-0.26814869,-1.60884917,-1.89896548,0.85566765,0.00000000,0.00000000
-0.45775825,-1.99373686,-0.60629624,-0.84527314,-0.47719571,0.00000000,0.00000000,-0.70840585,-0.27415627,-1.60312104,-1.89582086,0.84726560,0.00000000,0.00000000
-0.45560461,-2.01230907,-0.60286903,-0.82213730,-0.49993125,0.00000000,0.00000000,-0.74928439,-0.27860510,-1.59070849,-1.88981533,0.83313233,0.00000000,0.00000000
-0.46053645,-2.03668237,-0.60172588,-0.79794407,-0.53260565,0.00000000,0.00000000,-0.79642493,-0.28187430,-1.57124639,-1.88052905,0.80538827,0.00000000,0.00000000
-0.46937200,-2.05325031,-0.60518897,-0.76426268,-0.55591184,0.00000000,0.00000000,-0.84930527,-0.28389448,-1.54476619,-1.86768389,0.77597117,0.00000000,0.00000000
-0.45613822,-2.06198621,-0.60309947,-0.71525204,-0.58774972,0.00000000,0.00000000,-0.90764427,-0.28409451,-1.51180971,-1.85107887,0.75258648,0.00000000,0.00000000
-0.44715756,-2.07146478,-0.60312331,-0.66807246,-0.60530949,0.00000000,0.00000000,-0.97090578,-0.28142953,-1.47325933,-1.83018756,0.72742802,0.00000000,0.00000000
-0.44346780,-2.08308077,-0.60521847,-0.62645340,-0.62310702,0.00000000,0.00000000,-1.03910375,-0.27482826,-1.43044639,-1.80452800,0.71207333,0.00000000,0.00000000
-0.43684432,-2.09357405,-0.60703158,-0.58739114,-0.62264156,0.00000000,0.00000000,-1.11254072,-0.26432249,-1.38417637,-1.77380598,0.68425691,0.00000000,0.00000000
-0.42818636,-2.10237432,-0.60887492,-0.55109978,-0.61513007,0.00000000,0.00000000,-1.19129086,-0.25113076,-1.33462811,-1.73774934,0.64605367,0.00000000,0.00000000
-0.41883907,-2.11015463,-0.61088443,-0.51819414,-0.61884016,0.00000000,0.00000000,-1.27531934,-0.23695251,-1.28208911,-1.69603920,0.60317498,0.00000000,0.00000000
-0.40897551,-2.11746335,-0.61282670,-0.48889896,-0.59534222,0.00000000,0.00000000,-1.36454570,-0.22346519,-1.22709191,-1.64827323,0.57426190,0.00000000,0.00000000
-0.39843687,-2.12487793,-0.61438298,-0.46344107,-0.57066959,0.00000000,0.00000000,-1.45866621,-0.21209854,-1.17007923,-1.59387958,0.54686219,0.00000000,0.00000000
-0.38709795,-2.13287020,-0.61531049,-0.44211468,-0.54903978,0.00000000,0.00000000,-1.55719483,-0.20393559,-1.11126304,-1.53217483,0.52555317,0.00000000,0.00000000
-0.37507850,-2.14164519,-0.61554307,-0.42530027,-0.52181882,0.00000000,0.00000000,-1.65970492,-0.19968952,-1.05070662,-1.46250844,0.49801722,0.00000000,0.00000000
-0.36286467,-2.15099525,-0.61523026,-0.41344631,-0.49287933,0.00000000,0.00000000,-1.76628268,-0.19970979,-0.98862666,-1.38445032,0.47964337,0.00000000,0.00000000
-0.35115144,-2.16000485,-0.61470878,-0.40686065,-0.46114135,0.00000000,0.00000000,-1.87734056,-0.20389146,-0.92550963,-1.29767418,0.47656375,0.00000000,0.00000000
-0.34047255,-2.16671038,-0.61443907,-0.40537953,-0.42484930,0.00000000,0.00000000,-1.99149549,-0.21200530,-0.86094862,-1.20210087,0.47998187,0.00000000,0.00000000
-0.33091632,-2.16947222,-0.61497682,-0.40804517,-0.40427089,0.00000000,0.00000000,-2.10453200,-0.22398314,-0.79316068,-1.09912205,0.48660392,0.00000000,0.00000000
-0.32228786,-2.16997337,-0.61696470,-0.41320467,-0.39156118,0.00000000,0.00000000,-2.21301079,-0.23933399,-0.72119015,-0.99238986,0.49412018,0.00000000,0.00000000
-0.31416714,-2.17000008,-0.62103570,-0.41889441,-0.38434279,0.00000000,0.00000000,-2.31401157,-0.25704795,-0.64452749,-0.88637853,0.50445592,0.00000000,0.00000000
-0.30565280,-2.17000008,-0.62766963,-0.42310640,-0.38367090,0.00000000,0.00000000,-2.40393972,-0.27681333,-0.56193042,-0.78573245,0.51200563,0.00000000,0.00000000
-0.29598129,-2.17000008,-0.63716865,-0.42442396,-0.38504782,0.00000000,0.00000000,-2.48327446,-0.29993024,-0.47341350,-0.69505715,0.51984012,0.00000000,0.00000000
-0.28488100,-2.17000008,-0.64964187,-0.42236319,-0.39463407,0.00000000,0.00000000,-2.55292273,-0.32571876,-0.37960333,-0.61402440,0.51461840,0.00000000,0.00000000
-0.27234098,-2.17000008,-0.66501623,-0.41710955,-0.40609092,0.00000000,0.00000000,-2.61318612,-0.35266992,-0.28098342,-0.54033971,0.51170087,0.00000000,0.00000000
-0.25847989,-2.17000008,-0.68308812,-0.40924194,-0.41401619,0.00000000,0.00000000,-2.66474414,-0.37992969,-0.17802224,-0.47234410,0.49025324,0.00000000,0.00000000
-0.24355231,-2.17000008,-0.70356202,-0.39962807,-0.41687319,0.00000000,0.00000000,-2.70837426,-0.40692008,-0.07117946,-0.40872100,0.47787917,0.00000000,0.00000000
-0.22796559,-2.16999793,-0.72605729,-0.38943431,-0.41465446,0.00000000,0.00000000,-2.74476314,-0.43297413,0.03910721,-0.34812120,0.46589983,0.00000000,0.00000000
-0.21190771,-2.16989470,-0.75002420,-0.38008973,-0.41519520,0.00000000,0.00000000,-2.77450037,-0.45723802,0.15241984,-0.28901196,0.44797438,0.00000000,0.00000000
-0.19431393,-2.16880035,-0.77450478,-0.37309292,-0.41253713,0.00000000,0.00000000,-2.79782414,-0.47880375,0.26838896,-0.22969881,0.42232329,0.00000000,0.00000000
-0.17737506,-2.16685009,-0.79865271,-0.37130105,-0.38700435,0.00000000,0.00000000,-2.81392622,-0.49734950,0.38670808,-0.16877010,0.40181193,0.00000000,0.00000000
-0.16846737,-2.16773820,-0.82234800,-0.37679952,-0.35243744,0.00000000,0.00000000,-2.82028246,-0.51384681,0.50706506,-0.10572547,0.39093691,0.00000000,0.00000000
-0.16117302,-2.16927886,-0.84392297,-0.38364574,-0.32246158,0.00000000,0.00000000,-2.81385469,-0.52914649,0.62899590,-0.04019770,0.38039437,0.00000000,0.00000000
-0.15206391,-2.16988659,-0.86189091,-0.39064831,-0.29718006,0.00000000,0.00000000,-2.79326606,-0.54175216,0.75182229,0.02956390,0.38218468,0.00000000,0.00000000
-0.14323711,-2.16999435,-0.87574798,-0.39981207,-0.27127466,0.00000000,0.00000000,-2.75790000,-0.54911190,0.87466639,0.10584255,0.38907644,0.00000000,0.00000000
-0.13602659,-2.17000008,-0.88538104,-0.41178960,-0.26695263,0.00000000,0.00000000,-2.70704198,-0.54865372,0.99641925,0.19076769,0.40546989,0.00000000,0.00000000
-0.13106039,-2.17000008,-0.89096069,-0.42652577,-0.26856101,0.00000000,0.00000000,-2.63970423,-0.53744441,1.11564720,0.28636357,0.41495433,0.00000000,0.00000000
-0.12863289,-2.17000008,-0.89296931,-0.44358584,-0.26720160,0.00000000,0.00000000,-2.55455518,-0.51112115,1.23031330,0.39461905,0.42741445,0.00000000,0.00000000
-0.12807587,-2.17000008,-0.89217198,-0.46154374,-0.26157510,0.00000000,0.00000000,-2.44971323,-0.46239424,1.33709729,0.51696813,0.44184652,0.00000000,0.00000000
-0.12886833,-2.17000008,-0.88966471,-0.47863951,-0.25068083,0.00000000,0.00000000,-2.32194948,-0.38069418,1.43056166,0.65235895,0.44616228,0.00000000,0.00000000
-0.13163358,-2.17000008,-0.88676786,-0.49392667,-0.25104642,0.00000000,0.00000000,-2.16702557,-0.25481442,1.50344551,0.79524827,0.46050739,0.00000000,0.00000000
-0.13695519,-2.17000008,-0.88457745,-0.50728858,-0.25531384,0.00000000,0.00000000,-1.98181474,-0.07803257,1.54906237,0.93557739,0.45744580,0.00000000,0.00000000
-0.14441514,-2.17000008,-0.88382429,-0.51872689,-0.27215531,0.00000000,0.00000000,-1.76711500,0.14808452,1.56438553,1.06124961,0.45170552,0.00000000,0.00000000
-0.15288131,-2.17000008,-0.88516378,-0.52797556,-0.30983818,0.00000000,0.00000000,-1.52932787,0.41364035,1.55144441,1.16110325,0.43439078,0.00000000,0.00000000
-0.16129385,-2.17000008,-0.88942754,-0.53491127,-0.34510407,0.00000000,0.00000000,-1.28001106,0.70260656,1.51682520,1.22676611,0.42717883,0.00000000,0.00000000
-0.16938786,-2.17000008,-0.89782500,-0.54000592,-0.36898828,0.00000000,0.00000000,-1.03374636,0.99560642,1.47013438,1.25360906,0.41010255,0.00000000,0.00000000
-0.17705159,-2.17000008,-0.91176355,-0.54376978,-0.38048071,0.00000000,0.00000000,-0.80523300,1.27287519,1.42194688,1.24118280,0.39079154,0.00000000,0.00000000
-0.18344563,-2.17000008,-0.93237144,-0.54613566,-0.38107809,0.00000000,0.00000000,-0.60649538,1.51715255,1.38161814,1.19311750,0.37026739,0.00000000,0.00000000
-0.18748218,-2.17000008,-0.96032393,-0.54656374,-0.37115082,0.00000000,0.00000000,-0.44485992,1.71621215,1.35539329,1.11660492,0.36097482,0.00000000,0.00000000
-0.18862554,-2.17000008,-0.99554044,-0.54474056,-0.36033407,0.00000000,0.00000000,-0.32194388,1.86515594,1.34497631,1.02171814,0.36584431,0.00000000,0.00000000
-0.18682054,-2.16992688,-1.03660727,-0.54116869,-0.35865924,0.00000000,0.00000000,-0.23399083,1.96794558,1.34704006,0.91998571,0.36875507,0.00000000,0.00000000
-0.18218923,-2.16878986,-1.08106625,-0.53681719,-0.35122046,0.00000000,0.00000000,-0.17422090,2.03556299,1.35498548,0.82128042,0.38821691,0.00000000,0.00000000
-0.17470652,-2.16493535,-1.12634587,-0.53232837,-0.33341441,0.00000000,0.00000000,-0.13596953,2.08040380,1.36246264,0.73115999,0.39188582,0.00000000,0.00000000
-0.16346259,-2.15973282,-1.17029166,-0.52739394,-0.30846146,0.00000000,0.00000000,-0.11423435,2.11178684,1.36553788,0.65113384,0.41536918,0.00000000,0.00000000
-0.14749229,-2.15477395,-1.21174335,-0.52130157,-0.29287246,0.00000000,0.00000000,-0.10551731,2.13501763,1.36263049,0.58059311,0.44263220,0.00000000,0.00000000
-0.12698124,-2.15094733,-1.25042474,-0.51414436,-0.25369227,0.00000000,0.00000000,-0.10698436,2.15234566,1.35360479,0.51857328,0.47051835,0.00000000,0.00000000
-0.10259174,-2.14884305,-1.28628743,-0.50670964,-0.20993739,0.00000000,0.00000000,-0.11592310,2.16381598,1.33909142,0.46457335,0.49639714,0.00000000,0.00000000
-0.07479620,-2.14843202,-1.31930506,-0.49980384,-0.16441409,0.00000000,0.00000000,-0.12948968,2.16887569,1.32045162,0.41850281,0.51830244,0.00000000,0.00000000
-0.04400821,-2.14892769,-1.34956563,-0.49400446,-0.13358440,0.00000000,0.00000000,-0.14457089,2.16993904,1.29992032,0.38018468,0.53241855,0.00000000,0.00000000
-0.01087352,-2.14946795,-1.37717032,-0.48964962,-0.08891335,0.00000000,0.00000000,-0.15812840,2.17000008,1.27996421,0.34902936,0.54204255,0.00000000,0.00000000
0.02329865,-2.14977837,-1.40209210,-0.48700079,-0.03711845,0.00000000,0.00000000,-0.16746294,2.17000008,1.26245832,0.32429424,0.54749769,0.00000000,0.00000000
0.05632150,-2.15028286,-1.42411160,-0.48643050,0.01883485,0.00000000,0.00000000,-0.17037880,2.17000008,1.24852538,0.30529609,0.54767615,0.00000000,0.00000000
0.08606756,-2.15185642,-1.44276917,-0.48815188,0.08953067,0.00000000,0.00000000,-0.16601969,2.17000008,1.23848677,0.29126772,0.53415918,0.00000000,0.00000000
0.11214574,-2.15502715,-1.45749140,-0.49155018,0.15633972,0.00000000,0.00000000,-0.15556408,2.17000008,1.23169935,0.28141508,0.51031858,0.00000000,0.00000000
0.13591711,-2.15952396,-1.46775413,-0.49528971,0.22099580,0.00000000,0.00000000,-0.14091326,2.17000008,1.22681594,0.27558720,0.49247396,0.00000000,0.00000000
0.15853383,-2.16450644,-1.47315049,-0.49839473,0.27648947,0.00000000,0.00000000,-0.12290388,2.17000008,1.22238255,0.27466851,0.47100502,0.00000000,0.00000000
0.17982106,-2.16842937,-1.47352457,-0.50079894,0.31690848,0.00000000,0.00000000,-0.10127748,2.17000008,1.21724093,0.28005147,0.44172207,0.00000000,0.00000000
0.19865273,-2.16981888,-1.46933591,-0.50298923,0.34333807,0.00000000,0.00000000,-0.07565776,2.17000008,1.21068430,0.29276979,0.40410516,0.00000000,0.00000000
0.21370034,-2.16999340,-1.46195090,-0.50546110,0.36496887,0.00000000,0.00000000,-0.04623057,2.17000008,1.20257199,0.31282344,0.36471596,0.00000000,0.00000000
0.22416624,-2.17000008,-1.45317221,-0.50842154,0.35876688,0.00000000,0.00000000,-0.01388236,2.17000008,1.19328237,0.33902359,0.34058607,0.00000000,0.00000000
0.23007286,-2.17000008,-1.44435680,-0.51191461,0.34924588,0.00000000,0.00000000,0.01989752,2.17000008,1.18345308,0.36929217,0.29999083,0.00000000,0.00000000
0.23206255,-2.17000008,-1.43602681,-0.51610112,0.32242593,0.00000000,0.00000000,0.05334244,2.17000008,1.17374516,0.40116277,0.26139995,0.00000000,0.00000000
0.23114145,-2.17000008,-1.42790759,-0.52138007,0.27757907,0.00000000,0.00000000,0.08493251,2.17000008,1.16477752,0.43227684,0.22060215,0.00000000,0.00000000
0.22844310,-2.17000008,-1.41913831,-0.52833974,0.21840259,0.00000000,0.00000000,0.11369815,2.17000008,1.15714216,0.46066192,0.17164256,0.00000000,0.00000000
0.22494315,-2.17000008,-1.40866792,-0.53759426,0.14376132,0.00000000,0.00000000,0.13920604,2.17000008,1.15144885,0.48472437,0.13227944,0.00000000,0.00000000
0.22135077,-2.17000008,-1.39575660,-0.54944921,0.06711865,0.00000000,0.00000000,0.16158593,2.17000008,1.14854097,0.50305676,0.09728528,0.00000000,0.00000000
0.21820609,-2.17000008,-1.38028312,-0.56359130,-0.00503014,0.00000000,0.00000000,0.18096101,2.17000008,1.14943302,0.51426619,0.05438827,0.00000000,0.00000000
0.21594326,-2.17000008,-1.36273611,-0.57905674,-0.08203963,0.00000000,0.00000000,0.19692692,2.17000008,1.15495479,0.51722741,0.00935270,0.00000000,0.00000000
0.21484937,-2.17000008,-1.34400415,-0.59443760,-0.13822618,0.00000000,0.00000000,0.20866461,2.17000008,1.16536736,0.51172394,-0.03229771,0.00000000,0.00000000
0.21497069,-2.17000008,-1.32515991,-0.60811323,-0.18384919,0.00000000,0.00000000,0.21548533,2.17000008,1.18024707,0.49883002,-0.06141765,0.00000000,0.00000000
0.21597798,-2.17000008,-1.30722106,-0.61852765,-0.22826210,0.00000000,0.00000000,0.21701506,2.16995168,1.19860744,0.48050737,-0.08226740,0.00000000,0.00000000
0.21697599,-2.17000008,-1.29085350,-0.62467051,-0.25479016,0.00000000,0.00000000,0.21314132,2.16911030,1.21903968,0.45892358,-0.10261116,0.00000000,0.00000000
0.21641596,-2.17000008,-1.27632093,-0.62653339,-0.28291211,0.00000000,0.00000000,0.20409137,2.16512847,1.23994720,0.43599874,-0.09653211,0.00000000,0.00000000
0.21246579,-2.17000008,-1.26379108,-0.62495995,-0.29236126,0.00000000,0.00000000,0.19037063,2.15625691,1.26002181,0.41296670,-0.07688486,0.00000000,0.00000000
0.20366538,-2.17000008,-1.25341070,-0.62115675,-0.29303232,0.00000000,0.00000000,0.17242514,2.14355636,1.27843451,0.39020428,-0.03781551,0.00000000,0.00000000
0.18933666,-2.17000008,-1.24510431,-0.61650884,-0.28659451,0.00000000,0.00000000,0.15034412,2.12869549,1.29465938,0.36745057,0.01411782,0.00000000,0.00000000
0.17014836,-2.17000008,-1.23831117,-0.61219144,-0.27312025,0.00000000,0.00000000,0.12380640,2.11348033,1.30822468,0.34419268,0.06769717,0.00000000,0.00000000
0.14792889,-2.17000008,-1.23206747,-0.60896879,-0.25679675,0.00000000,0.00000000,0.09267495,2.09972548,1.31876516,0.32012525,0.11930294,0.00000000,0.00000000
0.12456261,-2.17000008,-1.22542322,-0.60738420,-0.24844985,0.00000000,0.00000000,0.05759939,2.08867979,1.32615018,0.29546642,0.18457727,0.00000000,0.00000000
0.10098393,-2.17000008,-1.21779549,-0.60800868,-0.22876884,0.00000000,0.00000000,0.01994571,2.08093739,1.33045232,0.27091467,0.26228234,0.00000000,0.00000000
0.07694271,-2.17000008,-1.20902634,-0.61156559,-0.22392514,0.00000000,0.00000000,-0.01862219,2.07673883,1.33184278,0.24741995,0.33622873,0.00000000,0.00000000
0.05165854,-2.17000008,-1.19918132,-0.61878735,-0.22482157,0.00000000,0.00000000,-0.05652351,2.07635784,1.33050132,0.22597386,0.40655270,0.00000000,0.00000000
0.02510794,-2.17000008,-1.18828690,-0.62992644,-0.23613119,0.00000000,0.00000000,-0.09250969,2.08022571,1.32658279,0.20746340,0.45774451,0.00000000,0.00000000
-0.00115130,-2.17000008,-1.17634261,-0.64423549,-0.24391022,0.00000000,0.00000000,-0.12586769,2.08850336,1.32025480,0.19250204,0.50793642,0.00000000,0.00000000
-0.02476946,-2.17000008,-1.16351378,-0.66023183,-0.24718913,0.00000000,0.00000000,-0.15627153,2.10079265,1.31171727,0.18149355,0.55313921,0.00000000,0.00000000
-0.04428925,-2.17000008,-1.15027702,-0.67653161,-0.25653860,0.00000000,0.00000000,-0.18318701,2.11603665,1.30120468,0.17497715,0.59001905,0.00000000,0.00000000
-0.05961618,-2.17000008,-1.13734138,-0.69207919,-0.27102432,0.00000000,0.00000000,-0.20543775,2.13260865,1.28896749,0.17387769,0.60935307,0.00000000,0.00000000
-0.07126577,-2.17000008,-1.12552524,-0.70583522,-0.29456243,0.00000000,0.00000000,-0.22167189,2.14849186,1.27522230,0.17921993,0.61737412,0.00000000,0.00000000
-0.07968160,-2.17000008,-1.11569285,-0.71664023,-0.31938189,0.00000000,0.00000000,-0.23130980,2.16118622,1.26013482,0.19154657,0.61402494,0.00000000,0.00000000
-0.08501445,-2.17000008,-1.10860097,-0.72332883,-0.34220016,0.00000000,0.00000000,-0.23473032,2.16815567,1.24396861,0.21065426,0.60992986,0.00000000,0.00000000
-0.08716478,-2.17000008,-1.10473990,-0.72487730,-0.35463333,0.00000000,0.00000000,-0.23278083,2.16989374,1.22741032,0.23552732,0.59346712,0.00000000,0.00000000
-0.08599280,-2.17000008,-1.10435271,-0.72061890,-0.35538924,0.00000000,0.00000000,-0.22637428,2.17000008,1.21170652,0.26446754,0.55713838,0.00000000,0.00000000
-0.08157434,-2.17000008,-1.10757160,-0.71047467,-0.34081283,0.00000000,0.00000000,-0.21632445,2.17000008,1.19836736,0.29566896,0.52303076,0.00000000,0.00000000
-0.07430327,-2.17000008,-1.11456561,-0.69492859,-0.30795681,0.00000000,0.00000000,-0.20349620,2.17000008,1.18877912,0.32760835,0.48716599,0.00000000,0.00000000
-0.06470738,-2.17000008,-1.12558722,-0.67473441,-0.27550355,0.00000000,0.00000000,-0.18891184,2.17000008,1.18401563,0.35909384,0.46470270,0.00000000,0.00000000
-0.05317529,-2.17000008,-1.14092851,-0.65065783,-0.24555922,0.00000000,0.00000000,-0.17339906,2.17000008,1.18483591,0.38939065,0.43129498,0.00000000,0.00000000
-0.03988913,-2.17000008,-1.16089261,-0.62336981,-0.22496279,0.00000000,0.00000000,-0.15713868,2.17000008,1.19176209,0.41841608,0.39155802,0.00000000,0.00000000
-0.02503267,-2.17000008,-1.18570149,-0.59346998,-0.21180482,0.00000000,0.00000000,-0.14095974,2.17000008,1.20495474,0.44585887,0.35945633,0.00000000,0.00000000
-0.00893361,-2.17000008,-1.21506023,-0.56169379,-0.19785969,0.00000000,0.00000000,-0.12773412,2.17000008,1.22384119,0.47004712,0.32472798,0.00000000,0.00000000
0.00813835,-2.16998458,-1.24791062,-0.52903724,-0.17829129,0.00000000,0.00000000,-0.12327840,2.17000008,1.24706602,0.48738304,0.29655442,0.00000000,0.00000000
0.02612978,-2.16967583,-1.28244352,-0.49692273,-0.15588987,0.00000000,0.00000000,-0.13086973,2.17000008,1.27338111,0.49597356,0.28210834,0.00000000,0.00000000
0.04473334,-2.16779923,-1.31591868,-0.46751955,-0.14447305,0.00000000,0.00000000,-0.13312010,2.17000008,1.30273986,0.50593728,0.27406409,0.00000000,0.00000000
0.06303473,-2.16308951,-1.34652305,-0.44247875,-0.14913628,0.00000000,0.00000000,-0.13118833,2.17000008,1.33362126,0.51554114,0.27179039,0.00000000,0.00000000
0.08058295,-2.15643382,-1.37379324,-0.42197797,-0.17514114,0.00000000,0.00000000,-0.12937458,2.17000008,1.36444902,0.52182311,0.27504900,0.00000000,0.00000000
0.09737965,-2.14848375,-1.39773917,-0.40538564,-0.20448782,0.00000000,0.00000000,-0.12885529,2.17000008,1.39380419,0.52449280,0.26739573,0.00000000,0.00000000
0.11305936,-2.14147949,-1.41790116,-0.39236784,-0.25550887,0.00000000,0.00000000,-0.12893708,2.17000008,1.42217886,0.52427608,0.24936877,0.00000000,0.00000000
0.12707669,-2.13541818,-1.43437064,-0.38253483,-0.28919753,0.00000000,0.00000000,-0.12432607,2.17000008,1.44853473,0.52522618,0.23915711,0.00000000,0.00000000
0.13960491,-2.13142061,-1.44693112,-0.37529451,-0.32784173,0.00000000,0.00000000,-0.10992495,2.17000008,1.47305191,0.53043395,0.24066389,0.00000000,0.00000000
0.15068769,-2.12980151,-1.45550656,-0.37011528,-0.35597724,0.00000000,0.00000000,-0.10538946,2.17000008,1.49355233,0.52812338,0.23731270,0.00000000,0.00000000
0.16006564,-2.13129306,-1.45987988,-0.36681548,-0.38817814,0.00000000,0.00000000,-0.10506567,2.17000008,1.50932157,0.52275187,0.21554133,0.00000000,0.00000000
0.16758478,-2.13606477,-1.45991778,-0.36542687,-0.41331863,0.00000000,0.00000000,-0.10386843,2.17000008,1.52010190,0.51845956,0.20223130,0.00000000,0.00000000
0.17335339,-2.14352202,-1.45563447,-0.36605752,-0.42589146,0.00000000,0.00000000,-0.10267705,2.17000008,1.52565563,0.51563340,0.18636985,0.00000000,0.00000000
0.17738959,-2.15228057,-1.44722462,-0.36899346,-0.45314595,0.00000000,0.00000000,-0.10182559,2.17000008,1.52633166,0.51465505,0.16696849,0.00000000,0.00000000
0.17948055,-2.16061282,-1.43497252,-0.37476045,-0.47600743,0.00000000,0.00000000,-0.10135271,2.17000008,1.52273846,0.51557934,0.15434758,0.00000000,0.00000000
0.17944843,-2.16677237,-1.41912866,-0.38393027,-0.47448143,0.00000000,0.00000000,-0.10133343,2.17000008,1.51524246,0.51805514,0.15176332,0.00000000,0.00000000
0.17749013,-2.16944551,-1.40012491,-0.39667955,-0.46879950,0.00000000,0.00000000,-0.10184377,2.17000008,1.50408578,0.52150470,0.16358066,0.00000000,0.00000000
0.17418556,-2.16997099,-1.37900829,-0.41248569,-0.45964640,0.00000000,0.00000000,-0.10276368,2.17000008,1.49028409,0.52518708,0.18531534,0.00000000,0.00000000
0.16997598,-2.17000008,-1.35759485,-0.43046075,-0.45228893,0.00000000,0.00000000,-0.10378664,2.17000008,1.47576594,0.52811885,0.21891123,0.00000000,0.00000000
0.16477421,-2.17000008,-1.33802128,-0.44987875,-0.45519689,0.00000000,0.00000000,-0.10474969,2.17000008,1.46203744,0.52923220,0.24819824,0.00000000,0.00000000
0.15826687,-2.17000008,-1.32180500,-0.47035065,-0.46012771,0.00000000,0.00000000,-0.10561232,2.17000008,1.45016062,0.52781391,0.26579288,0.00000000,0.00000000
0.15046655,-2.17000008,-1.30976951,-0.49143466,-0.46704707,0.00000000,0.00000000,-0.10625356,2.17000008,1.44104588,0.52375406,0.29448858,0.00000000,0.00000000
0.14175293,-2.17000008,-1.30240452,-0.51239097,-0.47061038,0.00000000,0.00000000,-0.10657756,2.17000008,1.43513584,0.51748562,0.32291478,0.00000000,0.00000000
0.13269582,-2.17000008,-1.29948711,-0.53255218,-0.48726505,0.00000000,0.00000000,-0.10669676,2.17000008,1.43238902,0.50965792,0.35278672,0.00000000,0.00000000
0.12378523,-2.17000008,-1.30026639,-0.55147880,-0.51228297,0.00000000,0.00000000,-0.10690942,2.17000008,1.43204439,0.50094056,0.38092870,0.00000000,0.00000000
0.11525751,-2.17000008,-1.30376756,-0.56896907,-0.52913553,0.00000000,0.00000000,-0.10748106,2.17000008,1.43297243,0.49189490,0.40449134,0.00000000,0.00000000
0.10718097,-2.17000008,-1.30905175,-0.58486694,-0.53727084,0.00000000,0.00000000,-0.10848381,2.17000008,1.43418598,0.48294023,0.42636961,0.00000000,0.00000000
0.09967475,-2.17000008,-1.31538260,-0.59884548,-0.55072838,0.00000000,0.00000000,-0.10980876,2.17000008,1.43507850,0.47437748,0.43238389,0.00000000,0.00000000
0.09298494,-2.17000008,-1.32228029,-0.61040616,-0.55712444,0.00000000,0.00000000,-0.11124704,2.17000008,1.43548095,0.46640375,0.41968921,0.00000000,0.00000000
0.08736324,-2.17000008,-1.32947040,-0.61907178,-0.56305707,0.00000000,0.00000000,-0.11255938,2.17000008,1.43552983,0.45913634,0.40817550,0.00000000,0.00000000
0.08298812,-2.17000008,-1.33665860,-0.62458849,-0.55813271,0.00000000,0.00000000,-0.11356614,2.17000008,1.43531764,0.45266160,0.40516853,0.00000000,0.00000000
0.07999113,-2.17000008,-1.34336030,-0.62701136,-0.54642355,0.00000000,0.00000000,-0.11422911,2.17000008,1.43465948,0.44705296,0.40296605,0.00000000,0.00000000
0.07844680,-2.17000008,-1.34903264,-0.62665230,-0.52556193,0.00000000,0.00000000,-0.11462253,2.17000008,1.43326735,0.44233230,0.41065112,0.00000000,0.00000000
0.07831936,-2.17000008,-1.35331941,-0.62394482,-0.50239027,0.00000000,0.00000000,-0.11481757,2.17000008,1.43106258,0.43844089,0.41444686,0.00000000,0.00000000
0.07946359,-2.17000008,-1.35612547,-0.61930025,-0.46252972,0.00000000,0.00000000,-0.11480954,2.17000008,1.42823124,0.43526623,0.42888877,0.00000000,0.00000000
0.08167275,-2.17000008,-1.35747457,-0.61305302,-0.41384512,0.00000000,0.00000000,-0.11455804,2.17000008,1.42498553,0.43270102,0.44818050,0.00000000,0.00000000
0.08472525,-2.17000008,-1.35730529,-0.60552180,-0.38169041,0.00000000,0.00000000,-0.11406182,2.17000008,1.42128241,0.43072528,0.47875932,0.00000000,0.00000000
0.08840913,-2.17000008,-1.35546601,-0.59707254,-0.34856683,0.00000000,0.00000000,-0.11340510,2.17000008,1.41683936,0.42940226,0.49059731,0.00000000,0.00000000
0.09250686,-2.17000008,-1.35191929,-0.58811480,-0.32685506,0.00000000,0.00000000,-0.11271369,2.17000008,1.41145301,0.42879847,0.48125747,0.00000000,0.00000000
0.09677831,-2.17000008,-1.34693134,-0.57905686,-0.31529066,0.00000000,0.00000000,-0.11212526,2.17000008,1.40533030,0.42882392,0.47332218,0.00000000,0.00000000
0.10101348,-2.17000008,-1.34102130,-0.57025427,-0.31100920,0.00000000,0.00000000,-0.11175752,2.17000008,1.39911151,0.42919210,0.46364149,0.00000000,0.00000000
0.10507032,-2.17000008,-1.33476257,-0.56197685,-0.31453443,0.00000000,0.00000000,-0.11160348,2.17000008,1.39359665,0.42960817,0.46771863,0.00000000,0.00000000
0.10883164,-2.17000008,-1.32862020,-0.55443871,-0.31787658,0.00000000,0.00000000,-0.11155381,2.17000008,1.38944376,0.42989314,0.45238987,0.00000000,0.00000000
0.11215878,-2.17000008,-1.32287967,-0.54784554,-0.32560620,0.00000000,0.00000000,-0.11151998,2.17000008,1.38698435,0.42998922,0.42553881,0.00000000,0.00000000
0.11490960,-2.17000008,-1.31768489,-0.54237807,-0.33254066,0.00000000,0.00000000,-0.11148625,2.17000008,1.38627172,0.42991090,0.40292749,0.00000000,0.00000000
0.11699029,-2.17000008,-1.31313610,-0.53813434,-0.33424532,0.00000000,0.00000000,-0.11145568,2.17000008,1.38727856,0.42969146,0.37983146,0.00000000,0.00000000
0.11836369,-2.17000008,-1.30931711,-0.53510243,-0.35232496,0.00000000,0.00000000,-0.11142439,2.17000008,1.38995779,0.42936110,0.36442959,0.00000000,0.00000000
0.11908388,-2.17000008,-1.30620420,-0.53320962,-0.36735505,0.00000000,0.00000000,-0.11138515,2.17000008,1.39412534,0.42901593,0.31990591,0.00000000,0.00000000
0.11928396,-2.17000008,-1.30367506,-0.53235352,-0.36704636,0.00000000,0.00000000,-0.11133969,2.17000008,1.39946485,0.42881319,0.26854700,0.00000000,0.00000000
0.11907528,-2.17000008,-1.30166757,-0.53238100,-0.37563229,0.00000000,0.00000000,-0.11126435,2.17000008,1.40570402,0.42888674,0.24284625,0.00000000,0.00000000
0.11848760,-2.17000008,-1.30024064,-0.53308851,-0.38520014,0.00000000,0.00000000,-0.11109277,2.17000008,1.41269207,0.42929703,0.22883965,0.00000000,0.00000000
0.11750492,-2.17000008,-1.29944038,-0.53429163,-0.39213422,0.00000000,0.00000000,-0.11077565,2.17000008,1.42022574,0.43006638,0.22528529,0.00000000,0.00000000
0.11612539,-2.17000008,-1.29914999,-0.53589606,-0.39485374,0.00000000,0.00000000,-0.11034930,2.17000008,1.42788339,0.43120798,0.23337661,0.00000000,0.00000000
0.11438949,-2.17000008,-1.29911351,-0.53788394,-0.39430642,0.00000000,0.00000000,-0.10991246,2.17000008,1.43511498,0.43270001,0.22370560,0.00000000,0.00000000
0.11238532,-2.17000008,-1.29907000,-0.54023725,-0.39489099,0.00000000,0.00000000,-0.10955324,2.17000008,1.44146490,0.43446332,0.22660124,0.00000000,0.00000000
0.11024020,-2.17000008,-1.29885697,-0.54287887,-0.39837354,0.00000000,0.00000000,-0.10929275,2.17000008,1.44670320,0.43638864,0.22988239,0.00000000,0.00000000
0.10808907,-2.17000008,-1.29843497,-0.54566687,-0.40901303,0.00000000,0.00000000,-0.10906415,2.17000008,1.45082343,0.43839130,0.22699898,0.00000000,0.00000000
0.10603768,-2.17000008,-1.29783881,-0.54843742,-0.42330024,0.00000000,0.00000000,-0.10877398,2.17000008,1.45390892,0.44043693,0.23930335,0.00000000,0.00000000
0.10415476,-2.17000008,-1.29708564,-0.55106610,-0.43907434,0.00000000,0.00000000,-0.10841437,2.17000008,1.45595670,0.44250560,0.24486187,0.00000000,0.00000000
0.10248981,-2.17000008,-1.29614258,-0.55348474,-0.46398622,0.00000000,0.00000000,-0.10809380,2.17000008,1.45685363,0.44454443,0.26119959,0.00000000,0.00000000
0.10108605,-2.17000008,-1.29500294,-0.55563897,-0.47780791,0.00000000,0.00000000,-0.10795211,2.17000008,1.45653570,0.44645771,0.28222215,0.00000000,0.00000000
0.09997997,-2.17000008,-1.29374981,-0.55745673,-0.47739741,0.00000000,0.00000000,-0.10806724,2.17000008,1.45512545,0.44812658,0.29789808,0.00000000,0.00000000
0.09919884,-2.17000008,-1.29252791,-0.55886406,-0.46726590,0.00000000,0.00000000,-0.10842892,2.17000008,1.45290864,0.44942996,0.30814758,0.00000000,0.00000000
0.09875939,-2.17000008,-1.29146707,-0.55981690,-0.44918555,0.00000000,0.00000000,-0.10896608,2.17000008,1.45021319,0.45026061,0.30420604,0.00000000,0.00000000
0.09866585,-2.17000008,-1.29062104,-0.56032050,-0.42747399,0.00000000,0.00000000,-0.10958586,2.17000008,1.44728696,0.45054778,0.30085081,0.00000000,0.00000000
0.09890299,-2.17000008,-1.28997612,-0.56041884,-0.41324493,0.00000000,0.00000000,-0.11020166,2.17000008,1.44426525,0.45027101,0.31398681,0.00000000,0.00000000
0.09942912,-2.17000008,-1.28952277,-0.56015742,-0.39610144,0.00000000,0.00000000,-0.11075135,2.17000008,1.44123590,0.44943714,0.31710002,0.00000000,0.00000000
0.10018004,-2.17000008,-1.28931046,-0.55955714,-0.38947737,0.00000000,0.00000000,-0.11121100,2.17000008,1.43830812,0.44804332,0.32148758,0.00000000,0.00000000
0.10108116,-2.17000008,-1.28942072,-0.55862951,-0.38691568,0.00000000,0.00000000,-0.11159507,2.17000008,1.43559206,0.44608587,0.33393198,0.00000000,0.00000000
0.10205993,-2.17000008,-1.28990006,-0.55740565,-0.39358008,0.00000000,0.00000000,-0.11194375,2.17000008,1.43313384,0.44361103,0.33234295,0.00000000,0.00000000
0.10305953,-2.17000008,-1.29073906,-0.55594778,-0.39393368,0.00000000,0.00000000,-0.11229662,2.17000008,1.43090546,0.44075343,0.32186687,0.00000000,0.00000000
0.10404086,-2.17000008,-1.29187977,-0.55434674,-0.39615104,0.00000000,0.00000000,-0.11265576,2.17000008,1.42884922,0.43772313,0.31806430,0.00000000,0.00000000
0.10497100,-2.17000008,-1.29318130,-0.55273753,-0.40550408,0.00000000,0.00000000,-0.11298514,2.17000008,1.42685068,0.43475738,0.30786493,0.00000000,0.00000000
0.10581094,-2.17000008,-1.29440713,-0.55129588,-0.41971150,0.00000000,0.00000000,-0.11325213,2.17000008,1.42470181,0.43206534,0.29051045,0.00000000,0.00000000
0.10651085,-2.17000008,-1.29537284,-0.55015409,-0.44536152,0.00000000,0.00000000,-0.11342596,2.17000008,1.42226434,0.42977592,0.27547708,0.00000000,0.00000000
0.10702493,-2.17000008,-1.29610538,-0.54931873,-0.47319704,0.00000000,0.00000000,-0.11344454,2.17000008,1.41967559,0.42791733,0.27204669,0.00000000,0.00000000
0.10733434,-2.17000008,-1.29676950,-0.54870695,-0.50194508,0.00000000,0.00000000,-0.11322515,2.17000008,1.41725886,0.42645919,0.26621571,0.00000000,0.00000000
0.10746749,-2.17000008,-1.29745388,-0.54825610,-0.51583606,0.00000000,0.00000000,-0.11272787,2.17000008,1.41524732,0.42537117,0.25193992,0.00000000,0.00000000
0.10746796,-2.17000008,-1.29808581,-0.54797715,-0.54659051,0.00000000,0.00000000,-0.11196817,2.17000008,1.41365671,0.42464390,0.24924204,0.00000000,0.00000000
0.10736427,-2.17000008,-1.29849017,-0.54793125,-0.56709629,0.00000000,0.00000000,-0.11098551,2.17000008,1.41232729,0.42429426,0.24200444,0.00000000,0.00000000
0.10717276,-2.17000008,-1.29848945,-0.54817659,-0.52762467,0.00000000,0.00000000,-0.10984242,2.17000008,1.41101873,0.42434734,0.21176931,0.00000000,0.00000000
0.10691889,-2.17000008,-1.29801357,-0.54870796,-0.48025656,0.00000000,0.00000000,-0.10864513,2.17000008,1.40955591,0.42478082,0.18346198,0.00000000,0.00000000
0.10664863,-2.17000008,-1.29719293,-0.54941070,-0.43288544,0.00000000,0.00000000,-0.10754798,2.17000008,1.40799046,0.42545423,0.16059893,0.00000000,0.00000000
0.10642234,-2.17000008,-1.29634619,-0.55006975,-0.38271478,0.00000000,0.00000000,-0.10672169,2.17000008,1.40662181,0.42611140,0.13684827,0.00000000,0.00000000
0.10629209,-2.17000008,-1.29581344,-0.55046916,-0.33625036,0.00000000,0.00000000,-0.10628059,2.17000008,1.40580857,0.42650881,0.11618945,0.00000000,0.00000000
