l_joint1,l_joint2,l_joint3,l_joint4,l_joint5,l_joint6,l_joint7,r_joint1,r_joint2,r_joint3,r_joint4,r_joint5,r_joint6,r_joint7
-0.21912502,-2.17000008,-0.67995524,-0.31937996,-0.02759157,0.00000000,0.00000000,0.22179891,2.17000008,0.72932494,0.23234348,-0.01130713,0.00000000,0.00000000
-0.21833466,-2.17000008,-0.67923760,-0.31410909,-0.03950823,0.00000000,0.00000000,0.21880437,2.17000008,0.72976422,0.22657934,-0.02299789,0.00000000,0.00000000
-0.21660742,-2.16995192,-0.67767185,-0.30447915,-0.03524610,0.00000000,0.00000000,0.21240900,2.17000008,0.73038119,0.21629874,-0.03901461,0.00000000,0.00000000
-0.21245798,-2.16922235,-0.67514819,-0.28946814,-0.02794925,0.00000000,0.00000000,0.20106263,2.17000008,0.73104572,0.20102055,-0.05935444,0.00000000,0.00000000
-0.20642699,-2.16692853,-0.67145067,-0.27066323,-0.03021935,0.00000000,0.00000000,0.18628246,2.17000008,0.73186642,0.18196109,-0.08714017,0.00000000,0.00000000
-0.19952500,-2.16387320,-0.66612983,-0.25131297,-0.02424752,0.00000000,0.00000000,0.17127244,2.17000008,0.73301715,0.16237745,-0.11520703,0.00000000,0.00000000
-0.19118930,-2.16018724,-0.65885961,-0.23260026,-0.02924280,0.00000000,0.00000000,0.15759002,2.17000008,0.73467714,0.14405091,-0.14783511,0.00000000,0.00000000
-0.18123819,-2.15709448,-0.64931995,-0.21589345,-0.02577290,0.00000000,0.00000000,0.14561504,2.17000008,0.73682201,0.12838581,-0.18433739,0.00000000,0.00000000
-0.16997217,-2.15474010,-0.63740236,-0.20182745,-0.01675626,0.00000000,0.00000000,0.13582335,2.17000008,0.73943150,0.11630189,-0.23758039,0.00000000,0.00000000
-0.15791918,-2.15298676,-0.62312371,-0.19040288,0.01150585,0.00000000,0.00000000,0.12853526,2.17000008,0.74249452,0.10801772,-0.28568742,0.00000000,0.00000000
-0.14577177,-2.15178490,-0.60652679,-0.18140900,0.03411898,0.00000000,0.00000000,0.12377285,2.17000008,0.74596870,0.10328927,-0.30842707,0.00000000,0.00000000
-0.13429350,-2.15096736,-0.58766532,-0.17452110,0.05665858,0.00000000,0.00000000,0.12145113,2.17000008,0.74979472,0.10169421,-0.31752515,0.00000000,0.00000000
-0.12421329,-2.15039062,-0.56658357,-0.16944024,0.06931353,0.00000000,0.00000000,0.12145422,2.17000008,0.75390691,0.10283560,-0.32159176,0.00000000,0.00000000
-0.11617206,-2.15001011,-0.54330444,-0.16599116,0.08345687,0.00000000,0.00000000,0.12365963,2.17000008,0.75824445,0.10637143,-0.31582820,0.00000000,0.00000000
-0.11061212,-2.14977551,-0.51781964,-0.16410407,0.10799311,0.00000000,0.00000000,0.12786843,2.17000008,0.76275682,0.11192895,-0.30983174,0.00000000,0.00000000
-0.10776236,-2.14958024,-0.49009165,-0.16375673,0.13533305,0.00000000,0.00000000,0.13385126,2.17000008,0.76740968,0.11909459,-0.30365297,0.00000000,0.00000000
-0.10768016,-2.14955115,-0.46004081,-0.16498771,0.18763092,0.00000000,0.00000000,0.14160928,2.17000008,0.77219647,0.12753397,-0.28895882,0.00000000,0.00000000
-0.11079315,-2.14982891,-0.42763954,-0.16764903,0.24741508,0.00000000,0.00000000,0.15091868,2.17000008,0.77708137,0.13704821,-0.26767850,0.00000000,0.00000000
-0.11833343,-2.14956975,-0.39301616,-0.17104958,0.30453038,0.00000000,0.00000000,0.16052124,2.17000008,0.78191310,0.14750867,-0.23199743,0.00000000,0.00000000
-0.13009307,-2.14891911,-0.35600793,-0.17475472,0.36456105,0.00000000,0.00000000,0.16985495,2.17000008,0.78660768,0.15881436,-0.20122579,0.00000000,0.00000000
-0.14507806,-2.14835429,-0.31628120,-0.17857756,0.42213571,0.00000000,0.00000000,0.17887610,2.17000008,0.79116285,0.17070577,-0.20557180,0.00000000,0.00000000
-0.16242428,-2.14802170,-0.27351242,-0.18235362,0.47286010,0.00000000,0.00000000,0.18751976,2.17000008,0.79559976,0.18274231,-0.20661657,0.00000000,0.00000000
-0.18159036,-2.14788294,-0.22742355,-0.18595922,0.53207415,0.00000000,0.00000000,0.19553062,2.17000008,0.79992723,0.19433749,-0.20530863,0.00000000,0.00000000
-0.20211644,-2.14786410,-0.17775290,-0.18929856,0.59069937,0.00000000,0.00000000,0.20241989,2.17000008,0.80413252,0.20481615,-0.20537822,0.00000000,0.00000000
-0.22348389,-2.14792848,-0.12423076,-0.19226326,0.65516657,0.00000000,0.00000000,0.20761308,2.17000008,0.80819333,0.21349150,-0.20561871,0.00000000,0.00000000
-0.24492662,-2.14815378,-0.06654640,-0.19471768,0.71491426,0.00000000,0.00000000,0.21078713,2.17000008,0.81212002,0.21981525,-0.20444122,0.00000000,0.00000000
-0.26487711,-2.14852619,-0.00426877,-0.19633582,0.75973493,0.00000000,0.00000000,0.21181910,2.17000008,0.81595695,0.22338860,-0.20147000,0.00000000,0.00000000
-0.28381225,-2.14929152,0.06276842,-0.19679184,0.78145331,0.00000000,0.00000000,0.21116506,2.17000008,0.81971675,0.22444026,-0.18898410,0.00000000,0.00000000
-0.30608276,-2.15258265,0.13419913,-0.19649950,0.79398799,0.00000000,0.00000000,0.21029410,2.17000008,0.82336390,0.22402252,-0.16969873,0.00000000,0.00000000
-0.32536513,-2.15958691,0.21107835,-0.19412655,0.80579793,0.00000000,0.00000000,0.20908022,2.17000008,0.82694173,0.22165029,-0.15234247,0.00000000,0.00000000
-0.33520964,-2.16724515,0.29453358,-0.18502229,0.82855690,0.00000000,0.00000000,0.20803781,2.17000008,0.83049530,0.21747620,-0.11770474,0.00000000,0.00000000
-0.33303195,-2.16982841,0.38517851,-0.16155714,0.86624247,0.00000000,0.00000000,0.20577438,2.17000008,0.83408195,0.20994641,-0.07840116,0.00000000,0.00000000
-0.31891870,-2.17000008,0.48284537,-0.11988640,0.88288414,0.00000000,0.00000000,0.20297007,2.17000008,0.83777589,0.19929852,-0.03023869,0.00000000,0.00000000
-0.29338533,-2.17000008,0.58648300,-0.06030612,0.88562489,0.00000000,0.00000000,0.20232719,2.16980338,0.84138542,0.18908028,0.01416492,0.00000000,0.00000000
-0.25907084,-2.17000008,0.69398004,0.01824794,0.88174182,0.00000000,0.00000000,0.20658563,2.16655183,0.84479976,0.18161513,0.05316436,0.00000000,0.00000000
-0.22035885,-2.16985917,0.80194885,0.11602310,0.86594868,0.00000000,0.00000000,0.21970981,2.15298128,0.84786332,0.17956713,0.10387651,0.00000000,0.00000000
-0.18143012,-2.16685653,0.90588123,0.23076631,0.83612865,0.00000000,0.00000000,0.24500436,2.12573457,0.85030216,0.18515415,0.14641035,0.00000000,0.00000000
-0.14453468,-2.14633489,1.00079095,0.35739538,0.82080448,0.00000000,0.00000000,0.28387886,2.08616638,0.85169369,0.19934627,0.18688695,0.00000000,0.00000000
-0.10916664,-2.08598971,1.08216763,0.48845693,0.80168808,0.00000000,0.00000000,0.33709323,2.03740001,0.85141414,0.22309214,0.23138091,0.00000000,0.00000000
-0.07245607,-1.98726392,1.14632845,0.61626130,0.78519988,0.00000000,0.00000000,0.40649432,1.98248589,0.84879780,0.25796872,0.26941818,0.00000000,0.00000000
-0.03091191,-1.85961211,1.19052994,0.73441970,0.75765997,0.00000000,0.00000000,0.49225727,1.92439771,0.84289420,0.30461577,0.30172625,0.00000000,0.00000000
0.01827333,-1.71040618,1.21397066,0.83803451,0.73477310,0.00000000,0.00000000,0.58700752,1.86121774,0.83222932,0.35611761,0.31487304,0.00000000,0.00000000
0.07674339,-1.54623449,1.21865141,0.92441684,0.74164051,0.00000000,0.00000000,0.68058538,1.79169416,0.81443989,0.40087187,0.31069779,0.00000000,0.00000000
0.14541464,-1.36904562,1.20564866,0.99375033,0.75837326,0.00000000,0.00000000,0.76382089,1.72046447,0.78601366,0.43190926,0.31699711,0.00000000,0.00000000
0.22589146,-1.17845571,1.17273772,1.04373324,0.78196496,0.00000000,0.00000000,0.81642646,1.63995171,0.74314874,0.43603528,0.34234375,0.00000000,0.00000000
0.31436175,-0.97761607,1.11907911,1.07121038,0.82403409,0.00000000,0.00000000,0.82222021,1.53701520,0.68381822,0.40306234,0.35603714,0.00000000,0.00000000
0.39942929,-0.77148378,1.04637671,1.07822776,0.86529583,0.00000000,0.00000000,0.77395499,1.40241265,0.60799980,0.33135271,0.37433088,0.00000000,0.00000000
0.47032082,-0.57025123,0.96013254,1.06976604,0.91134876,0.00000000,0.00000000,0.66952527,1.23448896,0.51729149,0.22511896,0.39454123,0.00000000,0.00000000
0.52117687,-0.38902491,0.86887914,1.04927278,0.96687043,0.00000000,0.00000000,0.51587176,1.04323602,0.41505811,0.09287504,0.39842457,0.00000000,0.00000000
0.54635954,-0.23984241,0.77778065,1.01755023,1.00930572,0.00000000,0.00000000,0.33229506,0.84602594,0.30650562,-0.05360465,0.40808967,0.00000000,0.00000000
0.54258615,-0.13242167,0.69005418,0.97390646,1.04329312,0.00000000,0.00000000,0.14456430,0.65966243,0.19803111,-0.20126700,0.41506758,0.00000000,0.00000000
0.51275766,-0.06879733,0.60818374,0.92236769,1.05764234,0.00000000,0.00000000,-0.02376396,0.49398521,0.09611484,-0.33858329,0.42977747,0.00000000,0.00000000
0.46661189,-0.03539113,0.53312993,0.87544996,1.04671180,0.00000000,0.00000000,-0.15753171,0.34934923,0.00644620,-0.45713055,0.44437405,0.00000000,0.00000000
0.41405684,-0.00897293,0.46349934,0.84419799,1.03846967,0.00000000,0.00000000,-0.25102651,0.22467121,-0.06640792,-0.55169368,0.46009851,0.00000000,0.00000000
0.36305463,0.01989378,0.39972273,0.82640803,1.01990235,0.00000000,0.00000000,-0.30559367,0.12414563,-0.11915774,-0.62039363,0.46037939,0.00000000,0.00000000
0.31863853,0.04994252,0.34276462,0.81664586,0.99412870,0.00000000,0.00000000,-0.32543778,0.04688235,-0.15068613,-0.66477329,0.46157378,0.00000000,0.00000000
0.28205413,0.08025295,0.29209384,0.81139791,0.98843664,0.00000000,0.00000000,-0.31785345,-0.01233780,-0.16311580,-0.68939054,0.46822736,0.00000000,0.00000000
0.25384340,0.11070918,0.24713030,0.80830115,0.96771741,0.00000000,0.00000000,-0.29353321,-0.05990009,-0.16122501,-0.70029587,0.46533251,0.00000000,0.00000000
0.23364973,0.14048052,0.20733266,0.80535275,0.94202513,0.00000000,0.00000000,-0.26268911,-0.10093395,-0.15016611,-0.70283550,0.46770170,0.00000000,0.00000000
0.21972077,0.16861075,0.17187798,0.80123007,0.92584234,0.00000000,0.00000000,-0.23198900,-0.13904785,-0.13369606,-0.70082766,0.46490782,0.00000000,0.00000000
0.20997195,0.19473946,0.14003439,0.79582179,0.92253447,0.00000000,0.00000000,-0.20460026,-0.17699440,-0.11394714,-0.69692153,0.48478374,0.00000000,0.00000000
0.20308523,0.21898901,0.11162592,0.79020470,0.93288988,0.00000000,0.00000000,-0.18158253,-0.21611425,-0.09203595,-0.69274163,0.51021022,0.00000000,0.00000000
0.19881560,0.24113473,0.08716083,0.78595442,0.93490589,0.00000000,0.00000000,-0.16334487,-0.25551310,-0.06879310,-0.68887836,0.53834444,0.00000000,0.00000000
0.19745757,0.26004827,0.06752366,0.78436595,0.92016232,0.00000000,0.00000000,-0.15027471,-0.29295602,-0.04510793,-0.68540734,0.54316866,0.00000000,0.00000000
0.19981289,0.27421698,0.05384869,0.78622288,0.92237258,0.00000000,0.00000000,-0.14352837,-0.32634097,-0.02225986,-0.68234861,0.55948973,0.00000000,0.00000000
0.20619826,0.28241190,0.04701810,0.79156446,0.90574735,0.00000000,0.00000000,-0.14397314,-0.35444465,-0.00139940,-0.67966276,0.58480901,0.00000000,0.00000000
0.21611284,0.28394505,0.04750416,0.79947817,0.87467152,0.00000000,0.00000000,-0.15140866,-0.37727422,0.01696822,-0.67714894,0.60266417,0.00000000,0.00000000
0.22848625,0.27859944,0.05541498,0.80828619,0.84352785,0.00000000,0.00000000,-0.16442871,-0.39600080,0.03321321,-0.67438912,0.62545681,0.00000000,0.00000000
0.24198207,0.26666719,0.07049632,0.81620479,0.81431824,0.00000000,0.00000000,-0.18144980,-0.41231138,0.04821567,-0.67092443,0.64769465,0.00000000,0.00000000
0.25527164,0.24945076,0.09212314,0.82215679,0.78463006,0.00000000,0.00000000,-0.20228180,-0.42704889,0.06264170,-0.66628933,0.67329097,0.00000000,0.00000000
0.26581636,0.22965378,0.11864651,0.82603973,0.75531268,0.00000000,0.00000000,-0.22656012,-0.43918470,0.07728912,-0.65995681,0.68597978,0.00000000,0.00000000
0.26836982,0.21045983,0.14671075,0.82807815,0.72893465,0.00000000,0.00000000,-0.24882710,-0.44751903,0.09462658,-0.65211838,0.69243658,0.00000000,0.00000000
0.25908384,0.19349310,0.17342736,0.82797849,0.70341516,0.00000000,0.00000000,-0.26206154,-0.45369703,0.11734761,-0.64423901,0.68739098,0.00000000,0.00000000
0.23919855,0.17886275,0.19843531,0.82537907,0.69661164,0.00000000,0.00000000,-0.26652780,-0.45968223,0.14517790,-0.63702816,0.68677324,0.00000000,0.00000000
0.21166208,0.16651413,0.22235279,0.82053173,0.66080904,0.00000000,0.00000000,-0.26996398,-0.46449956,0.17478506,-0.62962937,0.67998946,0.00000000,0.00000000
0.17945305,0.15637736,0.24579149,0.81427342,0.65691781,0.00000000,0.00000000,-0.28084016,-0.46822166,0.20257807,-0.62185091,0.65490848,0.00000000,0.00000000
0.14584199,0.14846575,0.26932243,0.80800003,0.66203260,0.00000000,0.00000000,-0.30247739,-0.47264192,0.22690931,-0.61418980,0.63915974,0.00000000,0.00000000
0.11349327,0.14402503,0.29283810,0.80396986,0.66856867,0.00000000,0.00000000,-0.33255535,-0.47812566,0.24799205,-0.60671264,0.61074448,0.00000000,0.00000000
0.08307024,0.14349473,0.31516385,0.80344677,0.67551899,0.00000000,0.00000000,-0.36335269,-0.48341686,0.26763132,-0.59895658,0.57829571,0.00000000,0.00000000
0.05718426,0.14460163,0.33639711,0.80598748,0.67029721,0.00000000,0.00000000,-0.39013168,-0.48858890,0.28645352,-0.59073663,0.54872370,0.00000000,0.00000000
0.03872719,0.14703794,0.35709882,0.81232142,0.65413129,0.00000000,0.00000000,-0.41332951,-0.49429062,0.30361804,-0.58235353,0.50512427,0.00000000,0.00000000
0.02580208,0.15005073,0.37638065,0.82181174,0.62651998,0.00000000,0.00000000,-0.43274882,-0.50083828,0.31882218,-0.57394552,0.46564385,0.00000000,0.00000000
0.01594526,0.15194358,0.39350891,0.83299989,0.60792941,0.00000000,0.00000000,-0.44809315,-0.50873905,0.33197731,-0.56544000,0.44185796,0.00000000,0.00000000
0.00780077,0.15116180,0.40826976,0.84466243,0.59421635,0.00000000,0.00000000,-0.45956659,-0.51858884,0.34295174,-0.55673665,0.43239352,0.00000000,0.00000000
0.00032343,0.14647202,0.42051002,0.85575330,0.60685402,0.00000000,0.00000000,-0.46729597,-0.53078556,0.35173512,-0.54781300,0.43202972,0.00000000,0.00000000
-0.00733378,0.13699605,0.43007237,0.86547941,0.59462315,0.00000000,0.00000000,-0.47125116,-0.54544795,0.35844430,-0.53875887,0.44529882,0.00000000,0.00000000
-0.01554871,0.12230103,0.43691388,0.87356192,0.59909910,0.00000000,0.00000000,-0.47153217,-0.56242657,0.36321449,-0.52972543,0.44626737,0.00000000,0.00000000
-0.02405529,0.10244415,0.44120842,0.88036585,0.60989290,0.00000000,0.00000000,-0.46848178,-0.58129466,0.36614200,-0.52083921,0.45678625,0.00000000,0.00000000
-0.03195363,0.07790727,0.44339967,0.88667613,0.63172108,0.00000000,0.00000000,-0.46252474,-0.60137165,0.36731184,-0.51216799,0.47806209,0.00000000,0.00000000
-0.03800841,0.04963249,0.44410169,0.89320225,0.65311426,0.00000000,0.00000000,-0.45404384,-0.62186050,0.36682168,-0.50374281,0.50802225,0.00000000,0.00000000
-0.04123866,0.01895289,0.44386259,0.89993423,0.68392956,0.00000000,0.00000000,-0.44343683,-0.64190251,0.36478686,-0.49559921,0.55225104,0.00000000,0.00000000
-0.04144016,-0.01272450,0.44292304,0.90587741,0.70973545,0.00000000,0.00000000,-0.43119919,-0.66057086,0.36135191,-0.48781884,0.58561498,0.00000000,0.00000000
-0.03936878,-0.04373390,0.44095886,0.90978563,0.73244929,0.00000000,0.00000000,-0.41763481,-0.67694837,0.35674429,-0.48049626,0.61458135,0.00000000,0.00000000
-0.03595153,-0.07170676,0.43729839,0.91132289,0.74907517,0.00000000,0.00000000,-0.40290138,-0.69031209,0.35119376,-0.47377992,0.63606542,0.00000000,0.00000000
-0.03188301,-0.09403809,0.43120641,0.91102421,0.74828142,0.00000000,0.00000000,-0.38743114,-0.70037359,0.34473845,-0.46794581,0.64221090,0.00000000,0.00000000
-0.02762682,-0.10846198,0.42202958,0.90977502,0.75768691,0.00000000,0.00000000,-0.37191632,-0.70727545,0.33718234,-0.46336734,0.63931739,0.00000000,0.00000000
-0.02334116,-0.11349989,0.40934339,0.90832406,0.76096684,0.00000000,0.00000000,-0.35717726,-0.71117711,0.32818499,-0.46036455,0.63589859,0.00000000,0.00000000
-0.01873484,-0.10890093,0.39309740,0.90682578,0.77699643,0.00000000,0.00000000,-0.34435144,-0.71177047,0.31732541,-0.45902330,0.63419127,0.00000000,0.00000000
-0.01281760,-0.09579580,0.37377965,0.90476948,0.79510999,0.00000000,0.00000000,-0.33494896,-0.70842981,0.30412269,-0.45936519,0.61476409,0.00000000,0.00000000
-0.00346412,-0.07656464,0.35266724,0.90145808,0.81856686,0.00000000,0.00000000,-0.33087301,-0.70124906,0.28795406,-0.46174490,0.59297192,0.00000000,0.00000000
0.01186655,-0.05456376,0.33144704,0.89660782,0.84585083,0.00000000,0.00000000,-0.33257720,-0.69164878,0.26846191,-0.46702740,0.58446306,0.00000000,0.00000000
0.03198855,-0.03302113,0.30997023,0.89015603,0.87876248,0.00000000,0.00000000,-0.33439675,-0.68017685,0.24695055,-0.47585163,0.58631289,0.00000000,0.00000000
0.05177076,-0.01277085,0.28593227,0.88228863,0.91071552,0.00000000,0.00000000,-0.32860151,-0.66519421,0.22559862,-0.48748878,0.58980024,0.00000000,0.00000000
0.07052577,0.00624717,0.25920743,0.87330037,0.93791044,0.00000000,0.00000000,-0.31638998,-0.64608699,0.20436929,-0.50032502,0.58370179,0.00000000,0.00000000
0.09002388,0.02410695,0.23067808,0.86339843,0.97652644,0.00000000,0.00000000,-0.30050811,-0.62297666,0.18281746,-0.51292503,0.58553070,0.00000000,0.00000000
0.11195049,0.04086486,0.20102607,0.85283691,1.02280307,0.00000000,0.00000000,-0.28153381,-0.59648520,0.16106184,-0.52463341,0.60278171,0.00000000,0.00000000
0.13913286,0.05656052,0.17169128,0.84208375,1.06970274,0.00000000,0.00000000,-0.26158139,-0.56812799,0.13880411,-0.53556192,0.62071431,0.00000000,0.00000000
0.17433697,0.07152116,0.14456666,0.83178526,1.09587443,0.00000000,0.00000000,-0.24438685,-0.53953552,0.11543224,-0.54599106,0.63630623,0.00000000,0.00000000
0.21657740,0.08609195,0.12031983,0.82243139,1.10219967,0.00000000,0.00000000,-0.23380560,-0.51225603,0.09054480,-0.55620193,0.66179842,0.00000000,0.00000000
0.25797167,0.10005361,0.09654091,0.81391466,1.11371732,0.00000000,0.00000000,-0.22655842,-0.48704290,0.06604403,-0.56639534,0.68233138,0.00000000,0.00000000
0.29356635,0.11237957,0.07197998,0.80586386,1.11095166,0.00000000,0.00000000,-0.21990600,-0.46529284,0.04346478,-0.57725602,0.68404031,0.00000000,0.00000000
0.32311252,0.12335666,0.04714647,0.79840636,1.11674440,0.00000000,0.00000000,-0.21382627,-0.44670358,0.02324264,-0.58860058,0.68293482,0.00000000,0.00000000
0.34772855,0.13424616,0.02285719,0.79189855,1.13660932,0.00000000,0.00000000,-0.20873086,-0.43034628,0.00549594,-0.60002542,0.68158561,0.00000000,0.00000000
0.36827216,0.14591366,-0.00032129,0.78636056,1.15635324,0.00000000,0.00000000,-0.20449255,-0.41548249,-0.00959138,-0.61131167,0.69207168,0.00000000,0.00000000
0.38527003,0.15857689,-0.02198111,0.78143400,1.17261028,0.00000000,0.00000000,-0.20073022,-0.40143737,-0.02185099,-0.62226236,0.69845021,0.00000000,0.00000000
0.39917660,0.17204374,-0.04171827,0.77660489,1.16757035,0.00000000,0.00000000,-0.19716018,-0.38766623,-0.03126543,-0.63265467,0.70117956,0.00000000,0.00000000
0.41039127,0.18600357,-0.05917384,0.77148342,1.15852821,0.00000000,0.00000000,-0.19363165,-0.37390408,-0.03795157,-0.64225173,0.70120662,0.00000000,0.00000000
0.41908610,0.20036529,-0.07419447,0.76615620,1.16017151,0.00000000,0.00000000,-0.19003725,-0.36044782,-0.04201858,-0.65094578,0.69289356,0.00000000,0.00000000
0.42531624,0.21506219,-0.08685354,0.76118541,1.17118788,0.00000000,0.00000000,-0.18628365,-0.34768593,-0.04343203,-0.65860134,0.69075948,0.00000000,0.00000000
0.42949304,0.22952569,-0.09728185,0.75725025,1.17280054,0.00000000,0.00000000,-0.18281333,-0.33522129,-0.04214341,-0.66467363,0.69330311,0.00000000,0.00000000
0.43220645,0.24248557,-0.10568817,0.75469774,1.18868446,0.00000000,0.00000000,-0.18068451,-0.32250640,-0.03824217,-0.66839665,0.69324279,0.00000000,0.00000000
0.43397802,0.25234148,-0.11230341,0.75338924,1.20571685,0.00000000,0.00000000,-0.18085478,-0.30975944,-0.03190082,-0.66901296,0.67325175,0.00000000,0.00000000
0.43541545,0.25776562,-0.11710072,0.75288850,1.22166133,0.00000000,0.00000000,-0.18333063,-0.29897630,-0.02313524,-0.66638041,0.66372114,0.00000000,0.00000000
0.43692556,0.25799313,-0.11980129,0.75273341,1.24367011,0.00000000,0.00000000,-0.18758793,-0.29311833,-0.01206322,-0.66105968,0.65190917,0.00000000,0.00000000
0.43918046,0.25319940,-0.11973685,0.75298327,1.25664711,0.00000000,0.00000000,-0.19421968,-0.29378080,0.00066083,-0.65382439,0.63883400,0.00000000,0.00000000
0.44325840,0.24416053,-0.11594841,0.75430715,1.27271748,0.00000000,0.00000000,-0.20289029,-0.30239752,0.01506336,-0.64633834,0.61935747,0.00000000,0.00000000
0.44972676,0.23151165,-0.10768355,0.75762039,1.28693449,0.00000000,0.00000000,-0.21421584,-0.31789857,0.03076383,-0.63988668,0.60800296,0.00000000,0.00000000
0.45888859,0.21585691,-0.09432476,0.76340157,1.30150187,0.00000000,0.00000000,-0.23142534,-0.33725265,0.04621587,-0.63479125,0.61092955,0.00000000,0.00000000
0.47185871,0.19836345,-0.07491315,0.77089173,1.30270052,0.00000000,0.00000000,-0.25807256,-0.35842142,0.05999030,-0.63074732,0.61097175,0.00000000,0.00000000
0.48557633,0.18037671,-0.05035335,0.77849519,1.29037893,0.00000000,0.00000000,-0.29236829,-0.37987638,0.07260674,-0.62675774,0.61965424,0.00000000,0.00000000
0.49081168,0.16281794,-0.02460481,0.78474355,1.27059126,0.00000000,0.00000000,-0.32426986,-0.39967853,0.08731260,-0.62175363,0.63727003,0.00000000,0.00000000
0.48190466,0.14609784,-0.00044527,0.78889060,1.24532866,0.00000000,0.00000000,-0.34608155,-0.41852704,0.10642259,-0.61604774,0.66824198,0.00000000,0.00000000
0.46073923,0.13024716,0.02250409,0.79079354,1.21701229,0.00000000,0.00000000,-0.36226863,-0.43659690,0.12820430,-0.60945487,0.68764049,0.00000000,0.00000000
0.42995715,0.11459920,0.04482634,0.79027319,1.17875552,0.00000000,0.00000000,-0.38096040,-0.45346630,0.14972502,-0.60208476,0.70620823,0.00000000,0.00000000
0.39334145,0.09968178,0.06725735,0.78820801,1.15609109,0.00000000,0.00000000,-0.40693215,-0.46909481,0.16887537,-0.59531891,0.72252715,0.00000000,0.00000000
0.35762870,0.08925659,0.09113652,0.78782672,1.14013267,0.00000000,0.00000000,-0.43424690,-0.48131537,0.18677206,-0.59026021,0.74205071,0.00000000,0.00000000
0.32536516,0.08473742,0.11577480,0.79063219,1.12360334,0.00000000,0.00000000,-0.45260766,-0.48707646,0.20598592,-0.58686292,0.74911851,0.00000000,0.00000000
0.29717153,0.08407971,0.14033438,0.79589266,1.10483396,0.00000000,0.00000000,-0.46291783,-0.48684973,0.22559330,-0.58488399,0.75243247,0.00000000,0.00000000
0.27305263,0.08503247,0.16424654,0.80277157,1.10316086,0.00000000,0.00000000,-0.46936908,-0.48279420,0.24372146,-0.58419001,0.75259894,0.00000000,0.00000000
0.25214601,0.08619468,0.18672180,0.81082505,1.13296163,0.00000000,0.00000000,-0.47410840,-0.47686008,0.25921032,-0.58470976,0.73171955,0.00000000,0.00000000
0.23322204,0.08663547,0.20686054,0.81963480,1.14440703,0.00000000,0.00000000,-0.47802392,-0.47057113,0.27133897,-0.58642936,0.69930387,0.00000000,0.00000000
0.21536548,0.08568759,0.22393547,0.82865357,1.14711893,0.00000000,0.00000000,-0.48128206,-0.46502915,0.27970594,-0.58933473,0.67657876,0.00000000,0.00000000
0.19848956,0.08283116,0.23761183,0.83718282,1.14131927,0.00000000,0.00000000,-0.48373124,-0.46102065,0.28416193,-0.59329379,0.63774264,0.00000000,0.00000000
0.18332249,0.07769570,0.24797329,0.84441561,1.16126311,0.00000000,0.00000000,-0.48500258,-0.45885733,0.28484151,-0.59801418,0.59682935,0.00000000,0.00000000
0.17103027,0.07001214,0.25543380,0.84942484,1.16683841,0.00000000,0.00000000,-0.48447889,-0.45799577,0.28222314,-0.60309482,0.57639521,0.00000000,0.00000000
0.16243605,0.06016371,0.26035526,0.85149819,1.17443442,0.00000000,0.00000000,-0.48134533,-0.45720509,0.27701652,-0.60802108,0.54039824,0.00000000,0.00000000
0.15732391,0.04964878,0.26264542,0.85049540,1.16965115,0.00000000,0.00000000,-0.47467339,-0.45472303,0.26995593,-0.61226851,0.50776047,0.00000000,0.00000000
0.15576956,0.04110470,0.26224986,0.84734672,1.16364264,0.00000000,0.00000000,-0.46521127,-0.44875067,0.26101887,-0.61553794,0.47313964,0.00000000,0.00000000
0.16089314,0.03678355,0.26048571,0.84389561,1.14295530,0.00000000,0.00000000,-0.45851070,-0.43942255,0.24815691,-0.61838871,0.43255806,0.00000000,0.00000000
0.17433716,0.03519386,0.25826648,0.84019536,1.12106466,0.00000000,0.00000000,-0.45757201,-0.42991757,0.22967699,-0.62232471,0.39017501,0.00000000,0.00000000
0.18839812,0.03421175,0.25223547,0.83495212,1.12258542,0.00000000,0.00000000,-0.45218512,-0.42115909,0.20855373,-0.62786800,0.35104716,0.00000000,0.00000000
0.19923764,0.03470332,0.24079421,0.82928383,1.13479304,0.00000000,0.00000000,-0.43752915,-0.41142142,0.18648486,-0.63453370,0.30303270,0.00000000,0.00000000
0.20889889,0.03658368,0.22527894,0.82360578,1.14975953,0.00000000,0.00000000,-0.41604900,-0.39958975,0.16286033,-0.64141452,0.27146161,0.00000000,0.00000000
0.22015253,0.03910189,0.20726746,0.81726635,1.15453196,0.00000000,0.00000000,-0.39007199,-0.38549504,0.13712099,-0.64732021,0.24641661,0.00000000,0.00000000
0.23485999,0.04207609,0.18770368,0.80992967,1.15947437,0.00000000,0.00000000,-0.36038023,-0.36947379,0.10929443,-0.65113646,0.21096113,0.00000000,0.00000000
0.25540900,0.04543271,0.16791023,0.80212456,1.16497612,0.00000000,0.00000000,-0.32968113,-0.35323745,0.07888091,-0.65293205,0.19501992,0.00000000,0.00000000
0.28388244,0.04822141,0.14958526,0.79483587,1.17531550,0.00000000,0.00000000,-0.30335358,-0.34024608,0.04474828,-0.65465868,0.17802550,0.00000000,0.00000000
0.31544784,0.04951224,0.13165040,0.78864259,1.19921243,0.00000000,0.00000000,-0.27966624,-0.33249632,0.00862079,-0.65821338,0.17160931,0.00000000,0.00000000
0.34327960,0.04945999,0.11223558,0.78361368,1.22987211,0.00000000,0.00000000,-0.25420615,-0.32826751,-0.02688378,-0.66335577,0.16900854,0.00000000,0.00000000
0.36606807,0.04878600,0.09187077,0.77972054,1.25551558,0.00000000,0.00000000,-0.22717081,-0.32520187,-0.06116674,-0.66920280,0.16477075,0.00000000,0.00000000
0.38542101,0.04828706,0.07209091,0.77705580,1.27514970,0.00000000,0.00000000,-0.20043486,-0.32209659,-0.09455618,-0.67540443,0.15887719,0.00000000,0.00000000
0.40245417,0.04865500,0.05384804,0.77580869,1.27326226,0.00000000,0.00000000,-0.17467308,-0.31864429,-0.12709047,-0.68206650,0.14951281,0.00000000,0.00000000
0.41742909,0.05036571,0.03745064,0.77612746,1.26716232,0.00000000,0.00000000,-0.14977160,-0.31480616,-0.15850969,-0.68938136,0.16228572,0.00000000,0.00000000
0.43022954,0.05360532,0.02290353,0.77798766,1.25964928,0.00000000,0.00000000,-0.12554441,-0.31068864,-0.18841863,-0.69751942,0.17075273,0.00000000,0.00000000
0.44061288,0.05836641,0.01010575,0.78121734,1.26318824,0.00000000,0.00000000,-0.10177699,-0.30660138,-0.21628365,-0.70662373,0.17853852,0.00000000,0.00000000
0.44861856,0.06443033,-0.00090883,0.78548682,1.25379860,0.00000000,0.00000000,-0.07799698,-0.30243894,-0.24143766,-0.71644211,0.17123207,0.00000000,0.00000000
0.45424679,0.07177934,-0.01008776,0.79049128,1.25482678,0.00000000,0.00000000,-0.05373006,-0.29796630,-0.26325679,-0.72661978,0.17525055,0.00000000,0.00000000
0.45737407,0.08054873,-0.01738816,0.79580569,1.24803913,0.00000000,0.00000000,-0.02875951,-0.29280609,-0.28131437,-0.73677748,0.16127945,0.00000000,0.00000000
0.45770025,0.09061725,-0.02283229,0.80057186,1.22914350,0.00000000,0.00000000,-0.00324827,-0.28670627,-0.29537621,-0.74667859,0.14866543,0.00000000,0.00000000
0.45471337,0.10144768,-0.02661864,0.80368578,1.18975425,0.00000000,0.00000000,0.02237893,-0.27994388,-0.30524722,-0.75645936,0.14335121,0.00000000,0.00000000
0.44778135,0.11263542,-0.02921453,0.80465281,1.14978611,0.00000000,0.00000000,0.04770208,-0.27304313,-0.31063786,-0.76656121,0.15298578,0.00000000,0.00000000
0.43631619,0.12408920,-0.03137924,0.80379850,1.13183451,0.00000000,0.00000000,0.07221866,-0.26557398,-0.31132853,-0.77728319,0.18030205,0.00000000,0.00000000
0.42009735,0.13549538,-0.03397444,0.80156773,1.12154210,0.00000000,0.00000000,0.09480343,-0.25529662,-0.30754644,-0.78839225,0.19833139,0.00000000,0.00000000
0.39970109,0.14652242,-0.03753296,0.79829097,1.11294043,0.00000000,0.00000000,0.11334107,-0.24027546,-0.29993075,-0.79980093,0.21698049,0.00000000,0.00000000
0.37692142,0.15715335,-0.04180403,0.79428434,1.10629690,0.00000000,0.00000000,0.12499652,-0.21992029,-0.28937641,-0.81154895,0.24067189,0.00000000,0.00000000
0.35484210,0.16747712,-0.04561565,0.78980261,1.11485898,0.00000000,0.00000000,0.12779570,-0.19476457,-0.27640420,-0.82320541,0.27446485,0.00000000,0.00000000
0.33714613,0.17769465,-0.04723631,0.78520018,1.11814463,0.00000000,0.00000000,0.12175069,-0.16832201,-0.26047125,-0.83453655,0.29768917,0.00000000,0.00000000
0.32604089,0.18796930,-0.04542246,0.78088951,1.10492706,0.00000000,0.00000000,0.10571066,-0.14297426,-0.24237695,-0.84512460,0.32301000,0.00000000,0.00000000
0.32162246,0.19855833,-0.03977508,0.77742118,1.10776830,0.00000000,0.00000000,0.08028345,-0.12238414,-0.22214475,-0.85530198,0.33211282,0.00000000,0.00000000
0.32235962,0.20962234,-0.03062503,0.77535617,1.11264622,0.00000000,0.00000000,0.04751552,-0.10902669,-0.19935626,-0.86517882,0.34304538,0.00000000,0.00000000
0.32514614,0.22105385,-0.01906143,0.77522707,1.12341309,0.00000000,0.00000000,0.00776775,-0.10176463,-0.17543650,-0.87435150,0.33965597,0.00000000,0.00000000
0.32901338,0.23214500,-0.00525737,0.77732182,1.13698661,0.00000000,0.00000000,-0.03716381,-0.09986945,-0.15074080,-0.88266343,0.31705254,0.00000000,0.00000000
0.33342677,0.24149151,0.01084886,0.78124106,1.14882135,0.00000000,0.00000000,-0.08467004,-0.10171901,-0.12528065,-0.88921857,0.29532728,0.00000000,0.00000000
0.33596614,0.24821381,0.02847812,0.78658128,1.14285803,0.00000000,0.00000000,-0.13119309,-0.10518955,-0.09892680,-0.89271545,0.27549860,0.00000000,0.00000000
0.33461878,0.25161186,0.04691760,0.79269910,1.12789297,0.00000000,0.00000000,-0.17199786,-0.11089426,-0.07080054,-0.89317757,0.24981458,0.00000000,0.00000000
0.33013269,0.25153187,0.06644753,0.79912108,1.10734642,0.00000000,0.00000000,-0.20560478,-0.12057506,-0.04138187,-0.89156038,0.21722382,0.00000000,0.00000000
0.32369456,0.24851653,0.08730664,0.80553949,1.08300960,0.00000000,0.00000000,-0.23359838,-0.13466670,-0.01223594,-0.88854957,0.19707397,0.00000000,0.00000000
0.31465119,0.24346566,0.10875002,0.81168026,1.07379603,0.00000000,0.00000000,-0.25725135,-0.15211783,0.01584333,-0.88429844,0.18977399,0.00000000,0.00000000
0.30206004,0.23709987,0.12982842,0.81733954,1.04219460,0.00000000,0.00000000,-0.27681875,-0.17164078,0.04305167,-0.87892872,0.20195141,0.00000000,0.00000000
0.28640822,0.22983056,0.15028374,0.82246888,1.03471506,0.00000000,0.00000000,-0.29278827,-0.19269866,0.06969536,-0.87288141,0.21709689,0.00000000,0.00000000
0.26863712,0.22208478,0.17025273,0.82719791,1.01806319,0.00000000,0.00000000,-0.30603018,-0.21493317,0.09595701,-0.86653972,0.22956933,0.00000000,0.00000000
0.24919550,0.21432726,0.18990737,0.83168215,0.99852991,0.00000000,0.00000000,-0.31755158,-0.23788308,0.12192275,-0.86019415,0.23725599,0.00000000,0.00000000
0.22818509,0.20702927,0.20942460,0.83610517,0.97926396,0.00000000,0.00000000,-0.32859614,-0.26085410,0.14745732,-0.85411948,0.23597595,0.00000000,0.00000000
0.20506574,0.20073614,0.22865264,0.84074068,0.95508969,0.00000000,0.00000000,-0.33950287,-0.28261420,0.17272106,-0.84851521,0.24261226,0.00000000,0.00000000
0.17903838,0.19598466,0.24704266,0.84597659,0.93195540,0.00000000,0.00000000,-0.34874937,-0.30169168,0.19853361,-0.84357655,0.25359121,0.00000000,0.00000000
0.15097310,0.19278532,0.26437819,0.85218400,0.90334994,0.00000000,0.00000000,-0.35585383,-0.31802669,0.22480235,-0.83987319,0.26348034,0.00000000,0.00000000
0.12334484,0.19140831,0.28081810,0.86009568,0.87312192,0.00000000,0.00000000,-0.36176750,-0.33119741,0.25052297,-0.83771110,0.27537778,0.00000000,0.00000000
0.09827030,0.19197974,0.29641521,0.87015992,0.83171833,0.00000000,0.00000000,-0.36765647,-0.34058204,0.27449134,-0.83698499,0.28010434,0.00000000,0.00000000
0.07695615,0.19393577,0.31116280,0.88209373,0.80076283,0.00000000,0.00000000,-0.37409356,-0.34657276,0.29572678,-0.83772248,0.27891371,0.00000000,0.00000000
0.05985168,0.19629316,0.32506770,0.89511949,0.75314587,0.00000000,0.00000000,-0.38063869,-0.35005733,0.31383586,-0.83991539,0.26890141,0.00000000,0.00000000
0.04666287,0.19812837,0.33803350,0.90826523,0.70354533,0.00000000,0.00000000,-0.38642246,-0.35185134,0.32886645,-0.84319752,0.25313061,0.00000000,0.00000000
0.03671460,0.19850573,0.34995452,0.92032361,0.66256475,0.00000000,0.00000000,-0.39100820,-0.35226306,0.34101227,-0.84681231,0.25227973,0.00000000,0.00000000
0.02920409,0.19691382,0.36072734,0.93026823,0.61300445,0.00000000,0.00000000,-0.39399773,-0.35151726,0.35069457,-0.85000759,0.24879070,0.00000000,0.00000000
0.02335941,0.19326273,0.37030801,0.93752271,0.56544638,0.00000000,0.00000000,-0.39514238,-0.34971517,0.35841936,-0.85240066,0.24486977,0.00000000,0.00000000
0.01856545,0.18770775,0.37880167,0.94208008,0.51845443,0.00000000,0.00000000,-0.39467743,-0.34674519,0.36452517,-0.85408032,0.23689187,0.00000000,0.00000000
0.01445188,0.18111718,0.38642257,0.94485015,0.48643211,0.00000000,0.00000000,-0.39284196,-0.34350750,0.36913586,-0.85583830,0.23285019,0.00000000,0.00000000
0.01086116,0.17477813,0.39342040,0.94727528,0.45292708,0.00000000,0.00000000,-0.38976151,-0.34114960,0.37234986,-0.85834819,0.22013591,0.00000000,0.00000000
0.00769408,0.16977815,0.39994061,0.95066535,0.41276738,0.00000000,0.00000000,-0.38539559,-0.33979830,0.37449056,-0.86133844,0.20874281,0.00000000,0.00000000
0.00463972,0.16659686,0.40584463,0.95568120,0.36224824,0.00000000,0.00000000,-0.37989166,-0.33871329,0.37592140,-0.86383659,0.20232333,0.00000000,0.00000000
0.00117961,0.16516200,0.41073135,0.96224320,0.32884610,0.00000000,0.00000000,-0.37371057,-0.33773497,0.37676176,-0.86527443,0.20295492,0.00000000,0.00000000
-0.00293107,0.16500419,0.41431600,0.96974796,0.30144468,0.00000000,0.00000000,-0.36766869,-0.33730948,0.37687549,-0.86575764,0.22621180,0.00000000,0.00000000
-0.00770027,0.16537832,0.41655821,0.97721303,0.24218592,0.00000000,0.00000000,-0.36250702,-0.33780608,0.37619269,-0.86567932,0.25546426,0.00000000,0.00000000
-0.01301457,0.16552663,0.41763183,0.98358494,0.17611974,0.00000000,0.00000000,-0.35848007,-0.33927271,0.37491027,-0.86532843,0.28891370,0.00000000,0.00000000
-0.01876673,0.16505608,0.41775101,0.98814654,0.10655907,0.00000000,0.00000000,-0.35510817,-0.34157342,0.37354732,-0.86478651,0.31023970,0.00000000,0.00000000
-0.02492192,0.16410950,0.41701385,0.99076766,0.02938232,0.00000000,0.00000000,-0.35174352,-0.34443885,0.37264085,-0.86407483,0.33074629,0.00000000,0.00000000
-0.03146289,0.16320348,0.41539222,0.99189228,-0.06431602,0.00000000,0.00000000,-0.34820956,-0.34765553,0.37238419,-0.86345053,0.35411829,0.00000000,0.00000000
-0.03812177,0.16296913,0.41291535,0.99245125,-0.14782846,0.00000000,0.00000000,-0.34505090,-0.35118824,0.37246808,-0.86343873,0.37476757,0.00000000,0.00000000
-0.04430778,0.16382352,0.40981975,0.99353939,-0.22037612,0.00000000,0.00000000,-0.34319636,-0.35498813,0.37227306,-0.86446148,0.40415254,0.00000000,0.00000000
-0.04951932,0.16563672,0.40645862,0.99572331,-0.27687472,0.00000000,0.00000000,-0.34321225,-0.35883582,0.37130019,-0.86647558,0.43227163,0.00000000,0.00000000
-0.05354510,0.16769725,0.40323666,0.99865878,-0.34225214,0.00000000,0.00000000,-0.34506705,-0.36224073,0.36939827,-0.86887550,0.45871225,0.00000000,0.00000000
-0.05646716,0.16919912,0.40047520,1.00153446,-0.40455326,0.00000000,0.00000000,-0.34807515,-0.36490667,0.36682409,-0.87101275,0.46921119,0.00000000,0.00000000
-0.05840159,0.16969508,0.39840132,1.00383604,-0.45537314,0.00000000,0.00000000,-0.35131681,-0.36693448,0.36405885,-0.87265962,0.46177143,0.00000000,0.00000000
-0.05934735,0.16918083,0.39719179,1.00563848,-0.49002269,0.00000000,0.00000000,-0.35408387,-0.36860695,0.36158019,-0.87401623,0.45717880,0.00000000,0.00000000
-0.05924784,0.16797790,0.39698690,1.00740230,-0.52567726,0.00000000,0.00000000,-0.35604364,-0.37011111,0.35970280,-0.87537336,0.45967728,0.00000000,0.00000000
-0.05817068,0.16662550,0.39782888,1.00966001,-0.56168091,0.00000000,0.00000000,-0.35714167,-0.37160441,0.35849392,-0.87688100,0.45661610,0.00000000,0.00000000
-0.05638532,0.16565804,0.39961764,1.01279318,-0.58809215,0.00000000,0.00000000,-0.35750297,-0.37324509,0.35778928,-0.87846839,0.44814935,0.00000000,0.00000000
-0.05436358,0.16536058,0.40207139,1.01694262,-0.62170398,0.00000000,0.00000000,-0.35730746,-0.37509421,0.35734507,-0.87993711,0.43085563,0.00000000,0.00000000
-0.05276036,0.16575873,0.40468234,1.02203584,-0.66038156,0.00000000,0.00000000,-0.35674909,-0.37706631,0.35697454,-0.88114375,0.39543673,0.00000000,0.00000000
-0.05228629,0.16674635,0.40680310,1.02780235,-0.70771551,0.00000000,0.00000000,-0.35600880,-0.37911665,0.35658610,-0.88219666,0.36111990,0.00000000,0.00000000
-0.05336333,0.16810428,0.40796262,1.03374791,-0.76524240,0.00000000,0.00000000,-0.35535973,-0.38126215,0.35610288,-0.88339114,0.31797212,0.00000000,0.00000000
-0.05590517,0.16950059,0.40812108,1.03917277,-0.81950825,0.00000000,0.00000000,-0.35523260,-0.38341758,0.35538861,-0.88493210,0.27236509,0.00000000,0.00000000
-0.05941403,0.17069462,0.40763542,1.04342890,-0.88261783,0.00000000,0.00000000,-0.35587928,-0.38535520,0.35436735,-0.88679183,0.22882606,0.00000000,0.00000000
-0.06321105,0.17170821,0.40705228,1.04623520,-0.94734937,0.00000000,0.00000000,-0.35720327,-0.38679227,0.35309634,-0.88876981,0.19410758,0.00000000,0.00000000
-0.06674770,0.17277128,0.40684199,1.04772508,-0.99125093,0.00000000,0.00000000,-0.35879216,-0.38754851,0.35174823,-0.89066392,0.15847306,0.00000000,0.00000000
-0.06973262,0.17410453,0.40727642,1.04827571,-1.01504040,0.00000000,0.00000000,-0.36018756,-0.38760620,0.35048142,-0.89235598,0.13007438,0.00000000,0.00000000
-0.07216647,0.17581615,0.40838465,1.04829240,-1.03944504,0.00000000,0.00000000,-0.36112121,-0.38706580,0.34933841,-0.89375621,0.10720286,0.00000000,0.00000000
-0.07434015,0.17792161,0.40996423,1.04801607,-1.06472051,0.00000000,0.00000000,-0.36151692,-0.38609770,0.34827286,-0.89473438,0.08755270,0.00000000,0.00000000
-0.07676307,0.18034598,0.41168335,1.04738986,-1.10060215,0.00000000,0.00000000,-0.36130464,-0.38484555,0.34727824,-0.89509326,0.07837968,0.00000000,0.00000000
-0.07996064,0.18293615,0.41325384,1.04613173,-1.13210750,0.00000000,0.00000000,-0.36028025,-0.38331825,0.34647486,-0.89459318,0.07214130,0.00000000,0.00000000
-0.08417931,0.18555534,0.41459119,1.04401875,-1.16034114,0.00000000,0.00000000,-0.35825425,-0.38153172,0.34598774,-0.89310026,0.06675431,0.00000000,0.00000000
-0.08927371,0.18815376,0.41582364,1.04109156,-1.19985521,0.00000000,0.00000000,-0.35526904,-0.37978664,0.34576222,-0.89074731,0.06422036,0.00000000,0.00000000
-0.09489205,0.19074805,0.41713548,1.03764081,-1.22666073,0.00000000,0.00000000,-0.35144997,-0.37862152,0.34564775,-0.88791257,0.07558893,0.00000000,0.00000000
-0.10063788,0.19332099,0.41864640,1.03410280,-1.25340343,0.00000000,0.00000000,-0.34709758,-0.37842911,0.34544697,-0.88502461,0.08937201,0.00000000,0.00000000
-0.10614081,0.19573446,0.42038792,1.03091741,-1.28178859,0.00000000,0.00000000,-0.34283218,-0.37922475,0.34488910,-0.88241011,0.09607150,0.00000000,0.00000000
-0.11115222,0.19780263,0.42230693,1.02842236,-1.32193124,0.00000000,0.00000000,-0.33896947,-0.38074014,0.34389338,-0.88025784,0.10424717,0.00000000,0.00000000
-0.11553147,0.19934528,0.42433673,1.02678514,-1.37173009,0.00000000,0.00000000,-0.33538413,-0.38246492,0.34260267,-0.87851763,0.11607143,0.00000000,0.00000000
-0.11919712,0.20013127,0.42645374,1.02592349,-1.41954470,0.00000000,0.00000000,-0.33205387,-0.38386241,0.34107351,-0.87700337,0.13577452,0.00000000,0.00000000
-0.12218541,0.20013998,0.42857394,1.02571845,-1.44807696,0.00000000,0.00000000,-0.32905781,-0.38480109,0.33921400,-0.87570244,0.16971229,0.00000000,0.00000000
-0.12458773,0.19954750,0.43055761,1.02611637,-1.47123992,0.00000000,0.00000000,-0.32638258,-0.38540336,0.33692554,-0.87473869,0.20390655,0.00000000,0.00000000
-0.12643300,0.19847395,0.43229869,1.02705836,-1.48743057,0.00000000,0.00000000,-0.32403436,-0.38558266,0.33414891,-0.87411487,0.26131245,0.00000000,0.00000000
-0.12781397,0.19697502,0.43366441,1.02845144,-1.49893022,0.00000000,0.00000000,-0.32182732,-0.38526973,0.33094150,-0.87383616,0.31883934,0.00000000,0.00000000
-0.12873511,0.19478016,0.43465462,1.03001618,-1.49812961,0.00000000,0.00000000,-0.31949320,-0.38413829,0.32744634,-0.87375236,0.37455130,0.00000000,0.00000000
-0.12916499,0.19180769,0.43523842,1.03156042,-1.50766063,0.00000000,0.00000000,-0.31694630,-0.38219616,0.32370150,-0.87378097,0.40946367,0.00000000,0.00000000
-0.12919082,0.18845706,0.43522930,1.03321266,-1.50945783,0.00000000,0.00000000,-0.31415206,-0.38002926,0.31963179,-0.87405181,0.43983909,0.00000000,0.00000000
-0.12874509,0.18460679,0.43469518,1.03495622,-1.52458131,0.00000000,0.00000000,-0.31070742,-0.37743187,0.31538364,-0.87432098,0.46895936,0.00000000,0.00000000
-0.12788841,0.18041725,0.43361074,1.03707314,-1.51796067,0.00000000,0.00000000,-0.30690125,-0.37436202,0.31062722,-0.87452054,0.48539433,0.00000000,0.00000000
-0.12653160,0.17578414,0.43212348,1.03978741,-1.51708412,0.00000000,0.00000000,-0.30281353,-0.37090632,0.30510098,-0.87488884,0.50815505,0.00000000,0.00000000
-0.12459619,0.17046222,0.43045047,1.04314542,-1.52270901,0.00000000,0.00000000,-0.29878703,-0.36721689,0.29832262,-0.87580574,0.52245194,0.00000000,0.00000000
-0.12210497,0.16417147,0.42879155,1.04692280,-1.53466225,0.00000000,0.00000000,-0.29501608,-0.36321545,0.28989506,-0.87744784,0.53777689,0.00000000,0.00000000
-0.11917347,0.15657203,0.42730659,1.05063808,-1.53197372,0.00000000,0.00000000,-0.29130885,-0.35835502,0.27971298,-0.87958926,0.55119258,0.00000000,0.00000000
-0.11598483,0.14748310,0.42603427,1.05391812,-1.51823854,0.00000000,0.00000000,-0.28721485,-0.35216504,0.26782629,-0.88201517,0.57502371,0.00000000,0.00000000
-0.11279196,0.13701099,0.42481452,1.05685067,-1.50393260,0.00000000,0.00000000,-0.28215003,-0.34468862,0.25430688,-0.88497514,0.58249801,0.00000000,0.00000000
-0.10992596,0.12535419,0.42331484,1.06008446,-1.46321225,0.00000000,0.00000000,-0.27547684,-0.33618373,0.23923302,-0.88924909,0.58232754,0.00000000,0.00000000
-0.10769342,0.11249512,0.42118713,1.06488061,-1.42636156,0.00000000,0.00000000,-0.26687863,-0.32637909,0.22255841,-0.89598560,0.58208913,0.00000000,0.00000000
-0.10623660,0.09786540,0.41826910,1.07313800,-1.36283672,0.00000000,0.00000000,-0.25650772,-0.31422615,0.20402090,-0.90678144,0.59902233,0.00000000,0.00000000
-0.10564829,0.07992528,0.41465655,1.08699024,-1.30331290,0.00000000,0.00000000,-0.24457170,-0.29804221,0.18329179,-0.92370415,0.61174947,0.00000000,0.00000000
-0.10612217,0.05589748,0.41071266,1.10796988,-1.23890221,0.00000000,0.00000000,-0.23148642,-0.27482665,0.15989944,-0.94846541,0.63524461,0.00000000,0.00000000
-0.10783396,0.02201014,0.40710571,1.13639724,-1.17937112,0.00000000,0.00000000,-0.21770437,-0.23946673,0.13332146,-0.98125064,0.64315629,0.00000000,0.00000000
-0.11075126,-0.02562567,0.40472057,1.17137575,-1.12026167,0.00000000,0.00000000,-0.20288324,-0.18620569,0.10326507,-1.02078605,0.64435410,0.00000000,0.00000000
-0.11396225,-0.08983050,0.40483814,1.21114540,-1.07694113,0.00000000,0.00000000,-0.18610045,-0.11135570,0.06942493,-1.06521499,0.63837153,0.00000000,0.00000000
-0.11437061,-0.17154458,0.40995002,1.25283992,-1.02936685,0.00000000,0.00000000,-0.16741312,-0.01372438,0.03073639,-1.11155117,0.63643813,0.00000000,0.00000000
-0.10865650,-0.26866156,0.42231950,1.29223216,-1.00252688,0.00000000,0.00000000,-0.14844862,0.10525356,-0.01476186,-1.15463912,0.63528830,0.00000000,0.00000000
-0.09701195,-0.37839606,0.44157863,1.32468498,-0.99630034,0.00000000,0.00000000,-0.12910326,0.24107443,-0.06755278,-1.18886364,0.63841653,0.00000000,0.00000000
-0.07815122,-0.50358701,0.46900681,1.34525490,-0.98912489,0.00000000,0.00000000,-0.10741232,0.39155024,-0.12622470,-1.20940733,0.64761710,0.00000000,0.00000000
-0.05096979,-0.64934564,0.50576520,1.34815013,-0.98853070,0.00000000,0.00000000,-0.08338720,0.55924869,-0.19002064,-1.21063375,0.63847291,0.00000000,0.00000000
-0.01597874,-0.81642920,0.55104715,1.32777226,-0.99119866,0.00000000,0.00000000,-0.05917083,0.74425542,-0.25865862,-1.18790591,0.63253045,0.00000000,0.00000000
0.02435636,-0.99739748,0.60254115,1.28053701,-0.99690270,0.00000000,0.00000000,-0.03801813,0.93918234,-0.33194920,-1.13919127,0.61410725,0.00000000,0.00000000
0.06397309,-1.18202960,0.65665567,1.20655239,-0.99882978,0.00000000,0.00000000,-0.02020525,1.13345826,-0.40839988,-1.06495333,0.59341371,0.00000000,0.00000000
0.09454571,-1.36479020,0.70707285,1.10897255,-0.99038553,0.00000000,0.00000000,-0.00219345,1.32059407,-0.48364985,-0.96811086,0.56474370,0.00000000,0.00000000
0.11018201,-1.54231393,0.74416608,0.99266177,-0.98704916,0.00000000,0.00000000,0.01878681,1.49575412,-0.54937094,-0.85316306,0.53601843,0.00000000,0.00000000
0.11161437,-1.70827687,0.75807172,0.86399966,-0.99520624,0.00000000,0.00000000,0.03934048,1.65110350,-0.59589261,-0.72710788,0.50800598,0.00000000,0.00000000
0.10439004,-1.85398424,0.74377686,0.73065597,-0.98897713,0.00000000,0.00000000,0.05378927,1.77556992,-0.61893922,-0.60488778,0.48802546,0.00000000,0.00000000
0.09160358,-1.97186685,0.70345002,0.60092723,-0.97595936,0.00000000,0.00000000,0.05853165,1.87323713,-0.62514412,-0.49920404,0.47893727,0.00000000,0.00000000
0.07376575,-2.05899811,0.64289004,0.48047188,-0.96843565,0.00000000,0.00000000,0.05566680,1.95028245,-0.62229508,-0.41356501,0.46092916,0.00000000,0.00000000
0.05137594,-2.11747169,0.56801236,0.37060225,-0.96491027,0.00000000,0.00000000,0.05078650,2.00890493,-0.61515546,-0.34771207,0.44820708,0.00000000,0.00000000
0.02569661,-2.15174699,0.48348239,0.26937318,-0.96146077,0.00000000,0.00000000,0.04851303,2.05339980,-0.60661197,-0.29802778,0.43773049,0.00000000,0.00000000
-0.00048160,-2.16656971,0.39235607,0.17474805,-0.95859414,0.00000000,0.00000000,0.05040556,2.08889484,-0.59801733,-0.25876635,0.41015354,0.00000000,0.00000000
-0.02417001,-2.16981030,0.29686105,0.08784490,-0.93955374,0.00000000,0.00000000,0.05593909,2.11866403,-0.58968222,-0.22468401,0.38737878,0.00000000,0.00000000
-0.04379671,-2.17000008,0.19916005,0.01187102,-0.91438866,0.00000000,0.00000000,0.06401438,2.14320159,-0.58145028,-0.19256134,0.37038991,0.00000000,0.00000000
-0.05952805,-2.16978359,0.10123336,-0.05136525,-0.87122369,0.00000000,0.00000000,0.07371332,2.16039753,-0.57306558,-0.16137885,0.34728488,0.00000000,0.00000000
-0.07258951,-2.16633964,0.00454205,-0.10358016,-0.82321244,0.00000000,0.00000000,0.08455723,2.16822529,-0.56435537,-0.13194241,0.32360533,0.00000000,0.00000000
-0.08426186,-2.15366459,-0.08991649,-0.14913079,-0.76951128,0.00000000,0.00000000,0.09659436,2.16990328,-0.55529946,-0.10634207,0.29950362,0.00000000,0.00000000
-0.09478197,-2.13332081,-0.18125552,-0.19158496,-0.71883893,0.00000000,0.00000000,0.10961650,2.17000008,-0.54606450,-0.08593780,0.26453882,0.00000000,0.00000000
-0.10356206,-2.10966921,-0.26854271,-0.23257919,-0.66704035,0.00000000,0.00000000,0.12264369,2.17000008,-0.53698301,-0.06955669,0.24470805,0.00000000,0.00000000
-0.11105689,-2.08541942,-0.35095179,-0.27234426,-0.61531049,0.00000000,0.00000000,0.13541682,2.17000008,-0.52836615,-0.05685690,0.22578895,0.00000000,0.00000000
-0.11629163,-2.06117725,-0.42750138,-0.30964321,-0.56606960,0.00000000,0.00000000,0.14717147,2.17000008,-0.52036029,-0.04928484,0.22314799,0.00000000,0.00000000
-0.11973599,-2.03758049,-0.49745488,-0.34363890,-0.49492171,0.00000000,0.00000000,0.15879111,2.17000008,-0.51313436,-0.04799732,0.22309719,0.00000000,0.00000000
-0.12064075,-2.01621699,-0.55978417,-0.37375599,-0.44194204,0.00000000,0.00000000,0.16998838,2.17000008,-0.50680453,-0.05179315,0.23806508,0.00000000,0.00000000
-0.11809719,-1.99815845,-0.61361003,-0.39939204,-0.39375061,0.00000000,0.00000000,0.17857383,2.17000008,-0.50141281,-0.05683820,0.24626446,0.00000000,0.00000000
-0.11559286,-1.98051178,-0.65944695,-0.41944808,-0.34940046,0.00000000,0.00000000,0.18704411,2.17000008,-0.49699098,-0.06405763,0.24982806,0.00000000,0.00000000
-0.11098397,-1.96667683,-0.69597864,-0.43452805,-0.29429549,0.00000000,0.00000000,0.19301553,2.17000008,-0.49346533,-0.07028793,0.22558410,0.00000000,0.00000000
-0.10486810,-1.95746970,-0.72295904,-0.44521174,-0.24746034,0.00000000,0.00000000,0.19636577,2.17000008,-0.49080124,-0.07459129,0.20372444,0.00000000,0.00000000
-0.09927849,-1.95221043,-0.74073714,-0.45209488,-0.20093480,0.00000000,0.00000000,0.19806105,2.17000008,-0.48900521,-0.07717564,0.18800153,0.00000000,0.00000000
-0.09588212,-1.95014107,-0.74971896,-0.45570198,-0.15924320,0.00000000,0.00000000,0.19871411,2.17000008,-0.48807967,-0.07828134,0.16841803,0.00000000,0.00000000
