l_joint1,l_joint2,l_joint3,l_joint4,l_joint5,l_joint6,l_joint7,r_joint1,r_joint2,r_joint3,r_joint4,r_joint5,r_joint6,r_joint7
-0.12849262,-1.88996077,-0.64290357,0.16157392,-0.11161486,0.00000000,0.00000000,0.02324038,1.97078061,-0.57521594,-0.22597134,0.03049561,0.00000000,0.00000000
-0.12834199,-1.88777518,-0.64408588,0.15937670,-0.13465470,0.00000000,0.00000000,0.02208212,1.97165573,-0.57762909,-0.22754906,0.02893766,0.00000000,0.00000000
-0.12772782,-1.88430202,-0.64640921,0.15515573,-0.14596681,0.00000000,0.00000000,0.02008839,1.97358930,-0.58239311,-0.23052958,0.02692865,0.00000000,0.00000000
-0.12589626,-1.87993264,-0.64991719,0.14935638,-0.15809873,0.00000000,0.00000000,0.01732061,1.97675157,-0.58959109,-0.23474763,0.03198378,0.00000000,0.00000000
-0.12342591,-1.87394297,-0.65446734,0.14234199,-0.16368861,0.00000000,0.00000000,0.01360843,1.98114014,-0.59926516,-0.24004455,0.04161228,0.00000000,0.00000000
-0.12308411,-1.86554694,-0.65974581,0.13356234,-0.17261162,0.00000000,0.00000000,0.00870148,1.98662531,-0.61145341,-0.24639085,0.05019314,0.00000000,0.00000000
-0.12448238,-1.85572553,-0.66582954,0.12287947,-0.17633842,0.00000000,0.00000000,0.00246059,1.99293315,-0.62621641,-0.25401089,0.05973558,0.00000000,0.00000000
-0.12519243,-1.84525549,-0.67292851,0.11082037,-0.17634858,0.00000000,0.00000000,-0.00528013,1.99979472,-0.64362919,-0.26325852,0.07205661,0.00000000,0.00000000
-0.12510845,-1.83415926,-0.68101478,0.09705509,-0.16559264,0.00000000,0.00000000,-0.01486114,2.00735760,-0.66379946,-0.27432629,0.08470733,0.00000000,0.00000000
-0.12486310,-1.82206476,-0.68999934,0.08100231,-0.14336057,0.00000000,0.00000000,-0.02687823,2.01621723,-0.68686604,-0.28719300,0.09362324,0.00000000,0.00000000
-0.12479889,-1.80809867,-0.69981581,0.06232660,-0.10828120,0.00000000,0.00000000,-0.04200070,2.02725649,-0.71301764,-0.30180234,0.10622109,0.00000000,0.00000000
-0.12523514,-1.79144752,-0.71043050,0.04062324,-0.07300200,0.00000000,0.00000000,-0.06076145,2.04146743,-0.74251151,-0.31814542,0.12199904,0.00000000,0.00000000
-0.12666039,-1.77328658,-0.72186846,0.01453663,-0.03606258,0.00000000,0.00000000,-0.08356606,2.05956531,-0.77563334,-0.33632588,0.13945511,0.00000000,0.00000000
-0.12936148,-1.75594139,-0.73412788,-0.01772100,-0.01032680,0.00000000,0.00000000,-0.11038952,2.08133912,-0.81265312,-0.35710138,0.17431486,0.00000000,0.00000000
-0.13251145,-1.74009204,-0.74708182,-0.05675101,0.02652117,0.00000000,0.00000000,-0.14084500,2.10577416,-0.85380745,-0.38195494,0.20756654,0.00000000,0.00000000
-0.13459213,-1.72495437,-0.76046467,-0.10246319,0.07070182,0.00000000,0.00000000,-0.17478676,2.13114572,-0.89918226,-0.41301805,0.24496020,0.00000000,0.00000000
-0.13406877,-1.71003306,-0.77385706,-0.15541877,0.11104331,0.00000000,0.00000000,-0.21224093,2.15348148,-0.94830644,-0.45376855,0.27879885,0.00000000,0.00000000
-0.13065968,-1.69669330,-0.78670716,-0.21813469,0.14040007,0.00000000,0.00000000,-0.25173888,2.16638041,-0.99951208,-0.50983870,0.32126981,0.00000000,0.00000000
-0.12574875,-1.68825150,-0.79831761,-0.29500040,0.17586917,0.00000000,0.00000000,-0.29163182,2.16776037,-1.05019546,-0.58613956,0.35997522,0.00000000,0.00000000
-0.11867125,-1.68894982,-0.80726814,-0.38890082,0.20295665,0.00000000,0.00000000,-0.33280176,2.15691948,-1.09875834,-0.68350261,0.39181623,0.00000000,0.00000000
-0.10745132,-1.70219243,-0.81129837,-0.49960622,0.22697687,0.00000000,0.00000000,-0.37858617,2.12691140,-1.14495063,-0.79993111,0.42244390,0.00000000,0.00000000
-0.09235496,-1.72625017,-0.80913341,-0.62358981,0.24512376,0.00000000,0.00000000,-0.43454522,2.07553816,-1.18809330,-0.93206745,0.44871128,0.00000000,0.00000000
-0.07748560,-1.75118625,-0.80329609,-0.75391656,0.26814356,0.00000000,0.00000000,-0.50622791,1.99686432,-1.22228730,-1.07468450,0.47698027,0.00000000,0.00000000
-0.06428324,-1.76614082,-0.79857481,-0.88363212,0.28772265,0.00000000,0.00000000,-0.59827095,1.87751591,-1.23392761,-1.21668708,0.50850767,0.00000000,0.00000000
-0.05344168,-1.76925552,-0.80009300,-1.00998104,0.30164605,0.00000000,0.00000000,-0.72087586,1.72025132,-1.21695232,-1.34032845,0.55116981,0.00000000,0.00000000
-0.04612647,-1.76635849,-0.81136620,-1.13104653,0.30663794,0.00000000,0.00000000,-0.87344784,1.53432488,-1.17250407,-1.43892682,0.59642297,0.00000000,0.00000000
-0.04265070,-1.76408076,-0.83304358,-1.24408841,0.32157421,0.00000000,0.00000000,-1.04832840,1.32901204,-1.10303080,-1.51154530,0.62498075,0.00000000,0.00000000
-0.04237370,-1.76683855,-0.86405897,-1.34677148,0.33363560,0.00000000,0.00000000,-1.23656774,1.11509585,-1.01206219,-1.55769515,0.65325493,0.00000000,0.00000000
-0.04453159,-1.77685356,-0.90311927,-1.43746865,0.35157663,0.00000000,0.00000000,-1.42902410,0.90451801,-0.90437764,-1.57764757,0.66527247,0.00000000,0.00000000
-0.04849209,-1.79537523,-0.94908518,-1.51551449,0.36366439,0.00000000,0.00000000,-1.61746836,0.70886320,-0.78530145,-1.57310367,0.67563969,0.00000000,0.00000000
-0.05276845,-1.82269788,-1.00058019,-1.58117938,0.36975247,0.00000000,0.00000000,-1.79592907,0.53777421,-0.66005135,-1.54759777,0.68272489,0.00000000,0.00000000
-0.05352142,-1.85719538,-1.05507731,-1.63591480,0.38047045,0.00000000,0.00000000,-1.96231377,0.39828017,-0.53396171,-1.50593495,0.69668835,0.00000000,0.00000000
-0.04738763,-1.89461374,-1.10980821,-1.68174958,0.38965899,0.00000000,0.00000000,-2.11719561,0.29308850,-0.41108277,-1.45449197,0.69697195,0.00000000,0.00000000
-0.03552166,-1.93107998,-1.16343081,-1.71875954,0.39105043,0.00000000,0.00000000,-2.26045990,0.21826927,-0.29184088,-1.40225303,0.70319152,0.00000000,0.00000000
-0.02038134,-1.96517801,-1.21502483,-1.74727845,0.39308730,0.00000000,0.00000000,-2.39302278,0.16660403,-0.17604622,-1.35815644,0.71145433,0.00000000,0.00000000
-0.00369774,-1.99619210,-1.26405621,-1.76801956,0.40284717,0.00000000,0.00000000,-2.51589942,0.13060544,-0.06353264,-1.32847202,0.71663761,0.00000000,0.00000000
0.01433276,-2.02270675,-1.31066144,-1.78029585,0.39976889,0.00000000,0.00000000,-2.62824202,0.10263404,0.04676528,-1.31485665,0.72852886,0.00000000,0.00000000
0.03333929,-2.04388189,-1.35429847,-1.78452814,0.39210093,0.00000000,0.00000000,-2.72727537,0.07772079,0.15660101,-1.31200325,0.74006778,0.00000000,0.00000000
0.05271509,-2.05995011,-1.39295399,-1.78299630,0.38759211,0.00000000,0.00000000,-2.81210947,0.05171976,0.26585546,-1.31515825,0.75103897,0.00000000,0.00000000
0.07395183,-2.07203078,-1.42268538,-1.77710009,0.37942669,0.00000000,0.00000000,-2.88322258,0.01914260,0.37280393,-1.32277167,0.75220972,0.00000000,0.00000000
0.09903013,-2.07986069,-1.44282603,-1.76553011,0.37747595,0.00000000,0.00000000,-2.93984056,-0.02313427,0.47622541,-1.33583450,0.75174028,0.00000000,0.00000000
0.12860242,-2.08250213,-1.45540106,-1.74680674,0.38146690,0.00000000,0.00000000,-2.98000550,-0.07505333,0.57569176,-1.35535121,0.76115602,0.00000000,0.00000000
0.16312222,-2.07999444,-1.46152759,-1.72079587,0.38981298,0.00000000,0.00000000,-3.00230193,-0.13480207,0.67058730,-1.38104439,0.77208447,0.00000000,0.00000000
0.20309536,-2.07309461,-1.46164906,-1.68798769,0.39935866,0.00000000,0.00000000,-3.00898123,-0.19944817,0.76039350,-1.41148984,0.78895640,0.00000000,0.00000000
0.24670385,-2.06182098,-1.45793247,-1.65189731,0.40789834,0.00000000,0.00000000,-3.00760603,-0.26488969,0.84479380,-1.44424307,0.79954106,0.00000000,0.00000000
0.28926507,-2.04654503,-1.45188546,-1.62239659,0.41797289,0.00000000,0.00000000,-2.99760771,-0.32607007,0.92365748,-1.47612035,0.82506198,0.00000000,0.00000000
0.33207452,-2.02805543,-1.44330037,-1.60342228,0.42799431,0.00000000,0.00000000,-2.97598481,-0.37827459,0.99702781,-1.50366759,0.84122694,0.00000000,0.00000000
0.37736586,-2.00617242,-1.43369544,-1.59613764,0.43843916,0.00000000,0.00000000,-2.94439435,-0.41784105,1.06652558,-1.52371824,0.86910498,0.00000000,0.00000000
0.42500755,-1.98049128,-1.42604375,-1.60162580,0.45754188,0.00000000,0.00000000,-2.90580511,-0.44332889,1.13458335,-1.53399885,0.88822699,0.00000000,0.00000000
0.47393969,-1.95000100,-1.42517567,-1.61527288,0.47757804,0.00000000,0.00000000,-2.86391282,-0.45623586,1.20109510,-1.53277588,0.90490139,0.00000000,0.00000000
0.52121723,-1.91637993,-1.43296206,-1.62875926,0.50006670,0.00000000,0.00000000,-2.82410407,-0.46088275,1.26186299,-1.51873016,0.92515022,0.00000000,0.00000000
0.56094623,-1.88368034,-1.44804657,-1.64207804,0.52908367,0.00000000,0.00000000,-2.79153466,-0.46007869,1.31421781,-1.49066997,0.93233162,0.00000000,0.00000000
0.59102374,-1.85360074,-1.47114074,-1.65605748,0.55052102,0.00000000,0.00000000,-2.76959944,-0.45522079,1.35729146,-1.45094931,0.94703788,0.00000000,0.00000000
0.61105770,-1.82758546,-1.50268269,-1.67092049,0.55473489,0.00000000,0.00000000,-2.76206279,-0.45020834,1.38664436,-1.40711665,0.95730591,0.00000000,0.00000000
0.62067735,-1.80807519,-1.54187632,-1.68747520,0.55779326,0.00000000,0.00000000,-2.77044702,-0.44812921,1.39898133,-1.36772239,0.97701418,0.00000000,0.00000000
0.61923897,-1.79789329,-1.58722985,-1.70692384,0.55749935,0.00000000,0.00000000,-2.79286885,-0.44982126,1.39388120,-1.33681428,0.99601448,0.00000000,0.00000000
0.60693055,-1.79902816,-1.63631225,-1.73010683,0.53946191,0.00000000,0.00000000,-2.82632232,-0.45457527,1.37239134,-1.31350708,1.01925838,0.00000000,0.00000000
0.58458102,-1.81195366,-1.68598497,-1.75724697,0.51627368,0.00000000,0.00000000,-2.86671734,-0.46081850,1.33667195,-1.29402661,1.04131114,0.00000000,0.00000000
0.55418837,-1.83337319,-1.73350012,-1.78696275,0.50392097,0.00000000,0.00000000,-2.90985131,-0.46671769,1.28960323,-1.27183831,1.05914092,0.00000000,0.00000000
0.52251029,-1.85477602,-1.77642727,-1.81718898,0.49178407,0.00000000,0.00000000,-2.95247555,-0.46947071,1.23505259,-1.24035013,1.08103025,0.00000000,0.00000000
0.49419335,-1.87330627,-1.81297696,-1.84572995,0.47631496,0.00000000,0.00000000,-2.98725271,-0.46854889,1.17616665,-1.20055401,1.09405386,0.00000000,0.00000000
0.47189581,-1.88976359,-1.84238219,-1.87012017,0.45858824,0.00000000,0.00000000,-3.00544214,-0.46378416,1.11779213,-1.15881515,1.10814595,0.00000000,0.00000000
0.45679998,-1.90404999,-1.86515081,-1.88868642,0.43471384,0.00000000,0.00000000,-3.00974226,-0.45453855,1.06633282,-1.12263834,1.12122035,0.00000000,0.00000000
0.44863963,-1.91513872,-1.88190424,-1.90129912,0.39898804,0.00000000,0.00000000,-3.00999999,-0.44142601,1.02651703,-1.09717500,1.13172293,0.00000000,0.00000000
0.44703206,-1.92239404,-1.89209187,-1.90852737,0.37095979,0.00000000,0.00000000,-3.00999999,-0.42621911,1.00038505,-1.08420944,1.14440918,0.00000000,0.00000000
0.45219386,-1.92608643,-1.89415371,-1.91085696,0.33284485,0.00000000,0.00000000,-3.00999999,-0.41137838,0.98825055,-1.08387053,1.16115749,0.00000000,0.00000000
0.46498960,-1.92717147,-1.88680613,-1.90827250,0.29214236,0.00000000,0.00000000,-3.00999999,-0.39921966,0.98963225,-1.09579039,1.18381059,0.00000000,0.00000000
0.48727745,-1.92722869,-1.86960220,-1.90064323,0.25356099,0.00000000,0.00000000,-3.00999999,-0.39083746,1.00374579,-1.11907268,1.19022274,0.00000000,0.00000000
0.52011770,-1.92773819,-1.84291852,-1.88958156,0.22471459,0.00000000,0.00000000,-3.00999999,-0.38585827,1.02963758,-1.15221572,1.18539405,0.00000000,0.00000000
0.56026483,-1.92838204,-1.81018925,-1.87708771,0.19398780,0.00000000,0.00000000,-3.00999999,-0.38336781,1.06582117,-1.19334149,1.16973221,0.00000000,0.00000000
0.60227120,-1.92820013,-1.77600706,-1.86398399,0.15876943,0.00000000,0.00000000,-3.00999999,-0.38210669,1.10999179,-1.23983228,1.15871418,0.00000000,0.00000000
0.64379364,-1.92796004,-1.74111307,-1.85005820,0.12784912,0.00000000,0.00000000,-3.00996733,-0.38029858,1.15881729,-1.28783178,1.14117169,0.00000000,0.00000000
0.68419862,-1.92812765,-1.70743716,-1.83450484,0.09909703,0.00000000,0.00000000,-3.00930142,-0.37594441,1.20786762,-1.33252180,1.10783899,0.00000000,0.00000000
0.72001022,-1.92714500,-1.68126082,-1.81967890,0.06622334,0.00000000,0.00000000,-3.00514340,-0.36808166,1.25196517,-1.36973500,1.06840301,0.00000000,0.00000000
0.74582005,-1.92356420,-1.66698921,-1.81197250,0.03431847,0.00000000,0.00000000,-2.99479651,-0.35678944,1.28615069,-1.39652169,1.02812815,0.00000000,0.00000000
0.75921565,-1.91799140,-1.66567314,-1.81503856,0.00456768,0.00000000,0.00000000,-2.98296523,-0.34296146,1.30655408,-1.41165459,0.98039651,0.00000000,0.00000000
0.75996739,-1.91279805,-1.67491114,-1.83084524,-0.02704602,0.00000000,0.00000000,-2.97472334,-0.32771006,1.31064653,-1.41514874,0.93827385,0.00000000,0.00000000
0.74784762,-1.90943372,-1.69163334,-1.85869050,-0.05543600,0.00000000,0.00000000,-2.97223949,-0.31139871,1.29763460,-1.40718305,0.89025563,0.00000000,0.00000000
0.71928751,-1.90753067,-1.71227396,-1.89596522,-0.08238816,0.00000000,0.00000000,-2.97666001,-0.29569209,1.26592624,-1.38878429,0.84743905,0.00000000,0.00000000
0.67258757,-1.90896356,-1.73302507,-1.93869674,-0.11503001,0.00000000,0.00000000,-2.98687720,-0.28252608,1.21465182,-1.36194217,0.80731487,0.00000000,0.00000000
0.60975152,-1.91436803,-1.75134826,-1.98209107,-0.14796579,0.00000000,0.00000000,-2.99901223,-0.27275467,1.14530480,-1.32878220,0.75957215,0.00000000,0.00000000
0.53593171,-1.92100990,-1.76621127,-2.02194357,-0.17401981,0.00000000,0.00000000,-3.00748277,-0.26512504,1.06261182,-1.29100800,0.71053034,0.00000000,0.00000000
0.45881969,-1.92402411,-1.77786028,-2.05498147,-0.20665126,0.00000000,0.00000000,-3.00985026,-0.25636226,0.97484350,-1.25094283,0.67173123,0.00000000,0.00000000
0.38755211,-1.92103064,-1.78620780,-2.07828760,-0.24861416,0.00000000,0.00000000,-3.00999999,-0.24301767,0.89196301,-1.21240413,0.64573014,0.00000000,0.00000000
0.32436317,-1.91191328,-1.79062712,-2.09030986,-0.29182830,0.00000000,0.00000000,-3.00999999,-0.22347143,0.82172936,-1.17866361,0.62622428,0.00000000,0.00000000
0.26823476,-1.89719784,-1.79019582,-2.09108973,-0.33873078,0.00000000,0.00000000,-3.00999999,-0.19640946,0.77003866,-1.15112329,0.59873158,0.00000000,0.00000000
0.21797431,-1.87693226,-1.78330970,-2.08187151,-0.38097271,0.00000000,0.00000000,-3.00999999,-0.16115938,0.74070644,-1.12978411,0.57227910,0.00000000,0.00000000
0.17273122,-1.85122526,-1.76758516,-2.06404471,-0.41927531,0.00000000,0.00000000,-3.00999999,-0.11870456,0.73518795,-1.11401045,0.56419545,0.00000000,0.00000000
0.13217285,-1.82090259,-1.74073982,-2.03848338,-0.45608076,0.00000000,0.00000000,-3.00999999,-0.07218040,0.75320858,-1.10351300,0.56402755,0.00000000,0.00000000
0.09677196,-1.78735542,-1.70111310,-2.00521851,-0.48891190,0.00000000,0.00000000,-3.00999999,-0.02595640,0.79340905,-1.09869957,0.56520218,0.00000000,0.00000000
0.06727294,-1.75153351,-1.64772046,-1.96373487,-0.53032923,0.00000000,0.00000000,-3.00999999,0.01574410,0.85348827,-1.10055518,0.56683975,0.00000000,0.00000000
0.04354475,-1.71315050,-1.58065665,-1.91368830,-0.56932628,0.00000000,0.00000000,-3.00999999,0.04986540,0.93045616,-1.11032581,0.56463695,0.00000000,0.00000000
0.02427346,-1.67091489,-1.50073040,-1.85535491,-0.60146648,0.00000000,0.00000000,-3.00999999,0.07467174,1.02079260,-1.12874365,0.55410147,0.00000000,0.00000000
0.00742206,-1.62319160,-1.40887547,-1.78966689,-0.62521380,0.00000000,0.00000000,-3.00999999,0.08955323,1.12063026,-1.15574443,0.54711568,0.00000000,0.00000000
-0.00884657,-1.56872869,-1.30581212,-1.71751702,-0.65807348,0.00000000,0.00000000,-3.00999999,0.09474360,1.22594690,-1.19041908,0.54266447,0.00000000,0.00000000
-0.02618570,-1.50702429,-1.19247603,-1.63962555,-0.68430549,0.00000000,0.00000000,-3.00976849,0.09099900,1.33265483,-1.23100746,0.54569554,0.00000000,0.00000000
-0.04639443,-1.43853617,-1.07023752,-1.55713201,-0.69943154,0.00000000,0.00000000,-3.00599098,0.07929131,1.43665886,-1.27526546,0.55104184,0.00000000,0.00000000
-0.07124798,-1.36492074,-0.94056696,-1.47202742,-0.70740074,0.00000000,0.00000000,-2.99091196,0.06048130,1.53377485,-1.32081246,0.54257011,0.00000000,0.00000000
-0.10221556,-1.28926575,-0.80492288,-1.38719320,-0.72412789,0.00000000,0.00000000,-2.96324015,0.03586784,1.61977041,-1.36529541,0.52824503,0.00000000,0.00000000
-0.13949682,-1.21549714,-0.66441935,-1.30561376,-0.73709595,0.00000000,0.00000000,-2.92774391,0.00950083,1.69060361,-1.40695548,0.50388163,0.00000000,0.00000000
-0.18467408,-1.14279246,-0.52266771,-1.22985554,-0.74046367,0.00000000,0.00000000,-2.89094591,-0.01210826,1.74322748,-1.44510520,0.48069182,0.00000000,0.00000000
-0.24518666,-1.06372142,-0.38840503,-1.16675770,-0.74515903,0.00000000,0.00000000,-2.85853791,-0.02687916,1.77711368,-1.47978377,0.45877331,0.00000000,0.00000000
-0.32176602,-0.97685266,-0.26413536,-1.12390196,-0.75095898,0.00000000,0.00000000,-2.83223248,-0.03583959,1.79338098,-1.51095462,0.42523685,0.00000000,0.00000000
-0.41485709,-0.88154072,-0.15233837,-1.10321546,-0.76156276,0.00000000,0.00000000,-2.81187820,-0.03931679,1.79273355,-1.53886664,0.38635483,0.00000000,0.00000000
-0.52515268,-0.77867693,-0.05635231,-1.10351515,-0.78174090,0.00000000,0.00000000,-2.79791260,-0.03791492,1.77421772,-1.56416798,0.35245866,0.00000000,0.00000000
-0.65262395,-0.66992944,0.02020672,-1.11920953,-0.78612834,0.00000000,0.00000000,-2.79145122,-0.03318226,1.73557413,-1.58782828,0.33175197,0.00000000,0.00000000
-0.79678696,-0.55481970,0.07290822,-1.13846982,-0.79131967,0.00000000,0.00000000,-2.79314733,-0.02656109,1.67505324,-1.61074936,0.32738727,0.00000000,0.00000000
-0.95474046,-0.43181762,0.09824979,-1.15197146,-0.80693722,0.00000000,0.00000000,-2.80303478,-0.01859654,1.59270036,-1.63277650,0.32101643,0.00000000,0.00000000
-1.12061787,-0.31052926,0.09548537,-1.16313934,-0.82521045,0.00000000,0.00000000,-2.82057691,-0.00886514,1.49061203,-1.65233219,0.31224540,0.00000000,0.00000000
-1.28709352,-0.20206344,0.06724963,-1.17774999,-0.83815205,0.00000000,0.00000000,-2.84528255,0.00336375,1.37217832,-1.66635048,0.29215792,0.00000000,0.00000000
-1.44724917,-0.11423612,0.01912997,-1.19969976,-0.85345048,0.00000000,0.00000000,-2.87666583,0.01887568,1.24168146,-1.67076981,0.26906687,0.00000000,0.00000000
-1.59561980,-0.05132059,-0.04070035,-1.23091626,-0.87541962,0.00000000,0.00000000,-2.91296387,0.03851132,1.10457957,-1.66187394,0.26034564,0.00000000,0.00000000
-1.72848177,-0.01315620,-0.10228974,-1.27051103,-0.90571690,0.00000000,0.00000000,-2.94999099,0.06311915,0.96758193,-1.63751352,0.26505566,0.00000000,0.00000000
-1.84364796,0.00420110,-0.15621896,-1.31520259,-0.91303372,0.00000000,0.00000000,-2.98183441,0.09266994,0.83739781,-1.59765077,0.27526370,0.00000000,0.00000000
-1.93993032,0.00690518,-0.19634961,-1.36014009,-0.91748869,0.00000000,0.00000000,-3.00222921,0.12666821,0.72014600,-1.54365659,0.28904516,0.00000000,0.00000000
-2.01664662,0.00110595,-0.22034746,-1.40032339,-0.92461318,0.00000000,0.00000000,-3.00903869,0.16471824,0.62158394,-1.47771657,0.30250737,0.00000000,0.00000000
-2.07340312,-0.00865427,-0.22854643,-1.43182003,-0.93807840,0.00000000,0.00000000,-3.00995946,0.20573676,0.54621458,-1.40260851,0.31278014,0.00000000,0.00000000
-2.11040163,-0.02004083,-0.22342679,-1.45201969,-0.94431567,0.00000000,0.00000000,-3.00999999,0.24820746,0.49654019,-1.32095551,0.33556539,0.00000000,0.00000000
-2.12927341,-0.03225903,-0.20924476,-1.45910001,-0.93851811,0.00000000,0.00000000,-3.00992775,0.29019427,0.47272763,-1.23468876,0.35509259,0.00000000,0.00000000
-2.13333631,-0.04451232,-0.19080195,-1.45180571,-0.92699599,0.00000000,0.00000000,-3.00848341,0.32916322,0.47305530,-1.14545798,0.37546167,0.00000000,0.00000000
-2.12641287,-0.05549916,-0.17280266,-1.42963541,-0.91365880,0.00000000,0.00000000,-2.99943376,0.36243048,0.49485567,-1.05549824,0.38444203,0.00000000,0.00000000
-2.11121535,-0.06448611,-0.15922244,-1.39298117,-0.90881997,0.00000000,0.00000000,-2.97350240,0.38857475,0.53529024,-0.96832371,0.37954831,0.00000000,0.00000000
-2.08902860,-0.07351184,-0.15201871,-1.34375167,-0.90048069,0.00000000,0.00000000,-2.92943478,0.40902624,0.59115380,-0.88812077,0.38343945,0.00000000,0.00000000
-2.05996132,-0.08781376,-0.15066047,-1.28541291,-0.89721054,0.00000000,0.00000000,-2.86953044,0.42687574,0.65862119,-0.81814456,0.37565121,0.00000000,0.00000000
-2.02281070,-0.11325669,-0.15313633,-1.22158647,-0.88665473,0.00000000,0.00000000,-2.79762959,0.44474861,0.73334384,-0.75972825,0.36974204,0.00000000,0.00000000
-1.97530842,-0.15330198,-0.15679944,-1.15413451,-0.86836410,0.00000000,0.00000000,-2.71930790,0.46417123,0.81062210,-0.71147090,0.36166739,0.00000000,0.00000000
-1.91459131,-0.20569293,-0.15939490,-1.08137083,-0.84994322,0.00000000,0.00000000,-2.64074063,0.48618346,0.88613236,-0.66983932,0.34933782,0.00000000,0.00000000
-1.83907783,-0.26350090,-0.15762269,-0.99853432,-0.82754028,0.00000000,0.00000000,-2.56935358,0.50466406,0.95435148,-0.63679123,0.33103412,0.00000000,0.00000000
-1.74944282,-0.31977683,-0.14714234,-0.90062147,-0.81700623,0.00000000,0.00000000,-2.50975180,0.51350677,1.01167977,-0.61891037,0.30943859,0.00000000,0.00000000
-1.64727902,-0.37187797,-0.12406709,-0.78514129,-0.81068212,0.00000000,0.00000000,-2.46395564,0.51011014,1.05663705,-0.61777705,0.28991187,0.00000000,0.00000000
-1.53445959,-0.41930157,-0.08656696,-0.65159947,-0.80526841,0.00000000,0.00000000,-2.43213797,0.49509293,1.08918405,-0.63222092,0.28272191,0.00000000,0.00000000
-1.41314709,-0.46227920,-0.03477433,-0.50084049,-0.79102635,0.00000000,0.00000000,-2.41336012,0.47142273,1.11010408,-0.66111696,0.27436990,0.00000000,0.00000000
-1.28584325,-0.50164557,0.02961707,-0.33478186,-0.79061407,0.00000000,0.00000000,-2.40695477,0.44208509,1.11991632,-0.70344192,0.25682157,0.00000000,0.00000000
-1.15539443,-0.53856343,0.10369547,-0.15620354,-0.80781502,0.00000000,0.00000000,-2.41410708,0.40790254,1.11774611,-0.75790548,0.24698675,0.00000000,0.00000000
-1.02490723,-0.57404000,0.18370096,0.03145900,-0.82442081,0.00000000,0.00000000,-2.43677616,0.36880392,1.10215819,-0.82209265,0.23431507,0.00000000,0.00000000
-0.89753568,-0.60872614,0.26547387,0.22432193,-0.85360080,0.00000000,0.00000000,-2.47366881,0.32914695,1.07435834,-0.89071411,0.22000523,0.00000000,0.00000000
-0.77616411,-0.64303571,0.34497434,0.41827989,-0.87846571,0.00000000,0.00000000,-2.52385187,0.29387471,1.03579283,-0.95453560,0.20639157,0.00000000,0.00000000
-0.66315782,-0.67711413,0.41874278,0.60920817,-0.90400791,0.00000000,0.00000000,-2.58758783,0.26434869,0.98672742,-1.00396812,0.19837175,0.00000000,0.00000000
-0.56021261,-0.71071821,0.48418769,0.79316312,-0.93008876,0.00000000,0.00000000,-2.66129565,0.24324478,0.93020040,-1.03368855,0.20162660,0.00000000,0.00000000
-0.46833089,-0.74329329,0.53967923,0.96654069,-0.96299446,0.00000000,0.00000000,-2.74013519,0.23024844,0.86930412,-1.04334795,0.20619754,0.00000000,0.00000000
-0.38788322,-0.77397120,0.58448613,1.12620175,-1.00672662,0.00000000,0.00000000,-2.81852317,0.22405308,0.80745411,-1.03344083,0.20634723,0.00000000,0.00000000
-0.31869900,-0.80163026,0.61864156,1.26948738,-1.04877710,0.00000000,0.00000000,-2.88993430,0.22457817,0.74876469,-1.00416279,0.20313160,0.00000000,0.00000000
-0.25993803,-0.82519472,0.64300686,1.39430988,-1.07789540,0.00000000,0.00000000,-2.94818830,0.23108847,0.69662976,-0.95634496,0.20430203,0.00000000,0.00000000
-0.21018808,-0.84348822,0.65914291,1.49941564,-1.10105860,0.00000000,0.00000000,-2.98756337,0.24196784,0.65346920,-0.89170462,0.20629580,0.00000000,0.00000000
-0.16785392,-0.85501868,0.66890550,1.58454287,-1.11090398,0.00000000,0.00000000,-3.00572467,0.25547111,0.62083203,-0.81261408,0.20398772,0.00000000,0.00000000
-0.13126980,-0.85839581,0.67427999,1.65024161,-1.11739981,0.00000000,0.00000000,-3.00976253,0.26994190,0.59945107,-0.72214794,0.19269332,0.00000000,0.00000000
-0.09886910,-0.85264134,0.67709762,1.69762206,-1.12707746,0.00000000,0.00000000,-3.00999999,0.28368819,0.58936197,-0.62418479,0.19713731,0.00000000,0.00000000
-0.06961683,-0.83622015,0.67847806,1.72856748,-1.11934698,0.00000000,0.00000000,-3.00999999,0.29576111,0.58992791,-0.52254713,0.20095162,0.00000000,0.00000000
-0.04315620,-0.80791748,0.67854089,1.74605012,-1.10664594,0.00000000,0.00000000,-3.00999999,0.30596465,0.59987879,-0.42060322,0.21073285,0.00000000,0.00000000
-0.01877671,-0.76986027,0.67727733,1.75434899,-1.09888446,0.00000000,0.00000000,-3.00999999,0.31418797,0.61732817,-0.32105523,0.21312413,0.00000000,0.00000000
0.00512752,-0.72596556,0.67520416,1.75870037,-1.08044434,0.00000000,0.00000000,-3.00999999,0.32091257,0.63985807,-0.22498278,0.21895862,0.00000000,0.00000000
0.02910256,-0.68061501,0.67191023,1.76314819,-1.05812562,0.00000000,0.00000000,-3.00998068,0.32701853,0.66511852,-0.13252589,0.22119667,0.00000000,0.00000000
0.05212094,-0.63733447,0.66603506,1.76943183,-1.03373551,0.00000000,0.00000000,-3.00955820,0.33178142,0.69141001,-0.04459884,0.22072303,0.00000000,0.00000000
0.07268187,-0.59767741,0.65628880,1.77669096,-1.00388539,0.00000000,0.00000000,-3.00653005,0.33193266,0.71816599,0.03601562,0.20507771,0.00000000,0.00000000
0.09069675,-0.56259745,0.64274889,1.78279734,-0.97294652,0.00000000,0.00000000,-2.99705338,0.32463661,0.74574494,0.10688919,0.19415990,0.00000000,0.00000000
0.10751869,-0.53242135,0.62660319,1.78715312,-0.93135965,0.00000000,0.00000000,-2.97980499,0.31285855,0.77447915,0.16886295,0.19357468,0.00000000,0.00000000
0.12557630,-0.50710511,0.60986215,1.79159880,-0.89347029,0.00000000,0.00000000,-2.95383668,0.30278254,0.80407363,0.22462271,0.19167291,0.00000000,0.00000000
0.14550824,-0.48678771,0.59303397,1.79774380,-0.87030113,0.00000000,0.00000000,-2.91779709,0.29490539,0.83432943,0.27582714,0.18950020,0.00000000,0.00000000
0.16580619,-0.47030067,0.57465851,1.80538416,-0.85646623,0.00000000,0.00000000,-2.87095118,0.29105520,0.86477154,0.32549042,0.19239624,0.00000000,0.00000000
0.18645650,-0.45647287,0.55461043,1.81228447,-0.86081278,0.00000000,0.00000000,-2.81156921,0.29322135,0.89415526,0.37491807,0.19952366,0.00000000,0.00000000
0.20873670,-0.44481486,0.53404725,1.81744945,-0.86014754,0.00000000,0.00000000,-2.73833656,0.30218989,0.92115641,0.42336008,0.20217420,0.00000000,0.00000000
0.23201361,-0.43503204,0.51260799,1.82147670,-0.85849303,0.00000000,0.00000000,-2.65054154,0.32177064,0.94341850,0.46769318,0.19151346,0.00000000,0.00000000
0.25548488,-0.42682517,0.48976767,1.82563841,-0.86738294,0.00000000,0.00000000,-2.55006099,0.35990390,0.95772690,0.50623268,0.18954323,0.00000000,0.00000000
0.27875701,-0.41899359,0.46518287,1.83004177,-0.87540704,0.00000000,0.00000000,-2.43838716,0.41419077,0.96344119,0.53579623,0.18996228,0.00000000,0.00000000
0.30178684,-0.40775836,0.43843868,1.83398235,-0.87647277,0.00000000,0.00000000,-2.31697679,0.47815537,0.96133828,0.55321234,0.19275367,0.00000000,0.00000000
0.32528776,-0.38972989,0.40981430,1.83645415,-0.88945961,0.00000000,0.00000000,-2.18793082,0.54635763,0.95258468,0.55705947,0.19481638,0.00000000,0.00000000
0.34993082,-0.36419916,0.37994558,1.83664346,-0.91326451,0.00000000,0.00000000,-2.05343986,0.61423260,0.93878132,0.54772097,0.20816904,0.00000000,0.00000000
0.37588370,-0.33222085,0.34929377,1.83421457,-0.93018734,0.00000000,0.00000000,-1.91538489,0.67882413,0.92147249,0.52696443,0.21637425,0.00000000,0.00000000
0.40274712,-0.29542029,0.31790465,1.82921731,-0.94942051,0.00000000,0.00000000,-1.77537286,0.73924124,0.90158963,0.49713317,0.23783912,0.00000000,0.00000000
0.42986858,-0.25567400,0.28563541,1.82160401,-0.96450198,0.00000000,0.00000000,-1.63508463,0.79620808,0.87921315,0.46018025,0.25745854,0.00000000,0.00000000
0.45667523,-0.21538889,0.25252634,1.81043315,-0.98924792,0.00000000,0.00000000,-1.49691939,0.85141599,0.85344136,0.41665125,0.28687698,0.00000000,0.00000000
0.48318538,-0.17708729,0.21930836,1.79430056,-1.00571108,0.00000000,0.00000000,-1.36436045,0.90653694,0.82273138,0.36537382,0.31224370,0.00000000,0.00000000
0.51108992,-0.14226966,0.18818724,1.77362013,-1.01844656,0.00000000,0.00000000,-1.24124300,0.96182513,0.78594637,0.30443671,0.32946905,0.00000000,0.00000000
0.54160529,-0.11185633,0.16098259,1.75235140,-1.03696525,0.00000000,0.00000000,-1.13067913,1.01706362,0.74298233,0.23331888,0.33958435,0.00000000,0.00000000
0.57361978,-0.08733588,0.13762629,1.73730719,-1.03224123,0.00000000,0.00000000,-1.03480589,1.07391024,0.69454092,0.15399411,0.34688571,0.00000000,0.00000000
0.60418749,-0.06982655,0.11650455,1.73348355,-1.03062630,0.00000000,0.00000000,-0.95503592,1.13444996,0.64191443,0.06944595,0.36695385,0.00000000,0.00000000
0.63210493,-0.06032060,0.09750886,1.73951185,-1.01771712,0.00000000,0.00000000,-0.89201605,1.19817698,0.58686799,-0.01805932,0.38587081,0.00000000,0.00000000
0.65738136,-0.05758986,0.08111870,1.75079954,-0.99934959,0.00000000,0.00000000,-0.84523553,1.26205051,0.53141057,-0.10683796,0.40050426,0.00000000,0.00000000
0.67941523,-0.05990911,0.06680990,1.76286387,-0.97982818,0.00000000,0.00000000,-0.81342494,1.32393467,0.47748116,-0.19476682,0.41001189,0.00000000,0.00000000
0.69786483,-0.06464223,0.05359491,1.77270091,-0.95722002,0.00000000,0.00000000,-0.79450971,1.38113606,0.42674997,-0.28018048,0.43072459,0.00000000,0.00000000
0.71330202,-0.06837206,0.04104589,1.78031683,-0.92624032,0.00000000,0.00000000,-0.78529304,1.43179095,0.38046643,-0.36101109,0.45427501,0.00000000,0.00000000
0.72552627,-0.06960282,0.02808997,1.78554893,-0.87906021,0.00000000,0.00000000,-0.78135145,1.47498119,0.33919632,-0.43483821,0.47080123,0.00000000,0.00000000
0.73587036,-0.06767096,0.01512054,1.78810894,-0.83843082,0.00000000,0.00000000,-0.77800822,1.50999749,0.30277693,-0.49956092,0.48833451,0.00000000,0.00000000
0.74651295,-0.06252616,0.00335288,1.78750277,-0.79679340,0.00000000,0.00000000,-0.77176136,1.53671551,0.27063519,-0.55326897,0.50597352,0.00000000,0.00000000
0.75841552,-0.05434513,-0.00700467,1.78358042,-0.76140088,0.00000000,0.00000000,-0.76089615,1.55531824,0.24203043,-0.59420830,0.52492768,0.00000000,0.00000000
0.77100849,-0.04316049,-0.01694359,1.77677560,-0.71944326,0.00000000,0.00000000,-0.74569285,1.56543922,0.21633993,-0.62155294,0.52595466,0.00000000,0.00000000
0.78352070,-0.02942372,-0.02735836,1.76720679,-0.69257241,0.00000000,0.00000000,-0.72754979,1.56724429,0.19331288,-0.63606054,0.51884240,0.00000000,0.00000000
0.79567045,-0.01413240,-0.03839038,1.75438261,-0.66331840,0.00000000,0.00000000,-0.70836955,1.56169343,0.17296945,-0.64050514,0.51585722,0.00000000,0.00000000
0.80769765,0.00044769,-0.04950731,1.73740506,-0.61883825,0.00000000,0.00000000,-0.69081676,1.55022275,0.15520854,-0.63932508,0.51929629,0.00000000,0.00000000
0.82028210,0.01108694,-0.05968560,1.71757770,-0.58916396,0.00000000,0.00000000,-0.67813337,1.53534317,0.13969640,-0.63689309,0.53420150,0.00000000,0.00000000
0.83354104,0.01531343,-0.06845061,1.70023882,-0.57296830,0.00000000,0.00000000,-0.67287266,1.52131975,0.12615786,-0.63577175,0.54384995,0.00000000,0.00000000
0.84568202,0.01382681,-0.07703194,1.69210160,-0.57179409,0.00000000,0.00000000,-0.67591655,1.51171422,0.11498045,-0.63630456,0.56175679,0.00000000,0.00000000
0.85568249,0.00854799,-0.08573743,1.69647312,-0.57451850,0.00000000,0.00000000,-0.68692529,1.50838566,0.10704948,-0.63823050,0.57651657,0.00000000,0.00000000
0.86517173,0.00004707,-0.09246100,1.70960748,-0.57301956,0.00000000,0.00000000,-0.70450348,1.51083767,0.10280133,-0.64226460,0.59465164,0.00000000,0.00000000
0.87383902,-0.01042474,-0.09675168,1.72537625,-0.57493979,0.00000000,0.00000000,-0.72728300,1.51790798,0.10258330,-0.64913809,0.60307074,0.00000000,0.00000000
0.88016140,-0.02088781,-0.09977408,1.73963535,-0.58493441,0.00000000,0.00000000,-0.75315177,1.52881348,0.10595721,-0.65897328,0.61058664,0.00000000,0.00000000
0.88410598,-0.02959119,-0.10202882,1.75142896,-0.59965503,0.00000000,0.00000000,-0.77924675,1.54292536,0.11189970,-0.67166477,0.61633086,0.00000000,0.00000000
0.88627827,-0.03561588,-0.10369653,1.76057148,-0.61465788,0.00000000,0.00000000,-0.80174184,1.55898738,0.11891235,-0.68720323,0.61567903,0.00000000,0.00000000
0.88676709,-0.03800990,-0.10539535,1.76695085,-0.63872284,0.00000000,0.00000000,-0.81660998,1.57557380,0.12618892,-0.70450836,0.60981274,0.00000000,0.00000000
0.88595182,-0.03599668,-0.10750911,1.77022743,-0.65124863,0.00000000,0.00000000,-0.82204103,1.59124756,0.13370413,-0.72105718,0.60767299,0.00000000,0.00000000
0.88455808,-0.02953165,-0.11009129,1.76987481,-0.66194743,0.00000000,0.00000000,-0.81907380,1.60534000,0.14080144,-0.73345762,0.61099929,0.00000000,0.00000000
0.88368809,-0.01904864,-0.11270402,1.76578259,-0.66717470,0.00000000,0.00000000,-0.80946869,1.61741185,0.14593159,-0.73934865,0.63569289,0.00000000,0.00000000
0.88383275,-0.00551139,-0.11513931,1.75802159,-0.67125094,0.00000000,0.00000000,-0.79434276,1.62458408,0.14757033,-0.73889714,0.65943038,0.00000000,0.00000000
0.88433206,0.00983782,-0.11783404,1.74666405,-0.67695504,0.00000000,0.00000000,-0.77472275,1.62247479,0.14517231,-0.73413992,0.67867464,0.00000000,0.00000000
0.88568079,0.02557665,-0.12004767,1.73234725,-0.67102677,0.00000000,0.00000000,-0.75198358,1.61228526,0.13943255,-0.72733915,0.68567669,0.00000000,0.00000000
0.88987315,0.03905623,-0.11985170,1.71609116,-0.65326041,0.00000000,0.00000000,-0.72878695,1.59942746,0.13156402,-0.72076899,0.68650484,0.00000000,0.00000000
0.89674067,0.04772187,-0.11752287,1.69894552,-0.63150889,0.00000000,0.00000000,-0.70919895,1.58687949,0.12289234,-0.71632761,0.68206328,0.00000000,0.00000000
0.90523976,0.05052814,-0.11418720,1.68357635,-0.61825836,0.00000000,0.00000000,-0.69518274,1.57602024,0.11499242,-0.71465349,0.66769570,0.00000000,0.00000000
0.91468406,0.04759803,-0.11055385,1.67410314,-0.61178410,0.00000000,0.00000000,-0.68737680,1.56918585,0.10893766,-0.71506101,0.64559376,0.00000000,0.00000000
0.92368114,0.04056237,-0.10764432,1.67352498,-0.60850257,0.00000000,0.00000000,-0.68575823,1.56837213,0.10459761,-0.71666348,0.62773013,0.00000000,0.00000000
0.93141019,0.03097384,-0.10572768,1.68190336,-0.60612684,0.00000000,0.00000000,-0.68936586,1.57485116,0.10166612,-0.71892011,0.60895669,0.00000000,0.00000000
0.93846542,0.01951298,-0.10382961,1.69638896,-0.61022288,0.00000000,0.00000000,-0.69675559,1.58858466,0.10055913,-0.72188163,0.60298222,0.00000000,0.00000000
0.94472474,0.00690015,-0.10164864,1.71258986,-0.61316401,0.00000000,0.00000000,-0.70680976,1.60767519,0.10168070,-0.72624171,0.61205035,0.00000000,0.00000000
0.94754034,-0.00559514,-0.10139070,1.72711122,-0.61120737,0.00000000,0.00000000,-0.71884674,1.62895942,0.10479972,-0.73332173,0.62767392,0.00000000,0.00000000
0.94429201,-0.01619918,-0.10554935,1.73909450,-0.61899728,0.00000000,0.00000000,-0.73138303,1.64979792,0.10936592,-0.74380451,0.64065886,0.00000000,0.00000000
0.93792874,-0.02240458,-0.11183555,1.74988866,-0.63433075,0.00000000,0.00000000,-0.74134582,1.66925776,0.11403023,-0.75620019,0.66163528,0.00000000,0.00000000
0.93182391,-0.02303217,-0.11779892,1.76020908,-0.65603870,0.00000000,0.00000000,-0.74582499,1.68726993,0.11731385,-0.76767802,0.66531557,0.00000000,0.00000000
0.92744201,-0.01892591,-0.12262687,1.76897717,-0.67821342,0.00000000,0.00000000,-0.74387956,1.70310056,0.11817665,-0.77536488,0.66578269,0.00000000,0.00000000
0.92476022,-0.01136489,-0.12650399,1.77476549,-0.69190842,0.00000000,0.00000000,-0.73677617,1.71418357,0.11665785,-0.77793026,0.66786873,0.00000000,0.00000000
0.92355222,-0.00134875,-0.12955233,1.77649033,-0.71592456,0.00000000,0.00000000,-0.72648668,1.71796441,0.11315046,-0.77599800,0.67063886,0.00000000,0.00000000
0.92415005,0.01035747,-0.13126862,1.77339184,-0.73713899,0.00000000,0.00000000,-0.71385825,1.71445513,0.10724789,-0.77133489,0.67799342,0.00000000,0.00000000
0.92710286,0.02349327,-0.13090453,1.76535988,-0.76562798,0.00000000,0.00000000,-0.69911784,1.70497012,0.09826297,-0.76568329,0.68478966,0.00000000,0.00000000
0.93219543,0.03788490,-0.12847179,1.75258207,-0.79067034,0.00000000,0.00000000,-0.68288416,1.69048584,0.08626093,-0.76028204,0.69745100,0.00000000,0.00000000
0.93784761,0.05275572,-0.12542801,1.73498201,-0.81252623,0.00000000,0.00000000,-0.66638404,1.67141628,0.07236273,-0.75603139,0.71050608,0.00000000,0.00000000
0.94309103,0.06587918,-0.12291161,1.71263266,-0.83155906,0.00000000,0.00000000,-0.65134817,1.64879608,0.05856143,-0.75353914,0.71869093,0.00000000,0.00000000
0.94921130,0.07463054,-0.12017923,1.68856132,-0.84628510,0.00000000,0.00000000,-0.63977844,1.62544489,0.04722847,-0.75289285,0.71897179,0.00000000,0.00000000
0.95615053,0.07866023,-0.11757856,1.66892636,-0.84978086,0.00000000,0.00000000,-0.63287884,1.60547709,0.04026229,-0.75304997,0.70785391,0.00000000,0.00000000
0.96288109,0.07865404,-0.11611477,1.65785277,-0.85155427,0.00000000,0.00000000,-0.63091326,1.59228361,0.03830785,-0.75252169,0.69517034,0.00000000,0.00000000
0.96940517,0.07490829,-0.11575650,1.65571594,-0.83969337,0.00000000,0.00000000,-0.63339567,1.58740163,0.04116699,-0.75061178,0.67950398,0.00000000,0.00000000
0.97597063,0.06814437,-0.11617421,1.66023207,-0.82280272,0.00000000,0.00000000,-0.63923746,1.59044266,0.04807761,-0.74782699,0.66028386,0.00000000,0.00000000
0.98282051,0.05958249,-0.11721157,1.66728723,-0.80569130,0.00000000,0.00000000,-0.64651388,1.59936500,0.05756473,-0.74565524,0.64471829,0.00000000,0.00000000
0.98958153,0.05118825,-0.11953257,1.67335260,-0.77063292,0.00000000,0.00000000,-0.65328151,1.61097097,0.06817737,-0.74589175,0.63215697,0.00000000,0.00000000
0.99560797,0.04445195,-0.12403198,1.67631459,-0.73578966,0.00000000,0.00000000,-0.65815216,1.62244081,0.07901862,-0.74975115,0.62217969,0.00000000,0.00000000
1.00085592,0.04126667,-0.13099058,1.67613578,-0.71151769,0.00000000,0.00000000,-0.65978676,1.63195562,0.08902834,-0.75718617,0.61808658,0.00000000,0.00000000
1.00577307,0.04288420,-0.14023471,1.67312992,-0.69236392,0.00000000,0.00000000,-0.65764946,1.63892090,0.09715790,-0.76602143,0.61010462,0.00000000,0.00000000
1.01068306,0.04953634,-0.15149228,1.66733015,-0.68239802,0.00000000,0.00000000,-0.65251774,1.64309800,0.10250749,-0.77254581,0.59071982,0.00000000,0.00000000
1.01525056,0.06060588,-0.16473766,1.65862584,-0.66556907,0.00000000,0.00000000,-0.64498007,1.64268231,0.10467500,-0.77341366,0.57501853,0.00000000,0.00000000
1.02055645,0.07422577,-0.17842489,1.64713955,-0.63835776,0.00000000,0.00000000,-0.63481641,1.63452315,0.10360412,-0.76737458,0.56943238,0.00000000,0.00000000
1.02787399,0.08712832,-0.19080047,1.63412595,-0.61694980,0.00000000,0.00000000,-0.62422276,1.61957979,0.09942883,-0.75574160,0.55956274,0.00000000,0.00000000
1.03548729,0.09694903,-0.20280497,1.62130141,-0.60566705,0.00000000,0.00000000,-0.61608046,1.60298944,0.09246291,-0.74158907,0.55973428,0.00000000,0.00000000
1.04222596,0.10199640,-0.21514101,1.60851026,-0.59291732,0.00000000,0.00000000,-0.61325854,1.58859742,0.08358800,-0.72789145,0.57590359,0.00000000,0.00000000
1.04829288,0.10223373,-0.22742233,1.59535301,-0.58124924,0.00000000,0.00000000,-0.61657387,1.57771206,0.07445075,-0.71596789,0.60471934,0.00000000,0.00000000
1.05411112,0.09951335,-0.23888078,1.58223736,-0.55960417,0.00000000,0.00000000,-0.62497646,1.57140946,0.06671740,-0.70596379,0.63020647,0.00000000,0.00000000
1.05901992,0.09657763,-0.24930558,1.56966424,-0.55236524,0.00000000,0.00000000,-0.63744581,1.57002878,0.06200121,-0.69804436,0.65714228,0.00000000,0.00000000
1.06232798,0.09396718,-0.25874826,1.55608356,-0.55021268,0.00000000,0.00000000,-0.65366846,1.57347536,0.06185730,-0.69236261,0.68576103,0.00000000,0.00000000
1.06362438,0.09213339,-0.26702929,1.53989291,-0.54228407,0.00000000,0.00000000,-0.67341453,1.58064806,0.06689195,-0.68938923,0.70807499,0.00000000,0.00000000
1.06139386,0.09214367,-0.27514869,1.52058339,-0.54916817,0.00000000,0.00000000,-0.69566607,1.59025037,0.07780430,-0.68966961,0.73497528,0.00000000,0.00000000
1.05496848,0.09411628,-0.28389424,1.49725032,-0.55192506,0.00000000,0.00000000,-0.71960139,1.60136437,0.09423351,-0.69307637,0.76191735,0.00000000,0.00000000
1.04502237,0.09813071,-0.29323649,1.46900308,-0.55889887,0.00000000,0.00000000,-0.74452460,1.61273396,0.11504730,-0.69920427,0.78450567,0.00000000,0.00000000
1.03179598,0.10470524,-0.30352750,1.43548989,-0.56864262,0.00000000,0.00000000,-0.76896501,1.62322152,0.13909732,-0.70737529,0.81135863,0.00000000,0.00000000
1.01687872,0.11510656,-0.31382060,1.39723170,-0.57890105,0.00000000,0.00000000,-0.79044151,1.63216019,0.16486295,-0.71652204,0.83818233,0.00000000,0.00000000
1.00045836,0.13027236,-0.32410359,1.35531068,-0.59628057,0.00000000,0.00000000,-0.80827755,1.63889885,0.19011877,-0.72455353,0.85677612,0.00000000,0.00000000
0.98294985,0.14957403,-0.33438179,1.31085050,-0.62599534,0.00000000,0.00000000,-0.82269728,1.64329910,0.21282977,-0.72912544,0.86835569,0.00000000,0.00000000
0.96815866,0.17105792,-0.34248051,1.26554942,-0.64875340,0.00000000,0.00000000,-0.83232945,1.64440644,0.23168327,-0.72887254,0.89133269,0.00000000,0.00000000
0.95886749,0.19166556,-0.34718978,1.22118604,-0.66237146,0.00000000,0.00000000,-0.83590829,1.64064562,0.24612688,-0.72392386,0.91586995,0.00000000,0.00000000
0.95443738,0.20954567,-0.34923565,1.17995954,-0.67980415,0.00000000,0.00000000,-0.83569854,1.63097584,0.25628325,-0.71568340,0.93293500,0.00000000,0.00000000
0.95326829,0.22271578,-0.34980449,1.14394140,-0.70116860,0.00000000,0.00000000,-0.83657426,1.61634648,0.26311132,-0.70644194,0.93972874,0.00000000,0.00000000
0.95453596,0.22782324,-0.34988934,1.11377394,-0.72982657,0.00000000,0.00000000,-0.84140211,1.60081589,0.26793852,-0.69875932,0.94095641,0.00000000,0.00000000
0.95807165,0.22548576,-0.34946862,1.09032452,-0.75061631,0.00000000,0.00000000,-0.85042989,1.58780944,0.27185336,-0.69409013,0.94260430,0.00000000,0.00000000
0.96380550,0.21796231,-0.34820110,1.07422125,-0.77271903,0.00000000,0.00000000,-0.86232615,1.58005202,0.27534497,-0.69189495,0.94577032,0.00000000,0.00000000
0.97111076,0.20886466,-0.34572530,1.06592453,-0.79596782,0.00000000,0.00000000,-0.87478065,1.57971036,0.27790278,-0.69065005,0.93776262,0.00000000,0.00000000
0.97874266,0.20142463,-0.34190771,1.06438899,-0.81965077,0.00000000,0.00000000,-0.88544321,1.58794320,0.27867728,-0.68912315,0.92868412,0.00000000,0.00000000
0.98549521,0.19630268,-0.33696634,1.06646323,-0.85346490,0.00000000,0.00000000,-0.89314014,1.60446620,0.27735814,-0.68726659,0.91718131,0.00000000,0.00000000
0.99024773,0.19250642,-0.33163127,1.06866241,-0.88954628,0.00000000,0.00000000,-0.89744395,1.62848115,0.27473733,-0.68541229,0.90831375,0.00000000,0.00000000
0.98947704,0.19112831,-0.32837462,1.06955922,-0.92303008,0.00000000,0.00000000,-0.89838195,1.65649378,0.27315477,-0.68506885,0.89386827,0.00000000,0.00000000
0.98463875,0.19192035,-0.32741725,1.06793463,-0.95158863,0.00000000,0.00000000,-0.89574993,1.68570864,0.27424634,-0.68582028,0.88788915,0.00000000,0.00000000
0.97837704,0.19633479,-0.32772225,1.06543136,-0.97172713,0.00000000,0.00000000,-0.89005196,1.71307945,0.27833483,-0.68681240,0.89529389,0.00000000,0.00000000
0.97037798,0.20325519,-0.32992035,1.06236577,-0.98408508,0.00000000,0.00000000,-0.88303119,1.73675001,0.28385121,-0.68784511,0.91125590,0.00000000,0.00000000
0.96094429,0.21301517,-0.33395725,1.05903244,-1.00127149,0.00000000,0.00000000,-0.87602055,1.75281072,0.28941745,-0.68797380,0.92208505,0.00000000,0.00000000
0.95239097,0.22461906,-0.33877152,1.05464697,-1.02059507,0.00000000,0.00000000,-0.86984175,1.75861239,0.29415700,-0.68629628,0.92328578,0.00000000,0.00000000
0.94733644,0.23678757,-0.34318936,1.04884195,-1.03743017,0.00000000,0.00000000,-0.86487055,1.75340259,0.29761747,-0.68257838,0.91564715,0.00000000,0.00000000
0.94742912,0.24888903,-0.34648275,1.04202950,-1.05408263,0.00000000,0.00000000,-0.86124086,1.73782670,0.29967546,-0.67718548,0.90211284,0.00000000,0.00000000
0.95251977,0.26065275,-0.34869498,1.03520286,-1.07232308,0.00000000,0.00000000,-0.85961866,1.71359801,0.30055332,-0.67060030,0.89561999,0.00000000,0.00000000
0.96189749,0.26950425,-0.35031998,1.02857172,-1.09432721,0.00000000,0.00000000,-0.86022764,1.68312383,0.30063722,-0.66357696,0.88521516,0.00000000,0.00000000
0.97571027,0.26986995,-0.35173935,1.02109671,-1.12421787,0.00000000,0.00000000,-0.86247498,1.64925122,0.30040950,-0.65757596,0.87039053,0.00000000,0.00000000
0.99178064,0.26208860,-0.35363635,1.01579642,-1.15740550,0.00000000,0.00000000,-0.86829412,1.61421978,0.30052608,-0.65393311,0.86195219,0.00000000,0.00000000
1.00421667,0.25301024,-0.35776776,1.01804924,-1.19229245,0.00000000,0.00000000,-0.87645781,1.58188665,0.30170500,-0.65246230,0.85594624,0.00000000,0.00000000
1.01378107,0.24397215,-0.36319190,1.02706110,-1.21938837,0.00000000,0.00000000,-0.88525313,1.55644917,0.30404904,-0.65188706,0.85050833,0.00000000,0.00000000
1.02293158,0.23501752,-0.36814216,1.04091060,-1.23244047,0.00000000,0.00000000,-0.89384961,1.54095471,0.30704397,-0.65088707,0.83783877,0.00000000,0.00000000
1.03302896,0.22661760,-0.37120673,1.05707288,-1.24330401,0.00000000,0.00000000,-0.90171587,1.53696275,0.31010720,-0.64867783,0.83550084,0.00000000,0.00000000
1.04425645,0.21947891,-0.37146148,1.07250679,-1.25006425,0.00000000,0.00000000,-0.90866435,1.54386854,0.31281096,-0.64569217,0.83507961,0.00000000,0.00000000
1.05328763,0.21325985,-0.37019268,1.08387983,-1.26117647,0.00000000,0.00000000,-0.91467887,1.56097662,0.31509000,-0.64244139,0.82433373,0.00000000,0.00000000
1.05664289,0.20862761,-0.36910763,1.08996153,-1.28484142,0.00000000,0.00000000,-0.91999847,1.58645046,0.31713259,-0.64025229,0.80973524,0.00000000,0.00000000
1.05428910,0.20612863,-0.36867127,1.09043741,-1.30278456,0.00000000,0.00000000,-0.92329043,1.61867642,0.31849542,-0.63947272,0.79704940,0.00000000,0.00000000
1.04701757,0.20886694,-0.36917093,1.08715129,-1.31384575,0.00000000,0.00000000,-0.92188388,1.65273845,0.31953222,-0.64205164,0.78252047,0.00000000,0.00000000
1.03386176,0.21579437,-0.37227857,1.08073747,-1.31981099,0.00000000,0.00000000,-0.91605657,1.68513215,0.31979677,-0.65001363,0.77496183,0.00000000,0.00000000
1.01796472,0.22424431,-0.37718818,1.07178104,-1.32300103,0.00000000,0.00000000,-0.90728003,1.71410859,0.31977656,-0.66408157,0.77803415,0.00000000,0.00000000
1.00352824,0.23165923,-0.38219589,1.06137705,-1.32821000,0.00000000,0.00000000,-0.89778382,1.73801911,0.32008767,-0.68413991,0.78386950,0.00000000,0.00000000
0.99227101,0.23831607,-0.38660330,1.05141246,-1.34230638,0.00000000,0.00000000,-0.88962930,1.75523758,0.32111436,-0.70718342,0.79311991,0.00000000,0.00000000
0.98511481,0.24501933,-0.38996521,1.04358518,-1.35023177,0.00000000,0.00000000,-0.88597685,1.76457596,0.32263845,-0.72949207,0.80182832,0.00000000,0.00000000
0.98288202,0.25214013,-0.39183745,1.03916895,-1.35864747,0.00000000,0.00000000,-0.88861126,1.76538026,0.32425576,-0.74873811,0.80777025,0.00000000,0.00000000
0.98557502,0.26021048,-0.39206868,1.03899193,-1.36141241,0.00000000,0.00000000,-0.89703208,1.75533402,0.32596827,-0.76423424,0.81210607,0.00000000,0.00000000
0.99314702,0.26511955,-0.39123449,1.04112947,-1.36660361,0.00000000,0.00000000,-0.90746450,1.73455215,0.32812297,-0.77553272,0.82416821,0.00000000,0.00000000
1.00475240,0.26502475,-0.38966256,1.04473400,-1.38747597,0.00000000,0.00000000,-0.91782641,1.70665479,0.33111903,-0.78392953,0.83916354,0.00000000,0.00000000
1.01891530,0.25974852,-0.38763371,1.04983604,-1.40889835,0.00000000,0.00000000,-0.92730218,1.67861903,0.33512828,-0.79122621,0.85207516,0.00000000,0.00000000
1.03335977,0.25203338,-0.38534269,1.05774081,-1.44105971,0.00000000,0.00000000,-0.93499303,1.65490270,0.33985859,-0.79782230,0.86596125,0.00000000,0.00000000
1.04660749,0.24407478,-0.38269711,1.06830430,-1.46887124,0.00000000,0.00000000,-0.94024163,1.63736963,0.34441897,-0.80344629,0.88394356,0.00000000,0.00000000
1.05780292,0.23657303,-0.37947127,1.07972622,-1.48735261,0.00000000,0.00000000,-0.94276655,1.62718868,0.34793553,-0.80769670,0.88549620,0.00000000,0.00000000
1.06624842,0.22978587,-0.37537968,1.09016025,-1.50804734,0.00000000,0.00000000,-0.94245464,1.62552094,0.35000649,-0.80994558,0.87893063,0.00000000,0.00000000
1.07242131,0.22444536,-0.36947051,1.09844685,-1.53475285,0.00000000,0.00000000,-0.93882138,1.63264453,0.35034668,-0.80986798,0.87926930,0.00000000,0.00000000
1.07619929,0.22040689,-0.36156204,1.10319018,-1.56571209,0.00000000,0.00000000,-0.93162721,1.64880848,0.34881374,-0.80723923,0.88112175,0.00000000,0.00000000
1.07472646,0.21884903,-0.35340783,1.10424447,-1.59893024,0.00000000,0.00000000,-0.92163604,1.67118025,0.34560046,-0.80412954,0.88213617,0.00000000,0.00000000
1.06782043,0.22034964,-0.34564769,1.10177839,-1.63523555,0.00000000,0.00000000,-0.90887964,1.69687700,0.34108093,-0.80228388,0.87997979,0.00000000,0.00000000
1.05578446,0.22530083,-0.33862951,1.09740174,-1.65679026,0.00000000,0.00000000,-0.89377236,1.72334075,0.33570039,-0.80296940,0.87872976,0.00000000,0.00000000
1.04021204,0.23279868,-0.33223850,1.09311545,-1.67240155,0.00000000,0.00000000,-0.87757242,1.74824572,0.32983804,-0.80724466,0.87907344,0.00000000,0.00000000
1.02518415,0.23962176,-0.32538876,1.08944833,-1.68031168,0.00000000,0.00000000,-0.86148584,1.77033949,0.32425335,-0.81567442,0.88577908,0.00000000,0.00000000
1.01171684,0.24509445,-0.31826279,1.08682168,-1.69420695,0.00000000,0.00000000,-0.84755993,1.78834105,0.31936628,-0.82718563,0.90046448,0.00000000,0.00000000
0.99850345,0.25254047,-0.31157029,1.08726418,-1.70745671,0.00000000,0.00000000,-0.83925813,1.79968309,0.31568867,-0.83826035,0.92186499,0.00000000,0.00000000
0.98644024,0.26211393,-0.30514026,1.08976293,-1.71817708,0.00000000,0.00000000,-0.83571714,1.80295217,0.31295720,-0.84647161,0.94409525,0.00000000,0.00000000
0.97955364,0.27145344,-0.29727891,1.09143579,-1.72556090,0.00000000,0.00000000,-0.83415335,1.79788029,0.31045341,-0.85026807,0.96220547,0.00000000,0.00000000
0.97885174,0.28458521,-0.28657836,1.09499824,-1.73664582,0.00000000,0.00000000,-0.83372289,1.78346682,0.30765536,-0.84991616,0.96886289,0.00000000,0.00000000
0.98246682,0.29574636,-0.27424467,1.09820437,-1.74449563,0.00000000,0.00000000,-0.83500439,1.76561224,0.30497286,-0.84449917,0.97767442,0.00000000,0.00000000
0.98826408,0.30193293,-0.26103294,1.10070074,-1.74682534,0.00000000,0.00000000,-0.83748257,1.74481130,0.30216715,-0.83516330,0.99864405,0.00000000,0.00000000
0.99465072,0.30063125,-0.24745068,1.10267115,-1.75003326,0.00000000,0.00000000,-0.84309047,1.72023618,0.29878163,-0.82338715,1.01388383,0.00000000,0.00000000
1.00114286,0.29448763,-0.23301262,1.10669482,-1.76052427,0.00000000,0.00000000,-0.85153884,1.69320989,0.29465804,-0.80879587,1.02817631,0.00000000,0.00000000
1.00670087,0.28718576,-0.21778779,1.11358690,-1.77637184,0.00000000,0.00000000,-0.86036712,1.66436887,0.28992361,-0.79036063,1.03714383,0.00000000,0.00000000
1.01083636,0.27847648,-0.20209563,1.12133479,-1.78846264,0.00000000,0.00000000,-0.86824483,1.63493919,0.28557736,-0.76686883,1.03412616,0.00000000,0.00000000
1.01421714,0.26717496,-0.18558508,1.12791455,-1.79606521,0.00000000,0.00000000,-0.87409675,1.60730422,0.28308764,-0.73659182,1.03361726,0.00000000,0.00000000
1.01639950,0.25422722,-0.16817613,1.13305426,-1.80596018,0.00000000,0.00000000,-0.87962401,1.58307111,0.28362158,-0.69660413,1.03429008,0.00000000,0.00000000
1.01536977,0.24175432,-0.15045589,1.13807523,-1.80843556,0.00000000,0.00000000,-0.89082748,1.55850112,0.28774336,-0.64352208,1.03508651,0.00000000,0.00000000
1.01135564,0.22905613,-0.13176575,1.14375627,-1.82354569,0.00000000,0.00000000,-0.91363269,1.52867961,0.29573843,-0.57583171,1.03582048,0.00000000,0.00000000
1.00538468,0.21460265,-0.11095522,1.15029943,-1.83367658,0.00000000,0.00000000,-0.94971931,1.49101937,0.30760556,-0.49452305,1.02368605,0.00000000,0.00000000
0.99736387,0.19820109,-0.08744544,1.15748906,-1.85126901,0.00000000,0.00000000,-0.99964446,1.44361687,0.32308686,-0.40210339,1.00387096,0.00000000,0.00000000
0.98674518,0.17909078,-0.06102135,1.16424465,-1.86164165,0.00000000,0.00000000,-1.06458306,1.38471913,0.34192774,-0.30186620,0.98178655,0.00000000,0.00000000
0.97307962,0.15636417,-0.03155993,1.17023683,-1.87321496,0.00000000,0.00000000,-1.14605117,1.31349587,0.36378714,-0.19729647,0.95389295,0.00000000,0.00000000
0.95623952,0.13020375,0.00114886,1.17686117,-1.88207364,0.00000000,0.00000000,-1.24529994,1.23026490,0.38797474,-0.09169642,0.93099064,0.00000000,0.00000000
0.93578345,0.10094956,0.03701562,1.18465114,-1.89859569,0.00000000,0.00000000,-1.36264598,1.13562167,0.41323653,0.01166318,0.90407377,0.00000000,0.00000000
0.91148520,0.07002783,0.07599483,1.19324851,-1.92364895,0.00000000,0.00000000,-1.49727321,1.03022480,0.43792307,0.10950457,0.88543946,0.00000000,0.00000000
0.88107842,0.03988479,0.11647289,1.20077586,-1.95015264,0.00000000,0.00000000,-1.64698255,0.91457689,0.46016809,0.19841912,0.88388103,0.00000000,0.00000000
0.84145892,0.01459104,0.15566047,1.20718431,-1.96566606,0.00000000,0.00000000,-1.80819988,0.79044849,0.47794095,0.27598757,0.87032437,0.00000000,0.00000000
0.79336810,-0.00279631,0.19251294,1.21431530,-1.97636282,0.00000000,0.00000000,-1.97599995,0.66256672,0.48917228,0.34156251,0.86054683,0.00000000,0.00000000
0.74003941,-0.01151824,0.22637074,1.22379065,-1.98966336,0.00000000,0.00000000,-2.14440250,0.53676414,0.49207878,0.39570114,0.86247200,0.00000000,0.00000000
0.68474627,-0.01246477,0.25545028,1.23608994,-2.00150037,0.00000000,0.00000000,-2.30705333,0.41759792,0.48541021,0.43913147,0.86171031,0.00000000,0.00000000
0.62896752,-0.00689866,0.27712739,1.25046289,-2.01753187,0.00000000,0.00000000,-2.45799613,0.30853412,0.46837330,0.47274023,0.85822040,0.00000000,0.00000000
0.57458484,0.00412036,0.29056391,1.26578569,-2.04310727,0.00000000,0.00000000,-2.59229088,0.21197081,0.44085458,0.49751985,0.85302418,0.00000000,0.00000000
0.52322704,0.01902874,0.29622528,1.28080797,-2.07450390,0.00000000,0.00000000,-2.70647430,0.12947701,0.40349859,0.51442659,0.85176939,0.00000000,0.00000000
0.47568625,0.03540689,0.29483831,1.29391265,-2.10371923,0.00000000,0.00000000,-2.79877019,0.06228353,0.35734484,0.52478331,0.84461999,0.00000000,0.00000000
0.43229371,0.05081588,0.28710932,1.30443120,-2.12447405,0.00000000,0.00000000,-2.86922669,0.01119287,0.30381230,0.52993923,0.83609879,0.00000000,0.00000000
0.39480117,0.06200992,0.27487564,1.31354058,-2.15234733,0.00000000,0.00000000,-2.92026973,-0.02383489,0.24507765,0.53131592,0.82801545,0.00000000,0.00000000
0.36457613,0.06506245,0.25973779,1.32321489,-2.18232584,0.00000000,0.00000000,-2.95575976,-0.04406090,0.18365921,0.52973616,0.83597958,0.00000000,0.00000000
0.34185916,0.05807233,0.24214020,1.33496773,-2.20967960,0.00000000,0.00000000,-2.97894263,-0.05151666,0.12127703,0.52545774,0.84592354,0.00000000,0.00000000
0.32743835,0.04229780,0.22256105,1.35022140,-2.23395395,0.00000000,0.00000000,-2.99187446,-0.05119342,0.05880088,0.51771683,0.85486013,0.00000000,0.00000000
0.32256183,0.02114800,0.20164910,1.36884129,-2.25162244,0.00000000,0.00000000,-2.99533463,-0.04780874,-0.00394700,0.50722671,0.85660177,0.00000000,0.00000000
0.32724544,-0.00175534,0.17935672,1.38951802,-2.27002907,0.00000000,0.00000000,-2.99000740,-0.04423626,-0.06727776,0.49623957,0.85449165,0.00000000,0.00000000
0.34113690,-0.02399073,0.15582265,1.41166878,-2.29104590,0.00000000,0.00000000,-2.97707343,-0.04265854,-0.13105448,0.48689589,0.86317539,0.00000000,0.00000000
0.36426061,-0.04441442,0.13192375,1.43528616,-2.31392908,0.00000000,0.00000000,-2.95769787,-0.04426015,-0.19496927,0.48152906,0.87719512,0.00000000,0.00000000
0.39527091,-0.06376453,0.10830969,1.45951974,-2.33341861,0.00000000,0.00000000,-2.93357611,-0.04940696,-0.25810310,0.48210463,0.89391911,0.00000000,0.00000000
0.43139020,-0.08346485,0.08528421,1.48331475,-2.35883331,0.00000000,0.00000000,-2.90677261,-0.05626203,-0.31903619,0.49093512,0.91358078,0.00000000,0.00000000
0.46946368,-0.10485798,0.06312565,1.50554848,-2.37524271,0.00000000,0.00000000,-2.87919807,-0.06209462,-0.37600538,0.50884104,0.92927611,0.00000000,0.00000000
0.50629687,-0.12868220,0.04190241,1.52508616,-2.39594889,0.00000000,0.00000000,-2.85235596,-0.06536316,-0.42697525,0.53327382,0.95509177,0.00000000,0.00000000
0.53892815,-0.15368661,0.02143522,1.54175270,-2.40301895,0.00000000,0.00000000,-2.82769156,-0.06570145,-0.46971345,0.55951142,0.97096145,0.00000000,0.00000000
0.56625587,-0.17874846,0.00256751,1.55477142,-2.41621923,0.00000000,0.00000000,-2.80798078,-0.06676163,-0.50218916,0.58207750,0.98992038,0.00000000,0.00000000
0.58973426,-0.20284903,-0.01225011,1.56351280,-2.43573093,0.00000000,0.00000000,-2.79423428,-0.06955759,-0.52316970,0.60012597,1.00342131,0.00000000,0.00000000
0.60985416,-0.22403662,-0.02180317,1.56850076,-2.44185615,0.00000000,0.00000000,-2.78620791,-0.07435247,-0.53226292,0.61438525,1.02421248,0.00000000,0.00000000
0.62606674,-0.24060324,-0.02611814,1.57045066,-2.43573475,0.00000000,0.00000000,-2.78300881,-0.08208048,-0.52986491,0.62534553,1.03302836,0.00000000,0.00000000
0.63810629,-0.25182244,-0.02532311,1.56959736,-2.43300438,0.00000000,0.00000000,-2.78304696,-0.09351807,-0.51682597,0.63352323,1.03768778,0.00000000,0.00000000
0.64611357,-0.25774130,-0.01945827,1.56567132,-2.43412948,0.00000000,0.00000000,-2.78431129,-0.10892062,-0.49388307,0.63928145,1.04456794,0.00000000,0.00000000
0.64977163,-0.25838813,-0.00911085,1.55849314,-2.42943001,0.00000000,0.00000000,-2.78476787,-0.12793276,-0.46126643,0.64236647,1.04628253,0.00000000,0.00000000
0.64845479,-0.25392708,0.00471847,1.54799473,-2.42589736,0.00000000,0.00000000,-2.78244758,-0.14935362,-0.41895339,0.64202100,1.03857362,0.00000000,0.00000000
0.64123678,-0.24369995,0.02062252,1.53529918,-2.42372799,0.00000000,0.00000000,-2.77535200,-0.17106532,-0.36705944,0.63759404,1.03032029,0.00000000,0.00000000
0.62748426,-0.22749390,0.03734291,1.52193248,-2.42841673,0.00000000,0.00000000,-2.76182532,-0.19067761,-0.30595899,0.62904233,1.01868117,0.00000000,0.00000000
0.60822242,-0.20714380,0.05499586,1.50905716,-2.43363333,0.00000000,0.00000000,-2.74130750,-0.20716339,-0.23605527,0.61627829,0.99939579,0.00000000,0.00000000
0.58512288,-0.18579581,0.07430392,1.49787664,-2.43903470,0.00000000,0.00000000,-2.71408510,-0.22071885,-0.15756400,0.59913015,0.97593391,0.00000000,0.00000000
0.55899000,-0.16568138,0.09537169,1.48997843,-2.44487834,0.00000000,0.00000000,-2.68035603,-0.23111901,-0.07068380,0.57826239,0.95034558,0.00000000,0.00000000
0.52974170,-0.14838500,0.11767868,1.48620319,-2.44177461,0.00000000,0.00000000,-2.64009595,-0.23649545,0.02420318,0.55591977,0.91153324,0.00000000,0.00000000
0.49771780,-0.13555035,0.14107864,1.48729825,-2.44879651,0.00000000,0.00000000,-2.59318852,-0.23529939,0.12644577,0.53476501,0.87517148,0.00000000,0.00000000
0.46367291,-0.12904109,0.16580598,1.49382150,-2.45430613,0.00000000,0.00000000,-2.54049039,-0.23113924,0.23601094,0.51590234,0.84658146,0.00000000,0.00000000
0.42843845,-0.13008860,0.19224170,1.50572824,-2.45451188,0.00000000,0.00000000,-2.48439407,-0.22949901,0.35397357,0.50195736,0.82279706,0.00000000,0.00000000
0.39300743,-0.13907979,0.22110100,1.52179813,-2.46293902,0.00000000,0.00000000,-2.42236757,-0.23066060,0.47897020,0.49797431,0.79199123,0.00000000,0.00000000
0.35804600,-0.15562105,0.25307322,1.53989792,-2.47173858,0.00000000,0.00000000,-2.35074234,-0.22966971,0.60840601,0.50925708,0.76333278,0.00000000,0.00000000
0.32386741,-0.17780016,0.28875622,1.55880857,-2.47273207,0.00000000,0.00000000,-2.26664782,-0.21935242,0.73912936,0.53969979,0.74068046,0.00000000,0.00000000
0.29070505,-0.20304406,0.32889488,1.57814658,-2.46987391,0.00000000,0.00000000,-2.16618633,-0.19270730,0.86679965,0.58984900,0.71897757,0.00000000,0.00000000
0.25836587,-0.22891474,0.37407568,1.59783292,-2.47450590,0.00000000,0.00000000,-2.04483461,-0.14163758,0.98541689,0.65712988,0.69999593,0.00000000,0.00000000
0.22678794,-0.25447583,0.42515260,1.61740744,-2.47475052,0.00000000,0.00000000,-1.89897215,-0.05953784,1.08848596,0.73552674,0.68617117,0.00000000,0.00000000
0.19604102,-0.28155133,0.48330396,1.63653505,-2.47360563,0.00000000,0.00000000,-1.72727478,0.05511378,1.17119133,0.81658077,0.67980778,0.00000000,0.00000000
0.16600157,-0.31487298,0.54994559,1.65780079,-2.46875739,0.00000000,0.00000000,-1.53202939,0.19981737,1.23106337,0.89214581,0.66964787,0.00000000,0.00000000
0.13707861,-0.36012366,0.62709445,1.68674314,-2.46861601,0.00000000,0.00000000,-1.31946433,0.37040138,1.26731920,0.95583409,0.66022128,0.00000000,0.00000000
0.10625154,-0.42492276,0.71401143,1.72223151,-2.46548653,0.00000000,0.00000000,-1.09784698,0.56004113,1.28102779,1.00216377,0.65442121,0.00000000,0.00000000
0.07200482,-0.51704907,0.81050700,1.75376594,-2.47051764,0.00000000,0.00000000,-0.87624723,0.75881004,1.27524734,1.02675521,0.65233308,0.00000000,0.00000000
0.03459699,-0.63891488,0.91528022,1.77130854,-2.48606896,0.00000000,0.00000000,-0.66435975,0.95600986,1.25387883,1.02766752,0.65998757,0.00000000,0.00000000
-0.00405629,-0.78812838,1.02541661,1.76750648,-2.49088597,0.00000000,0.00000000,-0.47210795,1.14323080,1.21990860,1.00576782,0.66992885,0.00000000,0.00000000
-0.03995354,-0.95930111,1.13692093,1.73661077,-2.49296594,0.00000000,0.00000000,-0.30835319,1.31515479,1.17493987,0.96354628,0.67459667,0.00000000,0.00000000
-0.06769989,-1.14461672,1.24444652,1.67459583,-2.49824548,0.00000000,0.00000000,-0.17887524,1.46777749,1.12048793,0.90404516,0.68352151,0.00000000,0.00000000
-0.08182100,-1.33435941,1.34123361,1.57961667,-2.49615502,0.00000000,0.00000000,-0.08522135,1.59720588,1.05895948,0.83067399,0.68538427,0.00000000,0.00000000
-0.07957888,-1.51767147,1.41923130,1.45290828,-2.50508022,0.00000000,0.00000000,-0.02494891,1.70068121,0.99311745,0.74743098,0.69295323,0.00000000,0.00000000
-0.06365837,-1.68400073,1.47052538,1.30017197,-2.51508093,0.00000000,0.00000000,0.00828725,1.77902091,0.92490083,0.66005105,0.69332963,0.00000000,0.00000000
-0.04128430,-1.82441771,1.49015272,1.13159800,-2.53102136,0.00000000,0.00000000,0.02214381,1.83590257,0.85495502,0.57427645,0.69386554,0.00000000,0.00000000
-0.01998202,-1.93501842,1.47936153,0.96153408,-2.54090953,0.00000000,0.00000000,0.02191157,1.87560952,0.78277218,0.49334443,0.69252187,0.00000000,0.00000000
-0.00103402,-2.02128553,1.44711816,0.80274689,-2.54636693,0.00000000,0.00000000,0.01273010,1.90599251,0.70701009,0.42059416,0.69289446,0.00000000,0.00000000
0.01767923,-2.08894873,1.40104878,0.65835464,-2.54708552,0.00000000,0.00000000,-0.00035242,1.93330789,0.62692147,0.35707876,0.68801743,0.00000000,0.00000000
0.03628121,-2.13801003,1.34445083,0.52830619,-2.54840970,0.00000000,0.00000000,-0.01495221,1.95835519,0.54243356,0.30014518,0.69115019,0.00000000,0.00000000
0.05191084,-2.16347265,1.27701128,0.41404369,-2.55557275,0.00000000,0.00000000,-0.03098074,1.98152471,0.45342854,0.24750188,0.69443756,0.00000000,0.00000000
0.06218804,-2.16962767,1.19789112,0.31711283,-2.56307435,0.00000000,0.00000000,-0.04791747,2.00441670,0.35999501,0.19907247,0.68989640,0.00000000,0.00000000
0.06779465,-2.17000008,1.10935867,0.23768246,-2.57103443,0.00000000,0.00000000,-0.06395990,2.02881575,0.26253217,0.15611275,0.68814796,0.00000000,0.00000000
0.06946161,-2.17000008,1.01476204,0.17562702,-2.57400370,0.00000000,0.00000000,-0.07901023,2.05533433,0.16134837,0.11931255,0.68773717,0.00000000,0.00000000
0.06726037,-2.17000008,0.91683453,0.12999915,-2.57261682,0.00000000,0.00000000,-0.09378099,2.08303380,0.05673281,0.08835893,0.67727852,0.00000000,0.00000000
0.05946712,-2.16995430,0.81758285,0.09916347,-2.57296777,0.00000000,0.00000000,-0.10786531,2.11047268,-0.05097345,0.06247435,0.67356992,0.00000000,0.00000000
0.04274493,-2.16914010,0.71838886,0.08063901,-2.57052469,0.00000000,0.00000000,-0.11998033,2.13525581,-0.16145301,0.03990344,0.66249228,0.00000000,0.00000000
0.01513578,-2.16508317,0.62009478,0.06970911,-2.57462144,0.00000000,0.00000000,-0.12927707,2.15478897,-0.27445722,0.01841551,0.66069168,0.00000000,0.00000000
-0.02318656,-2.15620160,0.52313876,0.05984473,-2.57880497,0.00000000,0.00000000,-0.13579792,2.16659403,-0.38975438,-0.00426550,0.65535182,0.00000000,0.00000000
-0.07122719,-2.14584517,0.42765880,0.04551033,-2.57913256,0.00000000,0.00000000,-0.14087857,2.16979861,-0.50702709,-0.03205338,0.64981997,0.00000000,0.00000000
-0.12734029,-2.13762379,0.33360866,0.02319140,-2.56715178,0.00000000,0.00000000,-0.14690219,2.17000008,-0.62564528,-0.06959076,0.63848472,0.00000000,0.00000000
-0.18884300,-2.13200760,0.24092223,-0.00798817,-2.56268883,0.00000000,0.00000000,-0.15604182,2.17000008,-0.74441147,-0.11992218,0.62859744,0.00000000,0.00000000
-0.25208333,-2.12836814,0.14970538,-0.04721481,-2.56439161,0.00000000,0.00000000,-0.16951925,2.17000008,-0.86137074,-0.18384875,0.62615579,0.00000000,0.00000000
-0.31371576,-2.12623811,0.06035643,-0.09261916,-2.55769086,0.00000000,0.00000000,-0.18714786,2.17000008,-0.97372824,-0.26086551,0.61784512,0.00000000,0.00000000
-0.37100518,-2.12506056,-0.02649543,-0.14179993,-2.55243421,0.00000000,0.00000000,-0.20789748,2.17000008,-1.07807660,-0.34886670,0.60666525,0.00000000,0.00000000
-0.42206523,-2.12237859,-0.11009395,-0.19148374,-2.54023337,0.00000000,0.00000000,-0.23090377,2.17000008,-1.17078793,-0.44438529,0.59200394,0.00000000,0.00000000
-0.46475646,-2.11982965,-0.18956289,-0.24160559,-2.53370953,0.00000000,0.00000000,-0.25576159,2.16983652,-1.24833667,-0.54416072,0.58045274,0.00000000,0.00000000
-0.49973780,-2.11927795,-0.26424342,-0.29265958,-2.51606989,0.00000000,0.00000000,-0.28232479,2.16702318,-1.30838406,-0.64525378,0.57041371,0.00000000,0.00000000
-0.52580696,-2.12302756,-0.33311778,-0.34501004,-2.49782681,0.00000000,0.00000000,-0.30714643,2.15407419,-1.35265219,-0.74791563,0.55231392,0.00000000,0.00000000
-0.54252398,-2.13175893,-0.39538142,-0.39794526,-2.47590089,0.00000000,0.00000000,-0.32869521,2.12624216,-1.38656974,-0.85486174,0.53723025,0.00000000,0.00000000
-0.55117643,-2.14398813,-0.45081109,-0.45009115,-2.45740843,0.00000000,0.00000000,-0.34951991,2.08568668,-1.41319835,-0.97021347,0.52143490,0.00000000,0.00000000
-0.55254120,-2.15692854,-0.49948302,-0.49970385,-2.43726611,0.00000000,0.00000000,-0.37525940,2.02916884,-1.42994571,-1.09632468,0.50399059,0.00000000,0.00000000
-0.54583949,-2.16679621,-0.54165739,-0.54525429,-2.40689397,0.00000000,0.00000000,-0.41619894,1.94897485,-1.43005645,-1.22886539,0.49046332,0.00000000,0.00000000
-0.53314924,-2.16979408,-0.57908881,-0.58558178,-2.36918187,0.00000000,0.00000000,-0.47987854,1.83852470,-1.40626538,-1.35975611,0.48406032,0.00000000,0.00000000
-0.51666737,-2.16999912,-0.61361080,-0.62038928,-2.34229016,0.00000000,0.00000000,-0.56809402,1.69757199,-1.35534108,-1.48214149,0.48268256,0.00000000,0.00000000
-0.50052696,-2.17000008,-0.64776164,-0.64931709,-2.31821418,0.00000000,0.00000000,-0.67804778,1.53076649,-1.27731657,-1.59074128,0.49342376,0.00000000,0.00000000
-0.48749390,-2.16987085,-0.68349200,-0.67257595,-2.29185367,0.00000000,0.00000000,-0.80343485,1.34560800,-1.17411673,-1.68194914,0.50416529,0.00000000,0.00000000
-0.47611982,-2.16772366,-0.72083694,-0.69133663,-2.27053022,0.00000000,0.00000000,-0.93639815,1.15159047,-1.04912031,-1.75321889,0.50547272,0.00000000,0.00000000
-0.46263954,-2.15868139,-0.75859052,-0.70716524,-2.26276541,0.00000000,0.00000000,-1.06867850,0.95900607,-0.90645349,-1.80318797,0.51207411,0.00000000,0.00000000
-0.44347221,-2.14095759,-0.79529393,-0.72162622,-2.24323320,0.00000000,0.00000000,-1.19254375,0.77776527,-0.75026911,-1.83215678,0.51436406,0.00000000,0.00000000
-0.41532952,-2.11718607,-0.82939738,-0.73559535,-2.23403263,0.00000000,0.00000000,-1.30162024,0.61619538,-0.58406949,-1.84290183,0.52701491,0.00000000,0.00000000
-0.37653622,-2.08994985,-0.85981137,-0.74927336,-2.23360610,0.00000000,0.00000000,-1.39331818,0.47868797,-0.41185200,-1.84321284,0.54467595,0.00000000,0.00000000
-0.32722309,-2.06193542,-0.88548136,-0.76127791,-2.23729801,0.00000000,0.00000000,-1.47455192,0.36224630,-0.24303091,-1.84517133,0.56536770,0.00000000,0.00000000
-0.27113709,-2.03877401,-0.90503311,-0.77034211,-2.24101257,0.00000000,0.00000000,-1.55630612,0.25899804,-0.08875947,-1.85324454,0.59231752,0.00000000,0.00000000
-0.21741416,-2.02353597,-0.91943628,-0.77661735,-2.25219512,0.00000000,0.00000000,-1.64162838,0.16541889,0.04715280,-1.86428022,0.61906707,0.00000000,0.00000000
-0.17348816,-2.01507950,-0.93093032,-0.78214550,-2.24868178,0.00000000,0.00000000,-1.73008490,0.07980338,0.16398369,-1.87701726,0.64620960,0.00000000,0.00000000
-0.13300055,-2.01297832,-0.93802160,-0.78804690,-2.24032211,0.00000000,0.00000000,-1.81686461,0.00031507,0.26521751,-1.89613342,0.67794532,0.00000000,0.00000000
-0.09856621,-2.01618910,-0.94199187,-0.79358733,-2.24051571,0.00000000,0.00000000,-1.89810014,-0.07075816,0.35416350,-1.91498291,0.70236146,0.00000000,0.00000000
-0.07420065,-2.02272558,-0.94490516,-0.79819995,-2.24648547,0.00000000,0.00000000,-1.97353649,-0.13385555,0.43065548,-1.92858231,0.72351944,0.00000000,0.00000000
-0.05959130,-2.03083396,-0.94761682,-0.80147260,-2.23163176,0.00000000,0.00000000,-2.04277086,-0.19023438,0.49501094,-1.93657494,0.73730344,0.00000000,0.00000000
-0.05317105,-2.03891706,-0.95065308,-0.80344707,-2.22772574,0.00000000,0.00000000,-2.10525489,-0.24050277,0.54833382,-1.94017518,0.74641341,0.00000000,0.00000000
-0.05280735,-2.04618001,-0.95414221,-0.80487019,-2.23237443,0.00000000,0.00000000,-2.16085649,-0.28505719,0.59193164,-1.94120562,0.75970703,0.00000000,0.00000000
-0.05631864,-2.05267811,-0.95791429,-0.80672872,-2.23083591,0.00000000,0.00000000,-2.20934725,-0.32439187,0.62758780,-1.94153845,0.78161192,0.00000000,0.00000000
-0.06214740,-2.05813122,-0.96204650,-0.80944043,-2.22699666,0.00000000,0.00000000,-2.25176311,-0.35873872,0.65593785,-1.94251764,0.81012362,0.00000000,0.00000000
-0.06878071,-2.06230569,-0.96648675,-0.81312478,-2.23155117,0.00000000,0.00000000,-2.28929710,-0.38799044,0.67779756,-1.94435322,0.83949751,0.00000000,0.00000000
-0.07486656,-2.06486630,-0.97116810,-0.81784570,-2.22824168,0.00000000,0.00000000,-2.32264900,-0.41178581,0.69488436,-1.94642341,0.86429244,0.00000000,0.00000000
-0.07922617,-2.06537414,-0.97604650,-0.82364023,-2.20041490,0.00000000,0.00000000,-2.35185003,-0.42988068,0.70963436,-1.94827271,0.88391739,0.00000000,0.00000000
-0.08093747,-2.06367922,-0.98095620,-0.83057201,-2.18232489,0.00000000,0.00000000,-2.37670970,-0.44267437,0.72388250,-1.95047033,0.90088165,0.00000000,0.00000000
-0.07952015,-2.06004381,-0.98561192,-0.83865851,-2.16999030,0.00000000,0.00000000,-2.39720678,-0.45115623,0.73819661,-1.95427024,0.91048855,0.00000000,0.00000000
-0.07511348,-2.05486751,-0.98981231,-0.84757727,-2.15679979,0.00000000,0.00000000,-2.41395020,-0.45638257,0.75177783,-1.96049154,0.92062616,0.00000000,0.00000000
-0.06862791,-2.04897523,-0.99338621,-0.85688955,-2.15385175,0.00000000,0.00000000,-2.42765713,-0.45928496,0.76352370,-1.96857405,0.92085212,0.00000000,0.00000000
-0.06154862,-2.04320908,-0.99637532,-0.86605954,-2.15319586,0.00000000,0.00000000,-2.43845868,-0.46077824,0.77301544,-1.97696900,0.92147094,0.00000000,0.00000000
-0.05499846,-2.03759074,-0.99915469,-0.87388170,-2.15018368,0.00000000,0.00000000,-2.44639635,-0.46138698,0.78031528,-1.98413420,0.92227882,0.00000000,0.00000000
-0.04935856,-2.03193521,-1.00199580,-0.87934136,-2.14860535,0.00000000,0.00000000,-2.45189548,-0.46104842,0.78550762,-1.98886502,0.91777641,0.00000000,0.00000000
-0.04461535,-2.02675343,-1.00466800,-0.88332784,-2.15227127,0.00000000,0.00000000,-2.45610547,-0.45927569,0.78808182,-1.98976815,0.91103393,0.00000000,0.00000000
-0.04077420,-2.02226090,-1.00694907,-0.88708377,-2.14512563,0.00000000,0.00000000,-2.46024656,-0.45497635,0.78824532,-1.98475277,0.89932406,0.00000000,0.00000000
-0.03753928,-2.01831532,-1.00862932,-0.89120567,-2.12874746,0.00000000,0.00000000,-2.46529341,-0.44721425,0.78652805,-1.97198963,0.89075035,0.00000000,0.00000000
-0.03450850,-2.01471663,-1.00951481,-0.89587569,-1.98463595,0.00000000,0.00000000,-2.47196436,-0.43551940,0.78350097,-1.95027113,0.82980692,0.00000000,0.00000000
-0.03149083,-2.01128745,-1.00954270,-0.90107977,-1.84226274,0.00000000,0.00000000,-2.48090696,-0.41991022,0.77959728,-1.91900206,0.75978601,0.00000000,0.00000000
-0.02872051,-2.00777340,-1.00896585,-0.90649736,-1.69615018,0.00000000,0.00000000,-2.49276161,-0.40076405,0.77530915,-1.87778473,0.69140613,0.00000000,0.00000000
-0.02668680,-2.00401139,-1.00820374,-0.91094303,-1.54885280,0.00000000,0.00000000,-2.50836420,-0.37859908,0.77084678,-1.82596147,0.62218010,0.00000000,0.00000000
-0.02592359,-1.99987435,-1.00777912,-0.91246331,-1.41106665,0.00000000,0.00000000,-2.52983427,-0.35290635,0.76564324,-1.76211500,0.55431426,0.00000000,0.00000000
-0.02695919,-1.99490488,-1.00851512,-0.90996301,-1.26905704,0.00000000,0.00000000,-2.55655646,-0.32699040,0.75821608,-1.69531286,0.48301736,0.00000000,0.00000000
-0.02859999,-1.98996520,-1.01015568,-0.90560734,-1.12094319,0.00000000,0.00000000,-2.57607508,-0.31293693,0.75030273,-1.65529096,0.41632858,0.00000000,0.00000000
