l_joint1,l_joint2,l_joint3,l_joint4,l_joint5,l_joint6,l_joint7,r_joint1,r_joint2,r_joint3,r_joint4,r_joint5,r_joint6,r_joint7
-3.00999999,0.01905234,0.54208463,-0.17249264,-0.02961393,0.00000000,0.00000000,-2.85640311,-0.00253275,0.46078125,0.19620897,0.01465154,0.00000000,0.00000000
-3.00999999,0.01938097,0.54220045,-0.17240180,-0.05124927,0.00000000,0.00000000,-2.85638905,-0.00226018,0.46109635,0.19637190,-0.00013227,0.00000000,0.00000000
-3.00999999,0.01998827,0.54241717,-0.17222294,-0.08130110,0.00000000,0.00000000,-2.85643077,-0.00191146,0.46172765,0.19663160,-0.01336779,0.00000000,0.00000000
-3.00999999,0.02081905,0.54272670,-0.17196915,-0.11459958,0.00000000,0.00000000,-2.85658765,-0.00160870,0.46269193,0.19695190,-0.03912952,0.00000000,0.00000000
-3.00999999,0.02176085,0.54312766,-0.17171493,-0.13335639,0.00000000,0.00000000,-2.85685134,-0.00138577,0.46398610,0.19729188,-0.08276822,0.00000000,0.00000000
-3.00999999,0.02274044,0.54362613,-0.17152627,-0.14880763,0.00000000,0.00000000,-2.85714817,-0.00120588,0.46559000,0.19762048,-0.13141046,0.00000000,0.00000000
-3.00999999,0.02363063,0.54422945,-0.17149320,-0.14875717,0.00000000,0.00000000,-2.85735226,-0.00094723,0.46746635,0.19794360,-0.18408027,0.00000000,0.00000000
-3.00999999,0.02431019,0.54493910,-0.17169017,-0.13829330,0.00000000,0.00000000,-2.85735321,-0.00053519,0.46957812,0.19825886,-0.25085625,0.00000000,0.00000000
-3.00999999,0.02473112,0.54574287,-0.17213653,-0.13585003,0.00000000,0.00000000,-2.85710645,-0.00000626,0.47190693,0.19854777,-0.31534982,0.00000000,0.00000000
-3.00999999,0.02505769,0.54661566,-0.17270333,-0.12671098,0.00000000,0.00000000,-2.85671186,0.00050067,0.47446471,0.19880351,-0.35909384,0.00000000,0.00000000
-3.00999999,0.02540072,0.54753548,-0.17330085,-0.10066911,0.00000000,0.00000000,-2.85621452,0.00092110,0.47725376,0.19901782,-0.41087708,0.00000000,0.00000000
-3.00999999,0.02580619,0.54848522,-0.17387822,-0.09009422,0.00000000,0.00000000,-2.85561180,0.00123643,0.48027477,0.19918920,-0.44297239,0.00000000,0.00000000
-3.00999999,0.02628984,0.54945278,-0.17439806,-0.12156051,0.00000000,0.00000000,-2.85492635,0.00141359,0.48354042,0.19931334,-0.45619091,0.00000000,0.00000000
-3.00999999,0.02680652,0.55042481,-0.17485429,-0.13808627,0.00000000,0.00000000,-2.85419059,0.00145900,0.48707616,0.19939831,-0.46804002,0.00000000,0.00000000
-3.00999999,0.02734014,0.55139214,-0.17522547,-0.15306179,0.00000000,0.00000000,-2.85344720,0.00137283,0.49091387,0.19945838,-0.50142545,0.00000000,0.00000000
-3.00999999,0.02790514,0.55235702,-0.17546798,-0.17411281,0.00000000,0.00000000,-2.85271430,0.00118438,0.49508360,0.19950812,-0.52689981,0.00000000,0.00000000
-3.00999999,0.02845357,0.55330968,-0.17553675,-0.19518107,0.00000000,0.00000000,-2.85198760,0.00095370,0.49960664,0.19955035,-0.54975730,0.00000000,0.00000000
-3.00999999,0.02884904,0.55422926,-0.17541149,-0.20454870,0.00000000,0.00000000,-2.85123229,0.00080783,0.50449139,0.19961160,-0.57983446,0.00000000,0.00000000
-3.00999999,0.02904753,0.55511379,-0.17505574,-0.23935306,0.00000000,0.00000000,-2.85039282,0.00074541,0.50976491,0.19964322,-0.60848218,0.00000000,0.00000000
-3.00999999,0.02907961,0.55598599,-0.17442973,-0.26266870,0.00000000,0.00000000,-2.84937525,0.00070356,0.51546454,0.19956595,-0.66215855,0.00000000,0.00000000
-3.00999999,0.02891671,0.55688101,-0.17356320,-0.27395970,0.00000000,0.00000000,-2.84810090,0.00077156,0.52161264,0.19938159,-0.72207689,0.00000000,0.00000000
-3.00999999,0.02859198,0.55784088,-0.17246757,-0.30788070,0.00000000,0.00000000,-2.84661055,0.00101246,0.52825731,0.19913997,-0.79792202,0.00000000,0.00000000
-3.00999999,0.02817374,0.55891699,-0.17113461,-0.33664659,0.00000000,0.00000000,-2.84502101,0.00136349,0.53548580,0.19888823,-0.86785305,0.00000000,0.00000000
-3.00999999,0.02771646,0.56016618,-0.16956931,-0.36893973,0.00000000,0.00000000,-2.84338880,0.00175509,0.54337829,0.19865453,-0.92427301,0.00000000,0.00000000
-3.00999999,0.02713275,0.56163228,-0.16782793,-0.40482384,0.00000000,0.00000000,-2.84169245,0.00224776,0.55198258,0.19850248,-0.97645694,0.00000000,0.00000000
-3.00999999,0.02634545,0.56335837,-0.16595431,-0.44325623,0.00000000,0.00000000,-2.83988237,0.00286099,0.56134593,0.19847979,-1.03143370,0.00000000,0.00000000
-3.00999999,0.02537801,0.56538391,-0.16388349,-0.47157004,0.00000000,0.00000000,-2.83789110,0.00353488,0.57152873,0.19858342,-1.08122814,0.00000000,0.00000000
-3.00999999,0.02421737,0.56773001,-0.16148454,-0.49209714,0.00000000,0.00000000,-2.83564138,0.00425992,0.58258224,0.19884360,-1.11012125,0.00000000,0.00000000
-3.00999999,0.02281490,0.57040817,-0.15864058,-0.48749846,0.00000000,0.00000000,-2.83300495,0.00497280,0.59454292,0.19930094,-1.11178386,0.00000000,0.00000000
-3.00999999,0.02101626,0.57341260,-0.15526098,-0.48608583,0.00000000,0.00000000,-2.82977462,0.00572331,0.60742557,0.20000950,-1.09339666,0.00000000,0.00000000
-3.00999999,0.01859916,0.57670945,-0.15116990,-0.49154505,0.00000000,0.00000000,-2.82572293,0.00662597,0.62122881,0.20102029,-1.05627072,0.00000000,0.00000000
-3.00999999,0.01534857,0.58024108,-0.14600857,-0.49688295,0.00000000,0.00000000,-2.82067919,0.00778147,0.63595718,0.20241666,-1.02384675,0.00000000,0.00000000
-3.00999999,0.01085750,0.58393347,-0.13940018,-0.50966185,0.00000000,0.00000000,-2.81442571,0.00957793,0.65159553,0.20444313,-0.99152815,0.00000000,0.00000000
-3.00999999,0.00449074,0.58771145,-0.13101219,-0.54068309,0.00000000,0.00000000,-2.80650067,0.01279709,0.66805011,0.20744702,-0.96479064,0.00000000,0.00000000
-3.00995612,-0.00491644,0.59151739,-0.12088825,-0.55354524,0.00000000,0.00000000,-2.79596329,0.01869146,0.68507022,0.21173707,-0.94424850,0.00000000,0.00000000
-3.00900197,-0.01929358,0.59533966,-0.10995859,-0.57911205,0.00000000,0.00000000,-2.78105593,0.02898560,0.70213360,0.21740058,-0.93491542,0.00000000,0.00000000
-3.00225902,-0.04059613,0.59924072,-0.09985787,-0.61505353,0.00000000,0.00000000,-2.75907397,0.04523931,0.71847624,0.22395995,-0.94498205,0.00000000,0.00000000
-2.98145413,-0.06976801,0.60332656,-0.09206744,-0.64878327,0.00000000,0.00000000,-2.72698569,0.06825641,0.73327345,0.23021199,-0.93860060,0.00000000,0.00000000
-2.94454670,-0.10668074,0.60764217,-0.08733715,-0.69650930,0.00000000,0.00000000,-2.68275738,0.09810065,0.74589139,0.23487793,-0.92225063,0.00000000,0.00000000
-2.89170313,-0.15041135,0.61213040,-0.08554300,-0.73781270,0.00000000,0.00000000,-2.62570739,0.13412826,0.75609696,0.23704407,-0.91061139,0.00000000,0.00000000
-2.82269716,-0.19959606,0.61666763,-0.08597349,-0.76706231,0.00000000,0.00000000,-2.55627251,0.17485926,0.76412827,0.23611712,-0.92199576,0.00000000,0.00000000
-2.73735905,-0.25278020,0.62108946,-0.08767478,-0.76715577,0.00000000,0.00000000,-2.47568250,0.21841915,0.77061272,0.23183943,-0.93208379,0.00000000,0.00000000
-2.63571835,-0.30855936,0.62520212,-0.08950547,-0.77340686,0.00000000,0.00000000,-2.38556433,0.26343089,0.77632838,0.22436205,-0.94943231,0.00000000,0.00000000
-2.51816678,-0.36550298,0.62881535,-0.09009437,-0.78001803,0.00000000,0.00000000,-2.28752971,0.30939469,0.78199899,0.21407159,-0.96061021,0.00000000,0.00000000
-2.38570285,-0.42253077,0.63178623,-0.08804404,-0.77870363,0.00000000,0.00000000,-2.18260169,0.35649458,0.78818935,0.20115259,-0.97691411,0.00000000,0.00000000
-2.23991847,-0.47891384,0.63406706,-0.08208415,-0.76739073,0.00000000,0.00000000,-2.07113910,0.40500578,0.79532301,0.18544939,-0.99502575,0.00000000,0.00000000
-2.08306551,-0.53315473,0.63578427,-0.07105025,-0.75537121,0.00000000,0.00000000,-1.95343888,0.45374131,0.80386406,0.16640745,-1.02610314,0.00000000,0.00000000
-1.91830993,-0.58160174,0.63732976,-0.05393218,-0.73569196,0.00000000,0.00000000,-1.83058202,0.49859381,0.81446826,0.14334114,-1.07277143,0.00000000,0.00000000
-1.74979842,-0.61862731,0.63930166,-0.03048249,-0.71587211,0.00000000,0.00000000,-1.70510292,0.53315908,0.82793999,0.11647824,-1.10349131,0.00000000,0.00000000
-1.58234203,-0.63927168,0.64221048,-0.00209660,-0.70217627,0.00000000,0.00000000,-1.58102894,0.55221605,0.84481776,0.08732697,-1.10009539,0.00000000,0.00000000
-1.42064238,-0.64250159,0.64610958,0.02818927,-0.69111723,0.00000000,0.00000000,-1.46309817,0.55607986,0.86501962,0.05820627,-1.07536054,0.00000000,0.00000000
-1.26840222,-0.63315541,0.65054542,0.05683700,-0.66277385,0.00000000,0.00000000,-1.35488403,0.54938924,0.88790840,0.03158657,-1.03956485,0.00000000,0.00000000
-1.12782836,-0.61812395,0.65491372,0.08218425,-0.62319905,0.00000000,0.00000000,-1.25788200,0.53710520,0.91264391,0.00848199,-1.01983583,0.00000000,0.00000000
-0.99959856,-0.60181141,0.65875793,0.10583072,-0.58651400,0.00000000,0.00000000,-1.17178321,0.52204841,0.93845540,-0.01257527,-1.01581573,0.00000000,0.00000000
-0.88345915,-0.58485901,0.66174871,0.13168584,-0.53139746,0.00000000,0.00000000,-1.09519899,0.50484717,0.96470577,-0.03507934,-1.01886976,0.00000000,0.00000000
-0.77910203,-0.56600702,0.66350365,0.16366220,-0.48902014,0.00000000,0.00000000,-1.02654016,0.48460212,0.99081808,-0.06301939,-0.99568260,0.00000000,0.00000000
-0.68688673,-0.54426610,0.66341025,0.20390457,-0.46004781,0.00000000,0.00000000,-0.96489918,0.46066406,1.01618433,-0.09887317,-0.96479225,0.00000000,0.00000000
-0.60785484,-0.51989937,0.66062176,0.25256410,-0.43740997,0.00000000,0.00000000,-0.91032737,0.43347296,1.04016638,-0.14297269,-0.95849508,0.00000000,0.00000000
-0.54326767,-0.49388203,0.65419984,0.30880535,-0.40437847,0.00000000,0.00000000,-0.86330271,0.40420654,1.06222677,-0.19457462,-0.95550990,0.00000000,0.00000000
-0.49415967,-0.46767485,0.64333689,0.37134206,-0.37523565,0.00000000,0.00000000,-0.82426584,0.37438554,1.08212113,-0.25254142,-0.95118213,0.00000000,0.00000000
-0.46053666,-0.44328839,0.62780994,0.43884459,-0.37949789,0.00000000,0.00000000,-0.79360211,0.34505048,1.09994471,-0.31562480,-0.94108468,0.00000000,0.00000000
-0.44063798,-0.42298150,0.60838336,0.51042205,-0.39090633,0.00000000,0.00000000,-0.77204990,0.31592920,1.11590576,-0.38240656,-0.92301661,0.00000000,0.00000000
-0.43189916,-0.40838173,0.58644313,0.58537400,-0.42211351,0.00000000,0.00000000,-0.76003426,0.28744006,1.13054037,-0.45130864,-0.90791154,0.00000000,0.00000000
-0.43145734,-0.40033263,0.56377351,0.66327411,-0.45269445,0.00000000,0.00000000,-0.75720346,0.26192114,1.14514613,-0.52096051,-0.90630203,0.00000000,0.00000000
-0.43749845,-0.39875549,0.54173565,0.74422914,-0.46468261,0.00000000,0.00000000,-0.76274037,0.24164963,1.16138649,-0.59131229,-0.91190112,0.00000000,0.00000000
-0.44908169,-0.40417877,0.52132100,0.82854521,-0.47388339,0.00000000,0.00000000,-0.77660131,0.22712576,1.18030512,-0.66337407,-0.92533880,0.00000000,0.00000000
-0.46506825,-0.41793981,0.50380850,0.91634142,-0.48285130,0.00000000,0.00000000,-0.79928243,0.21729164,1.20213473,-0.73869419,-0.93697178,0.00000000,0.00000000
-0.48397979,-0.44057092,0.49077666,1.00774813,-0.48845324,0.00000000,0.00000000,-0.83073467,0.21124740,1.22715104,-0.81819886,-0.96444201,0.00000000,0.00000000
-0.50482076,-0.47195119,0.48341081,1.10236573,-0.47942555,0.00000000,0.00000000,-0.87000847,0.20887841,1.25623453,-0.90145177,-0.97323960,0.00000000,0.00000000
-0.52681857,-0.51164508,0.48248711,1.19923508,-0.45481351,0.00000000,0.00000000,-0.91629058,0.20991734,1.29012775,-0.98699540,-0.98232377,0.00000000,0.00000000
-0.54879004,-0.55878460,0.48877844,1.29605007,-0.43162733,0.00000000,0.00000000,-0.96889400,0.21340105,1.32915509,-1.07255054,-0.97295910,0.00000000,0.00000000
-0.56995797,-0.61182964,0.50241619,1.38916218,-0.40359733,0.00000000,0.00000000,-1.02622235,0.21741280,1.37343478,-1.15472925,-0.95840603,0.00000000,0.00000000
-0.58986086,-0.66833675,0.52284920,1.47531331,-0.38062319,0.00000000,0.00000000,-1.08744347,0.21769631,1.42115092,-1.22953820,-0.93269140,0.00000000,0.00000000
-0.60833961,-0.72596961,0.54896796,1.55154252,-0.37219495,0.00000000,0.00000000,-1.15357995,0.20900166,1.46849823,-1.29385924,-0.91341370,0.00000000,0.00000000
-0.62542474,-0.78315198,0.57938081,1.61555445,-0.37379223,0.00000000,0.00000000,-1.22434139,0.18891741,1.51316833,-1.34686923,-0.90584058,0.00000000,0.00000000
-0.64147913,-0.83874643,0.61238855,1.66725981,-0.38455316,0.00000000,0.00000000,-1.29816973,0.15789147,1.55427337,-1.38898230,-0.89535242,0.00000000,0.00000000
-0.65636957,-0.89256376,0.64692259,1.70840573,-0.40288517,0.00000000,0.00000000,-1.37363064,0.11853032,1.59077370,-1.42072296,-0.89098728,0.00000000,0.00000000
-0.66850954,-0.94611144,0.68350804,1.74047327,-0.42051563,0.00000000,0.00000000,-1.44954157,0.07460259,1.62111533,-1.44263983,-0.87321830,0.00000000,0.00000000
-0.67597955,-1.00159490,0.72293973,1.76437485,-0.42584243,0.00000000,0.00000000,-1.52517736,0.02923401,1.64342690,-1.45521903,-0.88256955,0.00000000,0.00000000
-0.67749894,-1.06052434,0.76513958,1.78185165,-0.41968107,0.00000000,0.00000000,-1.60057950,-0.01550416,1.65601933,-1.45821488,-0.89098579,0.00000000,0.00000000
-0.67201304,-1.12341988,0.80977029,1.79455447,-0.41095200,0.00000000,0.00000000,-1.67562497,-0.05816333,1.65780175,-1.45114505,-0.90294516,0.00000000,0.00000000
-0.65877873,-1.18955410,0.85664147,1.80165339,-0.38464180,0.00000000,0.00000000,-1.74888301,-0.09766271,1.64842248,-1.43423808,-0.90176195,0.00000000,0.00000000
-0.63840628,-1.25682986,0.90502006,1.80131984,-0.36894256,0.00000000,0.00000000,-1.81801140,-0.13323461,1.62810647,-1.40815115,-0.89225245,0.00000000,0.00000000
-0.61277241,-1.32254267,0.95381761,1.79198849,-0.33979523,0.00000000,0.00000000,-1.88035548,-0.16448715,1.59741676,-1.37359798,-0.86722946,0.00000000,0.00000000
-0.58427805,-1.38430130,1.00203300,1.77261686,-0.29769874,0.00000000,0.00000000,-1.93332624,-0.19123220,1.55723882,-1.33106136,-0.84025693,0.00000000,0.00000000
-0.55578136,-1.44031155,1.04832029,1.74323416,-0.26498786,0.00000000,0.00000000,-1.97363472,-0.21241444,1.50971556,-1.28106284,-0.82112443,0.00000000,0.00000000
-0.53051966,-1.48888624,1.09121764,1.70631623,-0.22707240,0.00000000,0.00000000,-1.99774683,-0.22675700,1.45738637,-1.22445560,-0.79561836,0.00000000,0.00000000
-0.51290482,-1.52720058,1.12668860,1.66694915,-0.19921982,0.00000000,0.00000000,-2.00547409,-0.23480658,1.40083313,-1.16153312,-0.76086992,0.00000000,0.00000000
-0.50409436,-1.55488062,1.15344667,1.62804902,-0.17797790,0.00000000,0.00000000,-1.99990702,-0.23862652,1.33884656,-1.09339869,-0.72740364,0.00000000,0.00000000
-0.49846062,-1.57811773,1.18218970,1.58981967,-0.16929917,0.00000000,0.00000000,-1.98321223,-0.23958609,1.27094209,-1.02272332,-0.70326442,0.00000000,0.00000000
-0.50066555,-1.59385979,1.20850945,1.55835223,-0.14738452,0.00000000,0.00000000,-1.95592391,-0.23922962,1.19675100,-0.95262146,-0.66819876,0.00000000,0.00000000
-0.50894880,-1.60131001,1.22532296,1.53050983,-0.12813009,0.00000000,0.00000000,-1.91872668,-0.23899423,1.11584330,-0.88494247,-0.66002405,0.00000000,0.00000000
-0.52027595,-1.60335398,1.23699307,1.50455010,-0.12479652,0.00000000,0.00000000,-1.87217307,-0.24023044,1.02799618,-0.82007122,-0.65491676,0.00000000,0.00000000
-0.53484857,-1.60082018,1.24613571,1.48179996,-0.11088335,0.00000000,0.00000000,-1.81781089,-0.24364088,0.93291891,-0.75645757,-0.65576142,0.00000000,0.00000000
-0.55306309,-1.59415400,1.25371063,1.46213055,-0.12055258,0.00000000,0.00000000,-1.75684142,-0.24873722,0.83066547,-0.69135368,-0.65079999,0.00000000,0.00000000
-0.57607049,-1.58337820,1.26058936,1.44456983,-0.14116241,0.00000000,0.00000000,-1.68948209,-0.25605151,0.72120088,-0.62264711,-0.63978243,0.00000000,0.00000000
-0.60468310,-1.56894314,1.26809824,1.42870343,-0.14564031,0.00000000,0.00000000,-1.61704099,-0.26594630,0.60433584,-0.54820514,-0.62449628,0.00000000,0.00000000
-0.63956195,-1.55162132,1.27793205,1.41502881,-0.13997577,0.00000000,0.00000000,-1.54154193,-0.27844784,0.48000517,-0.46592119,-0.61841166,0.00000000,0.00000000
-0.68153793,-1.53183782,1.29119134,1.40386140,-0.14809822,0.00000000,0.00000000,-1.46546745,-0.29514623,0.34825963,-0.37539580,-0.62333447,0.00000000,0.00000000
-0.73120427,-1.50955081,1.30789530,1.39474165,-0.15666088,0.00000000,0.00000000,-1.39313531,-0.31691229,0.20948754,-0.27743533,-0.60531282,0.00000000,0.00000000
-0.78869897,-1.48447108,1.32729638,1.38649046,-0.15000407,0.00000000,0.00000000,-1.32942367,-0.34141088,0.06489626,-0.17282882,-0.56715953,0.00000000,0.00000000
-0.85377055,-1.45610380,1.34810674,1.37762094,-0.16527486,0.00000000,0.00000000,-1.27791095,-0.36446309,-0.08336608,-0.06280154,-0.53101450,0.00000000,0.00000000
-0.92572182,-1.42395318,1.36907780,1.36699200,-0.14929393,0.00000000,0.00000000,-1.24042928,-0.38158414,-0.23231372,0.05057317,-0.49224550,0.00000000,0.00000000
-1.00283754,-1.38812327,1.38992167,1.35309494,-0.13744511,0.00000000,0.00000000,-1.21701539,-0.38895965,-0.37832573,0.16430162,-0.47249395,0.00000000,0.00000000
-1.08276689,-1.34917343,1.41114461,1.33431137,-0.13667338,0.00000000,0.00000000,-1.20624554,-0.38392073,-0.51749408,0.27473962,-0.45347342,0.00000000,0.00000000
-1.16344440,-1.30780530,1.43343747,1.30953646,-0.14644125,0.00000000,0.00000000,-1.20550656,-0.36517894,-0.64606202,0.37806991,-0.41671142,0.00000000,0.00000000
-1.24357235,-1.26487446,1.45715880,1.27809262,-0.15347540,0.00000000,0.00000000,-1.21108735,-0.33270285,-0.76088154,0.47099078,-0.37893170,0.00000000,0.00000000
-1.32273817,-1.22131550,1.48200560,1.24046588,-0.17011859,0.00000000,0.00000000,-1.21873844,-0.28739858,-0.85962319,0.55116409,-0.37099257,0.00000000,0.00000000
-1.40055108,-1.17803955,1.50687408,1.19800174,-0.19054121,0.00000000,0.00000000,-1.22549379,-0.23066880,-0.94045830,0.61689121,-0.39539537,0.00000000,0.00000000
-1.47575641,-1.13607955,1.53052986,1.15256369,-0.19104467,0.00000000,0.00000000,-1.23132229,-0.16478160,-1.00179434,0.66613543,-0.41914755,0.00000000,0.00000000
-1.54539132,-1.09725666,1.55276716,1.10464787,-0.21223091,0.00000000,0.00000000,-1.23847985,-0.09153867,-1.04197741,0.69812882,-0.44026884,0.00000000,0.00000000
-1.60672021,-1.06276000,1.57333219,1.05291831,-0.21936676,0.00000000,0.00000000,-1.24998116,-0.01195192,-1.05977094,0.71686709,-0.45415118,0.00000000,0.00000000
-1.65977764,-1.03103197,1.59037745,0.99434996,-0.23183304,0.00000000,0.00000000,-1.27297747,0.06901429,-1.05544508,0.72575164,-0.47097224,0.00000000,0.00000000
-1.70706844,-0.99926132,1.60198534,0.92623913,-0.22897318,0.00000000,0.00000000,-1.31405389,0.14803277,-1.02876711,0.72606730,-0.48766372,0.00000000,0.00000000
-1.75247014,-0.96489954,1.60723805,0.84851968,-0.23025356,0.00000000,0.00000000,-1.37559915,0.22361925,-0.97922671,0.71789712,-0.50515473,0.00000000,0.00000000
-1.80010045,-0.92496979,1.60559773,0.76316118,-0.23784146,0.00000000,0.00000000,-1.45656073,0.29356059,-0.90717745,0.70084023,-0.49351051,0.00000000,0.00000000
-1.85136032,-0.87967229,1.59841537,0.67209023,-0.25184706,0.00000000,0.00000000,-1.55410016,0.35449618,-0.81424367,0.67461520,-0.47192720,0.00000000,0.00000000
-1.90604067,-0.83147258,1.58770132,0.57860124,-0.25560108,0.00000000,0.00000000,-1.66486073,0.40248567,-0.70350569,0.63944298,-0.46098441,0.00000000,0.00000000
-1.96549618,-0.77846938,1.57326603,0.48736072,-0.23859765,0.00000000,0.00000000,-1.78591406,0.43435419,-0.57956427,0.59645748,-0.43993238,0.00000000,0.00000000
-2.03115869,-0.71754962,1.55434072,0.40302184,-0.22955246,0.00000000,0.00000000,-1.91488552,0.44849810,-0.44911519,0.54928416,-0.43584821,0.00000000,0.00000000
-2.10335374,-0.64807123,1.53074527,0.32864255,-0.23002869,0.00000000,0.00000000,-2.04977655,0.44321540,-0.31974334,0.50213897,-0.41636318,0.00000000,0.00000000
-2.18132854,-0.57271177,1.50303781,0.26460308,-0.24744178,0.00000000,0.00000000,-2.18789935,0.41706318,-0.19752917,0.45810160,-0.41411653,0.00000000,0.00000000
-2.26403308,-0.49577200,1.47217691,0.20863487,-0.25380325,0.00000000,0.00000000,-2.32508326,0.37227216,-0.08652033,0.41998211,-0.43527535,0.00000000,0.00000000
-2.35064268,-0.42023352,1.43904626,0.15767209,-0.25785622,0.00000000,0.00000000,-2.45622754,0.31342056,0.01107422,0.38885382,-0.46765035,0.00000000,0.00000000
-2.43995690,-0.34694552,1.40440047,0.10990353,-0.25476435,0.00000000,0.00000000,-2.57613540,0.24519575,0.09457428,0.36354658,-0.49256527,0.00000000,0.00000000
-2.52928209,-0.27537718,1.36896563,0.06582160,-0.25793597,0.00000000,0.00000000,-2.68029952,0.17258769,0.16418530,0.34239671,-0.50607818,0.00000000,0.00000000
-2.61448431,-0.20463617,1.33347464,0.02718306,-0.27971530,0.00000000,0.00000000,-2.76569152,0.10023692,0.22065701,0.32423121,-0.51746154,0.00000000,0.00000000
-2.69190860,-0.13443235,1.29858398,-0.00502297,-0.29941231,0.00000000,0.00000000,-2.83170652,0.03160182,0.26562920,0.30851901,-0.52538389,0.00000000,0.00000000
-2.75996518,-0.06640574,1.26480997,-0.03153056,-0.31449771,0.00000000,0.00000000,-2.88117266,-0.03121629,0.30177456,0.29525992,-0.54964012,0.00000000,0.00000000
-2.81903744,-0.00188233,1.23253226,-0.05391351,-0.31930101,0.00000000,0.00000000,-2.91921139,-0.08900367,0.33213851,0.28415194,-0.58406222,0.00000000,0.00000000
-2.86935496,0.05878039,1.20202982,-0.07282746,-0.32407504,0.00000000,0.00000000,-2.94960332,-0.14339456,0.35886937,0.27478895,-0.59744990,0.00000000,0.00000000
-2.91136146,0.11412986,1.17345548,-0.08933680,-0.34313372,0.00000000,0.00000000,-2.97327924,-0.19453709,0.38279042,0.26706928,-0.60049409,0.00000000,0.00000000
-2.94624615,0.16409893,1.14696813,-0.10482422,-0.37656820,0.00000000,0.00000000,-2.98990369,-0.24252015,0.40421548,0.26053256,-0.61335331,0.00000000,0.00000000
-2.97427249,0.21054345,1.12276876,-0.11942793,-0.43715569,0.00000000,0.00000000,-2.99964118,-0.28739068,0.42346463,0.25480437,-0.62392098,0.00000000,0.00000000
-2.99478531,0.25418282,1.10093188,-0.13307565,-0.48916107,0.00000000,0.00000000,-3.00379944,-0.32850704,0.44072440,0.24991757,-0.66858208,0.00000000,0.00000000
-3.00663900,0.29354766,1.08133566,-0.14661795,-0.54871434,0.00000000,0.00000000,-3.00449872,-0.36478120,0.45594096,0.24580239,-0.70562965,0.00000000,0.00000000
-3.00980115,0.32723591,1.06377077,-0.16053033,-0.61509186,0.00000000,0.00000000,-3.00352979,-0.39535224,0.46915364,0.24235900,-0.74432927,0.00000000,0.00000000
-3.00999975,0.35504502,1.04802489,-0.17447098,-0.68629169,0.00000000,0.00000000,-3.00174618,-0.41985795,0.48061138,0.23971872,-0.75934535,0.00000000,0.00000000
-3.00999999,0.37704915,1.03387439,-0.18814246,-0.76324803,0.00000000,0.00000000,-2.99889946,-0.43855843,0.49060628,0.23800050,-0.76402456,0.00000000,0.00000000
-3.00999999,0.39300305,1.02104282,-0.20148064,-0.81990159,0.00000000,0.00000000,-2.99456263,-0.45241326,0.49955434,0.23717405,-0.77753371,0.00000000,0.00000000
-3.00999999,0.40253612,1.00926352,-0.21492520,-0.85759014,0.00000000,0.00000000,-2.98920441,-0.46259591,0.50794637,0.23711185,-0.78274345,0.00000000,0.00000000
-3.00999999,0.41308171,0.99915004,-0.22588918,-0.87558240,0.00000000,0.00000000,-2.98344922,-0.46973160,0.51610541,0.23763999,-0.78787446,0.00000000,0.00000000
-3.00999999,0.43456733,0.99150574,-0.22933948,-0.87902689,0.00000000,0.00000000,-2.97788978,-0.47416329,0.52422047,0.23856638,-0.79670954,0.00000000,0.00000000
-3.00999999,0.44558933,0.98384482,-0.23351383,-0.86324304,0.00000000,0.00000000,-2.97460723,-0.47661152,0.53267956,0.23996814,-0.80762160,0.00000000,0.00000000
-3.00999999,0.44890508,0.97643226,-0.23867142,-0.83687150,0.00000000,0.00000000,-2.97194242,-0.47633073,0.54129022,0.24169204,-0.83275455,0.00000000,0.00000000
-3.00999999,0.44997916,0.96962160,-0.24249829,-0.80906796,0.00000000,0.00000000,-2.96926212,-0.47345027,0.55009371,0.24353349,-0.85129982,0.00000000,0.00000000
-3.00999999,0.44864905,0.96322840,-0.24462935,-0.76426977,0.00000000,0.00000000,-2.96656632,-0.46825752,0.55921304,0.24540353,-0.88092273,0.00000000,0.00000000
-3.00999999,0.43877062,0.95659101,-0.24791023,-0.72710556,0.00000000,0.00000000,-2.96372294,-0.46091181,0.56871760,0.24723072,-0.91300833,0.00000000,0.00000000
-3.00999999,0.41669762,0.94939595,-0.25463453,-0.68942726,0.00000000,0.00000000,-2.96085525,-0.45179731,0.57872254,0.24891908,-0.95346558,0.00000000,0.00000000
-3.00999999,0.40506527,0.94403881,-0.25436807,-0.66504019,0.00000000,0.00000000,-2.95747018,-0.44050425,0.58920068,0.25056255,-1.03016734,0.00000000,0.00000000
-3.00999999,0.39488947,0.93946576,-0.25060064,-0.65479720,0.00000000,0.00000000,-2.95314741,-0.42660981,0.60010302,0.25222760,-1.08787942,0.00000000,0.00000000
-3.00999999,0.37930518,0.93497968,-0.24592082,-0.65791464,0.00000000,0.00000000,-2.94753909,-0.40959564,0.61134303,0.25393009,-1.15254366,0.00000000,0.00000000
-3.00999999,0.35880944,0.93072116,-0.23959757,-0.64892006,0.00000000,0.00000000,-2.94053411,-0.38896364,0.62287414,0.25576374,-1.19478083,0.00000000,0.00000000
-3.00999999,0.33355591,0.92681313,-0.23098813,-0.62912351,0.00000000,0.00000000,-2.93204856,-0.36446941,0.63469708,0.25773028,-1.24075437,0.00000000,0.00000000
-3.00999999,0.30327070,0.92332101,-0.21941894,-0.61600351,0.00000000,0.00000000,-2.92196417,-0.33605924,0.64684850,0.25977960,-1.28405964,0.00000000,0.00000000
-3.00999999,0.26702052,0.92021692,-0.20431647,-0.58527309,0.00000000,0.00000000,-2.90997005,-0.30356157,0.65931493,0.26183254,-1.31777525,0.00000000,0.00000000
-3.00999999,0.22376135,0.91753149,-0.18561643,-0.57437128,0.00000000,0.00000000,-2.89537287,-0.26646137,0.67196542,0.26383936,-1.33473742,0.00000000,0.00000000
-3.00981545,0.17278267,0.91551244,-0.16461116,-0.55142921,0.00000000,0.00000000,-2.87728071,-0.22447264,0.68466419,0.26571843,-1.32585168,0.00000000,0.00000000
-3.00686932,0.11349800,0.91451728,-0.14399645,-0.53705812,0.00000000,0.00000000,-2.85494208,-0.17770670,0.69737566,0.26747552,-1.30127740,0.00000000,0.00000000
-2.99585223,0.04703456,0.91492552,-0.12615053,-0.52096754,0.00000000,0.00000000,-2.82767534,-0.12690665,0.71017265,0.26887178,-1.28449345,0.00000000,0.00000000
-2.97683764,-0.02345365,0.91699708,-0.11160666,-0.52528769,0.00000000,0.00000000,-2.79514480,-0.07293212,0.72323453,0.26971704,-1.26779747,0.00000000,0.00000000
-2.95040751,-0.09456564,0.92078120,-0.09947762,-0.53920251,0.00000000,0.00000000,-2.75664067,-0.01666674,0.73672503,0.26972067,-1.23732662,0.00000000,0.00000000
-2.91602921,-0.16419682,0.92616653,-0.08878582,-0.55533290,0.00000000,0.00000000,-2.71111107,0.04047009,0.75080568,0.26825225,-1.20412564,0.00000000,0.00000000
-2.87339115,-0.23118575,0.93299800,-0.07907759,-0.56883854,0.00000000,0.00000000,-2.65795970,0.09734391,0.76570189,0.26497516,-1.17116535,0.00000000,0.00000000
-2.82242846,-0.29525262,0.94109368,-0.07033872,-0.56327766,0.00000000,0.00000000,-2.59706306,0.15394567,0.78154677,0.26010415,-1.14688492,0.00000000,0.00000000
-2.76293325,-0.35575318,0.95026392,-0.06213852,-0.55696601,0.00000000,0.00000000,-2.52859902,0.20960498,0.79850245,0.25339416,-1.11204922,0.00000000,0.00000000
-2.69474053,-0.41024551,0.96036750,-0.05337981,-0.57296526,0.00000000,0.00000000,-2.45393491,0.26203373,0.81715828,0.24440202,-1.08444512,0.00000000,0.00000000
-2.61904073,-0.45816866,0.97130400,-0.04486518,-0.58175415,0.00000000,0.00000000,-2.37464762,0.31148314,0.83816648,0.23383652,-1.01623559,0.00000000,0.00000000
-2.53688264,-0.50014317,0.98296642,-0.03729933,-0.55560642,0.00000000,0.00000000,-2.29137540,0.35768619,0.86200035,0.22153229,-0.95909137,0.00000000,0.00000000
-2.44868302,-0.53604120,0.99525172,-0.03050831,-0.53161711,0.00000000,0.00000000,-2.20437002,0.39886838,0.88920200,0.20711942,-0.90470463,0.00000000,0.00000000
-2.35440254,-0.56741810,1.00803924,-0.02385517,-0.49418035,0.00000000,0.00000000,-2.11370921,0.43516707,0.91994691,0.19028188,-0.86379254,0.00000000,0.00000000
-2.25365758,-0.59741461,1.02122176,-0.01580946,-0.46606639,0.00000000,0.00000000,-2.01882172,0.46860254,0.95391327,0.16981593,-0.80531228,0.00000000,0.00000000
-2.14595819,-0.62917298,1.03476465,-0.00343289,-0.43624204,0.00000000,0.00000000,-1.91854215,0.50158799,0.99047333,0.14297973,-0.74238062,0.00000000,0.00000000
-2.03119993,-0.66431940,1.04876781,0.01741752,-0.42027488,0.00000000,0.00000000,-1.81176150,0.53470743,1.02903903,0.10598695,-0.68711555,0.00000000,0.00000000
-1.91022944,-0.70124829,1.06347466,0.05132080,-0.38418847,0.00000000,0.00000000,-1.69843411,0.56485319,1.06920516,0.05564871,-0.62381852,0.00000000,0.00000000
-1.78501821,-0.73490214,1.07909358,0.10208139,-0.34310782,0.00000000,0.00000000,-1.58066273,0.58517510,1.11039293,-0.00838546,-0.57688981,0.00000000,0.00000000
-1.65814245,-0.75934511,1.09540117,0.17159039,-0.30604726,0.00000000,0.00000000,-1.46301174,0.58810568,1.15119624,-0.08266947,-0.53584772,0.00000000,0.00000000
-1.53214395,-0.77073151,1.11127520,0.25821501,-0.25763690,0.00000000,0.00000000,-1.35111976,0.57107216,1.18932164,-0.16140635,-0.49009925,0.00000000,0.00000000
-1.40961123,-0.76798177,1.12464547,0.35643741,-0.22029458,0.00000000,0.00000000,-1.24965274,0.53715718,1.22249508,-0.23960854,-0.43394119,0.00000000,0.00000000
-1.29328549,-0.75202167,1.13313544,0.45922804,-0.19675091,0.00000000,0.00000000,-1.16155815,0.49172428,1.24926221,-0.31430963,-0.40351415,0.00000000,0.00000000
-1.18569672,-0.72537261,1.13490379,0.56040454,-0.17675976,0.00000000,0.00000000,-1.08799720,0.43928295,1.26911521,-0.38490146,-0.39145795,0.00000000,0.00000000
-1.08898866,-0.69139302,1.12894392,0.65513951,-0.14904405,0.00000000,0.00000000,-1.02875161,0.38281551,1.28231847,-0.45221993,-0.39752883,0.00000000,0.00000000
-1.00562894,-0.65149099,1.11435699,0.74186057,-0.12225220,0.00000000,0.00000000,-0.98251569,0.32563147,1.29019129,-0.51739144,-0.40644512,0.00000000,0.00000000
-0.93759984,-0.60830861,1.09128082,0.82255316,-0.11887646,0.00000000,0.00000000,-0.94829774,0.27210301,1.29506934,-0.58077860,-0.40010494,0.00000000,0.00000000
-0.88416594,-0.57023412,1.06296754,0.89916736,-0.13188185,0.00000000,0.00000000,-0.92626435,0.22498320,1.29920661,-0.64297342,-0.38302088,0.00000000,0.00000000
-0.84467328,-0.54185510,1.03201926,0.97526723,-0.15179893,0.00000000,0.00000000,-0.91590405,0.18394971,1.30406404,-0.70687664,-0.37557298,0.00000000,0.00000000
-0.81872028,-0.52369303,0.99999642,1.05421770,-0.18491070,0.00000000,0.00000000,-0.91718942,0.14776509,1.31072831,-0.77487385,-0.35739994,0.00000000,0.00000000
-0.80612046,-0.51683038,0.96826470,1.13725400,-0.20211622,0.00000000,0.00000000,-0.93089539,0.11658456,1.32089424,-0.84791261,-0.33033207,0.00000000,0.00000000
-0.80543035,-0.52417260,0.93904704,1.22488725,-0.22467741,0.00000000,0.00000000,-0.95711124,0.09088363,1.33636749,-0.92767948,-0.28060979,0.00000000,0.00000000
-0.81322736,-0.54813039,0.91530240,1.31817758,-0.25724193,0.00000000,0.00000000,-0.99765974,0.06921861,1.35734737,-1.01528454,-0.21168081,0.00000000,0.00000000
-0.82672131,-0.58992505,0.89867735,1.41585946,-0.30196303,0.00000000,0.00000000,-1.05499804,0.04949037,1.38300848,-1.11035991,-0.15696488,0.00000000,0.00000000
-0.83974230,-0.65355182,0.89335442,1.51376283,-0.32682279,0.00000000,0.00000000,-1.12986684,0.03031183,1.41242564,-1.21023202,-0.13394666,0.00000000,0.00000000
-0.84720618,-0.73708183,0.90067118,1.60823810,-0.33557999,0.00000000,0.00000000,-1.21872973,0.01116029,1.44551945,-1.31037927,-0.11445846,0.00000000,0.00000000
-0.85675448,-0.82356846,0.90858978,1.69403601,-0.33536091,0.00000000,0.00000000,-1.31432772,-0.00784570,1.48288536,-1.40568817,-0.11075683,0.00000000,0.00000000
-0.86179149,-0.90979463,0.92062098,1.77081347,-0.32267934,0.00000000,0.00000000,-1.41309607,-0.02805849,1.52161443,-1.48958921,-0.12871042,0.00000000,0.00000000
-0.85517728,-0.99807453,0.94215840,1.83360183,-0.30896652,0.00000000,0.00000000,-1.51504183,-0.05143725,1.55627728,-1.55832541,-0.15669207,0.00000000,0.00000000
-0.83499157,-1.08836496,0.97409731,1.87810099,-0.30360293,0.00000000,0.00000000,-1.62032890,-0.07797932,1.58378315,-1.61026120,-0.19554922,0.00000000,0.00000000
-0.80259430,-1.17876494,1.01448667,1.90403032,-0.27760544,0.00000000,0.00000000,-1.72885680,-0.10697757,1.60302150,-1.64405298,-0.22880256,0.00000000,0.00000000
-0.76014608,-1.26726103,1.06106627,1.91193068,-0.24508476,0.00000000,0.00000000,-1.83886039,-0.13748392,1.61466396,-1.65953338,-0.23962879,0.00000000,0.00000000
-0.71052790,-1.35177577,1.11157870,1.90291488,-0.25193581,0.00000000,0.00000000,-1.94704068,-0.16814499,1.62073088,-1.65795553,-0.25929666,0.00000000,0.00000000
-0.65769976,-1.43019366,1.16343832,1.87922812,-0.27315551,0.00000000,0.00000000,-2.04968858,-0.19757394,1.62330258,-1.64159036,-0.28192613,0.00000000,0.00000000
-0.60594815,-1.50082934,1.21422255,1.84382153,-0.29227194,0.00000000,0.00000000,-2.14342499,-0.22461487,1.62385094,-1.61313117,-0.29950425,0.00000000,0.00000000
-0.55950028,-1.56238842,1.26188171,1.80010200,-0.33001986,0.00000000,0.00000000,-2.22507596,-0.24826285,1.62352061,-1.57545626,-0.31496769,0.00000000,0.00000000
-0.52259254,-1.61390996,1.30477440,1.75206888,-0.36427507,0.00000000,0.00000000,-2.29178238,-0.26779053,1.62325358,-1.53133130,-0.33573335,0.00000000,0.00000000
-0.49863926,-1.65521610,1.34219575,1.70347893,-0.38433608,0.00000000,0.00000000,-2.34154534,-0.28306946,1.62326014,-1.48288977,-0.34734711,0.00000000,0.00000000
-0.48890054,-1.68702316,1.37421501,1.65706158,-0.42129707,0.00000000,0.00000000,-2.37291265,-0.29388747,1.62380373,-1.43292022,-0.35798886,0.00000000,0.00000000
-0.49289906,-1.70986509,1.39998007,1.61544144,-0.45164323,0.00000000,0.00000000,-2.38581371,-0.29914078,1.62634635,-1.38657069,-0.38781142,0.00000000,0.00000000
-0.50807744,-1.72517109,1.42039108,1.57990682,-0.42837477,0.00000000,0.00000000,-2.38556170,-0.30038527,1.62927985,-1.34603810,-0.40404892,0.00000000,0.00000000
-0.53053397,-1.73541415,1.43798006,1.54932356,-0.41951382,0.00000000,0.00000000,-2.37686753,-0.29957786,1.63071394,-1.31030238,-0.40513745,0.00000000,0.00000000
-0.55733317,-1.74284899,1.45492685,1.52320337,-0.41705570,0.00000000,0.00000000,-2.36154580,-0.29742780,1.63016033,-1.27774346,-0.39590305,0.00000000,0.00000000
-0.58789062,-1.74814379,1.47120762,1.50123835,-0.40152821,0.00000000,0.00000000,-2.33988953,-0.29345796,1.62823856,-1.24647272,-0.37463495,0.00000000,0.00000000
-0.62299186,-1.75152206,1.48657274,1.48104751,-0.38520986,0.00000000,0.00000000,-2.31091452,-0.28709501,1.62544632,-1.21439600,-0.35462612,0.00000000,0.00000000
-0.66354483,-1.75329494,1.50105739,1.45907247,-0.34984726,0.00000000,0.00000000,-2.27361846,-0.27834123,1.62168920,-1.17836308,-0.33639234,0.00000000,0.00000000
-0.71057749,-1.75312901,1.51393569,1.43166578,-0.30970123,0.00000000,0.00000000,-2.22761130,-0.26709330,1.61704946,-1.13528728,-0.30884990,0.00000000,0.00000000
-0.76479775,-1.74989522,1.52340615,1.39568961,-0.27595124,0.00000000,0.00000000,-2.17273188,-0.25265491,1.61218798,-1.08429742,-0.27832139,0.00000000,0.00000000
-0.82681048,-1.74201179,1.52717412,1.35006464,-0.27655202,0.00000000,0.00000000,-2.10954309,-0.23431090,1.60766673,-1.02650106,-0.24600199,0.00000000,0.00000000
-0.89653444,-1.72786009,1.52322805,1.29522729,-0.26440594,0.00000000,0.00000000,-2.03964186,-0.21171382,1.60356057,-0.96352673,-0.23571046,0.00000000,0.00000000
-0.97219598,-1.70613241,1.51031315,1.23181653,-0.24400209,0.00000000,0.00000000,-1.96461535,-0.18437415,1.59984136,-0.89726394,-0.23390567,0.00000000,0.00000000
-1.05042875,-1.67648542,1.48848581,1.16167116,-0.22873123,0.00000000,0.00000000,-1.88529825,-0.15128265,1.59665239,-0.83002442,-0.22617652,0.00000000,0.00000000
-1.12678111,-1.63995588,1.45903695,1.08725297,-0.23661427,0.00000000,0.00000000,-1.80301523,-0.11151070,1.59392858,-0.76378614,-0.18567002,0.00000000,0.00000000
-1.19788158,-1.59750509,1.42277932,1.01205635,-0.25325501,0.00000000,0.00000000,-1.72019005,-0.06535307,1.59080887,-0.69942999,-0.16298519,0.00000000,0.00000000
-1.26090932,-1.54945111,1.37954700,0.93906564,-0.26344988,0.00000000,0.00000000,-1.63827217,-0.01361678,1.58621752,-0.63756675,-0.15347762,0.00000000,0.00000000
-1.31188786,-1.49735522,1.32981312,0.86946499,-0.25276208,0.00000000,0.00000000,-1.55739987,0.04362008,1.57963204,-0.57841033,-0.14141783,0.00000000,0.00000000
-1.34640348,-1.44552398,1.27587295,0.80374759,-0.20551997,0.00000000,0.00000000,-1.47703648,0.10475945,1.57014441,-0.52246267,-0.11626265,0.00000000,0.00000000
-1.36234248,-1.39724493,1.22009480,0.74259979,-0.16451910,0.00000000,0.00000000,-1.39628172,0.17016491,1.55758488,-0.46919316,-0.07701014,0.00000000,0.00000000
-1.36030936,-1.35207915,1.16398716,0.68697387,-0.13491012,0.00000000,0.00000000,-1.31375945,0.24670905,1.54373503,-0.41487345,-0.03584561,0.00000000,0.00000000
-1.34098673,-1.31156576,1.11085749,0.63772559,-0.11170384,0.00000000,0.00000000,-1.22540617,0.33408242,1.52798259,-0.35974014,-0.01401878,0.00000000,0.00000000
-1.30463350,-1.27610409,1.06318438,0.59415877,-0.06768826,0.00000000,0.00000000,-1.13043714,0.42429179,1.50799835,-0.30673245,-0.02334413,0.00000000,0.00000000
-1.25178075,-1.23805022,1.01866114,0.55038285,-0.04300201,0.00000000,0.00000000,-1.02978742,0.51221913,1.48302948,-0.25874242,-0.01676408,0.00000000,0.00000000
-1.18231106,-1.20005596,0.97946149,0.50003672,-0.03947360,0.00000000,0.00000000,-0.92538840,0.59792787,1.45386207,-0.21585853,-0.01040178,0.00000000,0.00000000
-1.09596026,-1.16784954,0.94786304,0.43875664,-0.05340458,0.00000000,0.00000000,-0.81889290,0.68204409,1.42145181,-0.17860170,-0.00917749,0.00000000,0.00000000
-0.99496114,-1.14400995,0.92501158,0.36810791,-0.09164228,0.00000000,0.00000000,-0.71155691,0.76428175,1.38667130,-0.14903457,-0.02311995,0.00000000,0.00000000
-0.88334799,-1.12884712,0.91136158,0.29351941,-0.14511538,0.00000000,0.00000000,-0.60520792,0.84409505,1.35035181,-0.12845407,-0.03552275,0.00000000,0.00000000
-0.76544881,-1.12360382,0.90683275,0.22036442,-0.19863671,0.00000000,0.00000000,-0.50224245,0.92087764,1.31317830,-0.11668310,-0.04297762,0.00000000,0.00000000
-0.64586276,-1.13030040,0.91065401,0.15288347,-0.22360253,0.00000000,0.00000000,-0.40484557,0.99499869,1.27577865,-0.11200814,-0.05110719,0.00000000,0.00000000
-0.52942169,-1.15067399,0.92129213,0.09365787,-0.26837504,0.00000000,0.00000000,-0.31449586,1.06850207,1.23890245,-0.11228225,-0.05081329,0.00000000,0.00000000
-0.42097095,-1.18528509,0.93678987,0.04398121,-0.30212951,0.00000000,0.00000000,-0.23217787,1.14384103,1.20327866,-0.11597293,-0.07172684,0.00000000,0.00000000
-0.32505319,-1.23194933,0.95517975,0.00534013,-0.33036175,0.00000000,0.00000000,-0.15866162,1.22145617,1.16940773,-0.12247292,-0.09492840,0.00000000,0.00000000
-0.24457328,-1.28772557,0.97487652,-0.02172197,-0.33693615,0.00000000,0.00000000,-0.09417599,1.30020702,1.13756227,-0.13105835,-0.11512869,0.00000000,0.00000000
-0.17974472,-1.35078478,0.99483979,-0.03920915,-0.34458998,0.00000000,0.00000000,-0.03809159,1.38047671,1.10802066,-0.14046437,-0.13492724,0.00000000,0.00000000
-0.12947220,-1.41915715,1.01450074,-0.04964241,-0.34242627,0.00000000,0.00000000,0.01066222,1.46109021,1.08092701,-0.14964840,-0.16445345,0.00000000,0.00000000
-0.09244164,-1.48972404,1.03362131,-0.05459197,-0.35808337,0.00000000,0.00000000,0.05285307,1.53989077,1.05624878,-0.15785827,-0.19576985,0.00000000,0.00000000
-0.06711957,-1.55837810,1.05217934,-0.05475716,-0.37212077,0.00000000,0.00000000,0.08847961,1.61503661,1.03385091,-0.16471933,-0.22506265,0.00000000,0.00000000
-0.05214585,-1.62240577,1.07021344,-0.05069468,-0.37052414,0.00000000,0.00000000,0.11731052,1.68508232,1.01358163,-0.17041954,-0.23949851,0.00000000,0.00000000
-0.04523567,-1.68090534,1.08777153,-0.04414574,-0.36226475,0.00000000,0.00000000,0.13921788,1.74927294,0.99532557,-0.17522487,-0.25535119,0.00000000,0.00000000
-0.04347637,-1.73392415,1.10488248,-0.03729431,-0.33169293,0.00000000,0.00000000,0.15463506,1.80710268,0.97892755,-0.17930186,-0.27777171,0.00000000,0.00000000
-0.04472971,-1.78071320,1.12156701,-0.03110992,-0.31323349,0.00000000,0.00000000,0.16473648,1.85733879,0.96405876,-0.18296713,-0.30251464,0.00000000,0.00000000
-0.04746536,-1.82027006,1.13783813,-0.02586942,-0.28597721,0.00000000,0.00000000,0.17113490,1.89927304,0.95032805,-0.18621956,-0.31661817,0.00000000,0.00000000
-0.05067845,-1.85263634,1.15367651,-0.02177286,-0.26089105,0.00000000,0.00000000,0.17506468,1.93399048,0.93760663,-0.18902443,-0.32673281,0.00000000,0.00000000
-0.05390568,-1.87861979,1.16903520,-0.01886099,-0.23436226,0.00000000,0.00000000,0.17728128,1.96350896,0.92600232,-0.19149856,-0.33933440,0.00000000,0.00000000
-0.05675198,-1.89853203,1.18386495,-0.01703010,-0.24174613,0.00000000,0.00000000,0.17848456,1.98873651,0.91546690,-0.19374754,-0.33227700,0.00000000,0.00000000
-0.05928995,-1.91264403,1.19810259,-0.01589574,-0.26325506,0.00000000,0.00000000,0.17935885,2.00944448,0.90576482,-0.19578861,-0.34296268,0.00000000,0.00000000
-0.06199642,-1.92232370,1.21166205,-0.01510168,-0.28173336,0.00000000,0.00000000,0.18014766,2.02624226,0.89682537,-0.19758461,-0.33052883,0.00000000,0.00000000
-0.06500056,-1.92918730,1.22445846,-0.01461292,-0.31698924,0.00000000,0.00000000,0.18083301,2.04010129,0.88871378,-0.19917612,-0.31900263,0.00000000,0.00000000
-0.06813928,-1.93425000,1.23641300,-0.01450715,-0.36636940,0.00000000,0.00000000,0.18155837,2.05134773,0.88142139,-0.20060174,-0.31746110,0.00000000,0.00000000
-0.07129455,-1.93808472,1.24744368,-0.01473485,-0.41048044,0.00000000,0.00000000,0.18247025,2.05987215,0.87484884,-0.20189719,-0.30075717,0.00000000,0.00000000
-0.07447293,-1.94089377,1.25746572,-0.01509436,-0.46028182,0.00000000,0.00000000,0.18352719,2.06563973,0.86891454,-0.20313323,-0.27149308,0.00000000,0.00000000
-0.07760990,-1.94258153,1.26640296,-0.01539161,-0.49243182,0.00000000,0.00000000,0.18455482,2.06892872,0.86360753,-0.20438848,-0.24383491,0.00000000,0.00000000
-0.08057581,-1.94320166,1.27418995,-0.01555408,-0.51641923,0.00000000,0.00000000,0.18543538,2.07014298,0.85893178,-0.20570484,-0.21901880,0.00000000,0.00000000
-0.08330835,-1.94296372,1.28077042,-0.01556175,-0.53356171,0.00000000,0.00000000,0.18615715,2.06971979,0.85489345,-0.20703825,-0.18993410,0.00000000,0.00000000
-0.08575924,-1.94208419,1.28609776,-0.01538316,-0.56947273,0.00000000,0.00000000,0.18682493,2.06805468,0.85150695,-0.20833731,-0.18002063,0.00000000,0.00000000
-0.08778144,-1.94052315,1.29014134,-0.01504928,-0.51453197,0.00000000,0.00000000,0.18764940,2.06548071,0.84878486,-0.20948605,-0.14409018,0.00000000,0.00000000
-0.08928283,-1.93862641,1.29287779,-0.01465313,-0.44515952,0.00000000,0.00000000,0.18867943,2.06255913,0.84678185,-0.21035360,-0.09747612,0.00000000,0.00000000
-0.09014692,-1.93719327,1.29429460,-0.01435994,-0.38847557,0.00000000,0.00000000,0.18958223,2.06030273,0.84563398,-0.21083753,-0.07233875,0.00000000,0.00000000
