l_joint1,l_joint2,l_joint3,l_joint4,l_joint5,l_joint6,l_joint7,r_joint1,r_joint2,r_joint3,r_joint4,r_joint5,r_joint6,r_joint7
-2.39828467,0.05986731,1.32394874,-0.81487155,-0.00815668,0.00000000,0.00000000,-2.63009048,-0.28711122,1.85074246,-0.15409496,-0.10072955,0.00000000,0.00000000
-2.34133029,-0.00474198,1.29137945,-0.77669322,-0.02359026,0.00000000,0.00000000,-2.56643939,-0.24682613,1.85134947,-0.18760282,-0.12882178,0.00000000,0.00000000
-2.23322630,-0.10737296,1.24147105,-0.69706386,-0.03414955,0.00000000,0.00000000,-2.46278524,-0.18911965,1.85069156,-0.23643777,-0.15704483,0.00000000,0.00000000
-2.07979965,-0.21943660,1.18980944,-0.57745874,-0.04094381,0.00000000,0.00000000,-2.33164191,-0.12939548,1.84664416,-0.29039481,-0.18121433,0.00000000,0.00000000
-1.88902247,-0.31941018,1.14524972,-0.42427427,-0.05882819,0.00000000,0.00000000,-2.17579842,-0.07277858,1.83754027,-0.34787729,-0.19424824,0.00000000,0.00000000
-1.67060578,-0.39183611,1.11044419,-0.24649492,-0.07214875,0.00000000,0.00000000,-1.99677789,-0.02279263,1.82159698,-0.40910885,-0.21223296,0.00000000,0.00000000
-1.43636417,-0.42627820,1.08340120,-0.05586829,-0.09108301,0.00000000,0.00000000,-1.79859221,0.01467275,1.79657292,-0.47319177,-0.20720078,0.00000000,0.00000000
-1.19941592,-0.41895792,1.05840218,0.13451515,-0.11690605,0.00000000,0.00000000,-1.58871424,0.03134334,1.75987184,-0.53760499,-0.18620610,0.00000000,0.00000000
-0.97285140,-0.37302953,1.02805376,0.31244668,-0.13492979,0.00000000,0.00000000,-1.37891626,0.01874518,1.70924318,-0.59777874,-0.17986752,0.00000000,0.00000000
-0.76926988,-0.29772848,0.98563355,0.46852422,-0.15482041,0.00000000,0.00000000,-1.18244171,-0.02421279,1.64542866,-0.64756000,-0.17656919,0.00000000,0.00000000
-0.60087121,-0.20709887,0.92694139,0.59753746,-0.17148106,0.00000000,0.00000000,-1.00807834,-0.08908730,1.57251263,-0.68354446,-0.17528436,0.00000000,0.00000000
-0.47436365,-0.11409126,0.85187310,0.69980943,-0.19040543,0.00000000,0.00000000,-0.86333013,-0.17043231,1.49295640,-0.70663404,-0.16848800,0.00000000,0.00000000
-0.38455647,-0.02528199,0.76505351,0.78066653,-0.20798679,0.00000000,0.00000000,-0.74540925,-0.25521979,1.41270781,-0.72316033,-0.17479593,0.00000000,0.00000000
-0.31871644,0.05771761,0.67377472,0.84679365,-0.20926811,0.00000000,0.00000000,-0.65151805,-0.33768761,1.33464038,-0.73728734,-0.19150032,0.00000000,0.00000000
-0.26496118,0.13365084,0.58527768,0.90263849,-0.22822393,0.00000000,0.00000000,-0.58665973,-0.41819888,1.25811160,-0.74691254,-0.21000269,0.00000000,0.00000000
-0.21700339,0.19917521,0.50495780,0.94984704,-0.26366252,0.00000000,0.00000000,-0.55228239,-0.49936551,1.18172812,-0.75322020,-0.22527735,0.00000000,0.00000000
-0.17485297,0.25236732,0.43478721,0.98914051,-0.28732306,0.00000000,0.00000000,-0.53037536,-0.57780296,1.11031544,-0.76653951,-0.23871355,0.00000000,0.00000000
-0.13972904,0.29147851,0.37559786,1.01973033,-0.33287835,0.00000000,0.00000000,-0.51654506,-0.64609766,1.04840493,-0.78443241,-0.24264953,0.00000000,0.00000000
-0.11171116,0.31688637,0.32822138,1.04084802,-0.37310219,0.00000000,0.00000000,-0.50992674,-0.70277911,0.99689293,-0.80200100,-0.23612095,0.00000000,0.00000000
-0.09156209,0.33073837,0.29255393,1.05306101,-0.40450343,0.00000000,0.00000000,-0.50784546,-0.74724692,0.95611566,-0.81590110,-0.22692920,0.00000000,0.00000000
-0.07774675,0.33240089,0.26965520,1.05871820,-0.43167728,0.00000000,0.00000000,-0.51003283,-0.77628887,0.92733073,-0.82353503,-0.23402961,0.00000000,0.00000000
-0.06466103,0.31939471,0.26281989,1.06271601,-0.46436524,0.00000000,0.00000000,-0.51866895,-0.78624368,0.91165674,-0.82517892,-0.23133163,0.00000000,0.00000000
-0.04680425,0.29427731,0.27489015,1.07046843,-0.50551498,0.00000000,0.00000000,-0.53634018,-0.78205395,0.90616405,-0.82406348,-0.22579606,0.00000000,0.00000000
-0.02727816,0.26181805,0.30398911,1.08117068,-0.55409443,0.00000000,0.00000000,-0.56068498,-0.77284765,0.90714657,-0.82088763,-0.20368822,0.00000000,0.00000000
-0.01242405,0.22885133,0.34624094,1.09013677,-0.57335633,0.00000000,0.00000000,-0.58862340,-0.76307827,0.91293329,-0.80923462,-0.16708907,0.00000000,0.00000000
-0.00460424,0.19953442,0.40001640,1.09389639,-0.58412260,0.00000000,0.00000000,-0.61732453,-0.75526267,0.92340332,-0.78661501,-0.11924823,0.00000000,0.00000000
-0.00593136,0.17414869,0.46406966,1.08951032,-0.58656335,0.00000000,0.00000000,-0.64311796,-0.74838841,0.94094926,-0.75459856,-0.07980816,0.00000000,0.00000000
-0.01956235,0.14892040,0.53744960,1.07305408,-0.57917368,0.00000000,0.00000000,-0.66119587,-0.73541015,0.97085887,-0.71627575,-0.04647591,0.00000000,0.00000000
-0.04894289,0.11464901,0.62055618,1.03991091,-0.58843845,0.00000000,0.00000000,-0.66940910,-0.70579892,1.01799512,-0.67724586,-0.00142768,0.00000000,0.00000000
-0.09927742,0.06136690,0.71288139,0.98801786,-0.61485016,0.00000000,0.00000000,-0.67887926,-0.65119684,1.08105659,-0.64173782,0.07028238,0.00000000,0.00000000
-0.17602527,-0.01441471,0.81165719,0.91940171,-0.64818138,0.00000000,0.00000000,-0.70630199,-0.57192218,1.15309954,-0.60902739,0.14743832,0.00000000,0.00000000
-0.28609639,-0.11444658,0.91310406,0.82954365,-0.67183864,0.00000000,0.00000000,-0.76409435,-0.47305346,1.22694921,-0.57624745,0.21866681,0.00000000,0.00000000
-0.44385371,-0.22771935,1.00699425,0.70855165,-0.67844856,0.00000000,0.00000000,-0.85924673,-0.35856196,1.29824257,-0.53994924,0.26408646,0.00000000,0.00000000
-0.65713924,-0.32907283,1.08272493,0.55773509,-0.67879242,0.00000000,0.00000000,-0.99383408,-0.23185650,1.36517036,-0.49722022,0.27430922,0.00000000,0.00000000
-0.91662484,-0.39415833,1.13749588,0.38636613,-0.68156075,0.00000000,0.00000000,-1.17037678,-0.10937442,1.42334294,-0.44453266,0.28039873,0.00000000,0.00000000
-1.19988477,-0.40851292,1.17596889,0.20690571,-0.67836916,0.00000000,0.00000000,-1.38593650,-0.02066646,1.46619296,-0.37979823,0.30020437,0.00000000,0.00000000
-1.48566401,-0.37288126,1.20613098,0.03121454,-0.68821824,0.00000000,0.00000000,-1.63088989,0.02057106,1.49326622,-0.30174711,0.31688267,0.00000000,0.00000000
-1.76015162,-0.29768819,1.23499441,-0.13265935,-0.70041567,0.00000000,0.00000000,-1.88366497,0.01280213,1.50827098,-0.22206774,0.31895283,0.00000000,0.00000000
-2.01314926,-0.19143948,1.26770055,-0.27788970,-0.70409614,0.00000000,0.00000000,-2.12717867,-0.03817706,1.51594198,-0.15085496,0.30231693,0.00000000,0.00000000
-2.23717833,-0.05706833,1.30868256,-0.40002936,-0.70210254,0.00000000,0.00000000,-2.35460663,-0.12823594,1.52002823,-0.08970519,0.27655682,0.00000000,0.00000000
-2.42663527,0.10250933,1.36141944,-0.49621394,-0.70413828,0.00000000,0.00000000,-2.55950832,-0.25549734,1.52327299,-0.03861451,0.25514010,0.00000000,0.00000000
-2.57596183,0.27864489,1.42634559,-0.56347620,-0.70793927,0.00000000,0.00000000,-2.73070836,-0.40941545,1.52784753,0.00000207,0.24819839,0.00000000,0.00000000
-2.67939758,0.45100266,1.49687266,-0.59901673,-0.73794222,0.00000000,0.00000000,-2.85703969,-0.56324083,1.53493631,0.02385118,0.23970759,0.00000000,0.00000000
-2.74621272,0.58505297,1.55759561,-0.61219519,-0.76826739,0.00000000,0.00000000,-2.93356395,-0.68421865,1.54445803,0.03340488,0.21817528,0.00000000,0.00000000
-2.78579569,0.65251029,1.59384620,-0.61507034,-0.79941154,0.00000000,0.00000000,-2.96320915,-0.74193269,1.55574918,0.03181558,0.19663757,0.00000000,0.00000000
-2.79813361,0.63967019,1.59843493,-0.61010301,-0.81100303,0.00000000,0.00000000,-2.94607329,-0.72056878,1.56858742,0.01855032,0.16603726,0.00000000,0.00000000
-2.78091121,0.54245055,1.57152033,-0.59679234,-0.80669695,0.00000000,0.00000000,-2.87250280,-0.63035959,1.58348691,-0.01392848,0.14083539,0.00000000,0.00000000
-2.72709084,0.37010443,1.52121735,-0.57027292,-0.81424010,0.00000000,0.00000000,-2.74161100,-0.50825602,1.60063207,-0.06856245,0.11767466,0.00000000,0.00000000
-2.62724137,0.15576717,1.46368790,-0.51745087,-0.82226509,0.00000000,0.00000000,-2.57252192,-0.38562468,1.61886621,-0.13596907,0.09402502,0.00000000,0.00000000
-2.47423124,-0.05400961,1.41549027,-0.43002850,-0.82394260,0.00000000,0.00000000,-2.38606191,-0.27723718,1.63610923,-0.20591617,0.07207651,0.00000000,0.00000000
-2.27430844,-0.23551226,1.38098395,-0.31096452,-0.83907449,0.00000000,0.00000000,-2.19636965,-0.18909460,1.64983070,-0.27232197,0.07668535,0.00000000,0.00000000
-2.04001141,-0.37621558,1.35817778,-0.16804561,-0.84763646,0.00000000,0.00000000,-2.00869727,-0.12164525,1.65781164,-0.33370024,0.08615171,0.00000000,0.00000000
-1.78449631,-0.46814719,1.34236300,-0.00972099,-0.86027175,0.00000000,0.00000000,-1.82024908,-0.07369152,1.65827048,-0.39219111,0.09560331,0.00000000,0.00000000
-1.52052963,-0.50722808,1.32700944,0.15495683,-0.88013697,0.00000000,0.00000000,-1.62838423,-0.04928701,1.64879382,-0.44928902,0.09688415,0.00000000,0.00000000
-1.26025534,-0.49290115,1.30480444,0.31626406,-0.89889318,0.00000000,0.00000000,-1.43704474,-0.05893189,1.62588346,-0.50355452,0.09929437,0.00000000,0.00000000
-1.01506174,-0.42782873,1.26894391,0.46497855,-0.92546350,0.00000000,0.00000000,-1.25691521,-0.11059712,1.58716214,-0.54904485,0.10571442,0.00000000,0.00000000
-0.79722661,-0.31738850,1.21512389,0.59173203,-0.93675154,0.00000000,0.00000000,-1.09217501,-0.19514389,1.53586018,-0.58088481,0.11039814,0.00000000,0.00000000
-0.61867887,-0.17108344,1.14396071,0.68928963,-0.94936657,0.00000000,0.00000000,-0.93986297,-0.29156256,1.47966027,-0.59873706,0.13982978,0.00000000,0.00000000
-0.48572817,-0.00596208,1.06129873,0.75422609,-0.97560698,0.00000000,0.00000000,-0.79631621,-0.39265293,1.42195380,-0.61074090,0.17186469,0.00000000,0.00000000
-0.39681420,0.15834852,0.97557765,0.78637671,-0.99999410,0.00000000,0.00000000,-0.66726249,-0.50373584,1.36168909,-0.62597775,0.17419671,0.00000000,0.00000000
-0.33997491,0.30467823,0.89707303,0.79477286,-1.01847100,0.00000000,0.00000000,-0.56451899,-0.62049258,1.30090225,-0.64484692,0.17365177,0.00000000,0.00000000
-0.30286992,0.42314997,0.83333999,0.79772049,-1.03270483,0.00000000,0.00000000,-0.49653772,-0.72394425,1.24705780,-0.66209531,0.17752334,0.00000000,0.00000000
-0.28385404,0.50297403,0.78867817,0.80089968,-1.04002750,0.00000000,0.00000000,-0.46171004,-0.79614949,1.20812607,-0.67438948,0.19227944,0.00000000,0.00000000
-0.27540031,0.53787589,0.76839656,0.80522949,-1.05467236,0.00000000,0.00000000,-0.45166320,-0.82801741,1.18950021,-0.68123746,0.21203957,0.00000000,0.00000000
-0.26825491,0.52527755,0.77799016,0.80710763,-1.06046951,0.00000000,0.00000000,-0.46007216,-0.81361759,1.19505310,-0.67805338,0.22534288,0.00000000,0.00000000
-0.26204330,0.46572468,0.81830966,0.79761875,-1.06400132,0.00000000,0.00000000,-0.48669389,-0.75533032,1.22403944,-0.65970594,0.23505704,0.00000000,0.00000000
-0.26742664,0.36920246,0.88174981,0.77512258,-1.06385159,0.00000000,0.00000000,-0.53194672,-0.66179901,1.27245700,-0.63177145,0.23111771,0.00000000,0.00000000
-0.30129668,0.24600326,0.95755905,0.73811376,-1.06232893,0.00000000,0.00000000,-0.59734517,-0.54154557,1.33500373,-0.60225397,0.21884027,0.00000000,0.00000000
-0.38555625,0.10305275,1.03474259,0.67434913,-1.04515040,0.00000000,0.00000000,-0.69246811,-0.40228716,1.40443408,-0.57041007,0.21852522,0.00000000,0.00000000
-0.53424203,-0.03323700,1.09911859,0.57979745,-1.02698410,0.00000000,0.00000000,-0.82543266,-0.25777763,1.47126353,-0.53302878,0.24352685,0.00000000,0.00000000
-0.73980147,-0.14251697,1.14521980,0.45913622,-1.02144146,0.00000000,0.00000000,-0.99754566,-0.12523240,1.52757955,-0.48761106,0.26942307,0.00000000,0.00000000
-0.98359329,-0.21518594,1.17405725,0.31820258,-1.00096190,0.00000000,0.00000000,-1.20875072,-0.02514371,1.56760716,-0.42974412,0.27733436,0.00000000,0.00000000
-1.24785316,-0.24704163,1.19001234,0.16462132,-0.97255856,0.00000000,0.00000000,-1.44821322,0.02975927,1.59024167,-0.35979757,0.28671545,0.00000000,0.00000000
-1.51810873,-0.23747101,1.19936109,0.00746141,-0.93665314,0.00000000,0.00000000,-1.70048428,0.03872757,1.59867537,-0.28162116,0.28959301,0.00000000,0.00000000
-1.78177106,-0.18956363,1.20841444,-0.14382373,-0.91217345,0.00000000,0.00000000,-1.95275617,0.00515169,1.59715402,-0.20012160,0.29664722,0.00000000,0.00000000
-2.02723813,-0.10791437,1.22234118,-0.27981231,-0.88027042,0.00000000,0.00000000,-2.19364834,-0.06661444,1.58968198,-0.12103228,0.30215973,0.00000000,0.00000000
-2.24598479,0.00091101,1.24458253,-0.39401615,-0.84338230,0.00000000,0.00000000,-2.40898490,-0.16822265,1.57995021,-0.05241233,0.32356715,0.00000000,0.00000000
-2.43255258,0.12722211,1.27658927,-0.48264745,-0.78358889,0.00000000,0.00000000,-2.58810163,-0.28885666,1.57077813,0.00105465,0.33673307,0.00000000,0.00000000
-2.58011818,0.26585892,1.31891680,-0.54114300,-0.71904176,0.00000000,0.00000000,-2.72834969,-0.41916299,1.56371033,0.04126531,0.33564898,0.00000000,0.00000000
-2.68459487,0.41095343,1.36954868,-0.56744146,-0.63949072,0.00000000,0.00000000,-2.82940626,-0.54414880,1.55895841,0.07111873,0.35314611,0.00000000,0.00000000
-2.75242877,0.53682053,1.41739130,-0.56974721,-0.57284808,0.00000000,0.00000000,-2.88600969,-0.63580805,1.55537319,0.08843918,0.38150251,0.00000000,0.00000000
-2.79358459,0.59657228,1.44337130,-0.56527698,-0.50692642,0.00000000,0.00000000,-2.89235139,-0.66832322,1.55150115,0.08950879,0.40519828,0.00000000,0.00000000
-2.80511713,0.56970662,1.43989992,-0.56018335,-0.45563710,0.00000000,0.00000000,-2.84759641,-0.63280910,1.54699934,0.07305829,0.42143199,0.00000000,0.00000000
-2.77756977,0.46006456,1.40998006,-0.55110455,-0.39937606,0.00000000,0.00000000,-2.75037217,-0.54462063,1.54299390,0.03617205,0.44096351,0.00000000,0.00000000
-2.70462728,0.29066029,1.36377108,-0.53070927,-0.34336933,0.00000000,0.00000000,-2.61098862,-0.43604013,1.54078662,-0.01830487,0.44280219,0.00000000,0.00000000
-2.57813120,0.09857395,1.31503487,-0.48103762,-0.29685563,0.00000000,0.00000000,-2.44919014,-0.33180672,1.54019713,-0.08148912,0.41263977,0.00000000,0.00000000
-2.39724946,-0.07587219,1.27605247,-0.39454666,-0.25978357,0.00000000,0.00000000,-2.27553606,-0.23995672,1.53977895,-0.14842716,0.37279361,0.00000000,0.00000000
-2.17187667,-0.21420382,1.24944723,-0.27592120,-0.24459207,0.00000000,0.00000000,-2.09128642,-0.16360256,1.53751183,-0.21845005,0.32909983,0.00000000,0.00000000
-1.91542959,-0.30606228,1.23313165,-0.13384131,-0.23634997,0.00000000,0.00000000,-1.89016569,-0.10749450,1.53084552,-0.29531047,0.24724934,0.00000000,0.00000000
-1.64210129,-0.34480056,1.22260618,0.02161763,-0.22155990,0.00000000,0.00000000,-1.66751683,-0.07562674,1.51687527,-0.38145280,0.16042548,0.00000000,0.00000000
-1.36595702,-0.32956308,1.21130002,0.18012452,-0.22261766,0.00000000,0.00000000,-1.43308938,-0.07543702,1.49198818,-0.46906555,0.08292899,0.00000000,0.00000000
-1.10128891,-0.26444951,1.19203031,0.33090124,-0.22554363,0.00000000,0.00000000,-1.20334816,-0.11271737,1.45350945,-0.54564649,0.01835405,0.00000000,0.00000000
-0.86319727,-0.15771538,1.15874493,0.46299306,-0.23194206,0.00000000,0.00000000,-0.99276632,-0.18686295,1.40142131,-0.60191512,-0.06448650,0.00000000,0.00000000
-0.66621709,-0.01994432,1.10810006,0.56763422,-0.26000649,0.00000000,0.00000000,-0.81034851,-0.28829244,1.33952951,-0.63566357,-0.12680471,0.00000000,0.00000000
-0.52275252,0.13699014,1.04036486,0.63878405,-0.27417085,0.00000000,0.00000000,-0.66036797,-0.40459371,1.27360284,-0.65282965,-0.16616628,0.00000000,0.00000000
-0.43264478,0.29428920,0.96300048,0.67573440,-0.28931901,0.00000000,0.00000000,-0.54431623,-0.52396303,1.20906532,-0.66246855,-0.19563723,0.00000000,0.00000000
-0.37380117,0.42900604,0.89092934,0.69211304,-0.28993148,0.00000000,0.00000000,-0.46262074,-0.63441110,1.15065265,-0.67043209,-0.22541817,0.00000000,0.00000000
-0.33680993,0.53613877,0.82961315,0.70510828,-0.29781389,0.00000000,0.00000000,-0.41079128,-0.72186023,1.10401022,-0.67927581,-0.24673188,0.00000000,0.00000000
-0.31921193,0.60911268,0.78274262,0.71890187,-0.30875489,0.00000000,0.00000000,-0.38168943,-0.77428913,1.07447374,-0.68822557,-0.26260832,0.00000000,0.00000000
-0.31103018,0.64031440,0.75738657,0.73117214,-0.29884800,0.00000000,0.00000000,-0.37038979,-0.78577524,1.06502771,-0.69146776,-0.26786771,0.00000000,0.00000000
-0.30037072,0.62462020,0.76067853,0.73492974,-0.29181764,0.00000000,0.00000000,-0.37544391,-0.75905603,1.07488453,-0.68143451,-0.27335766,0.00000000,0.00000000
-0.29009566,0.56702387,0.79042828,0.72552115,-0.27977720,0.00000000,0.00000000,-0.39353916,-0.70130563,1.10199022,-0.65975732,-0.24529797,0.00000000,0.00000000
-0.28834149,0.48149204,0.83849090,0.70608580,-0.24013525,0.00000000,0.00000000,-0.42280450,-0.61675858,1.14494789,-0.63355261,-0.22844984,0.00000000,0.00000000
-0.30392626,0.37807763,0.89719296,0.67769551,-0.20088230,0.00000000,0.00000000,-0.46638441,-0.50550783,1.20232809,-0.60670745,-0.20682044,0.00000000,0.00000000
-0.34592584,0.26015276,0.96049798,0.63630968,-0.18252280,0.00000000,0.00000000,-0.53791231,-0.37208137,1.26831400,-0.57665634,-0.17957434,0.00000000,0.00000000
-0.42941135,0.13564575,1.01923192,0.57511848,-0.15701409,0.00000000,0.00000000,-0.65032500,-0.23091061,1.33272028,-0.53955626,-0.15144509,0.00000000,0.00000000
-0.56369686,0.01736929,1.06501412,0.49211714,-0.13801861,0.00000000,0.00000000,-0.80381310,-0.09600051,1.38789499,-0.49439043,-0.12752481,0.00000000,0.00000000
-0.74596685,-0.08805232,1.09556496,0.38642976,-0.11631596,0.00000000,0.00000000,-1.00064373,0.01699314,1.42868662,-0.43675268,-0.11383921,0.00000000,0.00000000
-0.96712589,-0.17395595,1.11232531,0.25784206,-0.13126275,0.00000000,0.00000000,-1.23735905,0.09064859,1.45269513,-0.36543334,-0.11026973,0.00000000,0.00000000
-1.21487403,-0.23018508,1.11908209,0.11079204,-0.15114740,0.00000000,0.00000000,-1.49883413,0.11415126,1.46141076,-0.28633973,-0.09055488,0.00000000,0.00000000
-1.47514975,-0.24921526,1.12165713,-0.04589586,-0.16985363,0.00000000,0.00000000,-1.76586068,0.08860066,1.45930660,-0.20741372,-0.10470679,0.00000000,0.00000000
-1.73468602,-0.22845425,1.12655926,-0.20193881,-0.20184265,0.00000000,0.00000000,-2.02243209,0.02305506,1.45131004,-0.13541506,-0.11019076,0.00000000,0.00000000
-1.98137474,-0.16849318,1.13957572,-0.34731257,-0.23988262,0.00000000,0.00000000,-2.25408483,-0.06998881,1.44130921,-0.07783566,-0.12903652,0.00000000,0.00000000
-2.20361662,-0.07412302,1.16437316,-0.47250867,-0.26546270,0.00000000,0.00000000,-2.45293641,-0.17591016,1.43186605,-0.03735390,-0.14854510,0.00000000,0.00000000
-2.39303493,0.04385661,1.20177805,-0.57098740,-0.30410418,0.00000000,0.00000000,-2.61719012,-0.28495437,1.42426836,-0.01222337,-0.17474642,0.00000000,0.00000000
-2.54313588,0.17546256,1.25089991,-0.63827789,-0.35281083,0.00000000,0.00000000,-2.74984097,-0.39360556,1.41903532,0.00306897,-0.18374014,0.00000000,0.00000000
-2.64944601,0.31381449,1.30974793,-0.67201161,-0.40181592,0.00000000,0.00000000,-2.85153198,-0.49887642,1.41637349,0.01296044,-0.18448874,0.00000000,0.00000000
-2.71336555,0.44563004,1.37153375,-0.67467332,-0.42605773,0.00000000,0.00000000,-2.91922474,-0.59163737,1.41626287,0.01871546,-0.19012780,0.00000000,0.00000000
-2.74503636,0.54139733,1.42165053,-0.65655404,-0.44470808,0.00000000,0.00000000,-2.94962096,-0.65033543,1.41845548,0.02082505,-0.21231587,0.00000000,0.00000000
-2.75461006,0.57567859,1.44880819,-0.63023442,-0.47263610,0.00000000,0.00000000,-2.94146204,-0.65157574,1.42270160,0.02028138,-0.22240376,0.00000000,0.00000000
-2.74028850,0.53647119,1.45012569,-0.60164315,-0.51350462,0.00000000,0.00000000,-2.88460851,-0.58742315,1.42906427,0.00987166,-0.24450473,0.00000000,0.00000000
-2.69143677,0.42592192,1.42968583,-0.56741053,-0.56355679,0.00000000,0.00000000,-2.76615810,-0.48191130,1.43787444,-0.02347797,-0.26575902,0.00000000,0.00000000
-2.59869194,0.26091251,1.39647031,-0.51508307,-0.61159647,0.00000000,0.00000000,-2.60050893,-0.37045488,1.44882679,-0.07716714,-0.29130301,0.00000000,0.00000000
-2.45562792,0.08303351,1.36591375,-0.43214643,-0.65722543,0.00000000,0.00000000,-2.40864944,-0.26812994,1.46057940,-0.14176777,-0.31797493,0.00000000,0.00000000
-2.27004242,-0.08106433,1.34514511,-0.32201403,-0.68593323,0.00000000,0.00000000,-2.20395041,-0.17996924,1.47126031,-0.21049058,-0.34840783,0.00000000,0.00000000
-2.05374837,-0.21614790,1.33471370,-0.19343859,-0.72384155,0.00000000,0.00000000,-1.99727082,-0.10603501,1.47910416,-0.27598628,-0.37538037,0.00000000,0.00000000
-1.81694412,-0.31235096,1.33179247,-0.05358871,-0.76868343,0.00000000,0.00000000,-1.79043376,-0.04624387,1.48239887,-0.33545482,-0.41541651,0.00000000,0.00000000
-1.56810331,-0.36263913,1.33133996,0.09261949,-0.79778367,0.00000000,0.00000000,-1.57891154,-0.00455034,1.47880363,-0.39172822,-0.45885497,0.00000000,0.00000000
-1.31812167,-0.36318734,1.32709181,0.23798828,-0.83255136,0.00000000,0.00000000,-1.36371553,0.00627784,1.46403623,-0.44696724,-0.50352466,0.00000000,0.00000000
-1.08087158,-0.31708664,1.31253827,0.37293214,-0.83567506,0.00000000,0.00000000,-1.15122187,-0.02470656,1.43421650,-0.50063407,-0.53482801,0.00000000,0.00000000
-0.86940855,-0.23184831,1.28255701,0.48945311,-0.84104836,0.00000000,0.00000000,-0.95796800,-0.09284421,1.38943040,-0.54224110,-0.56511307,0.00000000,0.00000000
-0.69429076,-0.11660554,1.23504806,0.58106446,-0.86928850,0.00000000,0.00000000,-0.79364467,-0.18553546,1.33322191,-0.56540382,-0.59560680,0.00000000,0.00000000
-0.56041968,0.01797627,1.17187679,0.64453012,-0.90988684,0.00000000,0.00000000,-0.65748411,-0.29324102,1.26980388,-0.57368374,-0.61188537,0.00000000,0.00000000
-0.46773103,0.15992947,1.09807742,0.67945278,-0.95809293,0.00000000,0.00000000,-0.54489958,-0.40915009,1.20378470,-0.57601589,-0.62064648,0.00000000,0.00000000
-0.41087061,0.29430559,1.02180576,0.68777007,-0.99534672,0.00000000,0.00000000,-0.45622218,-0.52305436,1.14015746,-0.57827836,-0.64462239,0.00000000,0.00000000
-0.37273416,0.40876278,0.95346254,0.68090355,-1.03386092,0.00000000,0.00000000,-0.39575133,-0.62697613,1.08158696,-0.58059162,-0.64728951,0.00000000,0.00000000
-0.34450361,0.50254852,0.89753610,0.67093045,-1.08263099,0.00000000,0.00000000,-0.35279271,-0.71657026,1.03120947,-0.58792746,-0.64600152,0.00000000,0.00000000
-0.32446444,0.56673485,0.85813433,0.66296464,-1.12259459,0.00000000,0.00000000,-0.32444879,-0.77847874,0.99346280,-0.59927994,-0.64600074,0.00000000,0.00000000
-0.31146294,0.59502727,0.83753502,0.65974331,-1.17071152,0.00000000,0.00000000,-0.31860706,-0.80027699,0.97040379,-0.60431921,-0.66429853,0.00000000,0.00000000
-0.30314833,0.58937526,0.83619040,0.66367745,-1.20091617,0.00000000,0.00000000,-0.32906008,-0.78407246,0.96231574,-0.60009032,-0.67146593,0.00000000,0.00000000
-0.29396385,0.55036747,0.85649300,0.67269397,-1.20446801,0.00000000,0.00000000,-0.34986740,-0.73505956,0.96829915,-0.58480966,-0.68524760,0.00000000,0.00000000
-0.28593147,0.48024526,0.89803600,0.67914337,-1.18516290,0.00000000,0.00000000,-0.38135991,-0.65713340,0.98590988,-0.55786675,-0.71960574,0.00000000,0.00000000
-0.29253200,0.38094234,0.95649964,0.67246968,-1.17634547,0.00000000,0.00000000,-0.43001467,-0.55345488,1.01109672,-0.52013469,-0.75667965,0.00000000,0.00000000
-0.33633664,0.25413018,1.02432585,0.63806671,-1.17956161,0.00000000,0.00000000,-0.50474584,-0.43209305,1.03724754,-0.47301188,-0.79683119,0.00000000,0.00000000
-0.44010386,0.11824520,1.08750522,0.56773138,-1.16565180,0.00000000,0.00000000,-0.60813922,-0.30449104,1.05801046,-0.41867959,-0.84349400,0.00000000,0.00000000
-0.60664332,-0.00319073,1.13508177,0.46640238,-1.16580129,0.00000000,0.00000000,-0.74683970,-0.18321776,1.06860542,-0.35546559,-0.87610179,0.00000000,0.00000000
-0.82365489,-0.09867559,1.16526437,0.34063300,-1.16304564,0.00000000,0.00000000,-0.92825443,-0.08358938,1.06661773,-0.28149566,-0.89640981,0.00000000,0.00000000
-1.07686138,-0.16158332,1.18141019,0.19508189,-1.16479111,0.00000000,0.00000000,-1.14973652,-0.02013647,1.05303812,-0.20053838,-0.90021950,0.00000000,0.00000000
-1.35165894,-0.18498090,1.18923545,0.03668282,-1.17822266,0.00000000,0.00000000,-1.39837098,-0.00192063,1.03156710,-0.11972127,-0.90970641,0.00000000,0.00000000
-1.63266623,-0.16467635,1.19572639,-0.12508997,-1.21140313,0.00000000,0.00000000,-1.65921450,-0.02872721,1.00689113,-0.04424115,-0.90487391,0.00000000,0.00000000
-1.90423310,-0.10097943,1.20755005,-0.27922601,-1.25222325,0.00000000,0.00000000,-1.92153001,-0.09466122,0.98289233,0.02346216,-0.87731951,0.00000000,0.00000000
-2.14958119,0.00181263,1.22940278,-0.41312742,-1.28489196,0.00000000,0.00000000,-2.17430067,-0.19278359,0.96205848,0.07950317,-0.85240030,0.00000000,0.00000000
-2.35452533,0.13340762,1.26266992,-0.51664698,-1.30371869,0.00000000,0.00000000,-2.40042329,-0.31394988,0.94516587,0.11701877,-0.83098596,0.00000000,0.00000000
-2.51068687,0.27572972,1.30456746,-0.58407998,-1.32356811,0.00000000,0.00000000,-2.58343935,-0.44033277,0.93137211,0.13425399,-0.80409610,0.00000000,0.00000000
-2.61668730,0.40822423,1.34918141,-0.61491525,-1.34297836,0.00000000,0.00000000,-2.71779871,-0.55616009,0.91954964,0.13681313,-0.80539316,0.00000000,0.00000000
-2.67986202,0.51535016,1.39035606,-0.61485904,-1.36234522,0.00000000,0.00000000,-2.80601478,-0.64473826,0.90849912,0.13542610,-0.80328971,0.00000000,0.00000000
-2.71383190,0.58520883,1.42197394,-0.59619480,-1.38556671,0.00000000,0.00000000,-2.84755397,-0.69357878,0.89712781,0.13650690,-0.81490916,0.00000000,0.00000000
-2.72701383,0.59690601,1.43481052,-0.57251143,-1.39912915,0.00000000,0.00000000,-2.83295941,-0.69270790,0.88428122,0.13898057,-0.83299690,0.00000000,0.00000000
-2.71393561,0.53655446,1.42451572,-0.54675305,-1.40162635,0.00000000,0.00000000,-2.75346184,-0.63781548,0.86944515,0.13936274,-0.85351390,0.00000000,0.00000000
-2.67020631,0.40773198,1.39556813,-0.51841033,-1.40139687,0.00000000,0.00000000,-2.60418224,-0.54679054,0.85386777,0.12685961,-0.89788198,0.00000000,0.00000000
-2.59281802,0.23237789,1.35803616,-0.48188409,-1.37092173,0.00000000,0.00000000,-2.40307474,-0.45527297,0.84097916,0.09368984,-0.94390517,0.00000000,0.00000000
-2.46803570,0.05170565,1.32502353,-0.41739991,-1.35646927,0.00000000,0.00000000,-2.18508577,-0.37302387,0.83296239,0.04998717,-0.98405522,0.00000000,0.00000000
-2.29617858,-0.10835114,1.30238450,-0.32069311,-1.35818565,0.00000000,0.00000000,-1.96562099,-0.29535311,0.82958424,0.00422373,-1.01767075,0.00000000,0.00000000
-2.08621216,-0.23573540,1.28977680,-0.19700868,-1.35913050,0.00000000,0.00000000,-1.74700165,-0.22171925,0.82996154,-0.04120852,-1.02693892,0.00000000,0.00000000
-1.84835219,-0.32170150,1.28414643,-0.05282639,-1.35764468,0.00000000,0.00000000,-1.52696800,-0.15667570,0.83307707,-0.08797986,-1.02764785,0.00000000,0.00000000
-1.59498262,-0.35869387,1.28064442,0.10264454,-1.36181331,0.00000000,0.00000000,-1.30155742,-0.11072385,0.83751118,-0.14140183,-1.02384555,0.00000000,0.00000000
-1.34008312,-0.34517217,1.27288139,0.25804985,-1.38479280,0.00000000,0.00000000,-1.07478428,-0.09680023,0.84076428,-0.20347400,-1.01521456,0.00000000,0.00000000
-1.09734690,-0.28581363,1.25425315,0.40239003,-1.41217828,0.00000000,0.00000000,-0.85898978,-0.12075456,0.83936810,-0.26872858,-1.02224135,0.00000000,0.00000000
-0.88032758,-0.18941218,1.21976221,0.52550966,-1.43930185,0.00000000,0.00000000,-0.66393071,-0.18151027,0.83001918,-0.33098710,-1.02301562,0.00000000,0.00000000
-0.70143425,-0.06576704,1.16711950,0.62034690,-1.50123107,0.00000000,0.00000000,-0.49684736,-0.27244937,0.81019247,-0.38553801,-1.00201750,0.00000000,0.00000000
-0.56987232,0.07424920,1.09748876,0.68347859,-1.55012941,0.00000000,0.00000000,-0.36403021,-0.38228735,0.77879065,-0.42902905,-0.98423433,0.00000000,0.00000000
-0.48305726,0.21362929,1.01907694,0.71703142,-1.60806751,0.00000000,0.00000000,-0.27009290,-0.49927196,0.73643410,-0.45968607,-0.98712814,0.00000000,0.00000000
-0.42377403,0.33599135,0.94538933,0.73422992,-1.64695811,0.00000000,0.00000000,-0.20936970,-0.61717969,0.68576676,-0.48182836,-0.99397278,0.00000000,0.00000000
-0.38576666,0.43853435,0.88201237,0.74656451,-1.68900144,0.00000000,0.00000000,-0.16936158,-0.72583157,0.63158166,-0.49988011,-1.00728154,0.00000000,0.00000000
-0.36669004,0.51389945,0.83351344,0.75920218,-1.74907792,0.00000000,0.00000000,-0.14252588,-0.80572569,0.57897013,-0.50983417,-1.01777852,0.00000000,0.00000000
-0.36076486,0.55090421,0.80600715,0.77360696,-1.79250944,0.00000000,0.00000000,-0.12533371,-0.83919621,0.53118092,-0.50203109,-1.04489017,0.00000000,0.00000000
-0.35820550,0.54369396,0.80570596,0.79064566,-1.85424912,0.00000000,0.00000000,-0.11655215,-0.82627112,0.48715737,-0.47135675,-1.05132914,0.00000000,0.00000000
-0.35231212,0.49429205,0.83577764,0.80828810,-1.91143787,0.00000000,0.00000000,-0.12094329,-0.78537101,0.44150364,-0.41993645,-1.04897082,0.00000000,0.00000000
-0.34996140,0.40368903,0.89477217,0.81428856,-1.94144237,0.00000000,0.00000000,-0.14246668,-0.72929221,0.39051887,-0.35068026,-1.06018960,0.00000000,0.00000000
-0.36998880,0.27436501,0.97559774,0.79519951,-1.98136044,0.00000000,0.00000000,-0.18303023,-0.66232103,0.33336651,-0.26579335,-1.07023466,0.00000000,0.00000000
-0.43188062,0.12080931,1.06537855,0.74339169,-2.00545883,0.00000000,0.00000000,-0.24528351,-0.58752984,0.27093008,-0.16903940,-1.10507286,0.00000000,0.00000000
-0.54697192,-0.02901293,1.14736927,0.66111803,-2.03530192,0.00000000,0.00000000,-0.33880249,-0.50706488,0.20491078,-0.06413125,-1.14386165,0.00000000,0.00000000
-0.71235263,-0.15256673,1.21058011,0.55767792,-2.06448722,0.00000000,0.00000000,-0.47566175,-0.42328146,0.13838714,0.04440091,-1.19150209,0.00000000,0.00000000
-0.91939998,-0.23968615,1.25222337,0.43910804,-2.07794261,0.00000000,0.00000000,-0.65879184,-0.34460115,0.07603265,0.14844285,-1.24288309,0.00000000,0.00000000
-1.15547085,-0.28596660,1.27523446,0.30931422,-2.08899689,0.00000000,0.00000000,-0.88352299,-0.28138232,0.02273284,0.24106838,-1.27445686,0.00000000,0.00000000
-1.40611064,-0.29164046,1.28554130,0.17299098,-2.05217552,0.00000000,0.00000000,-1.14076793,-0.24222705,-0.01790800,0.31780529,-1.31178951,0.00000000,0.00000000
-1.65966833,-0.25968790,1.28940368,0.03553005,-2.01315475,0.00000000,0.00000000,-1.42019653,-0.23159485,-0.04422953,0.37559664,-1.35281694,0.00000000,0.00000000
-1.90717518,-0.19152291,1.29229093,-0.09697171,-1.97627509,0.00000000,0.00000000,-1.71175897,-0.25058344,-0.05665974,0.41187510,-1.39735579,0.00000000,0.00000000
-2.13882542,-0.08763628,1.29896510,-0.21649081,-1.92696548,0.00000000,0.00000000,-2.00291133,-0.29693058,-0.05838502,0.42504850,-1.41741240,0.00000000,0.00000000
-2.34259486,0.04671163,1.31258881,-0.31369811,-1.87393069,0.00000000,0.00000000,-2.27681446,-0.36510882,-0.05546832,0.41548568,-1.38886285,0.00000000,0.00000000
-2.50702548,0.19684073,1.33304811,-0.38047791,-1.84844148,0.00000000,0.00000000,-2.51635885,-0.45022485,-0.05458676,0.38420081,-1.35323071,0.00000000,0.00000000
-2.62782311,0.34346813,1.35737693,-0.41450655,-1.81355119,0.00000000,0.00000000,-2.71011043,-0.54649210,-0.05988362,0.33434170,-1.30866122,0.00000000,0.00000000
-2.71220446,0.47273785,1.38204360,-0.42117503,-1.76128101,0.00000000,0.00000000,-2.85283566,-0.64051497,-0.07258470,0.27587920,-1.26294243,0.00000000,0.00000000
-2.77090216,0.57672143,1.40263951,-0.40938145,-1.70612860,0.00000000,0.00000000,-2.94731426,-0.71926230,-0.09160212,0.22102615,-1.22593737,0.00000000,0.00000000
-2.81329656,0.64607459,1.41348863,-0.39080071,-1.68095362,0.00000000,0.00000000,-2.99651122,-0.77270067,-0.11596758,0.18203914,-1.20317447,0.00000000,0.00000000
-2.84521627,0.66924822,1.41064715,-0.37644902,-1.67403114,0.00000000,0.00000000,-3.00449181,-0.78928649,-0.14500290,0.17153658,-1.16623151,0.00000000,0.00000000
-2.86876559,0.64339012,1.39385366,-0.37374014,-1.67599392,0.00000000,0.00000000,-2.98068261,-0.76608723,-0.17817317,0.19457282,-1.12902606,0.00000000,0.00000000
-2.88264775,0.57730854,1.36589992,-0.38541624,-1.68606853,0.00000000,0.00000000,-2.91909957,-0.72392327,-0.21579395,0.24058107,-1.12297547,0.00000000,0.00000000
-2.87834239,0.47825575,1.32957911,-0.40723586,-1.70375037,0.00000000,0.00000000,-2.82555532,-0.67289472,-0.25769702,0.30235729,-1.11927927,0.00000000,0.00000000
-2.84601474,0.34876880,1.28697741,-0.43174750,-1.70408773,0.00000000,0.00000000,-2.70877957,-0.61371994,-0.30324227,0.37584096,-1.12000990,0.00000000,0.00000000
-2.77488780,0.19673482,1.24131739,-0.44653627,-1.71040261,0.00000000,0.00000000,-2.58346200,-0.54946005,-0.34987670,0.45133519,-1.12103403,0.00000000,0.00000000
-2.65126944,0.04963355,1.19964683,-0.42956296,-1.72503126,0.00000000,0.00000000,-2.45755601,-0.47924629,-0.39634705,0.52206594,-1.10948217,0.00000000,0.00000000
-2.47550869,-0.07702603,1.16529131,-0.37526610,-1.74408913,0.00000000,0.00000000,-2.31889796,-0.40662074,-0.44820622,0.58588213,-1.09134352,0.00000000,0.00000000
-2.25636578,-0.17224954,1.13973367,-0.28758830,-1.76545179,0.00000000,0.00000000,-2.15525579,-0.33630612,-0.51179910,0.64353311,-1.05924797,0.00000000,0.00000000
-2.00609565,-0.22736241,1.12309647,-0.17404185,-1.77392292,0.00000000,0.00000000,-1.96742058,-0.27516454,-0.58832848,0.69419885,-1.04346371,0.00000000,0.00000000
-1.73991406,-0.24050294,1.11306119,-0.04595512,-1.78052163,0.00000000,0.00000000,-1.75763822,-0.23251498,-0.67754245,0.73750734,-1.03153026,0.00000000,0.00000000
-1.47339368,-0.21617676,1.10529959,0.08391316,-1.78230202,0.00000000,0.00000000,-1.53174651,-0.22034009,-0.77874494,0.77100331,-1.00200367,0.00000000,0.00000000
-1.21862447,-0.16314341,1.09499002,0.20493142,-1.77013087,0.00000000,0.00000000,-1.30232048,-0.24843484,-0.88919532,0.78929436,-0.98643047,0.00000000,0.00000000
-0.98225224,-0.08731660,1.07801068,0.31198063,-1.74200320,0.00000000,0.00000000,-1.08058572,-0.31533092,-1.00384498,0.79010069,-0.97903329,0.00000000,0.00000000
-0.77013016,0.01189317,1.05085754,0.40383583,-1.70906281,0.00000000,0.00000000,-0.87823540,-0.41438267,-1.11728776,0.77385074,-0.97154522,0.00000000,0.00000000
-0.59078997,0.13099010,1.01211929,0.47935992,-1.68447495,0.00000000,0.00000000,-0.71087158,-0.53896856,-1.22526383,0.74340987,-0.98662114,0.00000000,0.00000000
-0.44991255,0.25737801,0.96470374,0.54084289,-1.66691315,0.00000000,0.00000000,-0.58978355,-0.67668641,-1.32317650,0.70576429,-1.02976894,0.00000000,0.00000000
-0.34414995,0.37734330,0.91499412,0.59629637,-1.64050519,0.00000000,0.00000000,-0.51287538,-0.81148237,-1.40674603,0.66984302,-1.08579266,0.00000000,0.00000000
-0.26882729,0.47633824,0.87060165,0.64756018,-1.64292443,0.00000000,0.00000000,-0.47299704,-0.92644352,-1.47038460,0.63859725,-1.13164151,0.00000000,0.00000000
-0.21738280,0.53740853,0.84082681,0.68525785,-1.65828943,0.00000000,0.00000000,-0.46427217,-1.00418568,-1.50731981,0.60831571,-1.17142975,0.00000000,0.00000000
-0.17640531,0.55022103,0.83468580,0.70036870,-1.68435824,0.00000000,0.00000000,-0.47878429,-1.03425384,-1.51436043,0.57604009,-1.21538174,0.00000000,0.00000000
-0.14741565,0.51547593,0.85238075,0.68930370,-1.71621990,0.00000000,0.00000000,-0.50483507,-1.01390004,-1.49220157,0.54868799,-1.27397406,0.00000000,0.00000000
-0.13677759,0.44142649,0.88843691,0.65659428,-1.75951517,0.00000000,0.00000000,-0.53511733,-0.94899029,-1.44467127,0.53606790,-1.31926775,0.00000000,0.00000000
-0.15405342,0.33643487,0.93484175,0.60503936,-1.81762338,0.00000000,0.00000000,-0.57299143,-0.84825891,-1.37601686,0.54065549,-1.38151824,0.00000000,0.00000000
-0.21450000,0.21027453,0.98133814,0.53138608,-1.89087796,0.00000000,0.00000000,-0.63057196,-0.72056788,-1.29020953,0.55797303,-1.43580663,0.00000000,0.00000000
-0.33130318,0.08622879,1.01610613,0.43829319,-1.96156120,0.00000000,0.00000000,-0.71962684,-0.57837647,-1.19321752,0.58207399,-1.47484195,0.00000000,0.00000000
-0.50187606,-0.01933884,1.03570998,0.33313125,-2.03357625,0.00000000,0.00000000,-0.84867120,-0.43287992,-1.09076142,0.60717314,-1.50742042,0.00000000,0.00000000
-0.71670651,-0.10233062,1.04285944,0.21830888,-2.08530474,0.00000000,0.00000000,-1.02562332,-0.29919863,-0.98743904,0.62452215,-1.53064263,0.00000000,0.00000000
-0.96291804,-0.15870091,1.04165602,0.09278811,-2.11017466,0.00000000,0.00000000,-1.24737906,-0.19442214,-0.88806665,0.63070244,-1.55546641,0.00000000,0.00000000
-1.22491860,-0.18093960,1.03713048,-0.04120447,-2.13868761,0.00000000,0.00000000,-1.49894285,-0.12250695,-0.79346770,0.62925953,-1.58025348,0.00000000,0.00000000
-1.48995161,-0.16519482,1.03464830,-0.17802614,-2.16687298,0.00000000,0.00000000,-1.77246773,-0.11031999,-0.71017152,0.60350031,-1.58101702,0.00000000,0.00000000
-1.74926138,-0.11514318,1.03892064,-0.31213489,-2.17972302,0.00000000,0.00000000,-2.03774285,-0.13987908,-0.64142358,0.56770843,-1.58679867,0.00000000,0.00000000
-1.99389589,-0.03659137,1.05321050,-0.43629894,-2.18745303,0.00000000,0.00000000,-2.28324628,-0.19239068,-0.58424133,0.52670556,-1.57842624,0.00000000,0.00000000
-2.21272898,0.06461158,1.07851732,-0.54114372,-2.18853593,0.00000000,0.00000000,-2.50462937,-0.27261853,-0.53958344,0.47258803,-1.56869817,0.00000000,0.00000000
-2.39736342,0.18046942,1.11405289,-0.62012410,-2.17367601,0.00000000,0.00000000,-2.68967390,-0.37217754,-0.50767422,0.40995267,-1.53248870,0.00000000,0.00000000
-2.54472446,0.30278420,1.15856862,-0.67141157,-2.15371585,0.00000000,0.00000000,-2.82806444,-0.47576147,-0.48593947,0.34736079,-1.49828434,0.00000000,0.00000000
-2.65070844,0.42248392,1.20812500,-0.69339138,-2.12430787,0.00000000,0.00000000,-2.92143035,-0.57669276,-0.46996391,0.28718555,-1.46338665,0.00000000,0.00000000
-2.71471310,0.53201365,1.25686777,-0.68779451,-2.11250353,0.00000000,0.00000000,-2.97729158,-0.66747552,-0.45543239,0.23360576,-1.42986643,0.00000000,0.00000000
-2.74795008,0.61877006,1.29577494,-0.66593993,-2.10016203,0.00000000,0.00000000,-3.00313592,-0.73666769,-0.44018325,0.19558728,-1.38067722,0.00000000,0.00000000
-2.76345468,0.66286641,1.31464398,-0.64272177,-2.08884621,0.00000000,0.00000000,-3.00377631,-0.77088875,-0.42426649,0.18397184,-1.34447622,0.00000000,0.00000000
-2.76497507,0.64608932,1.30773306,-0.62852371,-2.09352160,0.00000000,0.00000000,-2.97569728,-0.76008803,-0.40798655,0.20505998,-1.30527020,0.00000000,0.00000000
-2.74452043,0.56120628,1.27491188,-0.62339878,-2.09402823,0.00000000,0.00000000,-2.90148091,-0.70448196,-0.39257020,0.25827819,-1.27870572,0.00000000,0.00000000
-2.68916178,0.41630512,1.22187281,-0.61676764,-2.08860207,0.00000000,0.00000000,-2.77305436,-0.62018567,-0.38033983,0.33169714,-1.24209547,0.00000000,0.00000000
-2.58608913,0.23986603,1.16078007,-0.58861357,-2.09239793,0.00000000,0.00000000,-2.60268760,-0.52840072,-0.37189350,0.40550146,-1.21450055,0.00000000,0.00000000
-2.43296599,0.07385269,1.10769236,-0.52666199,-2.09991741,0.00000000,0.00000000,-2.40676284,-0.44073495,-0.36610699,0.46585178,-1.18538785,0.00000000,0.00000000
-2.24118900,-0.06529013,1.06851399,-0.43546063,-2.09306765,0.00000000,0.00000000,-2.18986225,-0.36260161,-0.36328235,0.50828946,-1.15895915,0.00000000,0.00000000
-2.02293611,-0.17386176,1.04289854,-0.32366508,-2.09916496,0.00000000,0.00000000,-1.94910920,-0.30086458,-0.36474478,0.53149545,-1.13203228,0.00000000,0.00000000
-1.78695261,-0.24691123,1.02882767,-0.19771318,-2.10784316,0.00000000,0.00000000,-1.68557870,-0.26391929,-0.36938715,0.53254187,-1.10326600,0.00000000,0.00000000
-1.54192460,-0.27941844,1.02296150,-0.06381091,-2.11416507,0.00000000,0.00000000,-1.40913463,-0.25618374,-0.37178546,0.50907981,-1.06796944,0.00000000,0.00000000
-1.29637170,-0.27019051,1.02030623,0.07267949,-2.11329198,0.00000000,0.00000000,-1.14179778,-0.27414590,-0.36162907,0.46146363,-1.04038966,0.00000000,0.00000000
-1.06052423,-0.22253802,1.01518631,0.20414138,-2.12772250,0.00000000,0.00000000,-0.89446014,-0.31235173,-0.33518058,0.39374769,-0.98693705,0.00000000,0.00000000
-0.84280032,-0.14211237,1.00257993,0.32286659,-2.12855196,0.00000000,0.00000000,-0.66983420,-0.36852899,-0.29404119,0.30950138,-0.93978417,0.00000000,0.00000000
-0.64993846,-0.03565957,0.97919095,0.42261425,-2.14119101,0.00000000,0.00000000,-0.47200710,-0.44335490,-0.24100104,0.21059394,-0.91037989,0.00000000,0.00000000
-0.48973092,0.08884457,0.94407129,0.49936792,-2.15013313,0.00000000,0.00000000,-0.30860856,-0.53299123,-0.17905748,0.10128991,-0.86992019,0.00000000,0.00000000
-0.36884373,0.22183597,0.89933819,0.55208093,-2.18322778,0.00000000,0.00000000,-0.18571971,-0.62867212,-0.11224577,-0.01153972,-0.85041237,0.00000000,0.00000000
-0.28498480,0.35252589,0.85093480,0.58347863,-2.19908381,0.00000000,0.00000000,-0.10597751,-0.72230923,-0.04546088,-0.12127885,-0.83983040,0.00000000,0.00000000
-0.22548069,0.46792457,0.80762583,0.60170275,-2.20798135,0.00000000,0.00000000,-0.07048950,-0.80205971,0.01650558,-0.21862613,-0.84841019,0.00000000,0.00000000
-0.18481329,0.55445892,0.77564627,0.61357915,-2.21447444,0.00000000,0.00000000,-0.07296263,-0.84930485,0.07078616,-0.28956306,-0.84709877,0.00000000,0.00000000
-0.15962550,0.60007548,0.76003367,0.61939377,-2.22826052,0.00000000,0.00000000,-0.09471652,-0.85168087,0.11832196,-0.32316133,-0.83903867,0.00000000,0.00000000
-0.13947235,0.59427607,0.76740623,0.61485612,-2.23222208,0.00000000,0.00000000,-0.12516928,-0.80922788,0.16051282,-0.31709763,-0.86525327,0.00000000,0.00000000
-0.12557249,0.53027797,0.79933858,0.59142190,-2.25038290,0.00000000,0.00000000,-0.17074350,-0.72967553,0.19649842,-0.27538729,-0.91062135,0.00000000,0.00000000
-0.13767387,0.41267169,0.84800047,0.54045546,-2.26653290,0.00000000,0.00000000,-0.24370302,-0.62694120,0.22500224,-0.20801477,-0.92843902,0.00000000,0.00000000
-0.21313278,0.26428959,0.89579308,0.45299283,-2.29723239,0.00000000,0.00000000,-0.35140091,-0.51625693,0.24668290,-0.12785666,-0.96844512,0.00000000,0.00000000
-0.36721292,0.12340260,0.92829937,0.33752197,-2.31123471,0.00000000,0.00000000,-0.49863538,-0.40668568,0.26393014,-0.04348703,-1.00464702,0.00000000,0.00000000
-0.58571452,0.00733555,0.94556254,0.20414065,-2.33111930,0.00000000,0.00000000,-0.69094783,-0.30467534,0.28004861,0.03994024,-1.02259302,0.00000000,0.00000000
-0.84873277,-0.07739900,0.95359641,0.05702243,-2.33668852,0.00000000,0.00000000,-0.92684197,-0.22346199,0.29901227,0.11464103,-1.04239619,0.00000000,0.00000000
-1.13710308,-0.12321748,0.95946670,-0.09993143,-2.36002994,0.00000000,0.00000000,-1.19713926,-0.17592776,0.32438335,0.17437284,-1.07019818,0.00000000,0.00000000
-1.43361747,-0.12311994,0.97053641,-0.25912914,-2.37699962,0.00000000,0.00000000,-1.48901117,-0.16343176,0.35813886,0.21947242,-1.08773208,0.00000000,0.00000000
-1.72246993,-0.07482997,0.99316937,-0.40983316,-2.36991382,0.00000000,0.00000000,-1.78824401,-0.18662477,0.40053210,0.24842781,-1.09623861,0.00000000,0.00000000
-1.98860002,0.01626266,1.03063560,-0.54049134,-2.36476803,0.00000000,0.00000000,-2.07864094,-0.24369431,0.44979191,0.25747144,-1.09297550,0.00000000,0.00000000
-2.22088385,0.13561757,1.08155906,-0.64319825,-2.35803747,0.00000000,0.00000000,-2.33592582,-0.32664391,0.50156838,0.24222897,-1.09729469,0.00000000,0.00000000
-2.41406035,0.26522917,1.14173758,-0.71543896,-2.33419704,0.00000000,0.00000000,-2.54479051,-0.42035219,0.55270708,0.20642295,-1.09387183,0.00000000,0.00000000
-2.55959392,0.39636800,1.20725167,-0.75198787,-2.31966305,0.00000000,0.00000000,-2.70979548,-0.51073027,0.60336411,0.16121089,-1.08725476,0.00000000,0.00000000
-2.65198421,0.52135444,1.27210200,-0.75118238,-2.30202150,0.00000000,0.00000000,-2.83427143,-0.58937436,0.65388131,0.11483487,-1.08986866,0.00000000,0.00000000
-2.69858551,0.62746119,1.32674837,-0.72166264,-2.28559685,0.00000000,0.00000000,-2.91426563,-0.64755982,0.70396274,0.07231736,-1.09515393,0.00000000,0.00000000
-2.71764088,0.69407809,1.35969055,-0.68187588,-2.26621771,0.00000000,0.00000000,-2.94630480,-0.67078102,0.75351351,0.03894352,-1.10194910,0.00000000,0.00000000
-2.71898079,0.69666696,1.36196041,-0.64782393,-2.24774933,0.00000000,0.00000000,-2.92756844,-0.64348102,0.80280924,0.01745370,-1.10578358,0.00000000,0.00000000
-2.69871306,0.62627918,1.33407497,-0.62364548,-2.24240136,0.00000000,0.00000000,-2.85260630,-0.56405818,0.85233742,0.00173326,-1.09119272,0.00000000,0.00000000
-2.65057063,0.49362651,1.28515434,-0.60464209,-2.23637438,0.00000000,0.00000000,-2.72251654,-0.44958663,0.90248847,-0.01977224,-1.06712210,0.00000000,0.00000000
-2.56663418,0.32377043,1.22790802,-0.57591331,-2.22923470,0.00000000,0.00000000,-2.55248713,-0.33064339,0.95307803,-0.05618967,-1.06039822,0.00000000,0.00000000
-2.43712783,0.15677088,1.17734349,-0.51973730,-2.21887279,0.00000000,0.00000000,-2.36254597,-0.22448841,1.00307631,-0.10646141,-1.04636133,0.00000000,0.00000000
-2.26611853,0.00940973,1.13849926,-0.43499324,-2.21195030,0.00000000,0.00000000,-2.16502118,-0.13280456,1.05100024,-0.16492312,-1.02020299,0.00000000,0.00000000
-2.06223369,-0.11335099,1.11096966,-0.32676661,-2.19889927,0.00000000,0.00000000,-1.96388042,-0.05501239,1.09517741,-0.22764361,-0.98261809,0.00000000,0.00000000
-1.83364427,-0.20565805,1.09328580,-0.19996513,-2.20457077,0.00000000,0.00000000,-1.75892615,0.00490009,1.13355172,-0.29384226,-0.94628638,0.00000000,0.00000000
-1.58955526,-0.26143211,1.08268297,-0.06048729,-2.22227502,0.00000000,0.00000000,-1.55039501,0.04042689,1.16352999,-0.36292979,-0.91306937,0.00000000,0.00000000
-1.34037459,-0.27701592,1.07464993,0.08425632,-2.24584699,0.00000000,0.00000000,-1.34313369,0.04496665,1.18189549,-0.43153664,-0.89314348,0.00000000,0.00000000
-1.09659183,-0.25260982,1.06345391,0.22584051,-2.26752567,0.00000000,0.00000000,-1.14578986,0.01429589,1.18554640,-0.49448523,-0.87636566,0.00000000,0.00000000
-0.86717111,-0.19151427,1.04340816,0.35616240,-2.29168844,0.00000000,0.00000000,-0.96651572,-0.05065960,1.17293346,-0.54807943,-0.85409361,0.00000000,0.00000000
-0.65995002,-0.09930844,1.00987279,0.46884471,-2.33105969,0.00000000,0.00000000,-0.81403500,-0.14219496,1.14474285,-0.58903915,-0.81956446,0.00000000,0.00000000
-0.48514321,0.01525522,0.95978904,0.56096858,-2.38203168,0.00000000,0.00000000,-0.69569433,-0.24652548,1.10425663,-0.61499369,-0.79791260,0.00000000,0.00000000
-0.35253546,0.14234762,0.89315784,0.63432848,-2.42080927,0.00000000,0.00000000,-0.60346544,-0.35454702,1.05608320,-0.63678187,-0.77648294,0.00000000,0.00000000
-0.25798368,0.26618007,0.81639898,0.69165301,-2.46164727,0.00000000,0.00000000,-0.53635228,-0.45950818,1.00285387,-0.66269439,-0.77509797,0.00000000,0.00000000
-0.18911354,0.36574513,0.74002331,0.73595685,-2.48833489,0.00000000,0.00000000,-0.50749636,-0.55568331,0.94381350,-0.69012022,-0.76487154,0.00000000,0.00000000
-0.13935237,0.43644598,0.66935247,0.77480674,-2.50947976,0.00000000,0.00000000,-0.50773227,-0.63231021,0.88517743,-0.71662945,-0.74214488,0.00000000,0.00000000
-0.10110061,0.47793284,0.60971159,0.80669248,-2.51676464,0.00000000,0.00000000,-0.51696402,-0.67658871,0.83814639,-0.73389083,-0.72886914,0.00000000,0.00000000
-0.06549823,0.48805776,0.56681532,0.82568991,-2.52800465,0.00000000,0.00000000,-0.53319710,-0.68118089,0.80701631,-0.72882360,-0.71771431,0.00000000,0.00000000
-0.02825635,0.46538752,0.54247952,0.83036059,-2.52822351,0.00000000,0.00000000,-0.55088991,-0.65072078,0.79221183,-0.70591480,-0.71060562,0.00000000,0.00000000
0.00861945,0.40924284,0.53391492,0.82113844,-2.49675012,0.00000000,0.00000000,-0.56554484,-0.59549677,0.79114860,-0.67655003,-0.71266580,0.00000000,0.00000000
0.04275629,0.32512289,0.53664362,0.79947507,-2.20406175,0.00000000,0.00000000,-0.57734674,-0.51982325,0.80132413,-0.64250064,-0.62781298,0.00000000,0.00000000
0.07272849,0.22478354,0.54605389,0.77020514,-1.92436016,0.00000000,0.00000000,-0.58796871,-0.42628497,0.81983596,-0.60138094,-0.54979622,0.00000000,0.00000000
0.09532233,0.11947536,0.55775183,0.73919636,-1.64728904,0.00000000,0.00000000,-0.59880507,-0.32586023,0.84092838,-0.55635065,-0.46410766,0.00000000,0.00000000
0.10856145,0.03814391,0.56683201,0.71737617,-1.37311161,0.00000000,0.00000000,-0.60709894,-0.25114915,0.85589653,-0.52286881,-0.37822637,0.00000000,0.00000000
