l_joint1,l_joint2,l_joint3,l_joint4,l_joint5,l_joint6,l_joint7,r_joint1,r_joint2,r_joint3,r_joint4,r_joint5,r_joint6,r_joint7
-3.00067377,0.44079408,0.68006837,-0.15691726,-0.00482999,0.00000000,0.00000000,-3.00999999,-0.52072310,0.15680180,0.24889639,0.01484508,0.00000000,0.00000000
-2.99893141,0.42723566,0.68024242,-0.15834720,-0.02459802,0.00000000,0.00000000,-3.00999999,-0.51019943,0.15552084,0.25201678,0.01093529,0.00000000,0.00000000
-2.99437284,0.40144771,0.68071061,-0.16115256,-0.04711148,0.00000000,0.00000000,-3.00999999,-0.48835617,0.15300843,0.25891444,-0.00017849,0.00000000,0.00000000
-2.98625469,0.36586657,0.68188560,-0.16538805,-0.07120185,0.00000000,0.00000000,-3.00999999,-0.45702854,0.14937335,0.26808324,-0.00614099,0.00000000,0.00000000
-2.97412014,0.32177520,0.68406028,-0.17113307,-0.09939563,0.00000000,0.00000000,-3.00997806,-0.41739264,0.14494154,0.27846047,-0.01020968,0.00000000,0.00000000
-2.95807433,0.26954138,0.68744993,-0.17875817,-0.12847510,0.00000000,0.00000000,-3.00949812,-0.37067807,0.14047746,0.28961435,-0.02498699,0.00000000,0.00000000
-2.93635869,0.20893908,0.69199705,-0.18772689,-0.14869945,0.00000000,0.00000000,-3.00611234,-0.31825036,0.13730191,0.30095091,-0.03637226,0.00000000,0.00000000
-2.90564156,0.14021838,0.69753820,-0.19612835,-0.16872536,0.00000000,0.00000000,-2.99603558,-0.26092443,0.13697213,0.31184399,-0.02807867,0.00000000,0.00000000
-2.86441755,0.06584895,0.70436102,-0.20187715,-0.16177416,0.00000000,0.00000000,-2.97963881,-0.20105951,0.14058837,0.32079148,-0.02576292,0.00000000,0.00000000
-2.81188369,-0.01005403,0.71291643,-0.20241925,-0.14747810,0.00000000,0.00000000,-2.95892096,-0.14023083,0.14906177,0.32627147,-0.00536966,0.00000000,0.00000000
-2.74819827,-0.08520959,0.72353852,-0.19663034,-0.12570395,0.00000000,0.00000000,-2.93550873,-0.07649501,0.16329458,0.32863078,0.01734704,0.00000000,0.00000000
-2.67577910,-0.15782385,0.73684800,-0.18559957,-0.11025733,0.00000000,0.00000000,-2.90988398,-0.00913421,0.18409185,0.32853001,0.04040545,0.00000000,0.00000000
-2.59747887,-0.22511737,0.75340801,-0.17055514,-0.08554808,0.00000000,0.00000000,-2.88224626,0.06085774,0.21227163,0.32672265,0.05854994,0.00000000,0.00000000
-2.51634216,-0.28342032,0.77377027,-0.15271662,-0.05646819,0.00000000,0.00000000,-2.85182142,0.12951919,0.24828491,0.32239395,0.07194614,0.00000000,0.00000000
-2.43572879,-0.32951257,0.79847366,-0.13409610,-0.04598372,0.00000000,0.00000000,-2.81676626,0.19217984,0.29207888,0.31380796,0.08489114,0.00000000,0.00000000
-2.35784435,-0.36282223,0.82764024,-0.11687338,-0.01899996,0.00000000,0.00000000,-2.77508068,0.24631064,0.34320706,0.29963937,0.11380436,0.00000000,0.00000000
-2.28285217,-0.38558808,0.86087781,-0.10221851,-0.00213445,0.00000000,0.00000000,-2.72522378,0.29233935,0.40099236,0.27938703,0.13398254,0.00000000,0.00000000
-2.20922613,-0.40138382,0.89753067,-0.08952080,-0.00186266,0.00000000,0.00000000,-2.66609669,0.33297935,0.46456939,0.25311300,0.14760029,0.00000000,0.00000000
-2.13443780,-0.41471252,0.93687814,-0.07690248,-0.00063467,0.00000000,0.00000000,-2.59662390,0.37176245,0.53276438,0.22045745,0.15700799,0.00000000,0.00000000
-2.05467606,-0.43065313,0.97814167,-0.06076939,-0.00323764,0.00000000,0.00000000,-2.51525116,0.41300571,0.60397530,0.18009648,0.19090120,0.00000000,0.00000000
-1.96483004,-0.45285863,1.02060652,-0.03431474,-0.01250954,0.00000000,0.00000000,-2.41973138,0.46175501,0.67643422,0.12900765,0.21521696,0.00000000,0.00000000
-1.86054802,-0.48389548,1.06378281,0.01032597,0.01070781,0.00000000,0.00000000,-2.30796790,0.52067029,0.74895930,0.06177065,0.21684949,0.00000000,0.00000000
-1.74013412,-0.52094901,1.10723853,0.07977784,0.00469905,0.00000000,0.00000000,-2.18012857,0.58663464,0.82130235,-0.02735119,0.21031114,0.00000000,0.00000000
-1.60562372,-0.55511439,1.14981139,0.17752567,-0.01242968,0.00000000,0.00000000,-2.03991127,0.65216947,0.89324552,-0.14122009,0.19899549,0.00000000,0.00000000
-1.46224523,-0.57875663,1.18883574,0.30094540,-0.04086376,0.00000000,0.00000000,-1.89336765,0.70836198,0.96314669,-0.27919459,0.20562202,0.00000000,0.00000000
-1.31708717,-0.58629477,1.21985662,0.44368896,-0.06884669,0.00000000,0.00000000,-1.74812984,0.74789852,1.02715969,-0.43672892,0.21353413,0.00000000,0.00000000
-1.17788315,-0.57442439,1.23708081,0.59771550,-0.08828638,0.00000000,0.00000000,-1.61254811,0.76590538,1.07937980,-0.60670465,0.23226845,0.00000000,0.00000000
-1.05316198,-0.54236847,1.23410773,0.75397521,-0.10985938,0.00000000,0.00000000,-1.49487460,0.76034659,1.11274886,-0.78080547,0.24456112,0.00000000,0.00000000
-0.95091242,-0.49494156,1.20682621,0.90265435,-0.12840721,0.00000000,0.00000000,-1.40021753,0.73435277,1.12294650,-0.95031583,0.27971181,0.00000000,0.00000000
-0.87249398,-0.44451651,1.15822136,1.03618729,-0.13229480,0.00000000,0.00000000,-1.32699203,0.69429457,1.11294150,-1.10817838,0.31830844,0.00000000,0.00000000
-0.81161976,-0.40127015,1.09657872,1.15299511,-0.11417809,0.00000000,0.00000000,-1.27081609,0.64607602,1.08913720,-1.24765718,0.34764758,0.00000000,0.00000000
-0.75923318,-0.36951390,1.03130352,1.25514650,-0.07585536,0.00000000,0.00000000,-1.22683358,0.59694380,1.05873656,-1.36446190,0.36576247,0.00000000,0.00000000
-0.70962471,-0.34956664,0.96869045,1.34599483,-0.03848241,0.00000000,0.00000000,-1.19115114,0.55419254,1.02832103,-1.46109521,0.37253395,0.00000000,0.00000000
-0.66358107,-0.33933687,0.90919107,1.43108189,-0.01305195,0.00000000,0.00000000,-1.16488075,0.52128285,0.99963117,-1.54384577,0.36938679,0.00000000,0.00000000
-0.62074798,-0.33927482,0.85385275,1.51324141,0.01312492,0.00000000,0.00000000,-1.15040660,0.49916551,0.97231537,-1.61648512,0.39157212,0.00000000,0.00000000
-0.57857794,-0.34995544,0.80492085,1.58952177,0.02762627,0.00000000,0.00000000,-1.14752400,0.48662490,0.94704193,-1.67916691,0.41327891,0.00000000,0.00000000
-0.53424555,-0.36968306,0.76410204,1.65631247,0.02539927,0.00000000,0.00000000,-1.15386510,0.48046628,0.92529398,-1.73143423,0.44619286,0.00000000,0.00000000
-0.48626861,-0.39594012,0.73176742,1.71249187,0.01417141,0.00000000,0.00000000,-1.16687763,0.47677079,0.90824425,-1.77349699,0.50344104,0.00000000,0.00000000
-0.43539128,-0.42628899,0.70641536,1.75918746,0.00728307,0.00000000,0.00000000,-1.18522012,0.47144803,0.89588279,-1.80591011,0.56145495,0.00000000,0.00000000
-0.38288620,-0.45880324,0.68644440,1.79807687,0.01326622,0.00000000,0.00000000,-1.20847249,0.46104720,0.88742751,-1.82969558,0.62489879,0.00000000,0.00000000
-0.33127025,-0.49200618,0.66964662,1.82996082,0.01101099,0.00000000,0.00000000,-1.23602462,0.44369170,0.88237166,-1.84662795,0.66568321,0.00000000,0.00000000
-0.28212786,-0.52452230,0.65469772,1.85544968,0.01143637,0.00000000,0.00000000,-1.26882291,0.41905984,0.87902826,-1.85561824,0.70338994,0.00000000,0.00000000
-0.23590976,-0.55523616,0.64138490,1.87378109,0.00874992,0.00000000,0.00000000,-1.30603540,0.38823208,0.87714225,-1.85658634,0.72445792,0.00000000,0.00000000
-0.19179177,-0.58280581,0.63034695,1.88517773,0.00650642,0.00000000,0.00000000,-1.34614384,0.35291743,0.87700284,-1.85043645,0.72158974,0.00000000,0.00000000
-0.14903668,-0.60614330,0.62187606,1.89151239,-0.00013549,0.00000000,0.00000000,-1.38747740,0.31483147,0.87897706,-1.83895528,0.71059978,0.00000000,0.00000000
-0.10798552,-0.62528509,0.61526346,1.89509475,-0.01242736,0.00000000,0.00000000,-1.42877865,0.27569470,0.88315850,-1.82405472,0.69007623,0.00000000,0.00000000
-0.06914071,-0.64165765,0.60983098,1.89692307,-0.02928971,0.00000000,0.00000000,-1.46925449,0.23720062,0.88936073,-1.80728662,0.68122619,0.00000000,0.00000000
-0.03304449,-0.65659714,0.60492879,1.89711356,-0.04827008,0.00000000,0.00000000,-1.50838804,0.20066065,0.89706814,-1.78951359,0.67594200,0.00000000,0.00000000
-0.00014120,-0.67051190,0.59995079,1.89597857,-0.09453559,0.00000000,0.00000000,-1.54559112,0.16646779,0.90551376,-1.77153063,0.67272621,0.00000000,0.00000000
0.02970434,-0.68328249,0.59480369,1.89421308,-0.14183679,0.00000000,0.00000000,-1.58052909,0.13423821,0.91349643,-1.75440705,0.68304425,0.00000000,0.00000000
0.05655047,-0.69488049,0.58934057,1.89276421,-0.18055800,0.00000000,0.00000000,-1.61280704,0.10389020,0.92040348,-1.73925495,0.72282863,0.00000000,0.00000000
0.08023351,-0.70578372,0.58326125,1.89259279,-0.20159061,0.00000000,0.00000000,-1.64215612,0.07620043,0.92659181,-1.72673941,0.74995124,0.00000000,0.00000000
0.10125500,-0.71646231,0.57690752,1.89497864,-0.22836886,0.00000000,0.00000000,-1.66920304,0.05166794,0.93203461,-1.71712077,0.76614237,0.00000000,0.00000000
0.12056440,-0.72711533,0.57102633,1.90101922,-0.26009205,0.00000000,0.00000000,-1.69479597,0.03015270,0.93635184,-1.71044219,0.79276729,0.00000000,0.00000000
0.13863711,-0.73833519,0.56591189,1.91030896,-0.27067780,0.00000000,0.00000000,-1.71927857,0.01176067,0.93971360,-1.70618773,0.82992595,0.00000000,0.00000000
0.15547521,-0.75068605,0.56137431,1.92142355,-0.28125080,0.00000000,0.00000000,-1.74217069,-0.00358781,0.94255918,-1.70449471,0.86615270,0.00000000,0.00000000
0.17151648,-0.76387525,0.55759913,1.93270755,-0.29048687,0.00000000,0.00000000,-1.76258993,-0.01675624,0.94474769,-1.70515811,0.91255254,0.00000000,0.00000000
0.18771042,-0.77681971,0.55525672,1.94312894,-0.30311322,0.00000000,0.00000000,-1.77990448,-0.02880371,0.94564861,-1.70637929,0.93948907,0.00000000,0.00000000
0.20475760,-0.78863728,0.55480081,1.95267618,-0.31156513,0.00000000,0.00000000,-1.79416251,-0.04016745,0.94470930,-1.70583212,0.97293371,0.00000000,0.00000000
0.22287969,-0.79946887,0.55624729,1.96155882,-0.31519803,0.00000000,0.00000000,-1.80577493,-0.05090936,0.94171727,-1.70303047,1.02355576,0.00000000,0.00000000
0.24120024,-0.80985171,0.55853325,1.96981168,-0.31859931,0.00000000,0.00000000,-1.81555343,-0.06074522,0.93656200,-1.69787502,1.06312466,0.00000000,0.00000000
0.25947261,-0.82004696,0.56123358,1.97643793,-0.34127122,0.00000000,0.00000000,-1.82457161,-0.06997386,0.92844117,-1.68949115,1.08124554,0.00000000,0.00000000
0.27775353,-0.82919729,0.56424236,1.98103666,-0.33541378,0.00000000,0.00000000,-1.83267999,-0.07943230,0.91696322,-1.67749214,1.08826435,0.00000000,0.00000000
0.29635239,-0.83549082,0.56773490,1.98366928,-0.34116709,0.00000000,0.00000000,-1.83908939,-0.09038439,0.90182114,-1.66199088,1.08669269,0.00000000,0.00000000
0.31557861,-0.83698452,0.57191658,1.98370910,-0.36389399,0.00000000,0.00000000,-1.84265995,-0.10394546,0.88306612,-1.64335859,1.08292985,0.00000000,0.00000000
0.33539075,-0.83162719,0.57670575,1.98069108,-0.39818564,0.00000000,0.00000000,-1.84206247,-0.12099180,0.86106545,-1.62238407,1.09616542,0.00000000,0.00000000
0.35480785,-0.81879330,0.58115786,1.97328019,-0.41971204,0.00000000,0.00000000,-1.83620238,-0.14115374,0.83698559,-1.59959853,1.11303556,0.00000000,0.00000000
0.37152320,-0.79915804,0.58314431,1.96101713,-0.44771454,0.00000000,0.00000000,-1.82496274,-0.16281097,0.81219888,-1.57637620,1.14340222,0.00000000,0.00000000
0.38302886,-0.77422714,0.58056551,1.94596004,-0.46613321,0.00000000,0.00000000,-1.80847287,-0.18355508,0.78837776,-1.55634677,1.16174877,0.00000000,0.00000000
0.38790011,-0.74709481,0.57266366,1.93051827,-0.47827873,0.00000000,0.00000000,-1.78552043,-0.20003656,0.76871794,-1.54332578,1.18636024,0.00000000,0.00000000
0.38620266,-0.72051954,0.56031775,1.91611552,-0.48949438,0.00000000,0.00000000,-1.75507724,-0.20995063,0.75562501,-1.53878665,1.20928299,0.00000000,0.00000000
0.37850052,-0.69377816,0.54481435,1.90296137,-0.47772154,0.00000000,0.00000000,-1.71859944,-0.21389580,0.74785596,-1.54113495,1.25271082,0.00000000,0.00000000
0.36530921,-0.66530442,0.52729642,1.88878572,-0.47202113,0.00000000,0.00000000,-1.67794228,-0.21447356,0.74270797,-1.54686332,1.28616738,0.00000000,0.00000000
0.34780726,-0.63441992,0.50949305,1.87100303,-0.47146443,0.00000000,0.00000000,-1.63372946,-0.21345705,0.73924953,-1.55168366,1.30303478,0.00000000,0.00000000
0.32759970,-0.60080588,0.49349749,1.84796023,-0.46314216,0.00000000,0.00000000,-1.58606517,-0.21210310,0.73744458,-1.55267656,1.32945538,0.00000000,0.00000000
0.30506539,-0.56586570,0.48033917,1.81776333,-0.46620014,0.00000000,0.00000000,-1.53600752,-0.21049111,0.73723698,-1.54780579,1.38319743,0.00000000,0.00000000
0.28048304,-0.53254914,0.47112560,1.77807069,-0.47914425,0.00000000,0.00000000,-1.48549926,-0.20742816,0.73860639,-1.53526163,1.43239689,0.00000000,0.00000000
0.25468275,-0.50306022,0.46745396,1.72851539,-0.46745238,0.00000000,0.00000000,-1.43673730,-0.20206255,0.74096042,-1.51447833,1.46811807,0.00000000,0.00000000
0.22775251,-0.47858715,0.47019452,1.67080641,-0.46923813,0.00000000,0.00000000,-1.39154541,-0.19390923,0.74358881,-1.48617375,1.49996305,0.00000000,0.00000000
0.19914111,-0.45954892,0.47961968,1.60695124,-0.45657912,0.00000000,0.00000000,-1.35044694,-0.18291110,0.74629855,-1.45168185,1.53585279,0.00000000,0.00000000
0.16855389,-0.44512761,0.49611327,1.53805494,-0.46288517,0.00000000,0.00000000,-1.31256127,-0.16965869,0.74940568,-1.41102147,1.56342041,0.00000000,0.00000000
0.13542694,-0.43381763,0.51969761,1.46398580,-0.43713257,0.00000000,0.00000000,-1.27602732,-0.15495056,0.75380337,-1.36301899,1.55819929,0.00000000,0.00000000
0.09942999,-0.42385471,0.55044621,1.38454986,-0.39525512,0.00000000,0.00000000,-1.23880064,-0.13967364,0.76069993,-1.30676353,1.54440582,0.00000000,0.00000000
0.06041138,-0.41399312,0.58848357,1.30071199,-0.37257454,0.00000000,0.00000000,-1.19968128,-0.12429325,0.77130997,-1.24167502,1.54357851,0.00000000,0.00000000
0.01841858,-0.40392372,0.63408333,1.21501565,-0.35256246,0.00000000,0.00000000,-1.15858102,-0.10901420,0.78643095,-1.16829026,1.56002223,0.00000000,0.00000000
-0.02715612,-0.39480689,0.68713808,1.13068068,-0.33207726,0.00000000,0.00000000,-1.11653876,-0.09311029,0.80656880,-1.08817518,1.55735481,0.00000000,0.00000000
-0.07802735,-0.38901332,0.74676305,1.05139291,-0.31614453,0.00000000,0.00000000,-1.07652557,-0.07521459,0.83127862,-1.00356460,1.54449868,0.00000000,0.00000000
-0.13677420,-0.39023715,0.81154603,0.98043340,-0.30024052,0.00000000,0.00000000,-1.04372489,-0.05353445,0.85889697,-0.91712075,1.55958188,0.00000000,0.00000000
-0.20706585,-0.40351894,0.87965304,0.91770548,-0.30785578,0.00000000,0.00000000,-1.02351868,-0.02566060,0.88759470,-0.83219910,1.57700515,0.00000000,0.00000000
-0.29432988,-0.43284768,0.94816035,0.85798287,-0.34642476,0.00000000,0.00000000,-1.01949859,0.01222517,0.91644859,-0.75199527,1.59041131,0.00000000,0.00000000
-0.40492767,-0.47624069,1.01235759,0.79253209,-0.37345314,0.00000000,0.00000000,-1.03266025,0.06389131,0.94463569,-0.67913640,1.59386337,0.00000000,0.00000000
-0.54353797,-0.52714270,1.06727111,0.71108836,-0.40603557,0.00000000,0.00000000,-1.06210446,0.12649535,0.96924835,-0.61642897,1.58470094,0.00000000,0.00000000
-0.71082056,-0.58248717,1.11076498,0.60511959,-0.42905346,0.00000000,0.00000000,-1.11351764,0.19174480,0.98425853,-0.55991948,1.55313146,0.00000000,0.00000000
-0.90698093,-0.63109672,1.13943172,0.47712970,-0.46330267,0.00000000,0.00000000,-1.19611549,0.25725427,0.98533195,-0.49712721,1.52001882,0.00000000,0.00000000
-1.12977803,-0.65797126,1.15108097,0.33526152,-0.48192230,0.00000000,0.00000000,-1.31626916,0.32066140,0.97006488,-0.41645163,1.47140563,0.00000000,0.00000000
-1.37123466,-0.64872926,1.14790308,0.18918945,-0.48364508,0.00000000,0.00000000,-1.46989357,0.36547443,0.93721408,-0.32211637,1.44358408,0.00000000,0.00000000
-1.61793685,-0.59419066,1.13624156,0.05099979,-0.43613097,0.00000000,0.00000000,-1.64241588,0.37852243,0.88991368,-0.22586554,1.44998360,0.00000000,0.00000000
-1.85572028,-0.49939272,1.12222385,-0.06601251,-0.38313243,0.00000000,0.00000000,-1.82205415,0.36178687,0.83342278,-0.13308690,1.44271290,0.00000000,0.00000000
-2.07198739,-0.37946537,1.10886979,-0.15342084,-0.33275807,0.00000000,0.00000000,-2.00157905,0.32210734,0.77218437,-0.04637703,1.43181407,0.00000000,0.00000000
-2.25800514,-0.24997161,1.09661853,-0.21073395,-0.30425233,0.00000000,0.00000000,-2.17694545,0.26487952,0.70933026,0.03227941,1.43598557,0.00000000,0.00000000
-2.41081572,-0.12346748,1.08515298,-0.24372731,-0.26532832,0.00000000,0.00000000,-2.34452915,0.19192544,0.64710897,0.09937938,1.44841993,0.00000000,0.00000000
-2.53291726,-0.00515737,1.07497430,-0.26017395,-0.25990090,0.00000000,0.00000000,-2.49931979,0.10446388,0.58693165,0.15062372,1.48314846,0.00000000,0.00000000
-2.62826252,0.10532486,1.06709909,-0.26469082,-0.28149688,0.00000000,0.00000000,-2.63630486,0.00658068,0.52926129,0.18373474,1.52156615,0.00000000,0.00000000
-2.70184493,0.20636727,1.06192362,-0.26115975,-0.33110040,0.00000000,0.00000000,-2.75169325,-0.09613138,0.47391668,0.19889002,1.55328298,0.00000000,0.00000000
-2.76117945,0.29678118,1.05973041,-0.25526243,-0.37980756,0.00000000,0.00000000,-2.84313297,-0.19916950,0.42057550,0.19816732,1.60313082,0.00000000,0.00000000
-2.80968142,0.38012099,1.06073689,-0.24844110,-0.43223840,0.00000000,0.00000000,-2.91211224,-0.29847616,0.36929852,0.18577643,1.66859794,0.00000000,0.00000000
-2.85015154,0.46114582,1.06504738,-0.24091652,-0.44760209,0.00000000,0.00000000,-2.96157694,-0.39233026,0.32029235,0.16535598,1.72435868,0.00000000,0.00000000
-2.88558674,0.53954971,1.07179546,-0.23388185,-0.45974076,0.00000000,0.00000000,-2.99277925,-0.47850725,0.27338499,0.14049903,1.77440286,0.00000000,0.00000000
-2.92005420,0.60674250,1.07893777,-0.23063728,-0.45499292,0.00000000,0.00000000,-3.00674891,-0.55265749,0.22803245,0.11545232,1.80541897,0.00000000,0.00000000
-2.95325804,0.65508604,1.08454895,-0.23206976,-0.44094592,0.00000000,0.00000000,-3.00981998,-0.61023140,0.18342152,0.09406693,1.80576944,0.00000000,0.00000000
-2.97230887,0.69208896,1.08818877,-0.22949731,-0.43817386,0.00000000,0.00000000,-3.00999999,-0.64844108,0.13866359,0.07896767,1.76431358,0.00000000,0.00000000
-2.98304200,0.71094352,1.08882439,-0.22835101,-0.44023478,0.00000000,0.00000000,-3.00999999,-0.66962439,0.09358683,0.07122139,1.71159661,0.00000000,0.00000000
-2.99170923,0.71663618,1.08691883,-0.23103382,-0.44752342,0.00000000,0.00000000,-3.00999999,-0.67654383,0.04800444,0.07043035,1.65071118,0.00000000,0.00000000
-3.00142455,0.71324480,1.08290851,-0.23859310,-0.47308341,0.00000000,0.00000000,-3.00995111,-0.67641574,0.00178301,0.07314144,1.58671796,0.00000000,0.00000000
-3.00810909,0.68824607,1.07480669,-0.25263980,-0.50537896,0.00000000,0.00000000,-3.00929689,-0.66921932,-0.04485611,0.08019160,1.53516209,0.00000000,0.00000000
-3.00975275,0.64572763,1.06248701,-0.27002251,-0.53013766,0.00000000,0.00000000,-3.00828958,-0.61750841,-0.09122635,0.11399748,1.50918818,0.00000000,0.00000000
-3.00763392,0.58931541,1.04634297,-0.28942317,-0.58225888,0.00000000,0.00000000,-3.00928593,-0.55595881,-0.13626646,0.15201047,1.49658990,0.00000000,0.00000000
-2.99867725,0.51938111,1.02665353,-0.30979082,-0.63713098,0.00000000,0.00000000,-3.00968385,-0.49339423,-0.17968489,0.18784356,1.51590395,0.00000000,0.00000000
-2.98120046,0.43835121,1.00400400,-0.32896900,-0.70479000,0.00000000,0.00000000,-3.00772214,-0.42257574,-0.22081643,0.22432794,1.52481890,0.00000000,0.00000000
-2.95524216,0.34816596,0.97884023,-0.34492257,-0.75403738,0.00000000,0.00000000,-3.00057673,-0.34412444,-0.25886914,0.26010835,1.52967644,0.00000000,0.00000000
-2.92237353,0.24828972,0.95126045,-0.35740629,-0.80330700,0.00000000,0.00000000,-2.98580360,-0.26028118,-0.29294857,0.29383278,1.55571544,0.00000000,0.00000000
-2.88346410,0.14057170,0.92171609,-0.36598185,-0.87904954,0.00000000,0.00000000,-2.96321154,-0.17372669,-0.32223672,0.32482630,1.58804691,0.00000000,0.00000000
-2.83877969,0.03027991,0.89143336,-0.36937261,-0.93769121,0.00000000,0.00000000,-2.93447351,-0.08752383,-0.34590244,0.35240364,1.60203445,0.00000000,0.00000000
-2.78992748,-0.07681222,0.86230564,-0.36744457,-0.96022511,0.00000000,0.00000000,-2.90167499,-0.00379605,-0.36280817,0.37598896,1.62973857,0.00000000,0.00000000
-2.73867679,-0.17605281,0.83625627,-0.36127105,-0.98874086,0.00000000,0.00000000,-2.86529827,0.07566185,-0.37181753,0.39517722,1.64519298,0.00000000,0.00000000
-2.68546033,-0.26402783,0.81459689,-0.35186970,-0.98118919,0.00000000,0.00000000,-2.82528543,0.14766838,-0.37166715,0.40843096,1.69523978,0.00000000,0.00000000
-2.62984586,-0.33743879,0.79846501,-0.34008861,-0.97827768,0.00000000,0.00000000,-2.78209662,0.20843227,-0.36085284,0.41324949,1.76555884,0.00000000,0.00000000
-2.57095313,-0.39385068,0.78920782,-0.32701933,-0.96272802,0.00000000,0.00000000,-2.73637605,0.25489235,-0.33802071,0.40743417,1.82462251,0.00000000,0.00000000
-2.50765252,-0.43272933,0.78792626,-0.31412145,-0.93599790,0.00000000,0.00000000,-2.68844771,0.28651303,-0.30220109,0.39046031,1.88841486,0.00000000,0.00000000
-2.43885732,-0.45550191,0.79492521,-0.30257821,-0.90660685,0.00000000,0.00000000,-2.63831425,0.30582047,-0.25297782,0.36370835,1.92397249,0.00000000,0.00000000
-2.36374784,-0.46604073,0.80965620,-0.29283935,-0.89664197,0.00000000,0.00000000,-2.58548117,0.31752709,-0.19093333,0.32993987,1.92942703,0.00000000,0.00000000
-2.28157139,-0.46988755,0.83106494,-0.28441799,-0.86149424,0.00000000,0.00000000,-2.52897930,0.32714754,-0.11767961,0.29222706,1.93244445,0.00000000,0.00000000
-2.19133306,-0.47213557,0.85800773,-0.27572426,-0.82813525,0.00000000,0.00000000,-2.46756577,0.33941233,-0.03548502,0.25235304,1.91074932,0.00000000,0.00000000
-2.09154510,-0.47729549,0.88915610,-0.26434663,-0.81376797,0.00000000,0.00000000,-2.39922261,0.35836640,0.05295114,0.20999005,1.88291657,0.00000000,0.00000000
-1.97996175,-0.49151322,0.92242426,-0.24647994,-0.81582367,0.00000000,0.00000000,-2.31972218,0.38857868,0.14439018,0.16355406,1.87690377,0.00000000,0.00000000
-1.85331535,-0.52161491,0.95511961,-0.21460713,-0.82035738,0.00000000,0.00000000,-2.22237682,0.43496197,0.23561558,0.11082447,1.85489118,0.00000000,0.00000000
-1.70853698,-0.56857437,0.98561740,-0.15760995,-0.84292769,0.00000000,0.00000000,-2.10099101,0.49900299,0.32492402,0.04735679,1.84571052,0.00000000,0.00000000
-1.54550481,-0.62215823,1.01457310,-0.06592599,-0.84578919,0.00000000,0.00000000,-1.95434391,0.57333624,0.41293585,-0.03473627,1.85422421,0.00000000,0.00000000
-1.36872184,-0.66469288,1.04296660,0.06189613,-0.84508264,0.00000000,0.00000000,-1.78790605,0.64207166,0.50093895,-0.14325000,1.86588490,0.00000000,0.00000000
-1.18676233,-0.68062991,1.06859994,0.21761079,-0.85976440,0.00000000,0.00000000,-1.61218989,0.68966985,0.58751959,-0.27888662,1.87091053,0.00000000,0.00000000
-1.01034081,-0.66319257,1.08513296,0.38785654,-0.86435229,0.00000000,0.00000000,-1.43950748,0.70833820,0.66682488,-0.43369403,1.85482419,0.00000000,0.00000000
-0.85020530,-0.61497259,1.08439875,0.55948961,-0.87022483,0.00000000,0.00000000,-1.28137398,0.69710785,0.73029810,-0.59737307,1.83554423,0.00000000,0.00000000
-0.71583945,-0.54407650,1.05934429,0.72243387,-0.84739619,0.00000000,0.00000000,-1.14726198,0.66070801,0.76997304,-0.76126724,1.80135775,0.00000000,0.00000000
-0.61228317,-0.46262974,1.00771320,0.86998779,-0.81193626,0.00000000,0.00000000,-1.04214633,0.60828394,0.78277820,-0.91939914,1.74313593,0.00000000,0.00000000
-0.53553331,-0.38314593,0.93486971,0.99993199,-0.78631389,0.00000000,0.00000000,-0.96406120,0.54861856,0.77320874,-1.06763077,1.68008292,0.00000000,0.00000000
-0.47487456,-0.31323081,0.85122657,1.11343431,-0.76431334,0.00000000,0.00000000,-0.90802294,0.48760486,0.74860239,-1.20170057,1.63651252,0.00000000,0.00000000
-0.41993856,-0.25560534,0.76673710,1.21174967,-0.75367922,0.00000000,0.00000000,-0.86961192,0.42937499,0.71513134,-1.31804693,1.60606301,0.00000000,0.00000000
-0.36490503,-0.21094318,0.68742931,1.29472232,-0.73742217,0.00000000,0.00000000,-0.84365332,0.37833825,0.67934316,-1.41471696,1.58266616,0.00000000,0.00000000
-0.30757961,-0.17962085,0.61573136,1.36157572,-0.70429981,0.00000000,0.00000000,-0.82668501,0.33796257,0.64643049,-1.49118352,1.54515839,0.00000000,0.00000000
-0.24720578,-0.16141552,0.55185747,1.41239750,-0.68007272,0.00000000,0.00000000,-0.81822991,0.30910346,0.61855769,-1.54808426,1.53363585,0.00000000,0.00000000
-0.18335456,-0.15446500,0.49475902,1.44930339,-0.66863513,0.00000000,0.00000000,-0.81806713,0.29040158,0.59670573,-1.58811641,1.55308223,0.00000000,0.00000000
-0.11657009,-0.15607135,0.44230628,1.47584128,-0.66724819,0.00000000,0.00000000,-0.82572794,0.27944475,0.58133799,-1.61542451,1.59191084,0.00000000,0.00000000
-0.04855056,-0.16400604,0.39183876,1.49649203,-0.67510921,0.00000000,0.00000000,-0.84085149,0.27413332,0.57255882,-1.63420022,1.61162138,0.00000000,0.00000000
0.01971463,-0.17723018,0.34195593,1.51628506,-0.66483313,0.00000000,0.00000000,-0.86302310,0.27289695,0.57028157,-1.64880288,1.63200343,0.00000000,0.00000000
0.08846431,-0.19509438,0.29281497,1.53972578,-0.67570925,0.00000000,0.00000000,-0.89219183,0.27457836,0.57384622,-1.66258371,1.66240311,0.00000000,0.00000000
0.15777980,-0.21709506,0.24492240,1.56824708,-0.69545257,0.00000000,0.00000000,-0.92817867,0.27777758,0.58222377,-1.67713010,1.69640231,0.00000000,0.00000000
0.22715855,-0.24233736,0.19866081,1.59960926,-0.71231663,0.00000000,0.00000000,-0.97015536,0.28020155,0.59423643,-1.69188786,1.71097136,0.00000000,0.00000000
0.29607201,-0.26871529,0.15450042,1.63066912,-0.72403204,0.00000000,0.00000000,-1.01714885,0.27938420,0.60834903,-1.70439363,1.74081874,0.00000000,0.00000000
0.36382684,-0.29351571,0.11277907,1.65981340,-0.73898739,0.00000000,0.00000000,-1.06735551,0.27391687,0.62358952,-1.71318090,1.76779532,0.00000000,0.00000000
0.42972568,-0.31533912,0.07386865,1.68594062,-0.74273646,0.00000000,0.00000000,-1.11792803,0.26369160,0.63982093,-1.71888208,1.79249597,0.00000000,0.00000000
0.49273425,-0.33370912,0.03765464,1.70819581,-0.73198515,0.00000000,0.00000000,-1.16668022,0.25023153,0.65678394,-1.72147584,1.81566095,0.00000000,0.00000000
0.55220860,-0.34882176,0.00403080,1.72579300,-0.69610417,0.00000000,0.00000000,-1.21233785,0.23507941,0.67389041,-1.72081947,1.84413958,0.00000000,0.00000000
0.60814428,-0.36092961,-0.02686745,1.73857987,-0.65383279,0.00000000,0.00000000,-1.25458658,0.21912584,0.69027472,-1.71717787,1.87136185,0.00000000,0.00000000
0.66126430,-0.37008119,-0.05446379,1.74719465,-0.62682211,0.00000000,0.00000000,-1.29381466,0.20267422,0.70508868,-1.71139479,1.90129757,0.00000000,0.00000000
0.71223372,-0.37674543,-0.07835704,1.75238895,-0.61003101,0.00000000,0.00000000,-1.33028555,0.18568528,0.71800220,-1.70532882,1.92090368,0.00000000,0.00000000
0.76050401,-0.38184091,-0.09930149,1.75540197,-0.57290035,0.00000000,0.00000000,-1.36395490,0.16853319,0.72933817,-1.70093262,1.91809428,0.00000000,0.00000000
0.80460680,-0.38611278,-0.11887620,1.75866878,-0.54446805,0.00000000,0.00000000,-1.39475238,0.15242568,0.73988247,-1.69900155,1.91108024,0.00000000,0.00000000
0.84351033,-0.39027891,-0.13830565,1.76434791,-0.55071855,0.00000000,0.00000000,-1.42311704,0.13879348,0.75025827,-1.69906783,1.92228830,0.00000000,0.00000000
0.87786555,-0.39498401,-0.15732683,1.77286255,-0.56559902,0.00000000,0.00000000,-1.45014560,0.12799531,0.76030117,-1.70050657,1.91940582,0.00000000,0.00000000
0.90967911,-0.40090814,-0.17441723,1.78301287,-0.58493811,0.00000000,0.00000000,-1.47694778,0.11940442,0.76937360,-1.70314252,1.93112910,0.00000000,0.00000000
0.93938291,-0.40911734,-0.18944326,1.79362631,-0.58566380,0.00000000,0.00000000,-1.50389671,0.11270047,0.77715802,-1.70736146,1.95032513,0.00000000,0.00000000
0.96560788,-0.42057693,-0.20379749,1.80417645,-0.56245500,0.00000000,0.00000000,-1.53063512,0.10775843,0.78342175,-1.71388102,1.97521067,0.00000000,0.00000000
0.98906958,-0.43680057,-0.21688390,1.81177282,-0.54605556,0.00000000,0.00000000,-1.55396903,0.10350851,0.78936893,-1.72554636,2.00342512,0.00000000,0.00000000
1.01203310,-0.45636526,-0.22641653,1.81508243,-0.52642864,0.00000000,0.00000000,-1.57091868,0.09938681,0.79666877,-1.74221921,2.03018951,0.00000000,0.00000000
1.03154445,-0.47030544,-0.23449309,1.82231772,-0.47982529,0.00000000,0.00000000,-1.58838224,0.09635346,0.80075330,-1.75147927,2.02582073,0.00000000,0.00000000
1.05020332,-0.47686672,-0.23870473,1.83251917,-0.43315342,0.00000000,0.00000000,-1.60835731,0.09376627,0.79983336,-1.74974859,2.02024484,0.00000000,0.00000000
1.06872559,-0.47791821,-0.23855466,1.84278488,-0.38289011,0.00000000,0.00000000,-1.63118386,0.09079808,0.79293388,-1.73893070,2.01271987,0.00000000,0.00000000
1.08863950,-0.47900814,-0.23287612,1.84706032,-0.32269722,0.00000000,0.00000000,-1.64868093,0.08526456,0.78484958,-1.72999442,2.00844479,0.00000000,0.00000000
1.10654783,-0.47972012,-0.22452246,1.84601593,-0.28797844,0.00000000,0.00000000,-1.66061246,0.07715156,0.77544975,-1.72299743,1.99696183,0.00000000,0.00000000
1.12070775,-0.47801420,-0.21470799,1.84165514,-0.23413362,0.00000000,0.00000000,-1.66862869,0.06700008,0.76364630,-1.71459794,1.98573458,0.00000000,0.00000000
1.13047934,-0.47318763,-0.20375749,1.83449399,-0.16733155,0.00000000,0.00000000,-1.67199969,0.05468545,0.75001031,-1.70476580,1.98839402,0.00000000,0.00000000
1.13392079,-0.46544540,-0.19326392,1.82496011,-0.12352838,0.00000000,0.00000000,-1.66978145,0.04048083,0.73561591,-1.69429743,1.99357665,0.00000000,0.00000000
1.12981284,-0.45636865,-0.18426985,1.81338799,-0.07741763,0.00000000,0.00000000,-1.66162539,0.02557031,0.72177869,-1.68342173,2.00252795,0.00000000,0.00000000
1.11772728,-0.44687843,-0.17707345,1.80172801,-0.02986260,0.00000000,0.00000000,-1.64735508,0.01082528,0.70953858,-1.67343760,2.00505042,0.00000000,0.00000000
1.09876406,-0.43808630,-0.17058904,1.79047418,0.00807888,0.00000000,0.00000000,-1.62714577,-0.00297648,0.69945329,-1.66501391,1.98170447,0.00000000,0.00000000
1.07336831,-0.43019468,-0.16436492,1.78081560,0.03577558,0.00000000,0.00000000,-1.60198259,-0.01548602,0.69127238,-1.65859425,1.95466065,0.00000000,0.00000000
1.04142821,-0.42318690,-0.15847273,1.77262294,0.04122638,0.00000000,0.00000000,-1.57257676,-0.02652996,0.68490177,-1.65337253,1.94052196,0.00000000,0.00000000
1.00314164,-0.41646278,-0.15261778,1.76377726,0.04760798,0.00000000,0.00000000,-1.53887618,-0.03660261,0.68044472,-1.64725459,1.94229758,0.00000000,0.00000000
0.95893049,-0.40919244,-0.14629231,1.75159729,0.06623584,0.00000000,0.00000000,-1.50108600,-0.04664322,0.67764586,-1.63834763,1.93976510,0.00000000,0.00000000
0.90969920,-0.40035790,-0.13852301,1.73405373,0.09450155,0.00000000,0.00000000,-1.45965838,-0.05743987,0.67616671,-1.62532723,1.92605233,0.00000000,0.00000000
0.85667926,-0.38884696,-0.12807330,1.71029031,0.11320814,0.00000000,0.00000000,-1.41527653,-0.06936942,0.67573476,-1.60692418,1.92564666,0.00000000,0.00000000
0.80051070,-0.37450191,-0.11439127,1.67969537,0.14497443,0.00000000,0.00000000,-1.36881447,-0.08210526,0.67644614,-1.58172798,1.95823300,0.00000000,0.00000000
0.74185282,-0.35831574,-0.09701066,1.64121652,0.20187785,0.00000000,0.00000000,-1.32122123,-0.09479723,0.67891055,-1.54823518,1.99346590,0.00000000,0.00000000
0.68215269,-0.34161308,-0.07474741,1.59393501,0.27833825,0.00000000,0.00000000,-1.27360153,-0.10681772,0.68387997,-1.50534809,2.00356913,0.00000000,0.00000000
0.62269694,-0.32559004,-0.04646445,1.53746796,0.35063034,0.00000000,0.00000000,-1.22749782,-0.11776974,0.69194573,-1.45246446,1.99354064,0.00000000,0.00000000
0.56400430,-0.31057021,-0.01148760,1.47261596,0.40238068,0.00000000,0.00000000,-1.18434691,-0.12762861,0.70362496,-1.39001596,1.98504925,0.00000000,0.00000000
0.50533301,-0.29653969,0.03000624,1.40097034,0.44592407,0.00000000,0.00000000,-1.14534867,-0.13591821,0.71965957,-1.31831300,1.98908341,0.00000000,0.00000000
0.44562224,-0.28429037,0.07775956,1.32409000,0.48231897,0.00000000,0.00000000,-1.11081660,-0.14164160,0.74118751,-1.23840261,1.99055266,0.00000000,0.00000000
0.38511196,-0.27602500,0.13265523,1.24328649,0.48605275,0.00000000,0.00000000,-1.08029187,-0.14310427,0.76945335,-1.15166771,1.97804916,0.00000000,0.00000000
0.32467148,-0.27397501,0.19604136,1.16082430,0.48073265,0.00000000,0.00000000,-1.05259311,-0.13867816,0.80540872,-1.05986202,1.95454061,0.00000000,0.00000000
0.26400170,-0.27944484,0.26821393,1.08007514,0.45515719,0.00000000,0.00000000,-1.02724564,-0.12852214,0.84854347,-0.96622622,1.95577061,0.00000000,0.00000000
0.20179364,-0.29350820,0.34844488,1.00458384,0.41600943,0.00000000,0.00000000,-1.00581205,-0.11341754,0.89708787,-0.87386626,1.97505450,0.00000000,0.00000000
0.13643834,-0.31639242,0.43536440,0.93818015,0.38716421,0.00000000,0.00000000,-0.98976696,-0.09342568,0.94959980,-0.78452367,1.99042022,0.00000000,0.00000000
0.06494840,-0.34891474,0.52652735,0.88283741,0.33619690,0.00000000,0.00000000,-0.97883832,-0.06877187,1.00534379,-0.69888610,2.02223110,0.00000000,0.00000000
-0.01646954,-0.39342853,0.61907136,0.83637595,0.29448089,0.00000000,0.00000000,-0.97287965,-0.04032212,1.06329215,-0.61573535,2.06492805,0.00000000,0.00000000
-0.11092517,-0.45168892,0.71039772,0.79354173,0.27316874,0.00000000,0.00000000,-0.97107947,-0.00917226,1.12223792,-0.53265280,2.08076096,0.00000000,0.00000000
-0.22114255,-0.52305627,0.79761302,0.74760520,0.25184622,0.00000000,0.00000000,-0.96959108,0.02401736,1.18152153,-0.44713023,2.12764907,0.00000000,0.00000000
-0.35189167,-0.60260272,0.87574571,0.69087970,0.24795605,0.00000000,0.00000000,-0.96129274,0.06263418,1.24186540,-0.35643584,2.16927433,0.00000000,0.00000000
-0.50702244,-0.68288243,0.93965542,0.61690736,0.23892307,0.00000000,0.00000000,-0.93898618,0.11446938,1.30473506,-0.25743902,2.19632602,0.00000000,0.00000000
-0.68534768,-0.76020241,0.98736769,0.52041280,0.23809415,0.00000000,0.00000000,-0.89839298,0.18560439,1.37064934,-0.14746219,2.21685195,0.00000000,0.00000000
-0.88153118,-0.82875699,1.01925945,0.39996147,0.25920749,0.00000000,0.00000000,-0.83765614,0.27966392,1.43894684,-0.02676885,2.23634720,0.00000000,0.00000000
-1.08819079,-0.87595236,1.03769588,0.25996476,0.29326436,0.00000000,0.00000000,-0.75800747,0.39846590,1.50762153,0.10004870,2.23817587,0.00000000,0.00000000
-1.29911637,-0.88556045,1.04734409,0.10706514,0.33521023,0.00000000,0.00000000,-0.66330987,0.53851604,1.57405174,0.22399189,2.25084829,0.00000000,0.00000000
-1.51216435,-0.84628016,1.05349433,-0.05181328,0.39152136,0.00000000,0.00000000,-0.55888528,0.68884248,1.63651741,0.33367103,2.25490284,0.00000000,0.00000000
-1.72566295,-0.76020706,1.05968285,-0.20146830,0.45286104,0.00000000,0.00000000,-0.45346448,0.84242088,1.69396460,0.42268208,2.26367831,0.00000000,0.00000000
-1.93481863,-0.63897580,1.06623268,-0.32508206,0.51073247,0.00000000,0.00000000,-0.35665348,0.99531931,1.74589956,0.48775321,2.27948523,0.00000000,0.00000000
-2.13108873,-0.49843308,1.07063806,-0.41258571,0.57018846,0.00000000,0.00000000,-0.27696016,1.14361084,1.79259884,0.52658087,2.29632688,0.00000000,0.00000000
-2.30457997,-0.35452747,1.06967485,-0.46201360,0.62685895,0.00000000,0.00000000,-0.21869069,1.27958167,1.83586621,0.54166198,2.29742169,0.00000000,0.00000000
-2.44914961,-0.21875058,1.06272042,-0.48018217,0.66158819,0.00000000,0.00000000,-0.17880473,1.39541638,1.87669826,0.54468244,2.30384898,0.00000000,0.00000000
-2.56577325,-0.09516513,1.05270946,-0.47981516,0.66947120,0.00000000,0.00000000,-0.15337121,1.49643934,1.91115546,0.54457814,2.32193422,0.00000000,0.00000000
-2.65860891,0.01591697,1.04284513,-0.47164965,0.67144924,0.00000000,0.00000000,-0.14307001,1.59596980,1.93390465,0.54034632,2.34019494,0.00000000,0.00000000
-2.73059320,0.11649773,1.03514862,-0.46028545,0.66020173,0.00000000,0.00000000,-0.14402086,1.69438171,1.94455910,0.53379589,2.34068274,0.00000000,0.00000000
-2.78442979,0.20858897,1.03056681,-0.44694394,0.66017556,0.00000000,0.00000000,-0.15063812,1.78847682,1.94445598,0.52721423,2.33786750,0.00000000,0.00000000
-2.82327223,0.29202905,1.02887261,-0.43211418,0.65121108,0.00000000,0.00000000,-0.15989439,1.87612534,1.93512797,0.52006942,2.35525656,0.00000000,0.00000000
-2.85095334,0.36785346,1.03013051,-0.41614428,0.66218376,0.00000000,0.00000000,-0.17406945,1.95872986,1.91740549,0.50767505,2.38050365,0.00000000,0.00000000
-2.87180042,0.43828371,1.03478718,-0.39986134,0.66231519,0.00000000,0.00000000,-0.19309032,2.03650522,1.89162326,0.48723593,2.41222334,0.00000000,0.00000000
-2.88781595,0.50282282,1.04215825,-0.38363647,0.66323853,0.00000000,0.00000000,-0.20378040,2.09723067,1.86035812,0.46903080,2.44977593,0.00000000,0.00000000
-2.89988232,0.56006438,1.05109918,-0.36751682,0.64053780,0.00000000,0.00000000,-0.20770775,2.13948727,1.82491124,0.45509470,2.47704458,0.00000000,0.00000000
-2.90914345,0.61062503,1.06087327,-0.35164213,0.61013818,0.00000000,0.00000000,-0.21024421,2.16299438,1.78675246,0.44358155,2.50934792,0.00000000,0.00000000
-2.91657948,0.65534341,1.07090378,-0.33704022,0.51473272,0.00000000,0.00000000,-0.21241508,2.16944075,1.74934387,0.43457532,2.16814971,0.00000000,0.00000000
-2.92163038,0.68915004,1.07919085,-0.32547268,0.42628971,0.00000000,0.00000000,-0.21334876,2.16998816,1.71928430,0.42935604,1.82428563,0.00000000,0.00000000
-2.92433691,0.70754999,1.08396971,-0.31904414,0.31444642,0.00000000,0.00000000,-0.21311674,2.17000008,1.70269227,0.42770791,1.47664237,0.00000000,0.00000000
