l_joint1,l_joint2,l_joint3,l_joint4,l_joint5,l_joint6,l_joint7,r_joint1,r_joint2,r_joint3,r_joint4,r_joint5,r_joint6,r_joint7
-0.13065548,-2.14689279,-0.04175562,-0.24044304,-0.06495709,0.00000000,0.00000000,-0.12661213,2.14151287,1.11162007,0.33230519,0.16283278,0.00000000,0.00000000
-0.11251254,-2.15696287,-0.03655067,-0.25250852,-0.07204262,0.00000000,0.00000000,-0.13681169,2.15970230,1.10564423,0.33623949,0.19613975,0.00000000,0.00000000
-0.08112162,-2.16678572,-0.02726001,-0.26956856,-0.07665405,0.00000000,0.00000000,-0.14126924,2.16869879,1.10248661,0.34247205,0.22756042,0.00000000,0.00000000
-0.04669837,-2.16980481,-0.01573623,-0.28277996,-0.07590196,0.00000000,0.00000000,-0.13836500,2.16994810,1.10772634,0.34507298,0.25433090,0.00000000,0.00000000
-0.01671122,-2.17000008,-0.00336316,-0.28643259,-0.08041093,0.00000000,0.00000000,-0.12902531,2.16999507,1.12274408,0.34212321,0.28365141,0.00000000,0.00000000
0.00836643,-2.17000008,0.00979251,-0.27770752,-0.08502088,0.00000000,0.00000000,-0.11135087,2.16961288,1.14728940,0.33622029,0.31859443,0.00000000,0.00000000
0.03070712,-2.17000008,0.02426174,-0.25522870,-0.08464845,0.00000000,0.00000000,-0.08479848,2.16459203,1.17943811,0.33221182,0.34931904,0.00000000,0.00000000
0.05072357,-2.17000008,0.04030390,-0.21810755,-0.08621268,0.00000000,0.00000000,-0.05114681,2.14794159,1.21571386,0.33554548,0.38219470,0.00000000,0.00000000
0.06794710,-2.17000008,0.05790798,-0.16451290,-0.08802501,0.00000000,0.00000000,-0.01300652,2.12492585,1.25355506,0.34905946,0.40962917,0.00000000,0.00000000
0.08308069,-2.17000008,0.07697916,-0.09242447,-0.09922056,0.00000000,0.00000000,0.02564469,2.10123658,1.29173684,0.37238550,0.43422106,0.00000000,0.00000000
0.09683583,-2.17000008,0.09712400,-0.00053919,-0.11459585,0.00000000,0.00000000,0.06122232,2.07819271,1.32982981,0.40409836,0.45494002,0.00000000,0.00000000
0.10923775,-2.17000008,0.11755135,0.11177484,-0.12398876,0.00000000,0.00000000,0.09161345,2.05470228,1.36787868,0.44304731,0.46725234,0.00000000,0.00000000
0.12050637,-2.16954327,0.13707918,0.24462622,-0.12048345,0.00000000,0.00000000,0.11358397,2.03020382,1.40554082,0.48751736,0.47281301,0.00000000,0.00000000
0.13064748,-2.16179442,0.15420486,0.39775804,-0.11896008,0.00000000,0.00000000,0.12098514,2.00789595,1.44114161,0.53428620,0.48362064,0.00000000,0.00000000
0.13769209,-2.12721777,0.16747588,0.57027066,-0.12108520,0.00000000,0.00000000,0.10776956,1.98973501,1.47348583,0.57678473,0.48208338,0.00000000,0.00000000
0.13856640,-2.05342817,0.17583434,0.75912392,-0.12191299,0.00000000,0.00000000,0.07007697,1.97219288,1.50369585,0.60383868,0.47615629,0.00000000,0.00000000
0.13008259,-1.94769681,0.18005048,0.95741707,-0.12489285,0.00000000,0.00000000,0.00887227,1.95836270,1.53187418,0.61081725,0.46922877,0.00000000,0.00000000
0.10879577,-1.82482827,0.18557188,1.15662074,-0.13975751,0.00000000,0.00000000,-0.07032689,1.95719326,1.55591238,0.59795314,0.45708999,0.00000000,0.00000000
0.07540236,-1.69715571,0.20095788,1.35068572,-0.15527244,0.00000000,0.00000000,-0.15812606,1.97025645,1.57352769,0.56866801,0.44355693,0.00000000,0.00000000
0.03654068,-1.57629073,0.23232979,1.53409600,-0.16588029,0.00000000,0.00000000,-0.24457364,1.99503875,1.58433998,0.52901185,0.42624509,0.00000000,0.00000000
-0.00043296,-1.47441149,0.28083855,1.70014441,-0.17918794,0.00000000,0.00000000,-0.31883052,2.02513528,1.59028363,0.48592305,0.40180337,0.00000000,0.00000000
-0.03174872,-1.39716744,0.34278676,1.84453070,-0.19838095,0.00000000,0.00000000,-0.37315083,2.05265903,1.59381485,0.44497147,0.38570786,0.00000000,0.00000000
-0.05734825,-1.34643853,0.40983650,1.96405232,-0.22187994,0.00000000,0.00000000,-0.40507632,2.07262182,1.59642017,0.40987474,0.38144910,0.00000000,0.00000000
-0.07878574,-1.32262290,0.47376513,2.05704260,-0.24530049,0.00000000,0.00000000,-0.42439449,2.08808374,1.59768975,0.37927654,0.37360328,0.00000000,0.00000000
-0.09698968,-1.32401681,0.53029007,2.12344575,-0.26744342,0.00000000,0.00000000,-0.44225788,2.11015224,1.59554529,0.35359350,0.36183035,0.00000000,0.00000000
-0.11041496,-1.34686446,0.58013177,2.16373920,-0.29454473,0.00000000,0.00000000,-0.45899409,2.13522243,1.59138453,0.33651423,0.35832784,0.00000000,0.00000000
-0.11641837,-1.38551605,0.62654370,2.17989087,-0.31655216,0.00000000,0.00000000,-0.47152427,2.15544081,1.58735371,0.33118248,0.35321674,0.00000000,0.00000000
-0.11303677,-1.43326569,0.67301786,2.17616796,-0.33622935,0.00000000,0.00000000,-0.47519761,2.16686583,1.58464837,0.34107685,0.35379425,0.00000000,0.00000000
-0.10087476,-1.48361647,0.72081888,2.15845275,-0.34343287,0.00000000,0.00000000,-0.46694821,2.16981745,1.58452427,0.36888006,0.36461571,0.00000000,0.00000000
-0.08336783,-1.53171217,0.76849747,2.13329339,-0.33837667,0.00000000,0.00000000,-0.44659209,2.17000008,1.58884692,0.41531605,0.38769889,0.00000000,0.00000000
-0.06406519,-1.57542133,0.81359315,2.10542464,-0.33870864,0.00000000,0.00000000,-0.41834554,2.17000008,1.59948981,0.47741005,0.41240934,0.00000000,0.00000000
-0.04357392,-1.61498833,0.85515571,2.07522917,-0.34610254,0.00000000,0.00000000,-0.38766459,2.17000008,1.61779320,0.55017549,0.43837720,0.00000000,0.00000000
-0.02299184,-1.64935303,0.89167935,2.04509711,-0.34836835,0.00000000,0.00000000,-0.35983893,2.17000008,1.64395046,0.62825561,0.46245256,0.00000000,0.00000000
-0.00437346,-1.67651057,0.92200887,2.02167487,-0.36000878,0.00000000,0.00000000,-0.34096161,2.16989565,1.67568266,0.70331633,0.49416623,0.00000000,0.00000000
0.01829076,-1.70149124,0.95159918,1.99788547,-0.37095428,0.00000000,0.00000000,-0.32555473,2.16819286,1.70755339,0.76988679,0.52358615,0.00000000,0.00000000
0.04455515,-1.72628284,0.97812992,1.96823204,-0.38011584,0.00000000,0.00000000,-0.30992061,2.16139197,1.73744822,0.82607454,0.55377066,0.00000000,0.00000000
0.07149730,-1.75109053,0.99912429,1.93178463,-0.37853891,0.00000000,0.00000000,-0.29270950,2.14929223,1.76433659,0.87106419,0.57815135,0.00000000,0.00000000
0.09789444,-1.77700138,1.01532435,1.88831913,-0.38161469,0.00000000,0.00000000,-0.27116352,2.13488364,1.78601956,0.90507251,0.59733874,0.00000000,0.00000000
0.12426792,-1.80606043,1.02923298,1.83650076,-0.38797885,0.00000000,0.00000000,-0.24214871,2.12039113,1.80027568,0.92909825,0.61693579,0.00000000,0.00000000
0.15119788,-1.84006333,1.04326761,1.77495313,-0.39019948,0.00000000,0.00000000,-0.20336287,2.10708904,1.80528283,0.94432724,0.63975865,0.00000000,0.00000000
0.17873879,-1.88018346,1.05908501,1.70259392,-0.39060241,0.00000000,0.00000000,-0.15378481,2.09561467,1.79979348,0.95161468,0.66097319,0.00000000,0.00000000
0.20675971,-1.92712677,1.07886207,1.61850381,-0.38838539,0.00000000,0.00000000,-0.09538320,2.08661270,1.78317750,0.95054573,0.67249650,0.00000000,0.00000000
0.23419784,-1.98010850,1.10494602,1.52267456,-0.38000116,0.00000000,0.00000000,-0.03491490,2.08149767,1.75561631,0.93917984,0.68130744,0.00000000,0.00000000
0.26076517,-2.03647280,1.13721752,1.41485131,-0.37002677,0.00000000,0.00000000,0.02130739,2.08304119,1.71812963,0.91750211,0.70033509,0.00000000,0.00000000
0.28686178,-2.09159160,1.17369461,1.29556561,-0.35896558,0.00000000,0.00000000,0.07051396,2.09339190,1.67301917,0.88788855,0.71872193,0.00000000,0.00000000
0.31225637,-2.13734293,1.20961380,1.16840613,-0.35148376,0.00000000,0.00000000,0.11219044,2.11294532,1.62264299,0.85494381,0.73573989,0.00000000,0.00000000
0.33449599,-2.16311145,1.23630416,1.04319942,-0.35341278,0.00000000,0.00000000,0.14189994,2.13917041,1.56982648,0.82435983,0.75221342,0.00000000,0.00000000
0.35079524,-2.16960216,1.24717164,0.93258893,-0.35653710,0.00000000,0.00000000,0.15879822,2.15937662,1.52192271,0.79905850,0.75716197,0.00000000,0.00000000
0.36241472,-2.17000008,1.24147344,0.84105051,-0.35906443,0.00000000,0.00000000,0.16302837,2.16810656,1.48292363,0.77766287,0.74936599,0.00000000,0.00000000
0.37132421,-2.17000008,1.22040427,0.76843303,-0.35734317,0.00000000,0.00000000,0.15638697,2.16989827,1.45473313,0.75822318,0.73649859,0.00000000,0.00000000
0.37852162,-2.17000008,1.18518853,0.71418381,-0.34551018,0.00000000,0.00000000,0.14036188,2.17000008,1.43877077,0.73826790,0.71776712,0.00000000,0.00000000
0.38416633,-2.17000008,1.13701487,0.67806673,-0.33852959,0.00000000,0.00000000,0.11607127,2.16996932,1.43493938,0.71668333,0.69678676,0.00000000,0.00000000
0.38750821,-2.17000008,1.07705641,0.66037512,-0.31672737,0.00000000,0.00000000,0.08707500,2.16915298,1.44259501,0.69601524,0.67786223,0.00000000,0.00000000
0.38687700,-2.17000008,1.00652051,0.66205233,-0.28659818,0.00000000,0.00000000,0.05896455,2.16211510,1.46114016,0.68101215,0.65795618,0.00000000,0.00000000
0.38024473,-2.16970563,0.92662030,0.68453181,-0.26126596,0.00000000,0.00000000,0.03431268,2.13968039,1.48921013,0.67478991,0.63633096,0.00000000,0.00000000
0.36606872,-2.16440010,0.83865654,0.72957689,-0.23645721,0.00000000,0.00000000,0.00943048,2.10442543,1.52408063,0.67668879,0.62562764,0.00000000,0.00000000
0.34261104,-2.13708782,0.74471635,0.79930848,-0.20876452,0.00000000,0.00000000,-0.02458558,2.06499839,1.56211936,0.68085665,0.62069231,0.00000000,0.00000000
0.30598426,-2.07014894,0.64908201,0.89576685,-0.17850347,0.00000000,0.00000000,-0.07426736,2.02879786,1.59999371,0.67882568,0.60555822,0.00000000,0.00000000
0.25088328,-1.96732271,0.55897385,1.01928270,-0.14989243,0.00000000,0.00000000,-0.13971423,1.99963713,1.63524139,0.66481948,0.58626622,0.00000000,0.00000000
0.17579345,-1.84077847,0.48265323,1.16713440,-0.11684763,0.00000000,0.00000000,-0.21684524,1.98453867,1.66336226,0.63744742,0.56699616,0.00000000,0.00000000
0.08597444,-1.70163631,0.42746627,1.33315241,-0.08971756,0.00000000,0.00000000,-0.29379085,1.98628795,1.68176639,0.59943545,0.55412638,0.00000000,0.00000000
-0.00807344,-1.56154871,0.39875796,1.50760400,-0.06902940,0.00000000,0.00000000,-0.36006424,2.00339818,1.69039118,0.55568147,0.54494172,0.00000000,0.00000000
-0.09527706,-1.43307960,0.39811468,1.67955887,-0.04937955,0.00000000,0.00000000,-0.41047734,2.03125882,1.69069326,0.51012862,0.52202737,0.00000000,0.00000000
-0.16744322,-1.32955611,0.42289367,1.83817363,-0.03010208,0.00000000,0.00000000,-0.44056982,2.06195974,1.68511426,0.46729228,0.49773857,0.00000000,0.00000000
-0.22131582,-1.25981343,0.46688631,1.97502255,-0.01111467,0.00000000,0.00000000,-0.44542858,2.08691955,1.67612612,0.43321335,0.47160903,0.00000000,0.00000000
-0.25831199,-1.22503948,0.52226442,2.08553314,0.01621658,0.00000000,0.00000000,-0.42686039,2.10525560,1.66442525,0.41057721,0.44206694,0.00000000,0.00000000
-0.28243101,-1.22086918,0.58137387,2.16845036,0.04111214,0.00000000,0.00000000,-0.40139729,2.12549615,1.64905608,0.39384633,0.41626552,0.00000000,0.00000000
-0.29724255,-1.24125445,0.63881850,2.22403026,0.05621608,0.00000000,0.00000000,-0.37823582,2.14649916,1.63156819,0.38247040,0.39737085,0.00000000,0.00000000
-0.30374095,-1.28079152,0.69250357,2.25252962,0.06338128,0.00000000,0.00000000,-0.36314178,2.16224885,1.61441934,0.37495366,0.38548350,0.00000000,0.00000000
-0.30077499,-1.33427417,0.74308032,2.25929260,0.07113663,0.00000000,0.00000000,-0.35629928,2.16875124,1.59952450,0.37166470,0.38158152,0.00000000,0.00000000
-0.28735808,-1.39477134,0.79233968,2.25534058,0.08833544,0.00000000,0.00000000,-0.35208604,2.16993690,1.58759511,0.37674162,0.38542062,0.00000000,0.00000000
-0.26482788,-1.45478952,0.84105152,2.23950911,0.09525964,0.00000000,0.00000000,-0.34358996,2.17000008,1.57888079,0.39560029,0.38611284,0.00000000,0.00000000
-0.23720723,-1.50831842,0.88812804,2.21544075,0.10171404,0.00000000,0.00000000,-0.32611135,2.17000008,1.57430005,0.43203077,0.38280383,0.00000000,0.00000000
-0.20844458,-1.55342996,0.93126470,2.18932462,0.11622372,0.00000000,0.00000000,-0.29959834,2.17000008,1.57575989,0.48557091,0.38555288,0.00000000,0.00000000
-0.18047425,-1.59039366,0.96836668,2.16306901,0.12365153,0.00000000,0.00000000,-0.26742724,2.17000008,1.58504999,0.55212122,0.38820377,0.00000000,0.00000000
-0.15537149,-1.61869347,0.99673319,2.13887048,0.12799528,0.00000000,0.00000000,-0.23553275,2.17000008,1.60269523,0.62557721,0.39355898,0.00000000,0.00000000
-0.13319285,-1.63909459,1.01467669,2.11786318,0.13823861,0.00000000,0.00000000,-0.21196777,2.16996002,1.62625432,0.69658381,0.41067052,0.00000000,0.00000000
-0.10538306,-1.65723395,1.02813292,2.09294224,0.14584602,0.00000000,0.00000000,-0.19756891,2.16927028,1.65063822,0.75592649,0.43452841,0.00000000,0.00000000
-0.06915259,-1.67551661,1.04027843,2.06158972,0.14442720,0.00000000,0.00000000,-0.18732856,2.16606879,1.67322755,0.80246621,0.45058617,0.00000000,0.00000000
-0.02762011,-1.69422114,1.04900336,2.02169800,0.15066200,0.00000000,0.00000000,-0.17768177,2.15918827,1.69328427,0.83656025,0.46374106,0.00000000,0.00000000
0.01938652,-1.71641040,1.05505931,1.96904171,0.16401789,0.00000000,0.00000000,-0.16455632,2.14976287,1.70971775,0.85876817,0.47762808,0.00000000,0.00000000
0.07255146,-1.74579203,1.06028116,1.90095162,0.18391007,0.00000000,0.00000000,-0.14413492,2.13896370,1.72128463,0.87000698,0.49719235,0.00000000,0.00000000
0.13048173,-1.78457642,1.06546211,1.81705868,0.20431654,0.00000000,0.00000000,-0.11389627,2.12768769,1.72679830,0.87132567,0.51719940,0.00000000,0.00000000
0.19129021,-1.83436561,1.07195151,1.71748435,0.21648043,0.00000000,0.00000000,-0.07391841,2.11659884,1.72527587,0.86326683,0.54204100,0.00000000,0.00000000
0.25209475,-1.89526129,1.08180118,1.60336006,0.22581550,0.00000000,0.00000000,-0.02801214,2.10683513,1.71605301,0.84545499,0.56729043,0.00000000,0.00000000
0.30880520,-1.96424091,1.09583521,1.47713101,0.23700285,0.00000000,0.00000000,0.01923701,2.10082579,1.69891107,0.81879705,0.60306364,0.00000000,0.00000000
0.35865161,-2.03595448,1.11410153,1.34162796,0.25854030,0.00000000,0.00000000,0.06402281,2.10132813,1.67480838,0.78601474,0.63516623,0.00000000,0.00000000
0.40020800,-2.10201645,1.13508058,1.20155668,0.28015241,0.00000000,0.00000000,0.10421628,2.11147475,1.64460886,0.75160658,0.66278595,0.00000000,0.00000000
0.43155420,-2.14865685,1.15283287,1.06709123,0.29127726,0.00000000,0.00000000,0.13487384,2.13304710,1.60911560,0.72057205,0.68516856,0.00000000,0.00000000
0.45176139,-2.16676044,1.15904629,0.95137459,0.29566523,0.00000000,0.00000000,0.15476087,2.15438366,1.57455850,0.69621027,0.70237362,0.00000000,0.00000000
0.46440658,-2.16984177,1.15054643,0.85798967,0.29988414,0.00000000,0.00000000,0.16252330,2.16666889,1.54537904,0.67678213,0.71985853,0.00000000,0.00000000
0.47190052,-2.17000008,1.12747073,0.78593826,0.30267289,0.00000000,0.00000000,0.15946271,2.16973686,1.52341092,0.66092879,0.74311697,0.00000000,0.00000000
0.47420600,-2.17000008,1.09090304,0.73454297,0.29696777,0.00000000,0.00000000,0.14909807,2.16861129,1.50957072,0.64883560,0.75657964,0.00000000,0.00000000
0.47022760,-2.17000008,1.04230666,0.70382261,0.29268771,0.00000000,0.00000000,0.13489941,2.16112089,1.50401413,0.64115661,0.76947755,0.00000000,0.00000000
0.45881751,-2.17000008,0.98318231,0.69422668,0.29264417,0.00000000,0.00000000,0.11998700,2.14086080,1.50659442,0.63897961,0.77647465,0.00000000,0.00000000
0.43906671,-2.16982794,0.91507721,0.70651335,0.28609163,0.00000000,0.00000000,0.10639158,2.10700130,1.51692545,0.64357418,0.77877700,0.00000000,0.00000000
0.41003016,-2.16652250,0.83992910,0.74186587,0.27882889,0.00000000,0.00000000,0.09364608,2.06252599,1.53401256,0.65558934,0.78008634,0.00000000,0.00000000
0.37018645,-2.14725399,0.76060057,0.80185699,0.27290186,0.00000000,0.00000000,0.07698760,2.01374245,1.55530441,0.67334104,0.78681195,0.00000000,0.00000000
0.31709233,-2.09529901,0.68144554,0.88767773,0.25948802,0.00000000,0.00000000,0.04823612,1.96957457,1.57674146,0.69075274,0.79518187,0.00000000,0.00000000
0.24755284,-2.01314759,0.60901880,0.99856913,0.24436772,0.00000000,0.00000000,0.00154465,1.93598819,1.59524441,0.69970721,0.79262877,0.00000000,0.00000000
0.15975001,-1.91404343,0.55139029,1.13083756,0.22077782,0.00000000,0.00000000,-0.06449344,1.91691566,1.60877287,0.69536477,0.78577691,0.00000000,0.00000000
0.05650081,-1.81055486,0.51522875,1.27952135,0.18559703,0.00000000,0.00000000,-0.14385436,1.92019606,1.61342525,0.67775738,0.77791709,0.00000000,0.00000000
-0.05559693,-1.71149647,0.50499421,1.43966866,0.15403652,0.00000000,0.00000000,-0.22683391,1.94404995,1.60796356,0.64768630,0.76689333,0.00000000,0.00000000
-0.16718200,-1.62282765,0.52299774,1.60643613,0.12395145,0.00000000,0.00000000,-0.30632392,1.98147881,1.59322262,0.60882783,0.75941795,0.00000000,0.00000000
-0.26867896,-1.55169582,0.56820792,1.76983368,0.09640137,0.00000000,0.00000000,-0.37536114,2.02417231,1.57147157,0.56673104,0.74609858,0.00000000,0.00000000
-0.35516736,-1.50426531,0.63234520,1.91617191,0.06037572,0.00000000,0.00000000,-0.42826495,2.06291342,1.54586554,0.52643877,0.73344308,0.00000000,0.00000000
-0.42757830,-1.48070848,0.70377088,2.03760195,0.02695701,0.00000000,0.00000000,-0.46010208,2.09039712,1.51914179,0.49315485,0.72760677,0.00000000,0.00000000
-0.48706937,-1.47757876,0.77495146,2.13204360,-0.00252598,0.00000000,0.00000000,-0.47508779,2.10689497,1.49183440,0.46845341,0.71805847,0.00000000,0.00000000
-0.53326440,-1.49040806,0.84286940,2.19924545,-0.02297716,0.00000000,0.00000000,-0.48671964,2.12090540,1.46214008,0.45114261,0.71756840,0.00000000,0.00000000
-0.56536108,-1.51496577,0.90712708,2.23955417,-0.03452447,0.00000000,0.00000000,-0.49679607,2.13029265,1.43158412,0.44413787,0.71761793,0.00000000,0.00000000
-0.58249992,-1.54730892,0.96915853,2.25632071,-0.05440520,0.00000000,0.00000000,-0.50573719,2.13535619,1.40080023,0.44847381,0.71013361,0.00000000,0.00000000
-0.58430868,-1.58391988,1.03139317,2.25960040,-0.06754494,0.00000000,0.00000000,-0.51123852,2.13722897,1.37001371,0.46628243,0.70696819,0.00000000,0.00000000
-0.57186025,-1.62231481,1.09560525,2.25662112,-0.08231840,0.00000000,0.00000000,-0.50797635,2.13407540,1.34031534,0.50151473,0.69762802,0.00000000,0.00000000
-0.54858935,-1.65995145,1.16175902,2.24498320,-0.09924971,0.00000000,0.00000000,-0.49258882,2.12175465,1.31362140,0.55690402,0.68510395,0.00000000,0.00000000
-0.52003217,-1.69485068,1.22772551,2.22682524,-0.11066109,0.00000000,0.00000000,-0.46814817,2.09602690,1.29169500,0.63095182,0.67159194,0.00000000,0.00000000
-0.49010769,-1.72577894,1.29160666,2.20705605,-0.11795107,0.00000000,0.00000000,-0.44394872,2.05423546,1.27456856,0.71779144,0.66148174,0.00000000,0.00000000
-0.46055841,-1.75191844,1.35222125,2.18834710,-0.12193814,0.00000000,0.00000000,-0.43129274,1.99324191,1.26062739,0.80901271,0.64909464,0.00000000,0.00000000
-0.43331611,-1.77253664,1.40614653,2.17201495,-0.12428403,0.00000000,0.00000000,-0.44361272,1.91047549,1.24673378,0.89300734,0.63257390,0.00000000,0.00000000
-0.41005287,-1.78731740,1.44822633,2.15839195,-0.12523682,0.00000000,0.00000000,-0.49331105,1.80240130,1.23065996,0.95529282,0.62553710,0.00000000,0.00000000
-0.38696176,-1.79739940,1.47791016,2.14248300,-0.11892377,0.00000000,0.00000000,-0.57995522,1.66467702,1.21364355,0.98953027,0.61851597,0.00000000,0.00000000
-0.35791978,-1.80464864,1.49688804,2.11774826,-0.10125960,0.00000000,0.00000000,-0.69935077,1.49655914,1.19612062,0.99507409,0.61056262,0.00000000,0.00000000
-0.32130143,-1.81082773,1.50478578,2.07974291,-0.07650155,0.00000000,0.00000000,-0.84767294,1.30050969,1.17688274,0.97236973,0.60049117,0.00000000,0.00000000
-0.27609387,-1.81813824,1.50162518,2.02515841,-0.05388124,0.00000000,0.00000000,-1.02030635,1.08108652,1.15395725,0.92237538,0.58423400,0.00000000,0.00000000
-0.22306547,-1.82875097,1.48778450,1.95366836,-0.03959553,0.00000000,0.00000000,-1.21147788,0.84475601,1.12502480,0.84679931,0.56393117,0.00000000,0.00000000
-0.16353746,-1.84494936,1.46443534,1.86585164,-0.02837939,0.00000000,0.00000000,-1.41390455,0.59978086,1.08787048,0.74835563,0.54296452,0.00000000,0.00000000
-0.09776699,-1.86941814,1.43488216,1.76165545,-0.01967308,0.00000000,0.00000000,-1.61881685,0.35612863,1.04082167,0.63105977,0.51300019,0.00000000,0.00000000
-0.02762156,-1.90399277,1.40343583,1.64256763,-0.00845487,0.00000000,0.00000000,-1.81646419,0.12453056,0.98328674,0.50018698,0.48576030,0.00000000,0.00000000
0.04268267,-1.94774318,1.37261856,1.51164401,0.00113443,0.00000000,0.00000000,-1.99698842,-0.08536682,0.91616386,0.36153847,0.45136529,0.00000000,0.00000000
0.11017162,-1.99708378,1.34449315,1.37150478,0.01087592,0.00000000,0.00000000,-2.15178394,-0.26600155,0.84165627,0.22091521,0.40920180,0.00000000,0.00000000
0.17362003,-2.04729056,1.32178080,1.22474527,0.01611944,0.00000000,0.00000000,-2.27488351,-0.41294846,0.76280785,0.08360522,0.36738908,0.00000000,0.00000000
0.23278220,-2.09449744,1.30670178,1.07437789,0.01936385,0.00000000,0.00000000,-2.36443281,-0.52626181,0.68281931,-0.04609498,0.32696387,0.00000000,0.00000000
0.28455204,-2.13513589,1.29909694,0.92868477,0.02738371,0.00000000,0.00000000,-2.42417765,-0.61117828,0.60404634,-0.16524808,0.28933388,0.00000000,0.00000000
0.32016158,-2.16194725,1.29505861,0.80471873,0.03326849,0.00000000,0.00000000,-2.46373534,-0.67260587,0.52724320,-0.27049232,0.25960493,0.00000000,0.00000000
0.33861116,-2.16951847,1.28560650,0.70690805,0.03343194,0.00000000,0.00000000,-2.49199700,-0.70897824,0.45230758,-0.35742819,0.23125130,0.00000000,0.00000000
0.34423047,-2.17000008,1.26537025,0.63167721,0.03297137,0.00000000,0.00000000,-2.51336575,-0.71696931,0.37893760,-0.42327884,0.19420673,0.00000000,0.00000000
0.34085989,-2.17000008,1.23346663,0.57555068,0.02695922,0.00000000,0.00000000,-2.52982926,-0.70051134,0.30607900,-0.47222006,0.15081573,0.00000000,0.00000000
0.33142957,-2.17000008,1.19035184,0.53596961,0.01679561,0.00000000,0.00000000,-2.53614974,-0.67125767,0.23371008,-0.51748353,0.10532514,0.00000000,0.00000000
0.31828412,-2.17000008,1.13665688,0.51106614,0.00553778,0.00000000,0.00000000,-2.52674747,-0.63221860,0.16307005,-0.56444418,0.05509302,0.00000000,0.00000000
0.30326128,-2.17000008,1.07294011,0.49967855,-0.01402104,0.00000000,0.00000000,-2.49878931,-0.58236748,0.09520778,-0.61370867,-0.00245259,0.00000000,0.00000000
0.28734577,-2.17000008,0.99968755,0.50171292,-0.03083044,0.00000000,0.00000000,-2.44980550,-0.51960152,0.03101677,-0.66519558,-0.06018962,0.00000000,0.00000000
0.27086985,-2.17000008,0.91729629,0.51809293,-0.04903792,0.00000000,0.00000000,-2.38045192,-0.44021043,-0.02998393,-0.71783382,-0.11139774,0.00000000,0.00000000
0.25390223,-2.16976810,0.82606769,0.55048478,-0.06245469,0.00000000,0.00000000,-2.29435635,-0.34029791,-0.08977114,-0.77022004,-0.15383185,0.00000000,0.00000000
0.23581393,-2.16528368,0.72649080,0.60130930,-0.06675241,0.00000000,0.00000000,-2.19404006,-0.21764562,-0.15002768,-0.82166141,-0.19845665,0.00000000,0.00000000
0.21531263,-2.13878989,0.61975652,0.67334944,-0.07123428,0.00000000,0.00000000,-2.07974935,-0.07237012,-0.21121898,-0.87237155,-0.24429607,0.00000000,0.00000000
0.19143684,-2.06634355,0.50857592,0.76885766,-0.06694359,0.00000000,0.00000000,-1.95172417,0.09740818,-0.27369842,-0.91735810,-0.28893387,0.00000000,0.00000000
0.16307193,-1.94875777,0.39792991,0.88864136,-0.07005508,0.00000000,0.00000000,-1.81249070,0.29845452,-0.33898705,-0.94194585,-0.32828769,0.00000000,0.00000000
0.12950303,-1.79844868,0.29423136,1.03103864,-0.06921212,0.00000000,0.00000000,-1.66905355,0.52587789,-0.40948385,-0.94441521,-0.36533973,0.00000000,0.00000000
0.09178986,-1.63119960,0.20545088,1.19043159,-0.07504382,0.00000000,0.00000000,-1.52794492,0.77014059,-0.48664343,-0.92971390,-0.39137641,0.00000000,0.00000000
0.05459056,-1.46900713,0.14012237,1.35572684,-0.07111392,0.00000000,0.00000000,-1.39170182,1.01854503,-0.56896782,-0.90406817,-0.42020026,0.00000000,0.00000000
0.02417039,-1.32293200,0.10100843,1.51658368,-0.06360298,0.00000000,0.00000000,-1.25913835,1.25667369,-0.65025771,-0.87181813,-0.44197777,0.00000000,0.00000000
0.00580650,-1.19889581,0.08601775,1.66431010,-0.05814161,0.00000000,0.00000000,-1.13179493,1.47405910,-0.72197878,-0.83308756,-0.46176088,0.00000000,0.00000000
0.00113500,-1.10659552,0.09023393,1.79100084,-0.04530232,0.00000000,0.00000000,-1.01555896,1.66087139,-0.77711886,-0.78914344,-0.48459587,0.00000000,0.00000000
0.00679517,-1.05217111,0.10602057,1.89135075,-0.02384739,0.00000000,0.00000000,-0.91510582,1.80813360,-0.81357044,-0.74429864,-0.51661569,0.00000000,0.00000000
0.01800691,-1.03187943,0.12604034,1.96371329,-0.00009530,0.00000000,0.00000000,-0.82895935,1.91384959,-0.83423740,-0.70320231,-0.54157811,0.00000000,0.00000000
0.03314822,-1.03270519,0.14711930,2.00931072,0.02793718,0.00000000,0.00000000,-0.75274730,1.98956251,-0.84426731,-0.66666728,-0.56395000,0.00000000,0.00000000
0.05496576,-1.04377317,0.17105784,2.03027439,0.05850534,0.00000000,0.00000000,-0.68646216,2.04341292,-0.84328312,-0.63602871,-0.58282721,0.00000000,0.00000000
0.08710039,-1.05966640,0.20096645,2.02937531,0.08002024,0.00000000,0.00000000,-0.63096094,2.08257747,-0.83286792,-0.61546451,-0.59406722,0.00000000,0.00000000
0.13072777,-1.07798433,0.23749545,2.00874186,0.10747098,0.00000000,0.00000000,-0.58223587,2.11565208,-0.81820834,-0.60745823,-0.59340745,0.00000000,0.00000000
0.18335085,-1.09641373,0.27769330,1.96983147,0.12744795,0.00000000,0.00000000,-0.53668159,2.14552116,-0.80195630,-0.61411333,-0.59616160,0.00000000,0.00000000
0.23889253,-1.11380315,0.31552884,1.91372752,0.15071017,0.00000000,0.00000000,-0.49335086,2.16455603,-0.78222555,-0.63971156,-0.60163921,0.00000000,0.00000000
0.29039067,-1.13180923,0.34426481,1.84193802,0.17491682,0.00000000,0.00000000,-0.45376089,2.16920900,-0.75524354,-0.68731123,-0.60620046,0.00000000,0.00000000
0.33290702,-1.15421999,0.35833773,1.75558758,0.18356450,0.00000000,0.00000000,-0.42467645,2.16253781,-0.71599233,-0.75540376,-0.60675400,0.00000000,0.00000000
0.36370736,-1.18625522,0.35380420,1.65422523,0.19077694,0.00000000,0.00000000,-0.41467422,2.14291263,-0.66354823,-0.83320171,-0.60040545,0.00000000,0.00000000
0.38428643,-1.23534894,0.33218208,1.53435457,0.18931068,0.00000000,0.00000000,-0.42549434,2.12852836,-0.60811126,-0.90024871,-0.59314525,0.00000000,0.00000000
0.40171301,-1.30767250,0.30472970,1.39211035,0.18360211,0.00000000,0.00000000,-0.44658685,2.12614703,-0.56048006,-0.95271695,-0.58529216,0.00000000,0.00000000
0.42161593,-1.40372241,0.28463393,1.22972846,0.17396222,0.00000000,0.00000000,-0.46483406,2.12869930,-0.52708566,-0.99751139,-0.57591748,0.00000000,0.00000000
0.44309640,-1.51708031,0.27836004,1.05853391,0.16705012,0.00000000,0.00000000,-0.47045958,2.12471867,-0.51016259,-1.04131913,-0.57514697,0.00000000,0.00000000
0.45909438,-1.62792206,0.28415909,0.90086669,0.15330027,0.00000000,0.00000000,-0.45919606,2.10442042,-0.50999272,-1.08693957,-0.56652600,0.00000000,0.00000000
0.46473482,-1.72808957,0.29811934,0.76318824,0.13426730,0.00000000,0.00000000,-0.43062431,2.06330633,-0.52661002,-1.13508677,-0.56125712,0.00000000,0.00000000
0.45829967,-1.81828451,0.31738564,0.64326429,0.11791544,0.00000000,0.00000000,-0.38550761,2.00457788,-0.55937350,-1.18615341,-0.55879599,0.00000000,0.00000000
0.43974629,-1.90067554,0.34008062,0.53831464,0.09898710,0.00000000,0.00000000,-0.32721186,1.93604863,-0.60689914,-1.23851359,-0.55868918,0.00000000,0.00000000
0.41024432,-1.97661936,0.36480558,0.44622931,0.07291713,0.00000000,0.00000000,-0.26071137,1.86566055,-0.66781026,-1.28900635,-0.55392933,0.00000000,0.00000000
0.37254220,-2.04325986,0.38980168,0.36714357,0.04468878,0.00000000,0.00000000,-0.19074419,1.79882705,-0.74044716,-1.33448052,-0.54563349,0.00000000,0.00000000
0.32954586,-2.09606409,0.41378349,0.30201951,0.02377278,0.00000000,0.00000000,-0.12186842,1.74047565,-0.82230484,-1.37071979,-0.54079950,0.00000000,0.00000000
0.28147915,-2.13533640,0.43686157,0.24972999,0.00388116,0.00000000,0.00000000,-0.05933248,1.69670939,-0.91171622,-1.39386058,-0.53687501,0.00000000,0.00000000
0.22852179,-2.16092134,0.45940539,0.20865697,-0.01696808,0.00000000,0.00000000,-0.00747309,1.67356515,-1.00905776,-1.40524507,-0.53727967,0.00000000,0.00000000
0.17608227,-2.16910648,0.48055384,0.17961110,-0.04078460,0.00000000,0.00000000,0.03530261,1.66808724,-1.10843778,-1.41027570,-0.54065073,0.00000000,0.00000000
0.11976085,-2.16997194,0.50058150,0.16550428,-0.06350902,0.00000000,0.00000000,0.07010124,1.67652857,-1.20247602,-1.40865707,-0.53760928,0.00000000,0.00000000
0.06300017,-2.17000008,0.51897871,0.16644910,-0.08789045,0.00000000,0.00000000,0.09905943,1.69272137,-1.28178346,-1.39639366,-0.53608948,0.00000000,0.00000000
0.01223464,-2.17000008,0.53484958,0.18117948,-0.11894943,0.00000000,0.00000000,0.12411039,1.71082366,-1.34011161,-1.37308192,-0.54132468,0.00000000,0.00000000
-0.02775983,-2.17000008,0.54722339,0.20810048,-0.14728928,0.00000000,0.00000000,0.14394443,1.72848046,-1.37673891,-1.34109080,-0.55379498,0.00000000,0.00000000
-0.05428007,-2.17000008,0.55503285,0.24534808,-0.16699068,0.00000000,0.00000000,0.15466729,1.74727213,-1.39591765,-1.30370593,-0.57387108,0.00000000,0.00000000
-0.06663937,-2.17000008,0.55721337,0.29167831,-0.17857833,0.00000000,0.00000000,0.15448929,1.76641846,-1.39918089,-1.26202166,-0.58890778,0.00000000,0.00000000
-0.06576043,-2.17000008,0.55270809,0.34730151,-0.17872396,0.00000000,0.00000000,0.14452058,1.78241384,-1.38540339,-1.21800649,-0.61274564,0.00000000,0.00000000
-0.05380328,-2.17000008,0.54048920,0.41387320,-0.18460912,0.00000000,0.00000000,0.12497768,1.79265654,-1.35380983,-1.17223811,-0.63868946,0.00000000,0.00000000
-0.03363375,-2.17000008,0.51958978,0.49359971,-0.18314481,0.00000000,0.00000000,0.09418885,1.79712474,-1.30474794,-1.12354171,-0.65826571,0.00000000,0.00000000
-0.00851479,-2.16927552,0.48913729,0.58843094,-0.17682596,0.00000000,0.00000000,0.04981668,1.79765546,-1.23902643,-1.07004309,-0.67705560,0.00000000,0.00000000
0.01856964,-2.15733933,0.44838601,0.69983184,-0.16482750,0.00000000,0.00000000,-0.01067743,1.79681945,-1.15704286,-1.00857806,-0.69602257,0.00000000,0.00000000
0.04547501,-2.10807347,0.39684215,0.82864141,-0.15477265,0.00000000,0.00000000,-0.09038248,1.79683053,-1.05795097,-0.93361104,-0.71229982,0.00000000,0.00000000
0.06966311,-2.01069260,0.33489490,0.97442389,-0.15319695,0.00000000,0.00000000,-0.19124934,1.80146277,-0.94234675,-0.84032559,-0.71752691,0.00000000,0.00000000
0.08736534,-1.87140882,0.26569065,1.13369358,-0.15658863,0.00000000,0.00000000,-0.30953836,1.82130134,-0.81792587,-0.72909045,-0.72033274,0.00000000,0.00000000
0.09453702,-1.70641947,0.19887654,1.29863548,-0.16980088,0.00000000,0.00000000,-0.42933485,1.86598110,-0.69655132,-0.60851324,-0.72426403,0.00000000,0.00000000
0.09230416,-1.53562486,0.14860961,1.46121585,-0.18044880,0.00000000,0.00000000,-0.52662355,1.93182576,-0.58687556,-0.49152040,-0.72517347,0.00000000,0.00000000
0.08713491,-1.37561464,0.12210249,1.61539161,-0.18767755,0.00000000,0.00000000,-0.58804488,1.99116516,-0.48655799,-0.39274585,-0.71811396,0.00000000,0.00000000
0.08638008,-1.23905063,0.11851034,1.75450110,-0.18356934,0.00000000,0.00000000,-0.61616176,2.01820922,-0.39035037,-0.31941488,-0.70817405,0.00000000,0.00000000
0.09362967,-1.13476336,0.13262984,1.87199104,-0.18220350,0.00000000,0.00000000,-0.60859388,2.01390243,-0.29830423,-0.26766670,-0.70311058,0.00000000,0.00000000
0.10830574,-1.06783390,0.15720458,1.96312153,-0.17653053,0.00000000,0.00000000,-0.55836993,1.99829662,-0.21210556,-0.22547017,-0.70657873,0.00000000,0.00000000
0.12805419,-1.03762937,0.18539010,2.02570224,-0.17333223,0.00000000,0.00000000,-0.47695607,1.98980331,-0.13004626,-0.18031165,-0.70342636,0.00000000,0.00000000
0.15103987,-1.03824162,0.21244547,2.05914116,-0.16668931,0.00000000,0.00000000,-0.38886181,1.99856734,-0.04866391,-0.12472022,-0.69635338,0.00000000,0.00000000
0.17800428,-1.06285083,0.23760119,2.06358457,-0.15295921,0.00000000,0.00000000,-0.31017387,2.01937842,0.03368250,-0.06049396,-0.68148869,0.00000000,0.00000000
0.21100283,-1.10352969,0.26206312,2.04065013,-0.14093749,0.00000000,0.00000000,-0.24488679,2.04480386,0.11671366,0.00814830,-0.66461962,0.00000000,0.00000000
0.25065124,-1.14913583,0.28592572,1.99400651,-0.13444635,0.00000000,0.00000000,-0.18984255,2.06800771,0.19968325,0.07665092,-0.65491968,0.00000000,0.00000000
0.29470068,-1.19037247,0.30728757,1.92798162,-0.12878734,0.00000000,0.00000000,-0.13708080,2.07515550,0.28245026,0.13778722,-0.64164537,0.00000000,0.00000000
0.33801526,-1.22720718,0.32216263,1.84562731,-0.12015738,0.00000000,0.00000000,-0.07959124,2.04881215,0.36544150,0.18302459,-0.62859482,0.00000000,0.00000000
0.37562019,-1.26688910,0.32563698,1.74778056,-0.11740619,0.00000000,0.00000000,-0.02213102,1.98441756,0.44798574,0.20835395,-0.61689192,0.00000000,0.00000000
0.40477923,-1.31634879,0.31465253,1.63364017,-0.10823658,0.00000000,0.00000000,0.02553569,1.90068412,0.52799594,0.22153583,-0.60558289,0.00000000,0.00000000
0.42581150,-1.37934744,0.29057795,1.50165164,-0.10041384,0.00000000,0.00000000,0.06208350,1.81665862,0.60416692,0.23280035,-0.60004872,0.00000000,0.00000000
0.44060275,-1.45653296,0.25796074,1.35140598,-0.09125974,0.00000000,0.00000000,0.09239698,1.74035740,0.67640638,0.24803953,-0.58785766,0.00000000,0.00000000
0.45026186,-1.54491925,0.22110181,1.18646467,-0.07102337,0.00000000,0.00000000,0.12253892,1.67407906,0.74505436,0.27019730,-0.58040541,0.00000000,0.00000000
0.45438480,-1.63864195,0.18122812,1.01741302,-0.04711431,0.00000000,0.00000000,0.15748341,1.61850131,0.81039184,0.30076522,-0.57951325,0.00000000,0.00000000
0.45120475,-1.72396660,0.13779031,0.86329335,-0.00773430,0.00000000,0.00000000,0.19944029,1.57423997,0.87229651,0.33992484,-0.58163589,0.00000000,0.00000000
0.44080675,-1.79917765,0.09113225,0.72648758,0.02731302,0.00000000,0.00000000,0.24778815,1.54227340,0.93013769,0.38671070,-0.58142906,0.00000000,0.00000000
0.42412260,-1.86567140,0.04161033,0.60387981,0.06574884,0.00000000,0.00000000,0.30037549,1.52319622,0.98299772,0.43931445,-0.58449590,0.00000000,0.00000000
0.40269455,-1.92248750,-0.01093140,0.49422765,0.10953913,0.00000000,0.00000000,0.35422575,1.51673341,1.02984393,0.49520287,-0.57826442,0.00000000,0.00000000
0.37790149,-1.96948457,-0.06633031,0.39620575,0.14864476,0.00000000,0.00000000,0.40595362,1.52191913,1.06965089,0.55130982,-0.57183838,0.00000000,0.00000000
0.34974676,-2.00832152,-0.12390444,0.30760562,0.18669541,0.00000000,0.00000000,0.45255059,1.53736782,1.10157990,0.60455179,-0.56142431,0.00000000,0.00000000
0.31836069,-2.04046321,-0.18320797,0.22634588,0.22375715,0.00000000,0.00000000,0.49141234,1.56115210,1.12511182,0.65201181,-0.55581772,0.00000000,0.00000000
0.28460878,-2.06495643,-0.24404974,0.15168194,0.26132157,0.00000000,0.00000000,0.52044189,1.59100473,1.14011860,0.69103044,-0.54465497,0.00000000,0.00000000
0.24889144,-2.07949018,-0.30615851,0.08347276,0.29999280,0.00000000,0.00000000,0.53756803,1.62440097,1.14672422,0.71911299,-0.53844839,0.00000000,0.00000000
0.21041241,-2.08341360,-0.36920631,0.02037111,0.33790454,0.00000000,0.00000000,0.54101455,1.65879369,1.14511144,0.73425722,-0.52583528,0.00000000,0.00000000
0.16790508,-2.07828736,-0.43291172,-0.04023102,0.37169671,0.00000000,0.00000000,0.53009546,1.69145381,1.13544095,0.73516572,-0.50287765,0.00000000,0.00000000
0.12241307,-2.06237102,-0.49702442,-0.09801953,0.40192300,0.00000000,0.00000000,0.50515175,1.71964490,1.11766219,0.72102803,-0.47695953,0.00000000,0.00000000
0.07523985,-2.03726888,-0.56114399,-0.15329799,0.42394719,0.00000000,0.00000000,0.46682176,1.74258602,1.09147930,0.69160104,-0.44714114,0.00000000,0.00000000
0.02701408,-2.01282072,-0.62442654,-0.21040383,0.44730148,0.00000000,0.00000000,0.41534787,1.76319325,1.05669558,0.64793271,-0.40751505,0.00000000,0.00000000
-0.02154008,-1.99394679,-0.68590587,-0.27092862,0.46480790,0.00000000,0.00000000,0.35068041,1.78448236,1.01310050,0.59230191,-0.36883953,0.00000000,0.00000000
-0.07012331,-1.98290098,-0.74455529,-0.33511597,0.47599864,0.00000000,0.00000000,0.27332741,1.80934262,0.96042734,0.52831036,-0.32254487,0.00000000,0.00000000
-0.11803005,-1.98122394,-0.79920709,-0.40259618,0.48958653,0.00000000,0.00000000,0.18587211,1.84224248,0.89869708,0.46160701,-0.28198949,0.00000000,0.00000000
-0.16233549,-1.98873591,-0.84847748,-0.47127697,0.51015168,0.00000000,0.00000000,0.09294744,1.88737607,0.82884216,0.39864746,-0.24325943,0.00000000,0.00000000
-0.20106861,-2.00424337,-0.89132845,-0.53905064,0.53466713,0.00000000,0.00000000,0.00184784,1.94469166,0.75322729,0.34464401,-0.19021896,0.00000000,0.00000000
-0.23573087,-2.02635837,-0.92762589,-0.60543770,0.55192733,0.00000000,0.00000000,-0.07796168,2.00746393,0.67524564,0.30176437,-0.13858536,0.00000000,0.00000000
-0.27083522,-2.05254221,-0.95863312,-0.67121899,0.56988657,0.00000000,0.00000000,-0.13868199,2.06575608,0.59785038,0.26941624,-0.08670148,0.00000000,0.00000000
-0.31081054,-2.07746816,-0.98722690,-0.73653287,0.58086497,0.00000000,0.00000000,-0.18007845,2.11349916,0.52203947,0.24621405,-0.03470661,0.00000000,0.00000000
-0.35644364,-2.09575319,-1.01638091,-0.80027658,0.59324658,0.00000000,0.00000000,-0.20689775,2.14699507,0.44770464,0.22980779,0.01078954,0.00000000,0.00000000
-0.40240049,-2.10847831,-1.04584718,-0.86110938,0.60977656,0.00000000,0.00000000,-0.22312985,2.16507292,0.37464836,0.21745688,0.05853117,0.00000000,0.00000000
-0.44384629,-2.11709046,-1.07535696,-0.91786158,0.62136275,0.00000000,0.00000000,-0.23301302,2.16971302,0.30275083,0.20266180,0.09824197,0.00000000,0.00000000
-0.47958627,-2.12145448,-1.10604608,-0.96954149,0.63205808,0.00000000,0.00000000,-0.23490174,2.17000008,0.23232560,0.17891426,0.14001487,0.00000000,0.00000000
-0.50829756,-2.12193584,-1.13868344,-1.01506042,0.63263029,0.00000000,0.00000000,-0.22334333,2.17000008,0.16368227,0.14102709,0.17612217,0.00000000,0.00000000
-0.52494919,-2.11891603,-1.17312980,-1.05155349,0.63087332,0.00000000,0.00000000,-0.20478657,2.17000008,0.09575345,0.08341148,0.21343467,0.00000000,0.00000000
-0.52043474,-2.11121678,-1.20923674,-1.07235336,0.63543504,0.00000000,0.00000000,-0.18515885,2.17000008,0.02765803,0.00678574,0.24367100,0.00000000,0.00000000
-0.48905593,-2.09789944,-1.24791014,-1.07145238,0.64522910,0.00000000,0.00000000,-0.16600582,2.16998649,-0.04066875,-0.08568394,0.26488125,0.00000000,0.00000000
-0.42971364,-2.07871103,-1.29102552,-1.04691291,0.65190762,0.00000000,0.00000000,-0.15310326,2.16939807,-0.10826962,-0.19185069,0.28517100,0.00000000,0.00000000
-0.34464028,-2.05446434,-1.34022176,-1.00005710,0.67053556,0.00000000,0.00000000,-0.15421781,2.16254258,-0.17256036,-0.30917895,0.29895905,0.00000000,0.00000000
-0.23847497,-2.02785254,-1.39598310,-0.93474132,0.68507522,0.00000000,0.00000000,-0.17573462,2.13732004,-0.22971539,-0.43363801,0.30135071,0.00000000,0.00000000
-0.11985766,-1.99888897,-1.45931029,-0.85874289,0.69746321,0.00000000,0.00000000,-0.21962322,2.09042954,-0.27607989,-0.56196314,0.30591258,0.00000000,0.00000000
-0.00559321,-1.96071422,-1.53256810,-0.78717595,0.71045297,0.00000000,0.00000000,-0.28340471,2.02160144,-0.30891785,-0.69203991,0.31142965,0.00000000,0.00000000
0.08955418,-1.90925848,-1.61353755,-0.73488307,0.71126723,0.00000000,0.00000000,-0.36110735,1.93159044,-0.32683671,-0.82140398,0.30930158,0.00000000,0.00000000
0.15931934,-1.84790254,-1.69807589,-0.70642692,0.70781302,0.00000000,0.00000000,-0.44758973,1.82374406,-0.32994598,-0.94571286,0.30955243,0.00000000,0.00000000
0.19934396,-1.78742361,-1.78220654,-0.70094770,0.70357692,0.00000000,0.00000000,-0.53868800,1.70156932,-0.32005969,-1.06059384,0.30286172,0.00000000,0.00000000
0.20911409,-1.73902082,-1.86273766,-0.71653163,0.70377791,0.00000000,0.00000000,-0.63171411,1.56818902,-0.29973617,-1.16270161,0.30514464,0.00000000,0.00000000
0.19420263,-1.70887172,-1.93763351,-0.75165433,0.70023376,0.00000000,0.00000000,-0.72602367,1.42939985,-0.27098733,-1.24844241,0.31423980,0.00000000,0.00000000
0.16333345,-1.69338858,-2.00666332,-0.80463701,0.69716054,0.00000000,0.00000000,-0.82166159,1.29438329,-0.23538217,-1.31391084,0.31522998,0.00000000,0.00000000
0.12317984,-1.67960858,-2.07280350,-0.87313288,0.68640274,0.00000000,0.00000000,-0.91839874,1.17437613,-0.19543594,-1.35563552,0.30764797,0.00000000,0.00000000
0.07702141,-1.65618360,-2.14056754,-0.95492405,0.68518192,0.00000000,0.00000000,-1.01658845,1.08056760,-0.15494539,-1.37107348,0.30070272,0.00000000,0.00000000
0.02812096,-1.62350833,-2.20950818,-1.04669547,0.68541473,0.00000000,0.00000000,-1.11806715,1.01933777,-0.11892776,-1.35943460,0.30322984,0.00000000,0.00000000
-0.01903531,-1.58821726,-2.27294278,-1.14506567,0.68373615,0.00000000,0.00000000,-1.22547638,0.98910546,-0.09207105,-1.32191181,0.29737228,0.00000000,0.00000000
-0.05881479,-1.55565464,-2.32222414,-1.24726677,0.69002277,0.00000000,0.00000000,-1.34085715,0.98367232,-0.07744925,-1.26065207,0.28560928,0.00000000,0.00000000
-0.08719164,-1.52882278,-2.35217214,-1.35052443,0.69841236,0.00000000,0.00000000,-1.46594918,0.99538273,-0.07764023,-1.17867529,0.26930350,0.00000000,0.00000000
-0.10426898,-1.51221728,-2.36095762,-1.45165789,0.69965887,0.00000000,0.00000000,-1.60266066,1.01220131,-0.09532332,-1.08163369,0.25756121,0.00000000,0.00000000
-0.11259576,-1.51042986,-2.34846854,-1.54666007,0.69130856,0.00000000,0.00000000,-1.75253642,1.01870000,-0.13180262,-0.97889286,0.25126743,0.00000000,0.00000000
-0.11550009,-1.52429342,-2.31571293,-1.63213539,0.68352395,0.00000000,0.00000000,-1.91481972,1.00058734,-0.18448277,-0.88251644,0.24577038,0.00000000,0.00000000
-0.11619303,-1.55174577,-2.26430488,-1.70608139,0.67644650,0.00000000,0.00000000,-2.08461118,0.94777149,-0.24556324,-0.80403131,0.24155277,0.00000000,0.00000000
-0.11766066,-1.58943665,-2.19620943,-1.76772892,0.66815192,0.00000000,0.00000000,-2.25315642,0.85769284,-0.30361298,-0.74881345,0.24197473,0.00000000,0.00000000
-0.12332859,-1.63255906,-2.11456490,-1.81674993,0.65969467,0.00000000,0.00000000,-2.41039181,0.73807144,-0.34855935,-0.71280855,0.23713107,0.00000000,0.00000000
-0.13629158,-1.67636955,-2.02369761,-1.85217178,0.65574545,0.00000000,0.00000000,-2.54803348,0.60071158,-0.37615365,-0.68822062,0.22729917,0.00000000,0.00000000
-0.15740357,-1.71853435,-1.92789245,-1.87178993,0.66779399,0.00000000,0.00000000,-2.65952277,0.45667446,-0.38608345,-0.66839343,0.22501120,0.00000000,0.00000000
-0.18397215,-1.76028717,-1.83076751,-1.87241304,0.66501397,0.00000000,0.00000000,-2.73998833,0.31742200,-0.37978208,-0.64747775,0.21826303,0.00000000,0.00000000
-0.21099247,-1.80501842,-1.73484969,-1.85235286,0.66551340,0.00000000,0.00000000,-2.78779817,0.19120201,-0.35979119,-0.62274086,0.21153082,0.00000000,0.00000000
-0.23352124,-1.85571492,-1.64125323,-1.81399047,0.65818095,0.00000000,0.00000000,-2.80677128,0.07888442,-0.32962719,-0.59736115,0.20051195,0.00000000,0.00000000
-0.24999169,-1.91151249,-1.55147183,-1.76421046,0.65497452,0.00000000,0.00000000,-2.80547595,-0.02234332,-0.29350558,-0.57698631,0.18668650,0.00000000,0.00000000
-0.26628584,-1.96829355,-1.46887541,-1.71408820,0.65492779,0.00000000,0.00000000,-2.79186416,-0.11209088,-0.25498879,-0.56375539,0.17952304,0.00000000,0.00000000
-0.28851148,-2.02290702,-1.39686120,-1.67417550,0.65372539,0.00000000,0.00000000,-2.77075577,-0.18555486,-0.21654610,-0.55561858,0.17388676,0.00000000,0.00000000
-0.31331897,-2.07179403,-1.33917785,-1.63996065,0.64631492,0.00000000,0.00000000,-2.74213123,-0.23843148,-0.17887194,-0.54958808,0.16877490,0.00000000,0.00000000
-0.33411363,-2.11245441,-1.29620123,-1.60098457,0.63919926,0.00000000,0.00000000,-2.70603395,-0.27168584,-0.14231402,-0.54561126,0.16065730,0.00000000,0.00000000
-0.34793723,-2.14298320,-1.26847959,-1.55190468,0.63933158,0.00000000,0.00000000,-2.66489649,-0.29365706,-0.10758480,-0.54829347,0.16261370,0.00000000,0.00000000
-0.35105833,-2.16155481,-1.25716186,-1.48953164,0.63704377,0.00000000,0.00000000,-2.62483454,-0.31032866,-0.07668050,-0.56100166,0.16741635,0.00000000,0.00000000
-0.33861691,-2.16852665,-1.26256394,-1.41249084,0.63014054,0.00000000,0.00000000,-2.59266472,-0.32247108,-0.05207536,-0.58399105,0.17662616,0.00000000,0.00000000
-0.30669951,-2.16801786,-1.28252065,-1.32403052,0.62318611,0.00000000,0.00000000,-2.57092667,-0.32777771,-0.03500346,-0.61578530,0.18452635,0.00000000,0.00000000
-0.25493172,-2.16102791,-1.31413090,-1.23312294,0.61843419,0.00000000,0.00000000,-2.55682373,-0.32224771,-0.02491365,-0.65427113,0.18647026,0.00000000,0.00000000
-0.18633686,-2.14737678,-1.35573816,-1.14894497,0.61147410,0.00000000,0.00000000,-2.54581857,-0.30261785,-0.02052146,-0.69804633,0.18796119,0.00000000,0.00000000
-0.10117161,-2.12567186,-1.40712774,-1.07232416,0.59521770,0.00000000,0.00000000,-2.53329182,-0.26729754,-0.02032607,-0.74658954,0.19048430,0.00000000,0.00000000
0.00481391,-2.09724784,-1.46570241,-0.99639457,0.57319117,0.00000000,0.00000000,-2.51542830,-0.21442954,-0.02303289,-0.79570758,0.19244216,0.00000000,0.00000000
0.13249265,-2.07140827,-1.52389979,-0.91880631,0.54713947,0.00000000,0.00000000,-2.48909855,-0.14312246,-0.02748387,-0.83549064,0.20045571,0.00000000,0.00000000
0.27199194,-2.05287814,-1.57673514,-0.84807622,0.51554167,0.00000000,0.00000000,-2.44878483,-0.05741633,-0.03102625,-0.86331785,0.20539889,0.00000000,0.00000000
0.39139616,-2.02722192,-1.63024974,-0.80300820,0.47787744,0.00000000,0.00000000,-2.39155674,0.04082422,-0.03193908,-0.87879413,0.21206756,0.00000000,0.00000000
0.47703728,-1.98293555,-1.68736660,-0.78701109,0.46162587,0.00000000,0.00000000,-2.31376719,0.15262906,-0.02789765,-0.88015479,0.22308153,0.00000000,0.00000000
0.52243292,-1.91812575,-1.74635231,-0.79769921,0.44006422,0.00000000,0.00000000,-2.21738148,0.27284157,-0.01923501,-0.86932570,0.23625441,0.00000000,0.00000000
0.52055192,-1.83951640,-1.80426633,-0.83282620,0.42348325,0.00000000,0.00000000,-2.10813570,0.39529732,-0.00818081,-0.84908563,0.24973169,0.00000000,0.00000000
0.47198513,-1.75664675,-1.85801840,-0.88988817,0.40590483,0.00000000,0.00000000,-1.99273098,0.51395810,0.00237627,-0.82237142,0.26209190,0.00000000,0.00000000
0.38301817,-1.67669642,-1.90420604,-0.96604276,0.38486338,0.00000000,0.00000000,-1.87694514,0.62106216,0.00979457,-0.79320830,0.27083367,0.00000000,0.00000000
0.26209858,-1.60521686,-1.93933165,-1.05797338,0.36210319,0.00000000,0.00000000,-1.76595402,0.70938802,0.01122904,-0.76561511,0.28225535,0.00000000,0.00000000
0.11877315,-1.54662406,-1.96074784,-1.16207802,0.33979118,0.00000000,0.00000000,-1.66310740,0.77604240,0.00450643,-0.74146950,0.29579383,0.00000000,0.00000000
-0.03633480,-1.50370431,-1.96752656,-1.27399397,0.32245135,0.00000000,0.00000000,-1.56763935,0.82642865,-0.00939038,-0.71719706,0.31581065,0.00000000,0.00000000
-0.19349901,-1.47329473,-1.96325374,-1.38747156,0.30941650,0.00000000,0.00000000,-1.47347379,0.87513471,-0.02371523,-0.68367672,0.33209145,0.00000000,0.00000000
-0.34319797,-1.44944704,-1.95316100,-1.49332404,0.29999843,0.00000000,0.00000000,-1.37264335,0.93824077,-0.02818995,-0.63307112,0.34781581,0.00000000,0.00000000
-0.47085637,-1.43608212,-1.93111825,-1.58379889,0.28828937,0.00000000,0.00000000,-1.26418841,1.01864779,-0.01903210,-0.56539989,0.36653289,0.00000000,0.00000000
-0.56468034,-1.43834686,-1.88753235,-1.65896654,0.27011696,0.00000000,0.00000000,-1.15115559,1.11155486,0.00359120,-0.48414233,0.38916981,0.00000000,0.00000000
-0.62223101,-1.45476818,-1.82035398,-1.71937060,0.25440967,0.00000000,0.00000000,-1.03756034,1.21159995,0.03860503,-0.39339301,0.41184866,0.00000000,0.00000000
-0.64802945,-1.48027694,-1.73627877,-1.76039696,0.24784495,0.00000000,0.00000000,-0.92841280,1.31541133,0.08415412,-0.29680949,0.43000498,0.00000000,0.00000000
-0.65342128,-1.50942099,-1.64667523,-1.78041267,0.24814884,0.00000000,0.00000000,-0.82848656,1.42062700,0.13743325,-0.19728327,0.44477567,0.00000000,0.00000000
-0.65170258,-1.54001236,-1.56071496,-1.78343391,0.25748163,0.00000000,0.00000000,-0.73905760,1.52607417,0.19484887,-0.09597274,0.46404099,0.00000000,0.00000000
-0.65261567,-1.57172394,-1.48367941,-1.77369380,0.26756090,0.00000000,0.00000000,-0.66012710,1.62651265,0.25356975,0.00420364,0.47345695,0.00000000,0.00000000
-0.66129071,-1.60368228,-1.41735351,-1.75383687,0.29070449,0.00000000,0.00000000,-0.59121740,1.71275067,0.31187290,0.09834555,0.48183447,0.00000000,0.00000000
-0.67990208,-1.63504875,-1.36087668,-1.72654116,0.31109035,0.00000000,0.00000000,-0.52639037,1.77625000,0.36925954,0.18332916,0.48371664,0.00000000,0.00000000
-0.70892811,-1.66564500,-1.31247818,-1.69589031,0.31490719,0.00000000,0.00000000,-0.46073246,1.81177199,0.42614719,0.25767323,0.48511747,0.00000000,0.00000000
-0.74533242,-1.69696569,-1.27013350,-1.66416562,0.32525328,0.00000000,0.00000000,-0.39413509,1.82135212,0.48240641,0.32336298,0.48752782,0.00000000,0.00000000
-0.78210628,-1.73153555,-1.23195267,-1.62801790,0.32806668,0.00000000,0.00000000,-0.33000076,1.81339669,0.53655827,0.38695911,0.47535148,0.00000000,0.00000000
-0.81288171,-1.76928961,-1.19828188,-1.58224893,0.32781342,0.00000000,0.00000000,-0.27490941,1.79019761,0.58625400,0.44930953,0.46422321,0.00000000,0.00000000
-0.83479822,-1.80812299,-1.17047334,-1.52640557,0.33077431,0.00000000,0.00000000,-0.24188341,1.76220977,0.62624747,0.50987965,0.45315185,0.00000000,0.00000000
-0.84552664,-1.85021698,-1.14388359,-1.46572638,0.33357427,0.00000000,0.00000000,-0.23893361,1.72875237,0.65372515,0.56147385,0.44453254,0.00000000,0.00000000
-0.84652710,-1.89601588,-1.11672938,-1.40346885,0.33079529,0.00000000,0.00000000,-0.26906300,1.68033350,0.66859204,0.59632134,0.43359160,0.00000000,0.00000000
-0.84022468,-1.94214499,-1.09097111,-1.33771873,0.32226035,0.00000000,0.00000000,-0.33423007,1.60833955,0.67135382,0.60932505,0.42656451,0.00000000,0.00000000
-0.82579583,-1.98341560,-1.06818640,-1.26350331,0.30970487,0.00000000,0.00000000,-0.43541524,1.50765657,0.66251177,0.59778100,0.41663283,0.00000000,0.00000000
-0.80095136,-2.01486158,-1.04889536,-1.17539465,0.29293826,0.00000000,0.00000000,-0.57252145,1.37677264,0.64238924,0.56080997,0.40524355,0.00000000,0.00000000
-0.76411712,-2.03260779,-1.03315401,-1.06962085,0.28258669,0.00000000,0.00000000,-0.74374402,1.21749902,0.61116338,0.49888423,0.39259985,0.00000000,0.00000000
-0.71270579,-2.03369308,-1.01998794,-0.94425285,0.27884027,0.00000000,0.00000000,-0.94441706,1.03473246,0.56909752,0.41382059,0.37168214,0.00000000,0.00000000
-0.64120567,-2.01861811,-1.00585651,-0.80189782,0.27486733,0.00000000,0.00000000,-1.16655052,0.83628613,0.51683217,0.30905202,0.35365444,0.00000000,0.00000000
-0.55279517,-1.99964428,-0.98552114,-0.65724921,0.26829872,0.00000000,0.00000000,-1.39927137,0.63208944,0.45569226,0.18960701,0.34344077,0.00000000,0.00000000
-0.45267406,-1.98620021,-0.95743394,-0.51934093,0.25883836,0.00000000,0.00000000,-1.63011396,0.43287718,0.38779971,0.06159636,0.33325034,0.00000000,0.00000000
-0.34460571,-1.98412466,-0.92242354,-0.39205605,0.24629143,0.00000000,0.00000000,-1.84667397,0.24878143,0.31591019,-0.06861706,0.31988850,0.00000000,0.00000000
-0.22902660,-1.99786150,-0.88132185,-0.27541506,0.24062017,0.00000000,0.00000000,-2.03795505,0.08802558,0.24308254,-0.19531174,0.30801064,0.00000000,0.00000000
-0.11302708,-2.02651525,-0.83652681,-0.16935568,0.22152840,0.00000000,0.00000000,-2.19505382,-0.04388988,0.17234628,-0.31405306,0.30586830,0.00000000,0.00000000
-0.00758832,-2.06716061,-0.79030204,-0.07649693,0.20486648,0.00000000,0.00000000,-2.31134748,-0.14375283,0.10647664,-0.42164904,0.29929164,0.00000000,0.00000000
0.08185400,-2.11314702,-0.74370903,0.00407021,0.19718379,0.00000000,0.00000000,-2.38215446,-0.21044046,0.04792552,-0.51609570,0.29582715,0.00000000,0.00000000
0.15299785,-2.15063071,-0.69687963,0.07771780,0.18008436,0.00000000,0.00000000,-2.40430450,-0.24537623,-0.00118629,-0.59669769,0.28458855,0.00000000,0.00000000
0.20544320,-2.16681385,-0.64893472,0.15364592,0.16678211,0.00000000,0.00000000,-2.37749696,-0.25114197,-0.03969041,-0.66292506,0.28601968,0.00000000,0.00000000
0.24124554,-2.16909981,-0.59831822,0.24055047,0.15411107,0.00000000,0.00000000,-2.31001902,-0.23348299,-0.06983073,-0.71706098,0.28628021,0.00000000,0.00000000
0.26204395,-2.15719128,-0.54340959,0.34189045,0.13293834,0.00000000,0.00000000,-2.21922278,-0.20651208,-0.09786057,-0.76961988,0.28958979,0.00000000,0.00000000
0.26933327,-2.10823226,-0.48268235,0.45705855,0.11091267,0.00000000,0.00000000,-2.11427307,-0.17229649,-0.12740850,-0.82258511,0.29368013,0.00000000,0.00000000
0.26505810,-2.01382327,-0.41457176,0.58342707,0.08683420,0.00000000,0.00000000,-1.99728131,-0.13078207,-0.15931971,-0.87552881,0.29917398,0.00000000,0.00000000
0.25399560,-1.88042843,-0.33848327,0.71868664,0.06287120,0.00000000,0.00000000,-1.87324333,-0.08437750,-0.19594920,-0.93143642,0.29179573,0.00000000,0.00000000
0.24382508,-1.72093356,-0.25771359,0.86126119,0.02555647,0.00000000,0.00000000,-1.75632167,-0.02909619,-0.24515761,-0.99266535,0.28300762,0.00000000,0.00000000
0.24037726,-1.54809272,-0.18036647,1.00928402,-0.00825971,0.00000000,0.00000000,-1.65454614,0.05230985,-0.31302324,-1.05276096,0.28415358,0.00000000,0.00000000
0.24148507,-1.37292731,-0.11246625,1.16182482,-0.03986713,0.00000000,0.00000000,-1.56828833,0.16757254,-0.40067393,-1.10887980,0.29664892,0.00000000,0.00000000
0.24201593,-1.21381342,-0.05366021,1.31836689,-0.07296696,0.00000000,0.00000000,-1.49958432,0.31555334,-0.50961483,-1.16006482,0.31199765,0.00000000,0.00000000
0.24180408,-1.08806312,0.00293472,1.47136307,-0.10507211,0.00000000,0.00000000,-1.44636440,0.49276051,-0.63800871,-1.19855773,0.32658458,0.00000000,0.00000000
0.24498108,-1.00372994,0.06473614,1.61383092,-0.13563083,0.00000000,0.00000000,-1.39429462,0.69116420,-0.77338630,-1.21589684,0.33322790,0.00000000,0.00000000
0.25336698,-0.96442598,0.13352928,1.73808587,-0.16776061,0.00000000,0.00000000,-1.33422613,0.90025878,-0.90384626,-1.20935285,0.34299162,0.00000000,0.00000000
0.26262179,-0.96760756,0.20381038,1.83722484,-0.19230741,0.00000000,0.00000000,-1.26689649,1.11060047,-1.02203584,-1.17917442,0.34838721,0.00000000,0.00000000
0.26554531,-1.00228608,0.26718295,1.91152716,-0.21916619,0.00000000,0.00000000,-1.19925451,1.31362700,-1.12366068,-1.12722719,0.36056811,0.00000000,0.00000000
0.25845671,-1.05590355,0.31901544,1.96641767,-0.23672210,0.00000000,0.00000000,-1.14079189,1.50124741,-1.20696747,-1.05730271,0.36336470,0.00000000,0.00000000
0.24131548,-1.11774302,0.35867962,2.00769234,-0.25425470,0.00000000,0.00000000,-1.09913373,1.66622889,-1.27196050,-0.97514570,0.37159631,0.00000000,0.00000000
0.21588205,-1.17968345,0.38784042,2.03917050,-0.28292257,0.00000000,0.00000000,-1.07713306,1.80358183,-1.32018268,-0.88817441,0.37361756,0.00000000,0.00000000
0.18502282,-1.23623598,0.40974879,2.06222415,-0.30852896,0.00000000,0.00000000,-1.07252133,1.91186464,-1.35473537,-0.80439198,0.37723842,0.00000000,0.00000000
0.15150595,-1.28489530,0.42746490,2.07596755,-0.33362707,0.00000000,0.00000000,-1.08010662,1.99356079,-1.37968385,-0.73065650,0.37618828,0.00000000,0.00000000
0.11764467,-1.32635283,0.44367212,2.07841730,-0.36295518,0.00000000,0.00000000,-1.09192705,2.05214643,-1.39858580,-0.67307276,0.37520620,0.00000000,0.00000000
0.08493956,-1.36297429,0.46051744,2.06766319,-0.38496915,0.00000000,0.00000000,-1.09738672,2.08972883,-1.41374421,-0.63767731,0.37795758,0.00000000,0.00000000
0.05361079,-1.39718890,0.47861615,2.04179573,-0.40056387,0.00000000,0.00000000,-1.08874285,2.10619640,-1.42581689,-0.62816906,0.38352647,0.00000000,0.00000000
0.02242864,-1.42984700,0.49662951,1.99944127,-0.41283581,0.00000000,0.00000000,-1.06697404,2.09933782,-1.43369770,-0.64376628,0.39354652,0.00000000,0.00000000
-0.01062996,-1.45949280,0.51169878,1.94027984,-0.42356348,0.00000000,0.00000000,-1.04029965,2.06831431,-1.43624258,-0.68011379,0.41540143,0.00000000,0.00000000
-0.04710639,-1.48573613,0.52097982,1.86471260,-0.42215487,0.00000000,0.00000000,-1.01639354,2.01320648,-1.43267238,-0.73290259,0.43893644,0.00000000,0.00000000
-0.08747473,-1.51041698,0.52213633,1.77366328,-0.41933343,0.00000000,0.00000000,-0.99851465,1.93424165,-1.42232764,-0.80016935,0.46841985,0.00000000,0.00000000
-0.13060790,-1.53659093,0.51321912,1.66865325,-0.41629255,0.00000000,0.00000000,-0.98656309,1.83248377,-1.40476191,-0.88198316,0.48781013,0.00000000,0.00000000
-0.17308536,-1.56742382,0.49287742,1.55159450,-0.41504300,0.00000000,0.00000000,-0.98097378,1.70909894,-1.37890184,-0.97748744,0.50441599,0.00000000,0.00000000
-0.20996049,-1.60672235,0.46058351,1.42430520,-0.40751678,0.00000000,0.00000000,-0.98580974,1.56473863,-1.34220493,-1.08103478,0.52419424,0.00000000,0.00000000
-0.23806646,-1.65764904,0.41647291,1.28848267,-0.39915699,0.00000000,0.00000000,-1.00539112,1.40254867,-1.29298377,-1.18388999,0.55139118,0.00000000,0.00000000
-0.25714165,-1.72121453,0.36097595,1.14642394,-0.38893235,0.00000000,0.00000000,-1.03931499,1.22910440,-1.23250425,-1.28021395,0.57538557,0.00000000,0.00000000
-0.26984239,-1.79555559,0.29469311,1.00107408,-0.39068967,0.00000000,0.00000000,-1.08304822,1.05115604,-1.16310894,-1.36705840,0.60324579,0.00000000,0.00000000
-0.28093600,-1.87458134,0.21845970,0.85564953,-0.38955125,0.00000000,0.00000000,-1.13099635,0.87545830,-1.08785486,-1.44240844,0.63446891,0.00000000,0.00000000
-0.29159483,-1.95091164,0.13336876,0.71326697,-0.39845869,0.00000000,0.00000000,-1.17985821,0.71070039,-1.01214981,-1.50402284,0.66687721,0.00000000,0.00000000
-0.29904002,-2.01954770,0.04073560,0.57675737,-0.40420997,0.00000000,0.00000000,-1.22851765,0.56513393,-0.94246185,-1.55090201,0.69324857,0.00000000,0.00000000
-0.29893914,-2.07746410,-0.05796230,0.44876519,-0.40999657,0.00000000,0.00000000,-1.27614892,0.44377178,-0.88362455,-1.58432746,0.72016722,0.00000000,0.00000000
-0.28672007,-2.12224126,-0.16109519,0.33199197,-0.41428262,0.00000000,0.00000000,-1.32148623,0.34861529,-0.83819854,-1.60687137,0.74504864,0.00000000,0.00000000
-0.25853109,-2.15206099,-0.26687324,0.22917181,-0.41849950,0.00000000,0.00000000,-1.36266840,0.28025892,-0.80696279,-1.62075305,0.77313226,0.00000000,0.00000000
-0.21345003,-2.16643763,-0.37334242,0.14297055,-0.41873640,0.00000000,0.00000000,-1.39699960,0.23884982,-0.78926533,-1.62703824,0.79514724,0.00000000,0.00000000
-0.15660727,-2.16967058,-0.47861627,0.07499576,-0.41508815,0.00000000,0.00000000,-1.42124116,0.22409020,-0.78338838,-1.62617183,0.80780530,0.00000000,0.00000000
-0.09846172,-2.16748261,-0.58157063,0.02309798,-0.41784415,0.00000000,0.00000000,-1.43277144,0.23514043,-0.78741133,-1.61880779,0.81766552,0.00000000,0.00000000
-0.04981844,-2.15423965,-0.68218446,-0.01937633,-0.42142424,0.00000000,0.00000000,-1.43021595,0.27106711,-0.79984450,-1.60551608,0.82778156,0.00000000,0.00000000
-0.02073080,-2.11866736,-0.78113765,-0.06081959,-0.42355192,0.00000000,0.00000000,-1.41293716,0.33114475,-0.81935656,-1.58602512,0.82536721,0.00000000,0.00000000
-0.01939511,-2.05768132,-0.87948024,-0.10880383,-0.42672136,0.00000000,0.00000000,-1.38133824,0.41507918,-0.84500211,-1.55905008,0.82850975,0.00000000,0.00000000
-0.04969551,-1.97218597,-0.97841036,-0.16894731,-0.42698869,0.00000000,0.00000000,-1.33663762,0.52239364,-0.87571180,-1.52298093,0.82116848,0.00000000,0.00000000
-0.11124321,-1.86373699,-1.07903659,-0.24460863,-0.43136960,0.00000000,0.00000000,-1.28010666,0.65120476,-0.90925908,-1.47689700,0.81836349,0.00000000,0.00000000
-0.20159276,-1.73565459,-1.18194771,-0.33804983,-0.43623543,0.00000000,0.00000000,-1.21330237,0.79719692,-0.94237649,-1.42252862,0.81504363,0.00000000,0.00000000
-0.31660384,-1.59921956,-1.28528774,-0.45297137,-0.45274901,0.00000000,0.00000000,-1.13814902,0.95262814,-0.97122461,-1.36656332,0.81622308,0.00000000,0.00000000
-0.44576958,-1.47300601,-1.38311911,-0.59169108,-0.46857131,0.00000000,0.00000000,-1.05580068,1.10952973,-0.99099660,-1.31411111,0.81558520,0.00000000,0.00000000
-0.57509619,-1.36665630,-1.46916461,-0.74955100,-0.48418134,0.00000000,0.00000000,-0.96833861,1.26274371,-0.99695128,-1.26488638,0.81603110,0.00000000,0.00000000
-0.69167364,-1.28239429,-1.53866649,-0.91870695,-0.49275506,0.00000000,0.00000000,-0.88113952,1.40963805,-0.98600745,-1.21324790,0.81550431,0.00000000,0.00000000
-0.78569424,-1.22086322,-1.58852267,-1.09115946,-0.50182730,0.00000000,0.00000000,-0.80080819,1.54740512,-0.95598960,-1.14779377,0.80596894,0.00000000,0.00000000
-0.85105830,-1.18256724,-1.61712956,-1.25974619,-0.50581467,0.00000000,0.00000000,-0.73281509,1.67441452,-0.91072178,-1.06491780,0.80558300,0.00000000,0.00000000
-0.88521719,-1.16619980,-1.62500381,-1.41783357,-0.51052290,0.00000000,0.00000000,-0.67974281,1.78923917,-0.85569263,-0.96688062,0.81219554,0.00000000,0.00000000
-0.89056712,-1.16690469,-1.61684096,-1.55723977,-0.50693148,0.00000000,0.00000000,-0.64302593,1.89051640,-0.79413116,-0.85606343,0.81936860,0.00000000,0.00000000
-0.87759715,-1.17599285,-1.60298526,-1.67143345,-0.50591916,0.00000000,0.00000000,-0.62360591,1.97607756,-0.72680753,-0.73462248,0.83371055,0.00000000,0.00000000
-0.85859400,-1.18640983,-1.59239244,-1.76288688,-0.49601847,0.00000000,0.00000000,-0.62193960,2.04516506,-0.65394354,-0.60485142,0.84819436,0.00000000,0.00000000
-0.84054452,-1.19591105,-1.58758092,-1.83844543,-0.48538977,0.00000000,0.00000000,-0.63871747,2.10098958,-0.57605857,-0.46979159,0.86545449,0.00000000,0.00000000
-0.82420921,-1.20621645,-1.58547890,-1.90337193,-0.48593444,0.00000000,0.00000000,-0.66509581,2.14005232,-0.49503371,-0.34046477,0.89069963,0.00000000,0.00000000
-0.80771196,-1.21931767,-1.58203125,-1.95957839,-0.48964471,0.00000000,0.00000000,-0.69261128,2.16181326,-0.41308740,-0.22066154,0.91646522,0.00000000,0.00000000
-0.79000121,-1.23633194,-1.57472193,-2.00789452,-0.50046623,0.00000000,0.00000000,-0.71489841,2.16893148,-0.33130398,-0.11113364,0.93530381,0.00000000,0.00000000
-0.77109534,-1.25938487,-1.56186891,-2.04931879,-0.50865591,0.00000000,0.00000000,-0.72573614,2.16995287,-0.24984980,-0.01556402,0.95758098,0.00000000,0.00000000
-0.75219202,-1.29078054,-1.54260838,-2.08446789,-0.51867229,0.00000000,0.00000000,-0.72082114,2.17000008,-0.16843629,0.05959345,0.97597009,0.00000000,0.00000000
-0.73535103,-1.33053350,-1.51715517,-2.11328816,-0.53276139,0.00000000,0.00000000,-0.69766521,2.16948676,-0.08663754,0.10915696,0.98830253,0.00000000,0.00000000
-0.72272259,-1.37592709,-1.48681724,-2.13470888,-0.54338032,0.00000000,0.00000000,-0.65522581,2.16123700,-0.00400156,0.13327318,0.99224061,0.00000000,0.00000000
-0.71331882,-1.42327499,-1.45272756,-2.14743376,-0.54995131,0.00000000,0.00000000,-0.59574622,2.12978029,0.07960314,0.13934530,0.99637496,0.00000000,0.00000000
-0.70086920,-1.47061729,-1.41578996,-2.15050340,-0.55321538,0.00000000,0.00000000,-0.52324051,2.07594466,0.16387206,0.14005040,0.99807709,0.00000000,0.00000000
-0.68208081,-1.51561940,-1.37827051,-2.14245701,-0.56687719,0.00000000,0.00000000,-0.43749020,2.00768328,0.24868554,0.14335418,1.00856876,0.00000000,0.00000000
-0.65635562,-1.55957687,-1.34352970,-2.12038088,-0.58254200,0.00000000,0.00000000,-0.33600944,1.92920005,0.33409569,0.15233447,1.02045000,0.00000000,0.00000000
-0.62323916,-1.60370517,-1.31509018,-2.08068752,-0.59934187,0.00000000,0.00000000,-0.21969534,1.85004008,0.41953033,0.17166616,1.03198481,0.00000000,0.00000000
-0.58055681,-1.64863336,-1.29486144,-2.01991320,-0.61936557,0.00000000,0.00000000,-0.09482860,1.78596985,0.50332803,0.20712504,1.05095649,0.00000000,0.00000000
-0.52540290,-1.69564724,-1.28235328,-1.93629968,-0.63972920,0.00000000,0.00000000,0.02670077,1.74671710,0.58290821,0.25836092,1.06298196,0.00000000,0.00000000
-0.45818469,-1.74822354,-1.27549398,-1.83215582,-0.65943378,0.00000000,0.00000000,0.13519180,1.73390377,0.65574646,0.32024109,1.07739913,0.00000000,0.00000000
-0.38332987,-1.80812669,-1.27224946,-1.71316874,-0.68573225,0.00000000,0.00000000,0.22384496,1.74469352,0.71967101,0.38601291,1.09164178,0.00000000,0.00000000
-0.30958992,-1.86985838,-1.27045834,-1.58653784,-0.70887911,0.00000000,0.00000000,0.28847128,1.77348459,0.77316707,0.44876140,1.10017681,0.00000000,0.00000000
-0.24703121,-1.92566991,-1.26818871,-1.45899463,-0.74095255,0.00000000,0.00000000,0.32936713,1.81486213,0.81569535,0.50345087,1.10949981,0.00000000,0.00000000
-0.20086516,-1.97487319,-1.26323557,-1.33709490,-0.77181935,0.00000000,0.00000000,0.34932750,1.86411870,0.84758008,0.54651326,1.12413204,0.00000000,0.00000000
-0.17317945,-2.01942205,-1.25449800,-1.22535193,-0.79680157,0.00000000,0.00000000,0.35170442,1.91795301,0.86960787,0.57557231,1.12407911,0.00000000,0.00000000
-0.15933722,-2.05963302,-1.24127972,-1.12216640,-0.81761485,0.00000000,0.00000000,0.33901051,1.97373414,0.88276953,0.58883107,1.12058103,0.00000000,0.00000000
-0.14448056,-2.09631371,-1.21995771,-1.02302432,-0.83033699,0.00000000,0.00000000,0.31252247,2.02791405,0.88829267,0.58443016,1.11907172,0.00000000,0.00000000
-0.12139868,-2.12815833,-1.19058192,-0.92891318,-0.84055942,0.00000000,0.00000000,0.27329516,2.07638025,0.88756979,0.56094319,1.11835206,0.00000000,0.00000000
-0.09104414,-2.15265322,-1.15586805,-0.84377009,-0.84720242,0.00000000,0.00000000,0.22211276,2.11499453,0.88187319,0.51772225,1.11999977,0.00000000,0.00000000
-0.05819366,-2.16630936,-1.12051475,-0.77031797,-0.85825294,0.00000000,0.00000000,0.15943155,2.14006686,0.87227935,0.45505008,1.13442278,0.00000000,0.00000000
-0.02816169,-2.16978598,-1.09083366,-0.70778006,-0.87097943,0.00000000,0.00000000,0.08575474,2.14977694,0.85958481,0.37504449,1.14002776,0.00000000,0.00000000
-0.00461064,-2.17000008,-1.07230341,-0.65265447,-0.88363737,0.00000000,0.00000000,0.00444320,2.14918518,0.84411329,0.28607199,1.15145504,0.00000000,0.00000000
0.01115288,-2.16998744,-1.06700492,-0.60177273,-0.89127290,0.00000000,0.00000000,-0.07684454,2.14622498,0.82663298,0.20144492,1.15503061,0.00000000,0.00000000
0.02007093,-2.16946626,-1.07339561,-0.55383408,-0.89195889,0.00000000,0.00000000,-0.15212066,2.14201641,0.80832916,0.12694521,1.15018976,0.00000000,0.00000000
0.02790779,-2.16365290,-1.08701313,-0.50625455,-0.89373845,0.00000000,0.00000000,-0.21613558,2.13728452,0.78983289,0.06509029,1.14175320,0.00000000,0.00000000
0.03577463,-2.14431691,-1.10317421,-0.45914283,-0.89290547,0.00000000,0.00000000,-0.26514280,2.13296127,0.77129430,0.01689206,1.13481688,0.00000000,0.00000000
0.03860367,-2.11489582,-1.12006247,-0.41636550,-0.89375430,0.00000000,0.00000000,-0.29898858,2.12889004,0.75266629,-0.01904503,1.13050365,0.00000000,0.00000000
0.03477189,-2.08045983,-1.13673985,-0.38006866,-0.88721049,0.00000000,0.00000000,-0.31934026,2.12455630,0.73390013,-0.04506269,1.12457192,0.00000000,0.00000000
0.02381479,-2.04398561,-1.15255487,-0.35159665,-0.88643730,0.00000000,0.00000000,-0.32757199,2.11950016,0.71500421,-0.06309804,1.11257243,0.00000000,0.00000000
0.00611104,-2.00821757,-1.16700256,-0.33183375,-0.87801027,0.00000000,0.00000000,-0.32483700,2.11428547,0.69604534,-0.07414183,1.09713650,0.00000000,0.00000000
-0.01723974,-1.97609174,-1.17958438,-0.32136506,-0.86422980,0.00000000,0.00000000,-0.31263068,2.11065626,0.67715156,-0.07859904,1.08178818,0.00000000,0.00000000
-0.04531983,-1.95013678,-1.18992341,-0.32077602,-0.85298765,0.00000000,0.00000000,-0.29295099,2.11054492,0.65847492,-0.07684525,1.06310523,0.00000000,0.00000000
-0.07723207,-1.93213344,-1.19774354,-0.33040944,-0.84678650,0.00000000,0.00000000,-0.26796332,2.11486864,0.64011890,-0.06952746,1.03880525,0.00000000,0.00000000
-0.11175339,-1.92303205,-1.20280516,-0.35001379,-0.84099060,0.00000000,0.00000000,-0.23928964,2.12313080,0.62208343,-0.05750611,1.02566779,0.00000000,0.00000000
-0.14747635,-1.92288446,-1.20489728,-0.37872782,-0.83859754,0.00000000,0.00000000,-0.20763849,2.13351727,0.60426182,-0.04180965,1.00215399,0.00000000,0.00000000
-0.18310116,-1.93080795,-1.20387268,-0.41526634,-0.83267361,0.00000000,0.00000000,-0.17290732,2.14367080,0.58648926,-0.02336993,0.97424465,0.00000000,0.00000000
-0.21614797,-1.94605112,-1.19932532,-0.45785266,-0.83340096,0.00000000,0.00000000,-0.13483997,2.15196562,0.56859714,-0.00263368,0.94406050,0.00000000,0.00000000
-0.24246567,-1.96991897,-1.19001245,-0.50519174,-0.84057367,0.00000000,0.00000000,-0.09384304,2.15763521,0.55041528,0.02008304,0.91372609,0.00000000,0.00000000
-0.25917128,-2.00373721,-1.17455208,-0.55749267,-0.83412719,0.00000000,0.00000000,-0.05067389,2.16082025,0.53176546,0.04403689,0.87811619,0.00000000,0.00000000
-0.26466769,-2.04540300,-1.15254343,-0.61434048,-0.81927758,0.00000000,0.00000000,-0.00586496,2.16270018,0.51247841,0.06765641,0.84726536,0.00000000,0.00000000
-0.25769249,-2.08923244,-1.12480390,-0.67347765,-0.80330670,0.00000000,0.00000000,0.03870012,2.16320086,0.49236426,0.08794675,0.81106770,0.00000000,0.00000000
-0.23715597,-2.12896657,-1.09269845,-0.73187339,-0.79145908,0.00000000,0.00000000,0.08232761,2.16244245,0.47121722,0.10365612,0.78228164,0.00000000,0.00000000
-0.20313509,-2.15660620,-1.05900502,-0.78457570,-0.77876687,0.00000000,0.00000000,0.12518790,2.16171288,0.44877109,0.11584980,0.75051773,0.00000000,0.00000000
-0.15850909,-2.16780782,-1.02806342,-0.82558697,-0.76644397,0.00000000,0.00000000,0.16335212,2.16175342,0.42450163,0.12476041,0.72316182,0.00000000,0.00000000
-0.10762876,-2.16988754,-1.00480127,-0.85137856,-0.75757706,0.00000000,0.00000000,0.18964562,2.16224313,0.39773843,0.12885852,0.69199938,0.00000000,0.00000000
-0.05500381,-2.17000008,-0.99271882,-0.86131710,-0.74302500,0.00000000,0.00000000,0.20138299,2.16198754,0.36824581,0.12630996,0.65496826,0.00000000,0.00000000
-0.00520476,-2.16978955,-0.99338484,-0.85678267,-0.73518795,0.00000000,0.00000000,0.19866395,2.16002297,0.33607587,0.11610290,0.62866002,0.00000000,0.00000000
0.03681534,-2.16631126,-1.00656307,-0.84117579,-0.72106969,0.00000000,0.00000000,0.18270114,2.15734315,0.30139351,0.09965557,0.60542417,0.00000000,0.00000000
0.06580508,-2.15199447,-1.03004956,-0.82026434,-0.71079570,0.00000000,0.00000000,0.15536727,2.15577483,0.26446256,0.07934465,0.57775259,0.00000000,0.00000000
0.07766226,-2.12595057,-1.05936110,-0.80105853,-0.70487261,0.00000000,0.00000000,0.12068512,2.15677142,0.22570074,0.05778530,0.55087739,0.00000000,0.00000000
0.07349284,-2.09620190,-1.08867502,-0.78721452,-0.68621081,0.00000000,0.00000000,0.08242533,2.16077018,0.18549764,0.03704375,0.52171117,0.00000000,0.00000000
0.05689359,-2.06896973,-1.11354327,-0.77848059,-0.66191339,0.00000000,0.00000000,0.04350216,2.16593409,0.14414752,0.01755276,0.48996031,0.00000000,0.00000000
0.03067792,-2.04639387,-1.13177395,-0.77327514,-0.63904548,0.00000000,0.00000000,0.00736930,2.16914511,0.10187665,-0.00212241,0.46292621,0.00000000,0.00000000
-0.00253191,-2.02838659,-1.14256454,-0.76947236,-0.61248714,0.00000000,0.00000000,-0.02353746,2.16995096,0.05882838,-0.02431722,0.44419312,0.00000000,0.00000000
-0.04024460,-2.01462746,-1.14546919,-0.76530659,-0.58961773,0.00000000,0.00000000,-0.04868496,2.17000008,0.01510809,-0.05009501,0.42074364,0.00000000,0.00000000
-0.08086573,-2.00467134,-1.14035404,-0.75965255,-0.56445152,0.00000000,0.00000000,-0.06875710,2.17000008,-0.02917459,-0.07939918,0.40411967,0.00000000,0.00000000
-0.12366750,-1.99810767,-1.12745965,-0.75184524,-0.53363007,0.00000000,0.00000000,-0.08429163,2.17000008,-0.07390069,-0.10965508,0.38555795,0.00000000,0.00000000
-0.16502039,-1.99499404,-1.10664535,-0.74012685,-0.50825894,0.00000000,0.00000000,-0.09696156,2.17000008,-0.11889520,-0.13708034,0.36222780,0.00000000,0.00000000
-0.20203263,-1.99607134,-1.07791388,-0.72387850,-0.49473509,0.00000000,0.00000000,-0.10606274,2.17000008,-0.16414969,-0.16206816,0.34198895,0.00000000,0.00000000
-0.23687750,-2.00199986,-1.04246593,-0.70552355,-0.48926547,0.00000000,0.00000000,-0.10721558,2.17000008,-0.20988853,-0.19076449,0.32491493,0.00000000,0.00000000
-0.27788478,-2.01220155,-1.00333345,-0.69054598,-0.48086607,0.00000000,0.00000000,-0.09751314,2.16917086,-0.25592589,-0.23219098,0.30523095,0.00000000,0.00000000
-0.33333421,-2.02411461,-0.96415502,-0.68518996,-0.47136825,0.00000000,0.00000000,-0.08373410,2.15563250,-0.30048844,-0.29433537,0.28493112,0.00000000,0.00000000
-0.41001335,-2.03811193,-0.92705798,-0.69802737,-0.45817158,0.00000000,0.00000000,-0.07671084,2.10112929,-0.34094462,-0.37971345,0.26343814,0.00000000,0.00000000
-0.51552635,-2.05168748,-0.89575428,-0.73263949,-0.43974966,0.00000000,0.00000000,-0.08451761,1.99571490,-0.37449282,-0.48635912,0.24543190,0.00000000,0.00000000
-0.65903038,-2.05839419,-0.87709969,-0.78526092,-0.42202565,0.00000000,0.00000000,-0.11125831,1.84084094,-0.39764532,-0.60910666,0.22128786,0.00000000,0.00000000
-0.83485913,-2.05780816,-0.87293679,-0.84502447,-0.40735474,0.00000000,0.00000000,-0.15491669,1.64237893,-0.40726966,-0.74003088,0.18661165,0.00000000,0.00000000
-1.02039397,-2.05549884,-0.87715322,-0.89840883,-0.40052804,0.00000000,0.00000000,-0.20797518,1.41120899,-0.40237135,-0.86959541,0.15746175,0.00000000,0.00000000
-1.18652427,-2.05723000,-0.87942666,-0.93467504,-0.39378393,0.00000000,0.00000000,-0.26168823,1.16297865,-0.38481894,-0.98804504,0.14855841,0.00000000,0.00000000
-1.30927706,-2.06617188,-0.87032044,-0.94911075,-0.39418924,0.00000000,0.00000000,-0.31186700,0.91908413,-0.36023834,-1.08782375,0.13252352,0.00000000,0.00000000
-1.37805426,-2.08001351,-0.84628779,-0.94134474,-0.40300727,0.00000000,0.00000000,-0.36530027,0.70269495,-0.33940428,-1.16598010,0.12238591,0.00000000,0.00000000
-1.39159954,-2.09713721,-0.80640441,-0.91292030,-0.41626585,0.00000000,0.00000000,-0.43422416,0.52527797,-0.33408317,-1.22407269,0.11424157,0.00000000,0.00000000
-1.35276604,-2.11339426,-0.75158912,-0.86476105,-0.42670825,0.00000000,0.00000000,-0.52806783,0.38973525,-0.35181290,-1.26647913,0.09341014,0.00000000,0.00000000
-1.26888204,-2.11807752,-0.68608820,-0.79616618,-0.43222308,0.00000000,0.00000000,-0.64912432,0.29719988,-0.39461991,-1.29649711,0.07985169,0.00000000,0.00000000
-1.15153122,-2.09829426,-0.61600208,-0.70629841,-0.43627813,0.00000000,0.00000000,-0.79298633,0.24592523,-0.46020415,-1.31776989,0.07489545,0.00000000,0.00000000
-1.00946999,-2.04877067,-0.54410201,-0.59630746,-0.43654627,0.00000000,0.00000000,-0.94985551,0.22757138,-0.54218054,-1.33588433,0.06110884,0.00000000,0.00000000
-0.84592313,-1.97359157,-0.46924940,-0.46966070,-0.43269300,0.00000000,0.00000000,-1.09966612,0.23134623,-0.62671876,-1.35078883,0.04514053,0.00000000,0.00000000
-0.67076296,-1.87722731,-0.39202288,-0.33112180,-0.43254033,0.00000000,0.00000000,-1.21334350,0.24003114,-0.69177932,-1.36532164,0.03177021,0.00000000,0.00000000
-0.50447887,-1.75680971,-0.31566277,-0.18350391,-0.43322155,0.00000000,0.00000000,-1.28268540,0.24334170,-0.73067278,-1.38144052,0.01869370,0.00000000,0.00000000
-0.35873815,-1.60134411,-0.24123283,-0.02304251,-0.42750248,0.00000000,0.00000000,-1.30663061,0.23884480,-0.74314505,-1.39658237,0.00911823,0.00000000,0.00000000
-0.22611961,-1.40279877,-0.16693470,0.15616538,-0.42844152,0.00000000,0.00000000,-1.28498435,0.23366362,-0.73185444,-1.40473366,-0.00884143,0.00000000,0.00000000
-0.09230934,-1.17060244,-0.09242324,0.35273880,-0.42886624,0.00000000,0.00000000,-1.22186649,0.24116462,-0.70353043,-1.40075314,-0.02828813,0.00000000,0.00000000
0.04492409,-0.93376940,-0.02180887,0.55272770,-0.43786457,0.00000000,0.00000000,-1.12422001,0.27078629,-0.66497928,-1.38385081,-0.03899685,0.00000000,0.00000000
0.17757583,-0.71339929,0.04088155,0.74341434,-0.44318402,0.00000000,0.00000000,-1.00535119,0.32592690,-0.62564397,-1.35733402,-0.05183980,0.00000000,0.00000000
0.29967597,-0.51976645,0.09465062,0.91702515,-0.45411941,0.00000000,0.00000000,-0.88912797,0.40790874,-0.60182142,-1.32349992,-0.05167916,0.00000000,0.00000000
0.41194457,-0.35719800,0.14143184,1.06867969,-0.46006212,0.00000000,0.00000000,-0.78794092,0.51704741,-0.60054415,-1.27718699,-0.05601792,0.00000000,0.00000000
0.51727331,-0.22887947,0.18436883,1.19532084,-0.46342519,0.00000000,0.00000000,-0.70128030,0.65576088,-0.61940151,-1.21328831,-0.06174847,0.00000000,0.00000000
0.61698890,-0.13983490,0.22797528,1.29516160,-0.46361753,0.00000000,0.00000000,-0.62328219,0.82949477,-0.65115410,-1.12627172,-0.07328976,0.00000000,0.00000000
0.71145654,-0.09458122,0.27767485,1.36774170,-0.46352419,0.00000000,0.00000000,-0.54704952,1.03585029,-0.68380064,-1.01271963,-0.08011098,0.00000000,0.00000000
0.80259633,-0.09652617,0.33806303,1.41468227,-0.45639217,0.00000000,0.00000000,-0.47224629,1.25916207,-0.70604140,-0.87596422,-0.08310650,0.00000000,0.00000000
0.88679248,-0.14256167,0.40776229,1.44217122,-0.44175676,0.00000000,0.00000000,-0.40684620,1.48011804,-0.71210712,-0.72314030,-0.08401190,0.00000000,0.00000000
0.94808215,-0.21730718,0.47422901,1.46072078,-0.43419513,0.00000000,0.00000000,-0.36242872,1.68374574,-0.70195979,-0.56074882,-0.07507995,0.00000000,0.00000000
0.97066408,-0.30421257,0.52273303,1.47541308,-0.42991000,0.00000000,0.00000000,-0.34532726,1.85572028,-0.67823809,-0.39787468,-0.07544152,0.00000000,0.00000000
0.94948840,-0.38889858,0.54578984,1.49002612,-0.42854908,0.00000000,0.00000000,-0.35149190,1.98964381,-0.64569724,-0.24488798,-0.07201906,0.00000000,0.00000000
0.88783163,-0.45860615,0.54237258,1.51180255,-0.42712638,0.00000000,0.00000000,-0.36821762,2.08744311,-0.60981017,-0.11083572,-0.06429343,0.00000000,0.00000000
0.79380649,-0.50395226,0.51633990,1.54741406,-0.43069628,0.00000000,0.00000000,-0.38297251,2.14566803,-0.57401532,-0.00302198,-0.06012160,0.00000000,0.00000000
0.68149650,-0.52376562,0.47857839,1.59710610,-0.43672830,0.00000000,0.00000000,-0.39211813,2.16640139,-0.53953552,0.07619911,-0.05926091,0.00000000,0.00000000
0.56951588,-0.52951241,0.44592315,1.65110135,-0.43957803,0.00000000,0.00000000,-0.39387849,2.16982555,-0.50679904,0.12686108,-0.05360156,0.00000000,0.00000000
0.46858785,-0.53935891,0.42838627,1.69605756,-0.44339576,0.00000000,0.00000000,-0.39002493,2.17000008,-0.47612336,0.15154351,-0.05522311,0.00000000,0.00000000
0.37919834,-0.56731659,0.42614329,1.72175288,-0.43912187,0.00000000,0.00000000,-0.38290447,2.17000008,-0.44771469,0.15434130,-0.05149439,0.00000000,0.00000000
0.29810628,-0.61779010,0.43588987,1.72385359,-0.43291757,0.00000000,0.00000000,-0.37184748,2.17000008,-0.42156985,0.13912524,-0.04270083,0.00000000,0.00000000
0.22187920,-0.68853319,0.45422468,1.70143247,-0.42058903,0.00000000,0.00000000,-0.35819027,2.17000008,-0.39794841,0.10716156,-0.04010963,0.00000000,0.00000000
0.14644918,-0.77246118,0.47697052,1.65499485,-0.41740692,0.00000000,0.00000000,-0.34950522,2.16993308,-0.37724945,0.05726020,-0.03905085,0.00000000,0.00000000
0.06795294,-0.86231655,0.49977404,1.58575618,-0.41222864,0.00000000,0.00000000,-0.35686293,2.16852307,-0.35907182,-0.00796520,-0.04430330,0.00000000,0.00000000
-0.01567510,-0.95550114,0.51959771,1.49530649,-0.40577149,0.00000000,0.00000000,-0.38755080,2.15919352,-0.34194174,-0.08314493,-0.04878936,0.00000000,0.00000000
-0.10522214,-1.05467212,0.53414661,1.38578773,-0.40590027,0.00000000,0.00000000,-0.44141492,2.13372588,-0.32407296,-0.16260484,-0.05025827,0.00000000,0.00000000
-0.20041779,-1.16711450,0.54166490,1.25982273,-0.41113672,0.00000000,0.00000000,-0.50890374,2.09624815,-0.30469671,-0.24098642,-0.05276617,0.00000000,0.00000000
-0.30056265,-1.29634166,0.54104322,1.12043142,-0.41468984,0.00000000,0.00000000,-0.57641256,2.04959249,-0.28435585,-0.31683823,-0.04690746,0.00000000,0.00000000
-0.40448007,-1.43601596,0.53126317,0.97162426,-0.41845858,0.00000000,0.00000000,-0.63609731,1.99329817,-0.26349884,-0.38975069,-0.04790846,0.00000000,0.00000000
-0.50931072,-1.57713425,0.51166981,0.81843513,-0.42551002,0.00000000,0.00000000,-0.68673074,1.92567372,-0.24185273,-0.45972499,-0.04159315,0.00000000,0.00000000
-0.61103719,-1.71213722,0.48270896,0.66648763,-0.42388162,0.00000000,0.00000000,-0.72648215,1.84823227,-0.22025332,-0.52776229,-0.04017290,0.00000000,0.00000000
-0.70656884,-1.83594751,0.44620955,0.52139354,-0.41993997,0.00000000,0.00000000,-0.75183696,1.76476669,-0.20173371,-0.59533036,-0.03191844,0.00000000,0.00000000
-0.79442102,-1.94486809,0.40491864,0.38834518,-0.40617877,0.00000000,0.00000000,-0.76420188,1.67604303,-0.18917933,-0.66491455,-0.03748730,0.00000000,0.00000000
-0.87481588,-2.03485274,0.36184499,0.27231580,-0.39509019,0.00000000,0.00000000,-0.77226591,1.57729721,-0.18115744,-0.73893422,-0.03934968,0.00000000,0.00000000
-0.94807595,-2.10219383,0.31957477,0.17748381,-0.38648489,0.00000000,0.00000000,-0.78508878,1.46085775,-0.17140624,-0.81794477,-0.03727129,0.00000000,0.00000000
-1.01158297,-2.14509773,0.27981630,0.10604604,-0.37246484,0.00000000,0.00000000,-0.80487192,1.32442808,-0.15481132,-0.89917791,-0.03038647,0.00000000,0.00000000
-1.05955315,-2.16511011,0.24358594,0.05795423,-0.35410061,0.00000000,0.00000000,-0.82850254,1.17216074,-0.13058430,-0.97813797,-0.02831048,0.00000000,0.00000000
-1.08494210,-2.16972446,0.21150061,0.03185068,-0.33756298,0.00000000,0.00000000,-0.85227793,1.01204491,-0.10082924,-1.05033088,-0.01720971,0.00000000,0.00000000
-1.08165181,-2.17000008,0.18384074,0.02626101,-0.31631637,0.00000000,0.00000000,-0.87503356,0.85483623,-0.06904248,-1.11177349,-0.00023451,0.00000000,0.00000000
-1.04580700,-2.17000008,0.16047668,0.04038714,-0.29576597,0.00000000,0.00000000,-0.90060449,0.71377474,-0.04094392,-1.15789938,0.01483360,0.00000000,0.00000000
-0.97751135,-2.16998601,0.14087176,0.07489261,-0.26692981,0.00000000,0.00000000,-0.93885112,0.60234916,-0.02552161,-1.18592513,0.02563622,0.00000000,0.00000000
-0.88303745,-2.16917109,0.12432420,0.13245937,-0.23656061,0.00000000,0.00000000,-1.00057471,0.52759987,-0.03149437,-1.20016825,0.03875309,0.00000000,0.00000000
-0.77226657,-2.15863061,0.11034198,0.21611838,-0.20974982,0.00000000,0.00000000,-1.08996165,0.48758644,-0.06234203,-1.20575500,0.05406935,0.00000000,0.00000000
-0.65642476,-2.11747956,0.09914058,0.32802564,-0.18228115,0.00000000,0.00000000,-1.20652366,0.47713763,-0.11872143,-1.20189691,0.07679414,0.00000000,0.00000000
-0.54875410,-2.03648138,0.09261648,0.46899953,-0.14365436,0.00000000,0.00000000,-1.33515084,0.48430684,-0.18965843,-1.19064200,0.09922249,0.00000000,0.00000000
-0.46260020,-1.91472876,0.09512384,0.63688743,-0.10219823,0.00000000,0.00000000,-1.44206166,0.48543319,-0.24847788,-1.18778002,0.11857533,0.00000000,0.00000000
-0.40280902,-1.75618410,0.11158925,0.82456911,-0.05885832,0.00000000,0.00000000,-1.51503360,0.46675375,-0.28530690,-1.20054102,0.13070454,0.00000000,0.00000000
-0.36005294,-1.57236874,0.14322548,1.02071500,-0.02997279,0.00000000,0.00000000,-1.55070698,0.42883587,-0.29796797,-1.22557771,0.14153948,0.00000000,0.00000000
-0.32295170,-1.38311112,0.18518311,1.21103203,0.00239496,0.00000000,0.00000000,-1.54482985,0.38064983,-0.28446209,-1.25608134,0.14760768,0.00000000,0.00000000
-0.28765452,-1.20737684,0.22937779,1.38262296,0.03809861,0.00000000,0.00000000,-1.49509943,0.33130831,-0.24446210,-1.28722095,0.15393123,0.00000000,0.00000000
-0.25501364,-1.05771637,0.27171353,1.52848387,0.07056903,0.00000000,0.00000000,-1.40525579,0.28405175,-0.18155289,-1.31552279,0.16044679,0.00000000,0.00000000
-0.22466797,-0.94074804,0.31367090,1.64602137,0.09725526,0.00000000,0.00000000,-1.29542625,0.24101518,-0.11125585,-1.33284509,0.18611141,0.00000000,0.00000000
-0.19467902,-0.85895950,0.35805985,1.73465168,0.12302107,0.00000000,0.00000000,-1.19567931,0.20749834,-0.05438373,-1.33610880,0.20328538,0.00000000,0.00000000
-0.16233563,-0.81235123,0.40759745,1.79500532,0.14337330,0.00000000,0.00000000,-1.12277985,0.19750920,-0.01765051,-1.32200670,0.21981589,0.00000000,0.00000000
-0.12629800,-0.79638946,0.46339947,1.82891428,0.16623217,0.00000000,0.00000000,-1.07602775,0.22559622,0.00130964,-1.28583086,0.23711374,0.00000000,0.00000000
-0.08793618,-0.80237025,0.52402306,1.84150374,0.18573399,0.00000000,0.00000000,-1.04560447,0.30199316,0.00910309,-1.22370791,0.26253554,0.00000000,0.00000000
-0.04696203,-0.82716203,0.58950025,1.84489393,0.20609784,0.00000000,0.00000000,-1.01697314,0.43109521,0.01544911,-1.13362896,0.28430969,0.00000000,0.00000000
-0.00697818,-0.87172806,0.65537107,1.84502971,0.21242164,0.00000000,0.00000000,-0.97713453,0.60961187,0.02931702,-1.01649439,0.31004018,0.00000000,0.00000000
0.02748503,-0.93444210,0.71565413,1.84172499,0.21795869,0.00000000,0.00000000,-0.92093801,0.82729721,0.05599340,-0.87601066,0.33761415,0.00000000,0.00000000
0.04455307,-1.00260377,0.75717241,1.83922338,0.22351238,0.00000000,0.00000000,-0.85227239,1.06782639,0.09721586,-0.71858048,0.36440915,0.00000000,0.00000000
0.03862976,-1.06178474,0.77411592,1.83973610,0.22134207,0.00000000,0.00000000,-0.78079218,1.31174171,0.15161243,-0.55175245,0.38625020,0.00000000,0.00000000
0.01158336,-1.10442877,0.76936138,1.84516370,0.22341745,0.00000000,0.00000000,-0.71550500,1.54512215,0.21561396,-0.38063097,0.40828505,0.00000000,0.00000000
-0.03108255,-1.12889254,0.75025535,1.85869586,0.22793475,0.00000000,0.00000000,-0.66332263,1.75711083,0.28570554,-0.21170822,0.42674932,0.00000000,0.00000000
-0.07950921,-1.13665199,0.72919643,1.88414216,0.23338437,0.00000000,0.00000000,-0.63154203,1.93186522,0.35904166,-0.05732246,0.43671435,0.00000000,0.00000000
-0.12142903,-1.13510728,0.72024435,1.91882467,0.24476862,0.00000000,0.00000000,-0.62121660,2.05718970,0.43354997,0.07334534,0.44771445,0.00000000,0.00000000
-0.14773263,-1.13929749,0.73237652,1.95180726,0.25567552,0.00000000,0.00000000,-0.62142026,2.13256121,0.50892228,0.18230997,0.45914987,0.00000000,0.00000000
-0.15765816,-1.16053355,0.76615840,1.97335207,0.27555874,0.00000000,0.00000000,-0.61725748,2.16311789,0.58697683,0.27348110,0.47327578,0.00000000,0.00000000
-0.15397291,-1.20125270,0.81888199,1.97889161,0.29631183,0.00000000,0.00000000,-0.59857446,2.16367960,0.67050350,0.34813333,0.47995639,0.00000000,0.00000000
-0.13832851,-1.25746965,0.88770574,1.96730816,0.31380618,0.00000000,0.00000000,-0.56696564,2.13388181,0.76099616,0.40407661,0.48821023,0.00000000,0.00000000
-0.11085021,-1.32351887,0.96873617,1.93718660,0.33229604,0.00000000,0.00000000,-0.53145623,2.06003857,0.85701001,0.43940645,0.49120465,0.00000000,0.00000000
-0.07196433,-1.39689672,1.05589187,1.88554680,0.35064369,0.00000000,0.00000000,-0.49765491,1.95426369,0.95453072,0.45857203,0.48836130,0.00000000,0.00000000
-0.02378806,-1.47827435,1.14167237,1.81017053,0.36567807,0.00000000,0.00000000,-0.46406162,1.83911061,1.04952741,0.46999881,0.49255466,0.00000000,0.00000000
0.03181278,-1.56785929,1.21967328,1.71108854,0.38563237,0.00000000,0.00000000,-0.42689362,1.73123085,1.13943601,0.48135161,0.50872773,0.00000000,0.00000000
0.09252828,-1.66163468,1.28353298,1.59114349,0.39555633,0.00000000,0.00000000,-0.38416615,1.64199662,1.22300446,0.49789155,0.51815927,0.00000000,0.00000000
0.15465799,-1.75131166,1.32593262,1.45701981,0.40891197,0.00000000,0.00000000,-0.33840606,1.57998598,1.29907477,0.52157092,0.52049768,0.00000000,0.00000000
0.21559575,-1.82772648,1.34200847,1.31828535,0.42075089,0.00000000,0.00000000,-0.29382190,1.55061018,1.36633694,0.55211645,0.52565527,0.00000000,0.00000000
0.27400208,-1.88512921,1.33266699,1.18502283,0.43633068,0.00000000,0.00000000,-0.25312924,1.55179179,1.42394781,0.58804929,0.52182829,0.00000000,0.00000000
0.32977375,-1.92428887,1.30467391,1.06486058,0.44527888,0.00000000,0.00000000,-0.21787168,1.57431924,1.47178757,0.62640107,0.52058148,0.00000000,0.00000000
0.38402787,-1.94938707,1.26595235,0.96096444,0.44351721,0.00000000,0.00000000,-0.18874906,1.60934687,1.51054966,0.66350532,0.51975018,0.00000000,0.00000000
0.43334034,-1.96080971,1.22019649,0.87560159,0.45330766,0.00000000,0.00000000,-0.16312800,1.65051019,1.54161990,0.69716936,0.52194655,0.00000000,0.00000000
0.47085795,-1.95741415,1.16881478,0.81034130,0.45796356,0.00000000,0.00000000,-0.13600191,1.69324374,1.56626475,0.72657895,0.51379502,0.00000000,0.00000000
0.49270374,-1.94116056,1.11350060,0.76327860,0.45152631,0.00000000,0.00000000,-0.10638814,1.73568463,1.58438873,0.75023705,0.50518912,0.00000000,0.00000000
0.49966264,-1.92168152,1.05868804,0.73213333,0.43605006,0.00000000,0.00000000,-0.07922184,1.77840745,1.59452188,0.76639307,0.49930391,0.00000000,0.00000000
0.49952212,-1.91274667,1.00921178,0.71353030,0.42184553,0.00000000,0.00000000,-0.05896169,1.82412732,1.59507787,0.77493227,0.49039769,0.00000000,0.00000000
0.49562398,-1.92182350,0.96849954,0.70320541,0.40517935,0.00000000,0.00000000,-0.04711127,1.87508941,1.58521056,0.77667141,0.47898716,0.00000000,0.00000000
0.49218524,-1.94930184,0.93636191,0.69139862,0.38965154,0.00000000,0.00000000,-0.04216741,1.93096542,1.56551147,0.77277482,0.46006376,0.00000000,0.00000000
0.48879698,-1.98140514,0.90730101,0.67499304,0.35908735,0.00000000,0.00000000,-0.04083012,1.98763978,1.53875923,0.76388687,0.45384589,0.00000000,0.00000000
0.48652002,-2.00812006,0.87609041,0.65352279,0.32313144,0.00000000,0.00000000,-0.03991603,2.03996563,1.50850105,0.74979401,0.44211072,0.00000000,0.00000000
0.48574495,-2.02668023,0.84016711,0.62749022,0.29132006,0.00000000,0.00000000,-0.03756820,2.08491445,1.47718263,0.72967225,0.43482611,0.00000000,0.00000000
0.48486874,-2.03759170,0.79901338,0.59851831,0.25362599,0.00000000,0.00000000,-0.03267644,2.12087440,1.44617176,0.70294642,0.42635185,0.00000000,0.00000000
0.48234659,-2.04213858,0.75306451,0.56839979,0.22307976,0.00000000,0.00000000,-0.02363959,2.14679193,1.41621554,0.67044979,0.41886282,0.00000000,0.00000000
0.47576216,-2.04330063,0.70401686,0.53822726,0.19447854,0.00000000,0.00000000,-0.00734485,2.16137934,1.38812721,0.63464808,0.40020040,0.00000000,0.00000000
0.46354654,-2.04485202,0.65373558,0.50782955,0.17018101,0.00000000,0.00000000,0.01580743,2.16651726,1.36153626,0.59825158,0.39141080,0.00000000,0.00000000
0.44782150,-2.04983902,0.60282505,0.47530836,0.14668566,0.00000000,0.00000000,0.04092331,2.16907072,1.33505833,0.56480354,0.38614678,0.00000000,0.00000000
0.43293175,-2.05808806,0.55041957,0.43915650,0.12534268,0.00000000,0.00000000,0.07047299,2.16994095,1.31202579,0.53776264,0.38310203,0.00000000,0.00000000
0.42202136,-2.06836152,0.49568692,0.39890262,0.11634060,0.00000000,0.00000000,0.10288492,2.17000008,1.29447234,0.51568067,0.37274420,0.00000000,0.00000000
0.41551650,-2.08123565,0.43884280,0.35413277,0.11784273,0.00000000,0.00000000,0.13454965,2.17000008,1.28256941,0.49609727,0.36455205,0.00000000,0.00000000
0.41127414,-2.09816933,0.38103831,0.30464640,0.12315752,0.00000000,0.00000000,0.16198523,2.16996217,1.27506328,0.47754943,0.36199147,0.00000000,0.00000000
0.40638223,-2.11873269,0.32366967,0.25123677,0.12034215,0.00000000,0.00000000,0.18166034,2.16935015,1.26986492,0.45908642,0.35969469,0.00000000,0.00000000
0.39857090,-2.13976431,0.26779297,0.19565667,0.12394472,0.00000000,0.00000000,0.19172806,2.16693687,1.26526546,0.44039840,0.35899395,0.00000000,0.00000000
0.38638538,-2.15713358,0.21390545,0.14011072,0.13297413,0.00000000,0.00000000,0.19156009,2.16256809,1.26023471,0.42128795,0.36016461,0.00000000,0.00000000
0.36875573,-2.16721344,0.16203098,0.08656581,0.14852114,0.00000000,0.00000000,0.18137372,2.15784240,1.25394595,0.40166733,0.35768512,0.00000000,0.00000000
0.34498754,-2.16983747,0.11198581,0.03682609,0.14959270,0.00000000,0.00000000,0.16290244,2.15645337,1.24542964,0.38194707,0.35209399,0.00000000,0.00000000
0.31534448,-2.17000008,0.06360175,-0.00703688,0.16100003,0.00000000,0.00000000,0.13817878,2.15985823,1.23446238,0.36172962,0.35007837,0.00000000,0.00000000
0.28101623,-2.17000008,0.01680057,-0.04292297,0.17659859,0.00000000,0.00000000,0.10947637,2.16516805,1.22197795,0.34053639,0.35835576,0.00000000,0.00000000
0.24286285,-2.17000008,-0.02844960,-0.06912798,0.20825651,0.00000000,0.00000000,0.07962198,2.16874504,1.20921755,0.31905732,0.35430190,0.00000000,0.00000000
0.20020421,-2.16979718,-0.07221376,-0.08502310,0.24709980,0.00000000,0.00000000,0.05038612,2.16985655,1.19686031,0.29859021,0.35204694,0.00000000,0.00000000
0.15189561,-2.16655064,-0.11457738,-0.09200688,0.27760822,0.00000000,0.00000000,0.02268636,2.16999435,1.18515515,0.28044322,0.35369563,0.00000000,0.00000000
0.09672904,-2.15428352,-0.15561992,-0.09368446,0.31420836,0.00000000,0.00000000,-0.00309208,2.17000008,1.17407966,0.26578170,0.34677181,0.00000000,0.00000000
0.03421203,-2.13296318,-0.19538207,-0.09333712,0.34830710,0.00000000,0.00000000,-0.02518778,2.17000008,1.16379571,0.25627470,0.33895186,0.00000000,0.00000000
-0.03382456,-2.10522747,-0.23380719,-0.09227626,0.37953517,0.00000000,0.00000000,-0.04041179,2.17000008,1.15511525,0.25317135,0.33102098,0.00000000,0.00000000
-0.10524206,-2.07633686,-0.27080488,-0.09296379,0.40902370,0.00000000,0.00000000,-0.04822718,2.17000008,1.14876306,0.25529015,0.31987801,0.00000000,0.00000000
-0.17820811,-2.05179381,-0.30628315,-0.09829113,0.43092772,0.00000000,0.00000000,-0.05149536,2.17000008,1.14471042,0.25950739,0.30380163,0.00000000,0.00000000
-0.25001299,-2.03329492,-0.34013566,-0.10871269,0.44930092,0.00000000,0.00000000,-0.05418037,2.16995049,1.14220858,0.26255035,0.27386352,0.00000000,0.00000000
-0.31743920,-2.01975393,-0.37224194,-0.12254398,0.46393138,0.00000000,0.00000000,-0.05868315,2.16914606,1.14024687,0.26257092,0.24866858,0.00000000,0.00000000
-0.37827814,-2.01053309,-0.40250519,-0.13845819,0.47118029,0.00000000,0.00000000,-0.06462182,2.16599774,1.13811362,0.25963399,0.21115810,0.00000000,0.00000000
-0.43221906,-2.00536609,-0.43091848,-0.15601043,0.48586339,0.00000000,0.00000000,-0.07038610,2.16069508,1.13545823,0.25479209,0.17903639,0.00000000,0.00000000
-0.47924230,-2.00400019,-0.45745978,-0.17510976,0.50859052,0.00000000,0.00000000,-0.07604571,2.15504146,1.13203537,0.24853052,0.14908157,0.00000000,0.00000000
-0.51847810,-2.00648642,-0.48197064,-0.19580287,0.52899337,0.00000000,0.00000000,-0.08321486,2.15018106,1.12772632,0.24048619,0.12204556,0.00000000,0.00000000
-0.54900587,-2.01324081,-0.50418150,-0.21842887,0.51302838,0.00000000,0.00000000,-0.09323906,2.14654160,1.12256837,0.23026370,0.09897562,0.00000000,0.00000000
-0.57046074,-2.02534580,-0.52371842,-0.24387625,0.49424309,0.00000000,0.00000000,-0.10644101,2.14417624,1.11674547,0.21776579,0.07989930,0.00000000,0.00000000
-0.58266222,-2.04492688,-0.53998619,-0.27358240,0.48134047,0.00000000,0.00000000,-0.12215875,2.14321804,1.11052346,0.20328897,0.06441139,0.00000000,0.00000000
-0.58276296,-2.07145190,-0.55205566,-0.30591920,0.46162540,0.00000000,0.00000000,-0.13888489,2.14432144,1.10418594,0.18766604,0.05040715,0.00000000,0.00000000
-0.56703597,-2.09864426,-0.55931443,-0.33427045,0.43648243,0.00000000,0.00000000,-0.15349436,2.14823437,1.09810174,0.17315841,0.03391684,0.00000000,0.00000000
-0.53955096,-2.12431240,-0.56211746,-0.35690889,0.40353245,0.00000000,0.00000000,-0.16079420,2.15429950,1.09284568,0.16396946,0.02261863,0.00000000,0.00000000
-0.50766534,-2.14581347,-0.56161809,-0.37386334,0.36652735,0.00000000,0.00000000,-0.16098660,2.16019392,1.08876944,0.16114694,0.01555935,0.00000000,0.00000000
-0.47767910,-2.16081572,-0.55902076,-0.38529310,0.33391339,0.00000000,0.00000000,-0.15351291,2.16493344,1.08607864,0.16498266,0.00303742,0.00000000,0.00000000
-0.45698458,-2.16817570,-0.55620098,-0.39132759,0.30074587,0.00000000,0.00000000,-0.14123115,2.16865730,1.08483028,0.17270428,-0.00337314,0.00000000,0.00000000
