l_joint1,l_joint2,l_joint3,l_joint4,l_joint5,l_joint6,l_joint7,r_joint1,r_joint2,r_joint3,r_joint4,r_joint5,r_joint6,r_joint7
-0.15986985,-2.09817052,-0.06509036,0.16790436,-0.02208589,0.00000000,0.00000000,-0.00227136,2.12523890,-0.23635663,-0.27181497,0.07599933,0.00000000,0.00000000
-0.16002886,-2.09801579,-0.06722972,0.16742821,-0.02694313,0.00000000,0.00000000,-0.00252984,2.12513399,-0.23704807,-0.27173889,0.09947158,0.00000000,0.00000000
-0.16039044,-2.09765577,-0.07137181,0.16653471,-0.03380274,0.00000000,0.00000000,-0.00298504,2.12494159,-0.23839855,-0.27160636,0.11497289,0.00000000,0.00000000
-0.16097604,-2.09705687,-0.07752360,0.16523585,-0.04104993,0.00000000,0.00000000,-0.00360789,2.12467241,-0.24041936,-0.27142787,0.12050134,0.00000000,0.00000000
-0.16174030,-2.09624624,-0.08569180,0.16351049,-0.04027915,0.00000000,0.00000000,-0.00441426,2.12431335,-0.24311160,-0.27121624,0.12402625,0.00000000,0.00000000
-0.16268602,-2.09517741,-0.09587832,0.16137885,-0.04498027,0.00000000,0.00000000,-0.00538197,2.12388349,-0.24648480,-0.27097255,0.12779006,0.00000000,0.00000000
-0.16381711,-2.09380603,-0.10808514,0.15885586,-0.04323050,0.00000000,0.00000000,-0.00649089,2.12339664,-0.25054747,-0.27070087,0.13410448,0.00000000,0.00000000
-0.16510172,-2.09213257,-0.12231850,0.15592369,-0.03402140,0.00000000,0.00000000,-0.00774730,2.12285376,-0.25530386,-0.27040902,0.14460357,0.00000000,0.00000000
-0.16649669,-2.09015489,-0.13858551,0.15256104,-0.02191121,0.00000000,0.00000000,-0.00916042,2.12226725,-0.26076055,-0.27010119,0.15770595,0.00000000,0.00000000
-0.16797437,-2.08785510,-0.15689047,0.14875120,-0.01152501,0.00000000,0.00000000,-0.01072099,2.12163949,-0.26692906,-0.26978633,0.16595729,0.00000000,0.00000000
-0.16949938,-2.08522010,-0.17723703,0.14447238,0.00057931,0.00000000,0.00000000,-0.01241563,2.12097359,-0.27382472,-0.26947126,0.17352320,0.00000000,0.00000000
-0.17102629,-2.08224034,-0.19962786,0.13969889,0.00025711,0.00000000,0.00000000,-0.01423269,2.12027431,-0.28146452,-0.26916441,0.18559638,0.00000000,0.00000000
-0.17250125,-2.07889104,-0.22406326,0.13440755,-0.00037744,0.00000000,0.00000000,-0.01616969,2.11955333,-0.28986502,-0.26887310,0.20311029,0.00000000,0.00000000
-0.17386578,-2.07514334,-0.25053993,0.12857385,0.00426939,0.00000000,0.00000000,-0.01822976,2.11881661,-0.29904285,-0.26861203,0.21791275,0.00000000,0.00000000
-0.17507856,-2.07098842,-0.27904761,0.12216179,0.02601113,0.00000000,0.00000000,-0.02040284,2.11809087,-0.30901870,-0.26839560,0.22618924,0.00000000,0.00000000
-0.17605773,-2.06641912,-0.30957305,0.11513840,0.04881123,0.00000000,0.00000000,-0.02272373,2.11738062,-0.31980646,-0.26824221,0.23786961,0.00000000,0.00000000
-0.17667270,-2.06138706,-0.34209919,0.10749573,0.07262753,0.00000000,0.00000000,-0.02528924,2.11664820,-0.33141088,-0.26818234,0.25644219,0.00000000,0.00000000
-0.17693503,-2.05587745,-0.37659097,0.09917693,0.09740385,0.00000000,0.00000000,-0.02803884,2.11593676,-0.34387147,-0.26825976,0.27834201,0.00000000,0.00000000
-0.17678145,-2.04988360,-0.41300935,0.09012955,0.13143630,0.00000000,0.00000000,-0.03098810,2.11526060,-0.35721952,-0.26853192,0.28527692,0.00000000,0.00000000
-0.17610726,-2.04340172,-0.45130929,0.08029550,0.16786574,0.00000000,0.00000000,-0.03418352,2.11462259,-0.37148610,-0.26907501,0.30426288,0.00000000,0.00000000
-0.17482737,-2.03643179,-0.49143445,0.06959700,0.21051140,0.00000000,0.00000000,-0.03764531,2.11402822,-0.38671124,-0.26999161,0.33345491,0.00000000,0.00000000
-0.17286497,-2.02897882,-0.53331745,0.05793599,0.24546869,0.00000000,0.00000000,-0.04138304,2.11348438,-0.40293834,-0.27140790,0.36354622,0.00000000,0.00000000
-0.17012590,-2.02102971,-0.57687950,0.04521764,0.28572664,0.00000000,0.00000000,-0.04542849,2.11300826,-0.42020836,-0.27345860,0.39264566,0.00000000,0.00000000
-0.16648917,-2.01255250,-0.62202942,0.03134895,0.32464561,0.00000000,0.00000000,-0.04985596,2.11263275,-0.43855807,-0.27628377,0.42440537,0.00000000,0.00000000
-0.16184716,-2.00354433,-0.66866237,0.01619607,0.35613400,0.00000000,0.00000000,-0.05474735,2.11240339,-0.45802665,-0.28004059,0.45247626,0.00000000,0.00000000
-0.15606995,-1.99398363,-0.71666008,-0.00039081,0.38264877,0.00000000,0.00000000,-0.06010086,2.11236548,-0.47867310,-0.28495064,0.47987428,0.00000000,0.00000000
-0.14906766,-1.98372531,-0.76589251,-0.01856588,0.40980816,0.00000000,0.00000000,-0.06550913,2.11248398,-0.50062609,-0.29147559,0.51689106,0.00000000,0.00000000
-0.14099474,-1.97196293,-0.81623054,-0.03837276,0.44526771,0.00000000,0.00000000,-0.07110499,2.11274838,-0.52394825,-0.30001378,0.55282140,0.00000000,0.00000000
-0.13181491,-1.95825481,-0.86752933,-0.06019375,0.49038893,0.00000000,0.00000000,-0.07836398,2.11348724,-0.54858917,-0.31050271,0.58807307,0.00000000,0.00000000
-0.12041666,-1.94498289,-0.91957474,-0.08552706,0.53602177,0.00000000,0.00000000,-0.08663383,2.11507487,-0.57496172,-0.32362628,0.62395257,0.00000000,0.00000000
-0.10651211,-1.93222129,-0.97220141,-0.11497375,0.57992536,0.00000000,0.00000000,-0.09572604,2.11799479,-0.60334516,-0.33991799,0.66167015,0.00000000,0.00000000
-0.09039687,-1.91917706,-1.02526844,-0.14881968,0.60411382,0.00000000,0.00000000,-0.10556504,2.12252069,-0.63392955,-0.36026737,0.69744039,0.00000000,0.00000000
-0.07228577,-1.90544152,-1.07862473,-0.18739082,0.62905949,0.00000000,0.00000000,-0.11623538,2.12850857,-0.66680861,-0.38597730,0.72488505,0.00000000,0.00000000
-0.05251008,-1.89077830,-1.13211119,-0.23102492,0.66233552,0.00000000,0.00000000,-0.12810713,2.13560462,-0.70197308,-0.41846952,0.75182760,0.00000000,0.00000000
-0.03205900,-1.87492609,-1.18562388,-0.28035280,0.69235021,0.00000000,0.00000000,-0.14152542,2.14368248,-0.73941344,-0.45913422,0.76459950,0.00000000,0.00000000
-0.01192939,-1.85691714,-1.23920381,-0.33584499,0.71373153,0.00000000,0.00000000,-0.15633306,2.15235639,-0.77909648,-0.50960118,0.78092313,0.00000000,0.00000000
0.00957243,-1.83726966,-1.29241192,-0.39714995,0.72675413,0.00000000,0.00000000,-0.17303859,2.16078448,-0.82059240,-0.57100588,0.78458983,0.00000000,0.00000000
0.03412192,-1.81979048,-1.34391236,-0.46574330,0.73060077,0.00000000,0.00000000,-0.19320287,2.16714573,-0.86273944,-0.64394450,0.79189950,0.00000000,0.00000000
0.06132562,-1.80551660,-1.39280307,-0.54414397,0.73688126,0.00000000,0.00000000,-0.21748157,2.16959524,-0.90357721,-0.72963208,0.79742575,0.00000000,0.00000000
0.09122197,-1.79327369,-1.43862295,-0.63321024,0.73268145,0.00000000,0.00000000,-0.24372642,2.16998148,-0.94080001,-0.82928103,0.80161947,0.00000000,0.00000000
0.12453704,-1.78301418,-1.48055649,-0.73194200,0.72122550,0.00000000,0.00000000,-0.26903644,2.17000008,-0.97218466,-0.94073772,0.79976749,0.00000000,0.00000000
0.16079454,-1.77633631,-1.51728451,-0.83831948,0.71725678,0.00000000,0.00000000,-0.29128876,2.16993499,-0.99627888,-1.05887187,0.80616289,0.00000000,0.00000000
0.19913960,-1.77378643,-1.54817891,-0.94844532,0.71505404,0.00000000,0.00000000,-0.30982384,2.16875243,-1.01453125,-1.17816579,0.80376667,0.00000000,0.00000000
0.23724969,-1.77423680,-1.57406521,-1.05882657,0.71669716,0.00000000,0.00000000,-0.32354155,2.16250563,-1.02958882,-1.29578578,0.80582356,0.00000000,0.00000000
0.27344427,-1.77699053,-1.59610820,-1.16754341,0.70990944,0.00000000,0.00000000,-0.33235177,2.14640951,-1.04228354,-1.40984035,0.80335850,0.00000000,0.00000000
0.30839404,-1.78320718,-1.61442709,-1.27274513,0.70290893,0.00000000,0.00000000,-0.33704817,2.11948514,-1.05176997,-1.51860499,0.79126281,0.00000000,0.00000000
0.34259227,-1.79409766,-1.62910140,-1.37303650,0.69528532,0.00000000,0.00000000,-0.33872807,2.08254099,-1.05672848,-1.62065005,0.77380115,0.00000000,0.00000000
0.37603331,-1.81043160,-1.64048934,-1.46739137,0.69667965,0.00000000,0.00000000,-0.33892375,2.03681612,-1.05586505,-1.71475518,0.76485676,0.00000000,0.00000000
0.40876949,-1.83285594,-1.64888358,-1.55487800,0.69530016,0.00000000,0.00000000,-0.33957770,1.98415422,-1.04815018,-1.79981053,0.77096790,0.00000000,0.00000000
0.44093481,-1.86181641,-1.65451288,-1.63464451,0.69212586,0.00000000,0.00000000,-0.34261057,1.92694223,-1.03289771,-1.87476897,0.78033549,0.00000000,0.00000000
0.47263786,-1.89741337,-1.65762818,-1.70596015,0.68732005,0.00000000,0.00000000,-0.34945819,1.86774862,-1.00959539,-1.93860698,0.78035909,0.00000000,0.00000000
0.50382900,-1.93923879,-1.65841484,-1.76832283,0.67973936,0.00000000,0.00000000,-0.36088201,1.80882668,-0.97783875,-1.99042904,0.79117596,0.00000000,0.00000000
0.53429782,-1.98584855,-1.65708864,-1.82149541,0.67503041,0.00000000,0.00000000,-0.37702876,1.75184536,-0.93791372,-2.02975225,0.80894047,0.00000000,0.00000000
0.56346321,-2.03441501,-1.65378511,-1.86566567,0.67911750,0.00000000,0.00000000,-0.39769217,1.69770861,-0.89110452,-2.05681658,0.82539451,0.00000000,0.00000000
0.59046125,-2.08102965,-1.64841628,-1.90136850,0.69018459,0.00000000,0.00000000,-0.42244464,1.64626181,-0.83883154,-2.07272649,0.83482361,0.00000000,0.00000000
0.61444473,-2.12126923,-1.64067400,-1.92930889,0.70503861,0.00000000,0.00000000,-0.45115861,1.59659588,-0.78249127,-2.07917547,0.85092545,0.00000000,0.00000000
0.63439554,-2.15063715,-1.63009632,-1.95042622,0.73465514,0.00000000,0.00000000,-0.48465446,1.54771042,-0.72405612,-2.07841134,0.86708158,0.00000000,0.00000000
0.64885056,-2.16599679,-1.61633015,-1.96595216,0.76979625,0.00000000,0.00000000,-0.52462733,1.49890780,-0.66576737,-2.07303786,0.88476223,0.00000000,0.00000000
0.65585810,-2.16977024,-1.59965837,-1.97737122,0.79177344,0.00000000,0.00000000,-0.57265311,1.44939816,-0.60916024,-2.06552815,0.89141732,0.00000000,0.00000000
0.65340322,-2.17000008,-1.58119154,-1.98622298,0.81791610,0.00000000,0.00000000,-0.62993270,1.39842117,-0.55504364,-2.05758071,0.90687925,0.00000000,0.00000000
0.64019859,-2.17000008,-1.56219709,-1.99354315,0.83889562,0.00000000,0.00000000,-0.69680357,1.34543037,-0.50312197,-2.05006218,0.91016597,0.00000000,0.00000000
0.61598152,-2.17000008,-1.54442108,-1.99954987,0.85891354,0.00000000,0.00000000,-0.77288318,1.29019320,-0.45244238,-2.04341078,0.91301644,0.00000000,0.00000000
0.58152521,-2.17000008,-1.52992535,-2.00380158,0.88713294,0.00000000,0.00000000,-0.85752881,1.23296678,-0.40211323,-2.03759122,0.92065221,0.00000000,0.00000000
0.53860378,-2.17000008,-1.52050674,-2.00555587,0.91560107,0.00000000,0.00000000,-0.95012128,1.17466712,-0.35167554,-2.03198504,0.93506891,0.00000000,0.00000000
0.48976398,-2.16977739,-1.51749194,-2.00414014,0.93002486,0.00000000,0.00000000,-1.05014515,1.11662292,-0.30121219,-2.02606416,0.94529206,0.00000000,0.00000000
0.43770880,-2.16619849,-1.52151215,-1.99945617,0.95592666,0.00000000,0.00000000,-1.15689087,1.06028235,-0.25087953,-2.01922178,0.93607587,0.00000000,0.00000000
0.38436097,-2.15249777,-1.53254199,-1.99237454,0.97850627,0.00000000,0.00000000,-1.26937854,1.00656271,-0.20070398,-2.01101065,0.92941737,0.00000000,0.00000000
0.33033171,-2.12853050,-1.54976583,-1.98456883,0.99938476,0.00000000,0.00000000,-1.38652015,0.95578545,-0.15062043,-2.00075436,0.92633969,0.00000000,0.00000000
0.27569279,-2.09709144,-1.57123041,-1.97780240,1.01913190,0.00000000,0.00000000,-1.50716794,0.90803027,-0.10045674,-1.98805642,0.92403412,0.00000000,0.00000000
0.22179887,-2.06004786,-1.59572256,-1.97371793,1.02868879,0.00000000,0.00000000,-1.62983084,0.86369294,-0.04961387,-1.97468543,0.91138953,0.00000000,0.00000000
0.17101015,-2.01818681,-1.62378037,-1.97630346,1.04276490,0.00000000,0.00000000,-1.75303209,0.82399476,0.00258610,-1.96423519,0.91064596,0.00000000,0.00000000
0.12486298,-1.97221136,-1.65537560,-1.98720694,1.04972136,0.00000000,0.00000000,-1.87571990,0.78975904,0.05648453,-1.96040094,0.91034919,0.00000000,0.00000000
0.08464479,-1.92253327,-1.69217169,-1.99996638,1.05616879,0.00000000,0.00000000,-1.99697483,0.76006615,0.11239789,-1.96445727,0.90175200,0.00000000,0.00000000
0.04879856,-1.87035012,-1.73162305,-2.01061702,1.05918562,0.00000000,0.00000000,-2.11685419,0.73289275,0.16977181,-1.97464931,0.89045352,0.00000000,0.00000000
0.01698471,-1.81765997,-1.76864147,-2.01955009,1.04861701,0.00000000,0.00000000,-2.23536992,0.70627332,0.22813405,-1.98534930,0.88773239,0.00000000,0.00000000
-0.01022197,-1.76671565,-1.79933739,-2.02793407,1.04754281,0.00000000,0.00000000,-2.34944916,0.67892659,0.29000300,-1.99014103,0.88248843,0.00000000,0.00000000
-0.03303785,-1.71914566,-1.82322645,-2.03571558,1.04340708,0.00000000,0.00000000,-2.45756793,0.64785683,0.35622293,-1.98990500,0.87512201,0.00000000,0.00000000
-0.05196047,-1.67583036,-1.84189093,-2.04166579,1.04799175,0.00000000,0.00000000,-2.55909896,0.61074924,0.42658299,-1.98705792,0.87351471,0.00000000,0.00000000
-0.06729952,-1.63741446,-1.85651743,-2.04484916,1.05792832,0.00000000,0.00000000,-2.65282393,0.56669074,0.50123417,-1.98279309,0.87257487,0.00000000,0.00000000
-0.07961475,-1.60428786,-1.86820745,-2.04514122,1.05317867,0.00000000,0.00000000,-2.73746991,0.51532841,0.58011091,-1.97795331,0.87099624,0.00000000,0.00000000
-0.08920000,-1.57686412,-1.87789810,-2.04286504,1.04697657,0.00000000,0.00000000,-2.81194115,0.45673534,0.66268176,-1.97327149,0.86995202,0.00000000,0.00000000
-0.09555603,-1.55587900,-1.88550246,-2.03936672,1.05189359,0.00000000,0.00000000,-2.87535548,0.39151919,0.74790049,-1.96935236,0.86266112,0.00000000,0.00000000
-0.09747922,-1.54235780,-1.88975644,-2.03715920,1.04688799,0.00000000,0.00000000,-2.92699671,0.32088390,0.83426100,-1.96658623,0.85874158,0.00000000,0.00000000
-0.09446024,-1.53695488,-1.88988376,-2.03841734,1.04199862,0.00000000,0.00000000,-2.96632743,0.24660507,0.91982198,-1.96514797,0.85671335,0.00000000,0.00000000
-0.08633751,-1.53995001,-1.88543487,-2.04378510,1.03860140,0.00000000,0.00000000,-2.99289179,0.17093423,1.00241196,-1.96497118,0.86346942,0.00000000,0.00000000
-0.07287212,-1.55135286,-1.87618148,-2.05202436,1.04462492,0.00000000,0.00000000,-3.00646162,0.09647270,1.08012283,-1.96583784,0.86301374,0.00000000,0.00000000
-0.05373625,-1.57081163,-1.86222708,-2.06052685,1.06115818,0.00000000,0.00000000,-3.00979638,0.02600209,1.15182543,-1.96769118,0.87020832,0.00000000,0.00000000
-0.02927065,-1.59750795,-1.84404886,-2.06708598,1.07589996,0.00000000,0.00000000,-3.00999999,-0.03775238,1.21708870,-1.97094011,0.87664932,0.00000000,0.00000000
-0.00093228,-1.63026845,-1.82283914,-2.07098103,1.09723926,0.00000000,0.00000000,-3.00999355,-0.09221704,1.27584541,-1.97624028,0.88616115,0.00000000,0.00000000
0.03017368,-1.66813648,-1.79950905,-2.07269788,1.11541498,0.00000000,0.00000000,-3.00974083,-0.13534519,1.32822216,-1.98404479,0.89964533,0.00000000,0.00000000
0.06314972,-1.71039760,-1.77519393,-2.07317042,1.12472427,0.00000000,0.00000000,-3.00700569,-0.16634291,1.37448883,-1.99423623,0.91722226,0.00000000,0.00000000
0.09798386,-1.75664425,-1.75082469,-2.07268882,1.15464079,0.00000000,0.00000000,-2.99780512,-0.18609948,1.41526556,-2.00604773,0.92799646,0.00000000,0.00000000
0.13422439,-1.80620337,-1.72799456,-2.07153249,1.18690526,0.00000000,0.00000000,-2.98352432,-0.19664183,1.45151198,-2.01822805,0.93833643,0.00000000,0.00000000
0.16997877,-1.85781276,-1.70944381,-2.07068443,1.21996331,0.00000000,0.00000000,-2.96720290,-0.20022072,1.48428619,-2.02943301,0.95296109,0.00000000,0.00000000
0.20398353,-1.91036475,-1.69661868,-2.07113194,1.25173008,0.00000000,0.00000000,-2.95060444,-0.19873737,1.51488996,-2.03867936,0.95818102,0.00000000,0.00000000
0.23632444,-1.96305633,-1.68893147,-2.07329535,1.27237761,0.00000000,0.00000000,-2.93407893,-0.19341144,1.54536068,-2.04550934,0.97197407,0.00000000,0.00000000
0.26766384,-2.01495647,-1.68536842,-2.07686305,1.29950273,0.00000000,0.00000000,-2.91728568,-0.18491147,1.57783675,-2.04991484,0.98943335,0.00000000,0.00000000
0.29851392,-2.06454706,-1.68538749,-2.08128285,1.33542097,0.00000000,0.00000000,-2.90105486,-0.17390347,1.61292791,-2.05156207,0.99326074,0.00000000,0.00000000
0.32903874,-2.10913897,-1.68867958,-2.08608198,1.36684918,0.00000000,0.00000000,-2.88744068,-0.16137566,1.64931142,-2.05076146,1.01034129,0.00000000,0.00000000
0.35872471,-2.14431381,-1.69514799,-2.09074068,1.39768779,0.00000000,0.00000000,-2.87858844,-0.14851853,1.68479943,-2.04835582,1.02567172,0.00000000,0.00000000
0.38552839,-2.16445494,-1.70541096,-2.09476185,1.42648411,0.00000000,0.00000000,-2.87521744,-0.13631986,1.71795809,-2.04458404,1.03579175,0.00000000,0.00000000
0.40643150,-2.16967654,-1.71899104,-2.09776855,1.45537579,0.00000000,0.00000000,-2.87759066,-0.12595496,1.74655843,-2.03990316,1.03684211,0.00000000,0.00000000
0.41874963,-2.17000008,-1.73481297,-2.09976029,1.47904801,0.00000000,0.00000000,-2.88528419,-0.11837189,1.76904738,-2.03420115,1.03538299,0.00000000,0.00000000
0.42113301,-2.17000008,-1.75200713,-2.10095572,1.49422908,0.00000000,0.00000000,-2.89736271,-0.11411879,1.78526103,-2.02657652,1.03404605,0.00000000,0.00000000
0.41366705,-2.17000008,-1.77002871,-2.10160494,1.50669038,0.00000000,0.00000000,-2.91282058,-0.11351117,1.79556417,-2.01643968,1.02970660,0.00000000,0.00000000
0.39754650,-2.16996384,-1.78858101,-2.10200691,1.51721358,0.00000000,0.00000000,-2.93056846,-0.11665650,1.80055535,-2.00371242,1.03040361,0.00000000,0.00000000
0.37475851,-2.16916347,-1.80746186,-2.10249567,1.52940810,0.00000000,0.00000000,-2.94930792,-0.12334247,1.80113578,-1.98861182,1.03266799,0.00000000,0.00000000
0.34772682,-2.16338563,-1.82644272,-2.10331154,1.55442476,0.00000000,0.00000000,-2.96767282,-0.13311623,1.79834652,-1.97142732,1.04764891,0.00000000,0.00000000
0.31874573,-2.14586687,-1.84518194,-2.10465765,1.56219149,0.00000000,0.00000000,-2.98431611,-0.14548297,1.79291177,-1.95278001,1.06014001,0.00000000,0.00000000
0.28951523,-2.11679769,-1.86342895,-2.10675168,1.56107426,0.00000000,0.00000000,-2.99778247,-0.16005610,1.78509438,-1.93383598,1.07611859,0.00000000,0.00000000
0.26108378,-2.07909131,-1.88127124,-2.10979676,1.54985881,0.00000000,0.00000000,-3.00630522,-0.17670344,1.77507794,-1.91606772,1.08690870,0.00000000,0.00000000
0.23419455,-2.03522134,-1.89909112,-2.11360216,1.53489983,0.00000000,0.00000000,-3.00944495,-0.19559750,1.76325309,-1.90052176,1.10129368,0.00000000,0.00000000
0.20924057,-1.98712969,-1.91768575,-2.11771917,1.52708960,0.00000000,0.00000000,-3.00997281,-0.21712960,1.75050533,-1.88770211,1.10352814,0.00000000,0.00000000
0.18649898,-1.93657398,-1.93708646,-2.12167954,1.51851654,0.00000000,0.00000000,-3.00999999,-0.24186815,1.73823857,-1.87767792,1.10092402,0.00000000,0.00000000
0.16632892,-1.88543355,-1.95525229,-2.12562609,1.49990857,0.00000000,0.00000000,-3.00999999,-0.27035296,1.72820508,-1.87046885,1.11038315,0.00000000,0.00000000
0.14927234,-1.83588707,-1.96961033,-2.12952280,1.48041224,0.00000000,0.00000000,-3.00999999,-0.30207941,1.72198236,-1.86614347,1.10490239,0.00000000,0.00000000
0.13480543,-1.78951752,-1.98008430,-2.13336611,1.46674597,0.00000000,0.00000000,-3.00999999,-0.33495554,1.71963251,-1.86489677,1.10097313,0.00000000,0.00000000
0.12196966,-1.74732184,-1.98752117,-2.13739491,1.45498931,0.00000000,0.00000000,-3.00999999,-0.36652637,1.72030210,-1.86676776,1.09672129,0.00000000,0.00000000
0.10975481,-1.70969272,-1.99270654,-2.14242887,1.44430935,0.00000000,0.00000000,-3.00999999,-0.39510053,1.72293401,-1.87148976,1.10084176,0.00000000,0.00000000
0.09760954,-1.67683029,-1.99629092,-2.14897132,1.42554593,0.00000000,0.00000000,-3.00999999,-0.41957617,1.72646260,-1.87855446,1.11272800,0.00000000,0.00000000
0.08593132,-1.64920187,-1.99882984,-2.15615773,1.40956783,0.00000000,0.00000000,-3.00999999,-0.43910646,1.73006344,-1.88738430,1.12593424,0.00000000,0.00000000
0.07555862,-1.62717998,-1.99982524,-2.16379476,1.39738870,0.00000000,0.00000000,-3.00999999,-0.45307121,1.73296499,-1.89765036,1.14178419,0.00000000,0.00000000
0.06737479,-1.61099887,-1.99809170,-2.17221904,1.37883031,0.00000000,0.00000000,-3.00999999,-0.46114284,1.73425436,-1.90914702,1.15643573,0.00000000,0.00000000
0.06139383,-1.60068274,-1.99326825,-2.18171811,1.35935509,0.00000000,0.00000000,-3.00999999,-0.46327960,1.73322248,-1.92155087,1.17470407,0.00000000,0.00000000
0.05801914,-1.59654641,-1.98491597,-2.19160438,1.33798099,0.00000000,0.00000000,-3.00999999,-0.45974836,1.72939873,-1.93449509,1.18298483,0.00000000,0.00000000
0.05829615,-1.59920418,-1.97227466,-2.20024967,1.31342530,0.00000000,0.00000000,-3.00999999,-0.45108137,1.72258139,-1.94770777,1.19203675,0.00000000,0.00000000
0.06278417,-1.60895216,-1.95501959,-2.20646977,1.29535830,0.00000000,0.00000000,-3.00999999,-0.43789244,1.71310139,-1.96116018,1.19875395,0.00000000,0.00000000
0.07168414,-1.62573922,-1.93329668,-2.20947886,1.28486407,0.00000000,0.00000000,-3.00999999,-0.42071268,1.70197225,-1.97513366,1.19671261,0.00000000,0.00000000
0.08525885,-1.64924145,-1.90691483,-2.20919514,1.27498305,0.00000000,0.00000000,-3.00999999,-0.39997324,1.69048154,-1.99013793,1.19883227,0.00000000,0.00000000
0.10358796,-1.67888010,-1.87557042,-2.20623493,1.26846957,0.00000000,0.00000000,-3.00999999,-0.37589756,1.68003798,-2.00669289,1.20439386,0.00000000,0.00000000
0.12641422,-1.71392906,-1.83935869,-2.20141125,1.26403010,0.00000000,0.00000000,-3.00999999,-0.34844369,1.67205179,-2.02503991,1.21358418,0.00000000,0.00000000
0.15298636,-1.75353682,-1.79931355,-2.19548011,1.26452410,0.00000000,0.00000000,-3.00974011,-0.31756607,1.66752136,-2.04481149,1.21665585,0.00000000,0.00000000
0.18192706,-1.79680920,-1.75825870,-2.18868923,1.25627017,0.00000000,0.00000000,-3.00564623,-0.28366914,1.66667402,-2.06486225,1.22262859,0.00000000,0.00000000
0.21174367,-1.84289932,-1.72035396,-2.18079281,1.25143397,0.00000000,0.00000000,-2.99105620,-0.24794672,1.66911972,-2.08351493,1.23058605,0.00000000,0.00000000
0.24159174,-1.89099276,-1.68902349,-2.17165518,1.24167347,0.00000000,0.00000000,-2.96894884,-0.21202764,1.67436862,-2.09916425,1.23553991,0.00000000,0.00000000
0.27145332,-1.94028842,-1.66550410,-2.16131878,1.22561717,0.00000000,0.00000000,-2.94414663,-0.17739417,1.68217957,-2.11063981,1.23671341,0.00000000,0.00000000
0.30164173,-1.98978567,-1.64885104,-2.15014219,1.21494353,0.00000000,0.00000000,-2.91901994,-0.14507966,1.69269919,-2.11720037,1.23809922,0.00000000,0.00000000
0.33218420,-2.03797913,-1.63761580,-2.13872027,1.20663512,0.00000000,0.00000000,-2.89447117,-0.11557587,1.70639908,-2.11849213,1.23935366,0.00000000,0.00000000
0.36291388,-2.08277941,-1.63050973,-2.12716722,1.19808459,0.00000000,0.00000000,-2.87064600,-0.08899456,1.72373009,-2.11449909,1.23709583,0.00000000,0.00000000
0.39319956,-2.12141204,-1.62624967,-2.11530590,1.19575167,0.00000000,0.00000000,-2.84829545,-0.06547446,1.74391162,-2.10524607,1.23264635,0.00000000,0.00000000
0.42133379,-2.15028000,-1.62417829,-2.10339665,1.18803716,0.00000000,0.00000000,-2.83006644,-0.04554728,1.76379704,-2.09121633,1.22108018,0.00000000,0.00000000
0.44436929,-2.16586018,-1.62506139,-2.09268188,1.18533111,0.00000000,0.00000000,-2.81774378,-0.02962255,1.78044379,-2.07536626,1.20685530,0.00000000,0.00000000
0.45909527,-2.16976118,-1.62930119,-2.08502364,1.18512797,0.00000000,0.00000000,-2.81193852,-0.01809036,1.79241502,-2.06043410,1.19688404,0.00000000,0.00000000
0.46316308,-2.17000008,-1.63696694,-2.08181500,1.18643689,0.00000000,0.00000000,-2.81258845,-0.01135716,1.79952097,-2.04757309,1.19032598,0.00000000,0.00000000
0.45585468,-2.16996408,-1.64802718,-2.08311820,1.19340837,0.00000000,0.00000000,-2.81938195,-0.00979295,1.80182660,-2.03749990,1.19593322,0.00000000,0.00000000
0.43815035,-2.16914988,-1.66226304,-2.08778238,1.20512211,0.00000000,0.00000000,-2.83199978,-0.01366769,1.79940176,-2.03038979,1.19524717,0.00000000,0.00000000
0.41233546,-2.16310930,-1.67928934,-2.09415078,1.21740627,0.00000000,0.00000000,-2.85012627,-0.02305514,1.79262817,-2.02520084,1.19407439,0.00000000,0.00000000
0.38127252,-2.14453697,-1.69859040,-2.10081124,1.22466898,0.00000000,0.00000000,-2.87325430,-0.03773192,1.78217196,-2.02022791,1.18644774,0.00000000,0.00000000
0.34743798,-2.11364603,-1.71958256,-2.10707116,1.23443353,0.00000000,0.00000000,-2.89961505,-0.05695474,1.76942587,-2.01406932,1.17773652,0.00000000,0.00000000
0.31243712,-2.07385397,-1.74171996,-2.11300969,1.24657023,0.00000000,0.00000000,-2.92599273,-0.07959485,1.75653315,-2.00656867,1.16451883,0.00000000,0.00000000
0.27725309,-2.02810264,-1.76455617,-2.11898446,1.26211894,0.00000000,0.00000000,-2.95037580,-0.10512916,1.74424684,-1.99831164,1.15817153,0.00000000,0.00000000
0.24259456,-1.97884214,-1.78796482,-2.12507653,1.28638732,0.00000000,0.00000000,-2.97236347,-0.13373105,1.73187375,-1.98933411,1.16265666,0.00000000,0.00000000
0.20909779,-1.92786634,-1.81220329,-2.13089108,1.31078112,0.00000000,0.00000000,-2.99085689,-0.16549668,1.71914554,-1.97989106,1.16645527,0.00000000,0.00000000
0.17737378,-1.87678456,-1.83737957,-2.13559437,1.34163010,0.00000000,0.00000000,-3.00358343,-0.20019148,1.70660961,-1.97015405,1.17381883,0.00000000,0.00000000
0.14791881,-1.82713103,-1.86291742,-2.13850331,1.37891364,0.00000000,0.00000000,-3.00891113,-0.23706728,1.69531465,-1.96047652,1.18002534,0.00000000,0.00000000
0.12076730,-1.78018427,-1.88811469,-2.13964033,1.41094160,0.00000000,0.00000000,-3.00994301,-0.27471697,1.68602896,-1.95163941,1.18574500,0.00000000,0.00000000
0.09531618,-1.73679686,-1.91206539,-2.14041638,1.43692899,0.00000000,0.00000000,-3.00999999,-0.31131092,1.67900825,-1.94435203,1.18725097,0.00000000,0.00000000
0.07142651,-1.69788945,-1.93326843,-2.14206457,1.46200538,0.00000000,0.00000000,-3.00999999,-0.34497634,1.67408657,-1.93900418,1.19197285,0.00000000,0.00000000
0.04924922,-1.66438890,-1.95167232,-2.14398479,1.49184048,0.00000000,0.00000000,-3.00999999,-0.37451118,1.67065907,-1.93554938,1.20103407,0.00000000,0.00000000
0.02957128,-1.63717782,-1.96711922,-2.14523315,1.53638506,0.00000000,0.00000000,-3.00999999,-0.39929658,1.66794646,-1.93388140,1.20301080,0.00000000,0.00000000
0.01375419,-1.61711371,-1.97893512,-2.14515758,1.57926345,0.00000000,0.00000000,-3.00999999,-0.41890901,1.66543353,-1.93397784,1.20201588,0.00000000,0.00000000
0.00226489,-1.60443842,-1.98696005,-2.14406967,1.61677516,0.00000000,0.00000000,-3.00999999,-0.43300793,1.66281629,-1.93590844,1.19227052,0.00000000,0.00000000
-0.00495267,-1.59903860,-1.99126351,-2.14271832,1.65149856,0.00000000,0.00000000,-3.00999999,-0.44143137,1.65985286,-1.93974090,1.18916214,0.00000000,0.00000000
-0.00728417,-1.60090280,-1.99100089,-2.14214134,1.67599547,0.00000000,0.00000000,-3.00999999,-0.44427142,1.65633881,-1.94544983,1.17797124,0.00000000,0.00000000
-0.00355309,-1.61015487,-1.98490596,-2.14267898,1.69875121,0.00000000,0.00000000,-3.00999999,-0.44185624,1.65215516,-1.95291686,1.15954888,0.00000000,0.00000000
0.00683452,-1.62666154,-1.97276688,-2.14275002,1.71513474,0.00000000,0.00000000,-3.00999999,-0.43463653,1.64733040,-1.96202219,1.14097011,0.00000000,0.00000000
0.02290017,-1.64955187,-1.95574069,-2.14039111,1.73691559,0.00000000,0.00000000,-3.00999999,-0.42302486,1.64214003,-1.97272921,1.12661529,0.00000000,0.00000000
0.04368203,-1.67777455,-1.93438065,-2.13501453,1.75339937,0.00000000,0.00000000,-3.00999999,-0.40731353,1.63717210,-1.98505187,1.10770762,0.00000000,0.00000000
0.06921178,-1.71063077,-1.90798867,-2.12682700,1.76030040,0.00000000,0.00000000,-3.00999999,-0.38761747,1.63327706,-1.99889421,1.08019078,0.00000000,0.00000000
0.09935845,-1.74743724,-1.87584078,-2.11670685,1.76521003,0.00000000,0.00000000,-3.00979066,-0.36382499,1.63134444,-2.01379967,1.04183698,0.00000000,0.00000000
0.13324352,-1.78740704,-1.83846152,-2.10561895,1.76813138,0.00000000,0.00000000,-3.00636864,-0.33579960,1.63184083,-2.02873111,0.99108273,0.00000000,0.00000000
0.16901539,-1.82958233,-1.79892516,-2.09409881,1.76629674,0.00000000,0.00000000,-2.99268579,-0.30417037,1.63442779,-2.04230452,0.94059879,0.00000000,0.00000000
0.20500883,-1.87314856,-1.76172495,-2.08190751,1.77354479,0.00000000,0.00000000,-2.96806312,-0.27050963,1.63835573,-2.05326605,0.89796078,0.00000000,0.00000000
0.24017680,-1.91744781,-1.73023546,-2.06931162,1.79036951,0.00000000,0.00000000,-2.93786001,-0.23651737,1.64320147,-2.06081080,0.86010182,0.00000000,0.00000000
0.27309558,-1.96172345,-1.70644486,-2.05804777,1.81586862,0.00000000,0.00000000,-2.90606928,-0.20347491,1.64883578,-2.06462860,0.82049179,0.00000000,0.00000000
0.30317935,-2.00541401,-1.69023502,-2.04929566,1.82307589,0.00000000,0.00000000,-2.87442541,-0.17229238,1.65529215,-2.06463099,0.76876056,0.00000000,0.00000000
0.33066213,-2.04794693,-1.67951882,-2.04346299,1.82520306,0.00000000,0.00000000,-2.84337521,-0.14331496,1.66351855,-2.06060481,0.72448432,0.00000000,0.00000000
0.35575828,-2.08814383,-1.67201340,-2.04074574,1.82807875,0.00000000,0.00000000,-2.81238937,-0.11630144,1.67554116,-2.05240917,0.68585098,0.00000000,0.00000000
0.37859276,-2.12387800,-1.66602039,-2.04082942,1.82143521,0.00000000,0.00000000,-2.78281832,-0.09143984,1.69108510,-2.04015279,0.65694857,0.00000000,0.00000000
0.39853927,-2.15132737,-1.66117227,-2.04322886,1.81294167,0.00000000,0.00000000,-2.75829458,-0.06971557,1.70674074,-2.02561498,0.62679088,0.00000000,0.00000000
0.41368151,-2.16611481,-1.65857470,-2.04737520,1.81944919,0.00000000,0.00000000,-2.73990321,-0.05179687,1.72019136,-2.01188302,0.60794675,0.00000000,0.00000000
0.42118418,-2.16977668,-1.65853477,-2.05238104,1.83591211,0.00000000,0.00000000,-2.73057747,-0.03916826,1.72791231,-1.99909735,0.59303451,0.00000000,0.00000000
0.41909605,-2.17000008,-1.66177928,-2.05701709,1.86221015,0.00000000,0.00000000,-2.72845078,-0.03217935,1.73144174,-1.98854685,0.58359319,0.00000000,0.00000000
0.40770283,-2.16984200,-1.66999483,-2.05986500,1.88998723,0.00000000,0.00000000,-2.72092032,-0.02834397,1.73953795,-1.98786950,0.58040339,0.00000000,0.00000000
0.38634336,-2.16714787,-1.68071830,-2.06019592,1.91254818,0.00000000,0.00000000,-2.72275805,-0.03153164,1.74135804,-1.98722374,0.57621765,0.00000000,0.00000000
0.35744572,-2.15499663,-1.69272876,-2.05781603,1.93943226,0.00000000,0.00000000,-2.73607540,-0.04181428,1.73507357,-1.98561203,0.57848436,0.00000000,0.00000000
0.32514262,-2.12946367,-1.70618904,-2.05335951,1.97604859,0.00000000,0.00000000,-2.75687838,-0.05728743,1.72515094,-1.98416531,0.59032226,0.00000000,0.00000000
0.29169720,-2.09469676,-1.72144186,-2.04797101,2.00843239,0.00000000,0.00000000,-2.78374553,-0.07667381,1.71417642,-1.98110402,0.60912085,0.00000000,0.00000000
0.25731692,-2.05522013,-1.73862898,-2.04261351,2.03863263,0.00000000,0.00000000,-2.81479883,-0.09888655,1.70322061,-1.97520542,0.62813431,0.00000000,0.00000000
0.22198206,-2.01324725,-1.75748706,-2.03760242,2.05947828,0.00000000,0.00000000,-2.84746242,-0.12302791,1.69270706,-1.96625853,0.64978433,0.00000000,0.00000000
0.18622229,-1.96988738,-1.77755880,-2.03261018,2.08119154,0.00000000,0.00000000,-2.87953520,-0.14868458,1.68220651,-1.95529246,0.67074192,0.00000000,0.00000000
0.15084749,-1.92582917,-1.79861104,-2.02692485,2.09607124,0.00000000,0.00000000,-2.91004419,-0.17601478,1.67033052,-1.94365227,0.70228022,0.00000000,0.00000000
0.11620421,-1.88140297,-1.82101810,-2.02018547,2.11659169,0.00000000,0.00000000,-2.93854308,-0.20524152,1.65604472,-1.93193340,0.74256277,0.00000000,0.00000000
0.08181354,-1.83651280,-1.84558666,-2.01307607,2.13421297,0.00000000,0.00000000,-2.96422410,-0.23632722,1.63942409,-1.92012405,0.77977186,0.00000000,0.00000000
0.04886766,-1.79198945,-1.87210763,-2.00525427,2.14359856,0.00000000,0.00000000,-2.98603368,-0.26883900,1.62141478,-1.90735626,0.80985719,0.00000000,0.00000000
0.02026487,-1.74971557,-1.89982736,-1.99600589,2.15744948,0.00000000,0.00000000,-3.00157857,-0.30188340,1.60332096,-1.89304078,0.83156061,0.00000000,0.00000000
-0.00304827,-1.71116948,-1.92902410,-1.98564041,2.17590928,0.00000000,0.00000000,-3.00849366,-0.33407030,1.58641171,-1.87765825,0.85107476,0.00000000,0.00000000
-0.02256819,-1.67692804,-1.95815301,-1.97511566,2.19089317,0.00000000,0.00000000,-3.00991893,-0.36351383,1.57174575,-1.86207581,0.86541706,0.00000000,0.00000000
-0.03995094,-1.64715528,-1.98473191,-1.96539128,2.20111251,0.00000000,0.00000000,-3.00999999,-0.38851348,1.56001079,-1.84704995,0.89196932,0.00000000,0.00000000
-0.05418715,-1.62292039,-2.00711083,-1.95632160,2.20879006,0.00000000,0.00000000,-3.00999999,-0.40859735,1.55137098,-1.83358800,0.91406137,0.00000000,0.00000000
-0.06432523,-1.60502279,-2.02460027,-1.94892097,2.21900153,0.00000000,0.00000000,-3.00999999,-0.42374980,1.54555774,-1.82272875,0.92692238,0.00000000,0.00000000
-0.07011830,-1.59384525,-2.03699517,-1.94480133,2.22826195,0.00000000,0.00000000,-3.00999999,-0.43394786,1.54201913,-1.81532609,0.94334930,0.00000000,0.00000000
-0.07044479,-1.59023142,-2.04290986,-1.94600165,2.24851751,0.00000000,0.00000000,-3.00999999,-0.43924022,1.53998756,-1.81204605,0.95569283,0.00000000,0.00000000
-0.06483608,-1.59456563,-2.04185128,-1.95334673,2.26880670,0.00000000,0.00000000,-3.00999999,-0.43963447,1.53899670,-1.81328118,0.95781732,0.00000000,0.00000000
-0.05323688,-1.60683310,-2.03413129,-1.96585226,2.28359485,0.00000000,0.00000000,-3.00999999,-0.43522966,1.53891349,-1.81928837,0.96176827,0.00000000,0.00000000
-0.03562285,-1.62671733,-2.02017117,-1.98124039,2.30978608,0.00000000,0.00000000,-3.00999999,-0.42627746,1.53983951,-1.83024812,0.96590948,0.00000000,0.00000000
-0.01233104,-1.65345752,-2.00080419,-1.99653006,2.33684945,0.00000000,0.00000000,-3.00999999,-0.41304505,1.54208708,-1.84614420,0.96474922,0.00000000,0.00000000
0.01484599,-1.68538618,-1.97775137,-2.00955153,2.35732245,0.00000000,0.00000000,-3.00999999,-0.39556316,1.54621732,-1.86670828,0.96509629,0.00000000,0.00000000
0.04519247,-1.72144651,-1.95081794,-2.01984191,2.37814760,0.00000000,0.00000000,-3.00999999,-0.37373906,1.55268741,-1.89148164,0.95667130,0.00000000,0.00000000
0.07867235,-1.76114249,-1.91896772,-2.02797103,2.39504480,0.00000000,0.00000000,-3.00986052,-0.34741193,1.56179190,-1.91968369,0.94352829,0.00000000,0.00000000
0.11488017,-1.80399513,-1.88330722,-2.03377652,2.40415597,0.00000000,0.00000000,-3.00753808,-0.31675360,1.57354748,-1.94993436,0.92299873,0.00000000,0.00000000
0.15265384,-1.84915721,-1.84811103,-2.03631139,2.41632962,0.00000000,0.00000000,-2.99774861,-0.28299686,1.58731759,-1.98020625,0.90510094,0.00000000,0.00000000
0.19070862,-1.89563143,-1.81787455,-2.03544378,2.43482542,0.00000000,0.00000000,-2.97889256,-0.24811278,1.60231328,-2.00825500,0.89382821,0.00000000,0.00000000
0.22771883,-1.94242275,-1.79555953,-2.03247905,2.44796824,0.00000000,0.00000000,-2.95492935,-0.21387379,1.61816752,-2.03228521,0.88476235,0.00000000,0.00000000
0.26282889,-1.98879373,-1.78199911,-2.02905321,2.46053362,0.00000000,0.00000000,-2.92944098,-0.18153088,1.63495624,-2.05123019,0.88179076,0.00000000,0.00000000
0.29594564,-2.03416824,-1.77576602,-2.02627420,2.47028852,0.00000000,0.00000000,-2.90415239,-0.15187187,1.65323699,-2.06451058,0.87379080,0.00000000,0.00000000
0.32731509,-2.07757330,-1.77437580,-2.02474260,2.48095512,0.00000000,0.00000000,-2.87956333,-0.12517245,1.67404616,-2.07192373,0.87329948,0.00000000,0.00000000
0.35706091,-2.11691260,-1.77540600,-2.02473140,2.48237538,0.00000000,0.00000000,-2.85576844,-0.10145668,1.69799030,-2.07361865,0.86686242,0.00000000,0.00000000
0.38461676,-2.14798141,-1.77755809,-2.02630615,2.47830439,0.00000000,0.00000000,-2.83334184,-0.08082499,1.72416222,-2.07026029,0.86647058,0.00000000,0.00000000
0.40813771,-2.16533089,-1.78136551,-2.02928853,2.46323681,0.00000000,0.00000000,-2.81352329,-0.06359709,1.75022817,-2.06344461,0.86086172,0.00000000,0.00000000
0.42460516,-2.16972971,-1.78686428,-2.03333259,2.45091653,0.00000000,0.00000000,-2.79863453,-0.05065824,1.77276707,-2.05470562,0.86803049,0.00000000,0.00000000
0.43118554,-2.17000008,-1.79369402,-2.03783512,2.44240379,0.00000000,0.00000000,-2.79030514,-0.04293308,1.78954959,-2.04501057,0.87882692,0.00000000,0.00000000
0.42653564,-2.17000008,-1.80147660,-2.04190755,2.41977024,0.00000000,0.00000000,-2.78948927,-0.04121688,1.79938829,-2.03532076,0.88246274,0.00000000,0.00000000
0.41109517,-2.16987991,-1.80979621,-2.04455137,2.39759946,0.00000000,0.00000000,-2.79667258,-0.04603129,1.80166698,-2.02683020,0.88314837,0.00000000,0.00000000
0.38705763,-2.16776824,-1.81825852,-2.04485083,2.38314033,0.00000000,0.00000000,-2.81148267,-0.05730645,1.79680765,-2.02005720,0.88045663,0.00000000,0.00000000
0.35805011,-2.15750623,-1.82651663,-2.04220271,2.36982131,0.00000000,0.00000000,-2.83247566,-0.07423989,1.78665495,-2.01411557,0.86983007,0.00000000,0.00000000
0.32748723,-2.13402820,-1.83428109,-2.03674221,2.36513281,0.00000000,0.00000000,-2.85763812,-0.09562626,1.77373159,-2.00724173,0.87017637,0.00000000,0.00000000
0.29678228,-2.09997487,-1.84155643,-2.02938533,2.36635780,0.00000000,0.00000000,-2.88465738,-0.12021637,1.76020575,-1.99808967,0.87284762,0.00000000,0.00000000
0.26583198,-2.05925441,-1.84876072,-2.02128887,2.37239265,0.00000000,0.00000000,-2.91123939,-0.14703521,1.74730015,-1.98664546,0.87830937,0.00000000,0.00000000
0.23434435,-2.01420856,-1.85640705,-2.01321912,2.37459707,0.00000000,0.00000000,-2.93640161,-0.17586045,1.73438251,-1.97359395,0.88849312,0.00000000,0.00000000
0.20232496,-1.96636760,-1.86482954,-2.00531816,2.38239789,0.00000000,0.00000000,-2.95987654,-0.20695680,1.71984780,-1.95975316,0.89752245,0.00000000,0.00000000
0.16971140,-1.91648781,-1.87490010,-1.99756765,2.38654971,0.00000000,0.00000000,-2.98068619,-0.24032927,1.70300865,-1.94610155,0.90363663,0.00000000,0.00000000
0.13592659,-1.86467743,-1.88792562,-1.99044728,2.39838696,0.00000000,0.00000000,-2.99709558,-0.27566373,1.68441522,-1.93334758,0.91631448,0.00000000,0.00000000
0.10096867,-1.81143808,-1.90472281,-1.98378241,2.41234994,0.00000000,0.00000000,-3.00700784,-0.31255388,1.66511083,-1.92143130,0.92248863,0.00000000,0.00000000
0.06644201,-1.75820923,-1.92500138,-1.97621441,2.42954445,0.00000000,0.00000000,-3.00978374,-0.35028386,1.64649963,-1.91054940,0.93971789,0.00000000,0.00000000
0.03367111,-1.70665598,-1.94694543,-1.96782660,2.45781493,0.00000000,0.00000000,-3.00999689,-0.38746360,1.62993515,-1.90136909,0.94540077,0.00000000,0.00000000
0.00234341,-1.65794969,-1.96738756,-1.96059215,2.48817015,0.00000000,0.00000000,-3.00999999,-0.42192397,1.61620891,-1.89439154,0.96190327,0.00000000,0.00000000
-0.02807552,-1.61304903,-1.98582327,-1.95444608,2.51631069,0.00000000,0.00000000,-3.00999999,-0.45183241,1.60532641,-1.88969290,0.96941847,0.00000000,0.00000000
-0.05689807,-1.57331383,-2.00265431,-1.94807303,2.55633426,0.00000000,0.00000000,-3.00999999,-0.47648931,1.59685850,-1.88723838,0.97906291,0.00000000,0.00000000
-0.08299752,-1.54000592,-2.01757812,-1.94126320,2.60222507,0.00000000,0.00000000,-3.00999999,-0.49575537,1.59018600,-1.88696778,0.99462008,0.00000000,0.00000000
-0.10475613,-1.51430082,-2.02905416,-1.93493652,2.64647365,0.00000000,0.00000000,-3.00999999,-0.50966060,1.58459127,-1.88878703,1.01705980,0.00000000,0.00000000
-0.12206485,-1.49644220,-2.03694248,-1.92996895,2.68590879,0.00000000,0.00000000,-3.00999999,-0.51818717,1.57970440,-1.89234233,1.04481423,0.00000000,0.00000000
-0.13471054,-1.48677218,-2.04100156,-1.92749500,2.71857691,0.00000000,0.00000000,-3.00999999,-0.52137923,1.57536650,-1.89710248,1.08264041,0.00000000,0.00000000
-0.14184274,-1.48601127,-2.04035592,-1.92888784,2.73719144,0.00000000,0.00000000,-3.00999999,-0.51949883,1.57149506,-1.90257597,1.11614084,0.00000000,0.00000000
-0.14262380,-1.49475622,-2.03415322,-1.93512106,2.76191878,0.00000000,0.00000000,-3.00999999,-0.51304060,1.56812537,-1.90853167,1.15455818,0.00000000,0.00000000
-0.13669206,-1.51303327,-2.02209377,-1.94592512,2.77621818,0.00000000,0.00000000,-3.00999999,-0.50261039,1.56546938,-1.91510117,1.18805552,0.00000000,0.00000000
-0.12398370,-1.54027927,-2.00434899,-1.95968020,2.79768395,0.00000000,0.00000000,-3.00999999,-0.48876974,1.56389511,-1.92267370,1.21663070,0.00000000,0.00000000
-0.10479511,-1.57529581,-1.98142421,-1.97440064,2.81443477,0.00000000,0.00000000,-3.00999999,-0.47182903,1.56391382,-1.93179572,1.24345362,0.00000000,0.00000000
-0.08057699,-1.61609840,-1.95501149,-1.98817420,2.82200408,0.00000000,0.00000000,-3.00999999,-0.45161116,1.56610036,-1.94291997,1.26766837,0.00000000,0.00000000
-0.05198601,-1.66114962,-1.92621720,-2.00013900,2.81603909,0.00000000,0.00000000,-3.00978494,-0.42761061,1.57059300,-1.95608985,1.28405917,0.00000000,0.00000000
-0.01921127,-1.70935702,-1.89653862,-2.01014209,2.79971337,0.00000000,0.00000000,-3.00629663,-0.39925000,1.57707798,-1.97082090,1.30533564,0.00000000,0.00000000
0.01798379,-1.75999939,-1.86777425,-2.01813102,2.78091145,0.00000000,0.00000000,-2.99261522,-0.36649895,1.58501136,-1.98613656,1.32152998,0.00000000,0.00000000
0.05980912,-1.81245494,-1.84104717,-2.02387071,2.75810480,0.00000000,0.00000000,-2.96830392,-0.33025354,1.59386349,-2.00077677,1.33532953,0.00000000,0.00000000
0.10455071,-1.86547148,-1.81828356,-2.02721214,2.74297476,0.00000000,0.00000000,-2.93771887,-0.29196343,1.60323095,-2.01342463,1.34399533,0.00000000,0.00000000
0.14922859,-1.91754794,-1.80178177,-2.02919006,2.71169448,0.00000000,0.00000000,-2.90446162,-0.25312108,1.61295485,-2.02294588,1.35354924,0.00000000,0.00000000
0.19295272,-1.96816945,-1.79121888,-2.03054714,2.67736316,0.00000000,0.00000000,-2.87064171,-0.21490210,1.62343609,-2.02834272,1.35583246,0.00000000,0.00000000
0.23592769,-2.01723933,-1.78441536,-2.03180432,2.63528085,0.00000000,0.00000000,-2.83700871,-0.17784055,1.63615835,-2.02890134,1.35267270,0.00000000,0.00000000
0.27826715,-2.06420922,-1.77937627,-2.03338075,2.59143066,0.00000000,0.00000000,-2.80300641,-0.14189066,1.65344989,-2.02454233,1.34316981,0.00000000,0.00000000
0.32002816,-2.10743833,-1.77476716,-2.03523922,2.54341078,0.00000000,0.00000000,-2.76974392,-0.10740449,1.67547953,-2.01550055,1.33440983,0.00000000,0.00000000
0.36061746,-2.14295006,-1.77036536,-2.03724241,2.50890732,0.00000000,0.00000000,-2.74205852,-0.07590112,1.69819701,-2.00292587,1.31829846,0.00000000,0.00000000
0.39763331,-2.16407156,-1.76755369,-2.03949594,2.48848891,0.00000000,0.00000000,-2.72159243,-0.04840998,1.71915495,-1.98986948,1.29352129,0.00000000,0.00000000
0.42677280,-2.16965246,-1.76711798,-2.04244733,2.46939301,0.00000000,0.00000000,-2.70832229,-0.02589544,1.73649275,-1.97883177,1.26512110,0.00000000,0.00000000
0.44396582,-2.17000008,-1.76927936,-2.04647303,2.45806575,0.00000000,0.00000000,-2.70241308,-0.00935288,1.74881387,-1.97060037,1.24062359,0.00000000,0.00000000
0.44723299,-2.17000008,-1.77402258,-2.05141401,2.44452500,0.00000000,0.00000000,-2.70432568,0.00034970,1.75536215,-1.96508873,1.21602106,0.00000000,0.00000000
0.43695801,-2.16998887,-1.78113127,-2.05653358,2.43170691,0.00000000,0.00000000,-2.71433496,0.00269594,1.75572705,-1.96218431,1.19784796,0.00000000,0.00000000
0.41546631,-2.16955447,-1.79032207,-2.06080937,2.42523193,0.00000000,0.00000000,-2.73206162,-0.00219215,1.75007534,-1.96151948,1.18015552,0.00000000,0.00000000
0.38655168,-2.16478586,-1.80130088,-2.06335378,2.42341733,0.00000000,0.00000000,-2.75642633,-0.01351324,1.73934424,-1.96238410,1.17046309,0.00000000,0.00000000
0.35409942,-2.14847469,-1.81377470,-2.06379509,2.43241715,0.00000000,0.00000000,-2.78615165,-0.03014912,1.72503269,-1.96334422,1.15520823,0.00000000,0.00000000
0.32014331,-2.12204885,-1.82749200,-2.06260419,2.43648720,0.00000000,0.00000000,-2.81939554,-0.05094733,1.70869803,-1.96282387,1.14729476,0.00000000,0.00000000
0.28503856,-2.08927679,-1.84233463,-2.06085944,2.43826985,0.00000000,0.00000000,-2.85338807,-0.07477941,1.69214571,-1.95977759,1.14950287,0.00000000,0.00000000
0.24871707,-2.05218911,-1.85848272,-2.05962491,2.43616319,0.00000000,0.00000000,-2.88648558,-0.10121641,1.67581177,-1.95418465,1.15759170,0.00000000,0.00000000
0.21144275,-2.01188588,-1.87617230,-2.05929637,2.45051575,0.00000000,0.00000000,-2.91823769,-0.13045803,1.65859127,-1.94680798,1.17783046,0.00000000,0.00000000
0.17379062,-1.96913505,-1.89595377,-2.05941296,2.46462917,0.00000000,0.00000000,-2.94815850,-0.16264993,1.63956439,-1.93829620,1.20247233,0.00000000,0.00000000
0.13629735,-1.92434335,-1.91924906,-2.05915737,2.47571373,0.00000000,0.00000000,-2.97470260,-0.19730166,1.61926138,-1.92919970,1.23038757,0.00000000,0.00000000
0.10029251,-1.87821984,-1.94715774,-2.05712748,2.48790503,0.00000000,0.00000000,-2.99526310,-0.23337454,1.59928167,-1.91990781,1.26359558,0.00000000,0.00000000
0.06760213,-1.83212173,-1.97960281,-2.05180550,2.51241970,0.00000000,0.00000000,-3.00684023,-0.26943880,1.58159697,-1.91054845,1.29291463,0.00000000,0.00000000
0.03828112,-1.78697193,-2.01403761,-2.04401255,2.52488565,0.00000000,0.00000000,-3.00981593,-0.30363056,1.56813109,-1.90154469,1.32659101,0.00000000,0.00000000
0.01208866,-1.74360287,-2.04533958,-2.03611255,2.52505112,0.00000000,0.00000000,-3.00999999,-0.33413035,1.55998206,-1.89368474,1.36476254,0.00000000,0.00000000
-0.01112187,-1.70300615,-2.07215166,-2.02834296,2.51833200,0.00000000,0.00000000,-3.00999999,-0.36034256,1.55686212,-1.88765180,1.40260315,0.00000000,0.00000000
-0.03175085,-1.66608691,-2.09611487,-2.01956868,2.50973511,0.00000000,0.00000000,-3.00999999,-0.38230771,1.55786192,-1.88372111,1.44523489,0.00000000,0.00000000
-0.04959874,-1.63380456,-2.11745501,-2.00998664,2.49697518,0.00000000,0.00000000,-3.00999999,-0.40021977,1.56186998,-1.88196778,1.48728359,0.00000000,0.00000000
-0.06447133,-1.60696089,-2.13588524,-2.00061560,2.47566462,0.00000000,0.00000000,-3.00999999,-0.41422403,1.56793356,-1.88230860,1.52188241,0.00000000,0.00000000
-0.07622085,-1.58624160,-2.15105319,-1.99266827,2.45362496,0.00000000,0.00000000,-3.00999999,-0.42440587,1.57513833,-1.88446200,1.56190622,0.00000000,0.00000000
-0.08361584,-1.57289052,-2.16135478,-1.98781443,2.43678522,0.00000000,0.00000000,-3.00999999,-0.43086809,1.58244205,-1.88800120,1.59617960,0.00000000,0.00000000
-0.08585093,-1.56783950,-2.16575193,-1.98737073,2.41235232,0.00000000,0.00000000,-3.00999999,-0.43370998,1.58897305,-1.89235187,1.63031304,0.00000000,0.00000000
-0.08213712,-1.57174850,-2.16332722,-1.99205589,2.39899135,0.00000000,0.00000000,-3.00999999,-0.43312821,1.59407067,-1.89702630,1.65936160,0.00000000,0.00000000
-0.07184020,-1.58479822,-2.15339112,-2.00147414,2.38633275,0.00000000,0.00000000,-3.00999999,-0.42945859,1.59733450,-1.90183842,1.68967915,0.00000000,0.00000000
-0.05480447,-1.60657239,-2.13608885,-2.01334524,2.36965394,0.00000000,0.00000000,-3.00999999,-0.42308727,1.59870780,-1.90693688,1.71547663,0.00000000,0.00000000
-0.03177891,-1.63588011,-2.11271477,-2.02437091,2.34398150,0.00000000,0.00000000,-3.00999999,-0.41431150,1.59851491,-1.91274464,1.73501205,0.00000000,0.00000000
-0.00502478,-1.67048240,-2.08563495,-2.03260207,2.31891251,0.00000000,0.00000000,-3.00999999,-0.40321285,1.59748209,-1.91981077,1.74920535,0.00000000,0.00000000
0.02447165,-1.70890212,-2.05546498,-2.03773284,2.29955769,0.00000000,0.00000000,-3.00999999,-0.38974270,1.59644067,-1.92865682,1.76937497,0.00000000,0.00000000
0.05678892,-1.75047851,-2.02145863,-2.04021788,2.28807807,0.00000000,0.00000000,-3.00999999,-0.37368438,1.59627402,-1.93960774,1.77810979,0.00000000,0.00000000
0.09171424,-1.79461598,-1.98291206,-2.04114699,2.26370144,0.00000000,0.00000000,-3.00986814,-0.35463896,1.59788084,-1.95257533,1.78677416,0.00000000,0.00000000
0.12870452,-1.84068048,-1.94012463,-2.04135036,2.24061728,0.00000000,0.00000000,-3.00761151,-0.33237419,1.60197175,-1.96682298,1.79092729,0.00000000,0.00000000
0.16684455,-1.88783348,-1.89579940,-2.04067159,2.22295833,0.00000000,0.00000000,-2.99736190,-0.30746987,1.60864258,-1.98097265,1.79810143,0.00000000,0.00000000
0.20501170,-1.93504703,-1.85451651,-2.03863335,2.21400833,0.00000000,0.00000000,-2.97578883,-0.28132212,1.61736858,-1.99333978,1.81170475,0.00000000,0.00000000
0.24255338,-1.98145199,-1.81984890,-2.03515911,2.20993352,0.00000000,0.00000000,-2.94680643,-0.25536060,1.62763727,-2.00256371,1.82033122,0.00000000,0.00000000
0.27940410,-2.02638769,-1.79277003,-2.03052950,2.20726252,0.00000000,0.00000000,-2.91469264,-0.23053046,1.63925910,-2.00767350,1.83329964,0.00000000,0.00000000
0.31558135,-2.06900907,-1.77217817,-2.02540755,2.20708251,0.00000000,0.00000000,-2.88170004,-0.20719564,1.65263510,-2.00792265,1.84514260,0.00000000,0.00000000
0.35094795,-2.10775328,-1.75598061,-2.02069306,2.21142983,0.00000000,0.00000000,-2.84845710,-0.18513227,1.66901779,-2.00301957,1.85657656,0.00000000,0.00000000
0.38514656,-2.13984203,-1.74219131,-2.01715422,2.21525931,0.00000000,0.00000000,-2.81496263,-0.16396788,1.68927717,-1.99365890,1.86179376,0.00000000,0.00000000
0.41712546,-2.16086197,-1.73016477,-2.01519847,2.21233916,0.00000000,0.00000000,-2.78346920,-0.14424555,1.71113741,-1.98145819,1.86877692,0.00000000,0.00000000
0.44442305,-2.16865420,-1.72151744,-2.01488137,2.20890260,0.00000000,0.00000000,-2.75678563,-0.12695387,1.73145092,-1.96970057,1.88757610,0.00000000,0.00000000
0.46378544,-2.16993523,-1.71727872,-2.01602006,2.20853209,0.00000000,0.00000000,-2.73646593,-0.11309038,1.74801826,-1.96130669,1.90322304,0.00000000,0.00000000
0.47242904,-2.17000008,-1.71754634,-2.01821160,2.20287371,0.00000000,0.00000000,-2.72360873,-0.10363954,1.75946271,-1.95740151,1.90755606,0.00000000,0.00000000
0.46894911,-2.17000008,-1.72194135,-2.02080083,2.20216823,0.00000000,0.00000000,-2.71931839,-0.09946901,1.76504660,-1.95800304,1.90763211,0.00000000,0.00000000
0.45358178,-2.17000008,-1.72977912,-2.02292299,2.19984841,0.00000000,0.00000000,-2.72443914,-0.10112585,1.76444757,-1.96283507,1.91179860,0.00000000,0.00000000
0.42815289,-2.16977525,-1.74030900,-2.02378297,2.19476485,0.00000000,0.00000000,-2.73908091,-0.10853618,1.75811315,-1.97082281,1.91687584,0.00000000,0.00000000
0.39591056,-2.16613817,-1.75264335,-2.02294469,2.18628454,0.00000000,0.00000000,-2.76236224,-0.12091953,1.74732482,-1.98006725,1.92744970,0.00000000,0.00000000
0.36045787,-2.15196753,-1.76576161,-2.02060008,2.18310213,0.00000000,0.00000000,-2.79209757,-0.13688548,1.73435473,-1.98796642,1.93303347,0.00000000,0.00000000
0.32378864,-2.12677908,-1.77885449,-2.01770926,2.18584991,0.00000000,0.00000000,-2.82433772,-0.15464446,1.72238648,-1.99246049,1.93804181,0.00000000,0.00000000
0.28601411,-2.09418178,-1.79163182,-2.01562548,2.18937230,0.00000000,0.00000000,-2.85632992,-0.17319852,1.71284544,-1.99304676,1.93757617,0.00000000,0.00000000
0.24677406,-2.05691957,-1.80430722,-2.01527643,2.18001795,0.00000000,0.00000000,-2.88798118,-0.19274779,1.70426857,-1.98958290,1.93315923,0.00000000,0.00000000
0.20615833,-2.01652408,-1.81735456,-2.01667523,2.15810013,0.00000000,0.00000000,-2.91941547,-0.21377148,1.69471753,-1.98229790,1.92364335,0.00000000,0.00000000
0.16432090,-1.97344542,-1.83209240,-2.01949453,2.13764739,0.00000000,0.00000000,-2.94940162,-0.23634383,1.68355584,-1.97217631,1.90761089,0.00000000,0.00000000
0.12177170,-1.92791033,-1.85010946,-2.02276349,2.11496997,0.00000000,0.00000000,-2.97600651,-0.26036578,1.67114711,-1.96004713,1.90461302,0.00000000,0.00000000
0.07980862,-1.88048840,-1.87259972,-2.02472210,2.09027624,0.00000000,0.00000000,-2.99633265,-0.28577426,1.65850329,-1.94657445,1.89310372,0.00000000,0.00000000
0.04024248,-1.83227527,-1.89979124,-2.02357197,2.06194282,0.00000000,0.00000000,-3.00717378,-0.31242383,1.64713550,-1.93260968,1.87927938,0.00000000,0.00000000
0.00389850,-1.78446507,-1.92966413,-2.01939559,2.04253531,0.00000000,0.00000000,-3.00983763,-0.33967340,1.63855267,-1.91919112,1.86327779,0.00000000,0.00000000
-0.02938457,-1.73814499,-1.95856690,-2.01401925,2.01226473,0.00000000,0.00000000,-3.00999999,-0.36580440,1.63347411,-1.90730810,1.83978724,0.00000000,0.00000000
-0.05936115,-1.69457388,-1.98545051,-2.00780892,1.97359645,0.00000000,0.00000000,-3.00999999,-0.38930610,1.63137841,-1.89760339,1.80788827,0.00000000,0.00000000
-0.08523274,-1.65526605,-2.01027226,-2.00080347,1.93999052,0.00000000,0.00000000,-3.00999999,-0.40955442,1.63127255,-1.89036202,1.78453875,0.00000000,0.00000000
-0.10611963,-1.62165642,-2.03238845,-1.99417830,1.90192902,0.00000000,0.00000000,-3.00999999,-0.42630598,1.63218701,-1.88571441,1.76497972,0.00000000,0.00000000
-0.12152378,-1.59466946,-2.05088973,-1.98956585,1.86629391,0.00000000,0.00000000,-3.00999999,-0.43937367,1.63326371,-1.88363290,1.73709655,0.00000000,0.00000000
-0.13156053,-1.57458746,-2.06544137,-1.98736036,1.84070587,0.00000000,0.00000000,-3.00999999,-0.44860548,1.63374472,-1.88386846,1.71203995,0.00000000,0.00000000
-0.13604863,-1.56173134,-2.07558990,-1.98739910,1.80536389,0.00000000,0.00000000,-3.00999999,-0.45398152,1.63299334,-1.88590169,1.68811536,0.00000000,0.00000000
-0.13440628,-1.55661952,-2.08062315,-1.98969626,1.75943983,0.00000000,0.00000000,-3.00999999,-0.45560437,1.63051081,-1.88909614,1.67118073,0.00000000,0.00000000
-0.12580074,-1.55978477,-2.07951117,-1.99461079,1.71124601,0.00000000,0.00000000,-3.00999999,-0.45370376,1.62603676,-1.89298356,1.66610765,0.00000000,0.00000000
-0.10992406,-1.57123673,-2.07176971,-2.00178552,1.66203558,0.00000000,0.00000000,-3.00999999,-0.44863519,1.61961937,-1.89746416,1.66908431,0.00000000,0.00000000
-0.08718198,-1.59033430,-2.05776095,-2.00934696,1.62203348,0.00000000,0.00000000,-3.00999999,-0.44081888,1.61158597,-1.90278101,1.66869664,0.00000000,0.00000000
-0.05910498,-1.61565280,-2.03891158,-2.01481748,1.59035361,0.00000000,0.00000000,-3.00999999,-0.43059471,1.60256004,-1.90928984,1.67587447,0.00000000,0.00000000
-0.02823840,-1.64516425,-2.01704526,-2.01740003,1.56224597,0.00000000,0.00000000,-3.00999999,-0.41813335,1.59349012,-1.91725588,1.68119323,0.00000000,0.00000000
0.00488355,-1.67801476,-1.99163389,-2.01730084,1.53826118,0.00000000,0.00000000,-3.00999975,-0.40350333,1.58528090,-1.92674458,1.68018389,0.00000000,0.00000000
0.04045918,-1.71396720,-1.96147382,-2.01509500,1.51706600,0.00000000,0.00000000,-3.00962567,-0.38654807,1.57857358,-1.93746400,1.69119096,0.00000000,0.00000000
0.07741985,-1.75242901,-1.92775035,-2.01147079,1.48765576,0.00000000,0.00000000,-3.00374484,-0.36699876,1.57328320,-1.94863439,1.70144343,0.00000000,0.00000000
0.11394657,-1.79260838,-1.89461148,-2.00640631,1.46140337,0.00000000,0.00000000,-2.98240280,-0.34484449,1.56866539,-1.95927155,1.71662617,0.00000000,0.00000000
0.14912304,-1.83411765,-1.86596382,-1.99967539,1.44346118,0.00000000,0.00000000,-2.94861889,-0.32056156,1.56430876,-1.96888363,1.72924173,0.00000000,0.00000000
0.18207839,-1.87655342,-1.84429181,-1.99209797,1.43440461,0.00000000,0.00000000,-2.90849638,-0.29494300,1.56025660,-1.97724271,1.74318540,0.00000000,0.00000000
0.21128488,-1.91917551,-1.83157516,-1.98505688,1.43352234,0.00000000,0.00000000,-2.86551285,-0.26901174,1.55662894,-1.98387635,1.75649047,0.00000000,0.00000000
0.23643799,-1.96184766,-1.82737589,-1.97903430,1.43379211,0.00000000,0.00000000,-2.82194376,-0.24378407,1.55357361,-1.98785067,1.76520324,0.00000000,0.00000000
0.25798628,-2.00503516,-1.82828212,-1.97453654,1.41929841,0.00000000,0.00000000,-2.77862954,-0.21958071,1.55276382,-1.98817897,1.78182065,0.00000000,0.00000000
0.27652255,-2.04910588,-1.83056867,-1.97202647,1.39946163,0.00000000,0.00000000,-2.73586178,-0.19618787,1.55660224,-1.98386240,1.78892672,0.00000000,0.00000000
0.29283628,-2.09295583,-1.83259833,-1.97154462,1.38334298,0.00000000,0.00000000,-2.69646358,-0.17381747,1.56501305,-1.97373354,1.79775155,0.00000000,0.00000000
0.30795667,-2.13192916,-1.83496940,-1.97280741,1.37415791,0.00000000,0.00000000,-2.66352606,-0.15294874,1.57648993,-1.95966339,1.80451441,0.00000000,0.00000000
0.32170781,-2.15834832,-1.83700132,-1.97480536,1.35721326,0.00000000,0.00000000,-2.63823533,-0.13468637,1.58867002,-1.94522119,1.80306363,0.00000000,0.00000000
0.33013266,-2.16827250,-1.83778763,-1.97622097,1.34974730,0.00000000,0.00000000,-2.62037778,-0.12065202,1.59841132,-1.93319654,1.79827881,0.00000000,0.00000000
0.32889023,-2.16991663,-1.83715820,-1.97612274,1.34264684,0.00000000,0.00000000,-2.61073065,-0.11217701,1.60354042,-1.92444623,1.79675758,0.00000000,0.00000000
0.31704566,-2.16980886,-1.83522975,-1.97399831,1.32977080,0.00000000,0.00000000,-2.61045337,-0.10983551,1.60355747,-1.91900635,1.79831374,0.00000000,0.00000000
0.29758671,-2.16673756,-1.83207357,-1.96970820,1.31612968,0.00000000,0.00000000,-2.62006116,-0.11331050,1.59937274,-1.91676748,1.79820704,0.00000000,0.00000000
0.27586073,-2.15506101,-1.82775283,-1.96360731,1.30227828,0.00000000,0.00000000,-2.63986754,-0.12143357,1.59326446,-1.91629338,1.79338598,0.00000000,0.00000000
0.25495815,-2.13542581,-1.82276177,-1.95641780,1.28709137,0.00000000,0.00000000,-2.66943693,-0.13289480,1.58752489,-1.91570425,1.78093159,0.00000000,0.00000000
0.23412305,-2.11183119,-1.81777203,-1.94902039,1.28436041,0.00000000,0.00000000,-2.70687795,-0.14707281,1.58231223,-1.91450334,1.77573037,0.00000000,0.00000000
0.21175298,-2.08636522,-1.81305730,-1.94232380,1.27997935,0.00000000,0.00000000,-2.74930501,-0.16336396,1.57768559,-1.91155386,1.76607645,0.00000000,0.00000000
0.18667953,-2.05958319,-1.80849361,-1.93736923,1.27824616,0.00000000,0.00000000,-2.79317713,-0.18097283,1.57448661,-1.90561974,1.75885212,0.00000000,0.00000000
0.15798049,-2.03138566,-1.80435324,-1.93528211,1.27766323,0.00000000,0.00000000,-2.83583617,-0.19951306,1.57269323,-1.89695144,1.75710738,0.00000000,0.00000000
0.12560636,-2.00150156,-1.80188859,-1.93629968,1.27983165,0.00000000,0.00000000,-2.87621093,-0.21898381,1.57124674,-1.88641965,1.75599015,0.00000000,0.00000000
0.09146750,-1.97022760,-1.80180502,-1.93947804,1.27878606,0.00000000,0.00000000,-2.91347480,-0.23927701,1.56945503,-1.87502706,1.75589037,0.00000000,0.00000000
0.05676839,-1.93768859,-1.80486798,-1.94616604,1.28922975,0.00000000,0.00000000,-2.94651556,-0.25996655,1.56773651,-1.86345470,1.75979626,0.00000000,0.00000000
0.02147884,-1.90363848,-1.81258154,-1.95867300,1.29359508,0.00000000,0.00000000,-2.97415924,-0.28057891,1.56682372,-1.85205686,1.76465499,0.00000000,0.00000000
-0.01279335,-1.86849058,-1.82624638,-1.97551143,1.30139446,0.00000000,0.00000000,-2.99498987,-0.30076167,1.56708515,-1.84108400,1.76192427,0.00000000,0.00000000
-0.04162153,-1.83397961,-1.84577334,-1.99206269,1.31779432,0.00000000,0.00000000,-3.00676060,-0.32000995,1.56868386,-1.83134258,1.75580025,0.00000000,0.00000000
-0.06484054,-1.80072665,-1.87151194,-2.00753140,1.33556962,0.00000000,0.00000000,-3.00981092,-0.33758411,1.57187581,-1.82393229,1.75093329,0.00000000,0.00000000
-0.08445782,-1.76898456,-1.90084243,-2.02259612,1.35100627,0.00000000,0.00000000,-3.00999999,-0.35280922,1.57705712,-1.81962132,1.74357486,0.00000000,0.00000000
-0.10110965,-1.73946118,-1.92952883,-2.03838825,1.36326027,0.00000000,0.00000000,-3.00999999,-0.36543146,1.58449864,-1.81880784,1.73674202,0.00000000,0.00000000
-0.11425096,-1.71298110,-1.95624161,-2.05489540,1.38444185,0.00000000,0.00000000,-3.00999999,-0.37572345,1.59390736,-1.82147944,1.72582555,0.00000000,0.00000000
-0.12262402,-1.69054806,-1.98026919,-2.07165170,1.39951456,0.00000000,0.00000000,-3.00999999,-0.38410968,1.60457563,-1.82724488,1.71786022,0.00000000,0.00000000
-0.12502617,-1.67318034,-2.00057316,-2.08863306,1.41011274,0.00000000,0.00000000,-3.00999999,-0.39094448,1.61556077,-1.83550000,1.71160686,0.00000000,0.00000000
-0.12065274,-1.66170716,-2.01621866,-2.10599566,1.41832042,0.00000000,0.00000000,-3.00999999,-0.39648134,1.62588644,-1.84562624,1.70535600,0.00000000,0.00000000
-0.10906053,-1.65669000,-2.02657652,-2.12302470,1.41994405,0.00000000,0.00000000,-3.00999999,-0.40087718,1.63460922,-1.85713935,1.69747162,0.00000000,0.00000000
-0.09052635,-1.65824389,-2.03219867,-2.13734627,1.41930771,0.00000000,0.00000000,-3.00999999,-0.40417773,1.64086115,-1.86973655,1.69314337,0.00000000,0.00000000
-0.06578964,-1.66594982,-2.03339219,-2.14777398,1.41641581,0.00000000,0.00000000,-3.00999999,-0.40635416,1.64404821,-1.88318074,1.68292701,0.00000000,0.00000000
-0.03550074,-1.67926133,-2.03018284,-2.15420985,1.40816724,0.00000000,0.00000000,-3.00999999,-0.40734190,1.64395154,-1.89726245,1.66558111,0.00000000,0.00000000
0.00012073,-1.69785523,-2.02255416,-2.15642357,1.38878715,0.00000000,0.00000000,-3.00999999,-0.40705037,1.64079487,-1.91178441,1.64709306,0.00000000,0.00000000
0.04122576,-1.72157800,-2.01012731,-2.15408659,1.37183869,0.00000000,0.00000000,-3.00999999,-0.40543792,1.63495231,-1.92660081,1.63519955,0.00000000,0.00000000
0.08763707,-1.75014877,-1.99268305,-2.14721537,1.35603261,0.00000000,0.00000000,-3.00999999,-0.40243676,1.62686396,-1.94150651,1.61540163,0.00000000,0.00000000
0.13857235,-1.78307712,-1.97057486,-2.13626146,1.34862041,0.00000000,0.00000000,-3.00959802,-0.39783359,1.61687315,-1.95601571,1.59293687,0.00000000,0.00000000
0.19258551,-1.81960821,-1.94521224,-2.12202215,1.33886874,0.00000000,0.00000000,-3.00314403,-0.39121020,1.60494125,-1.96915805,1.58183122,0.00000000,0.00000000
0.24771893,-1.85879326,-1.91931868,-2.10547280,1.32498276,0.00000000,0.00000000,-2.97862339,-0.38205397,1.59054744,-1.97954178,1.56784463,0.00000000,0.00000000
0.30211782,-1.89972520,-1.89601874,-2.08762503,1.31062078,0.00000000,0.00000000,-2.93674850,-0.36994594,1.57319474,-1.98586965,1.55412698,0.00000000,0.00000000
0.35439348,-1.94158387,-1.87774205,-2.06955552,1.29907799,0.00000000,0.00000000,-2.88440561,-0.35458446,1.55288315,-1.98724353,1.54088545,0.00000000,0.00000000
0.40372014,-1.98371911,-1.86572146,-2.05211115,1.28762925,0.00000000,0.00000000,-2.82703376,-0.33563745,1.53001201,-1.98315310,1.53057146,0.00000000,0.00000000
0.44979817,-2.02558136,-1.85990489,-2.03560042,1.27837396,0.00000000,0.00000000,-2.76792026,-0.31261206,1.50524485,-1.97362399,1.51822090,0.00000000,0.00000000
0.49236876,-2.06642675,-1.85905433,-2.02024698,1.27413082,0.00000000,0.00000000,-2.70833611,-0.28460068,1.47962832,-1.95929682,1.51011455,0.00000000,0.00000000
0.53112030,-2.10479236,-1.86107063,-2.00617146,1.28217459,0.00000000,0.00000000,-2.64850163,-0.25043583,1.45406735,-1.94082534,1.50187159,0.00000000,0.00000000
0.56573981,-2.13761139,-1.86392558,-1.99338496,1.29765785,0.00000000,0.00000000,-2.58923936,-0.20961556,1.42723739,-1.91853607,1.48958671,0.00000000,0.00000000
0.59576380,-2.15980864,-1.86627913,-1.98187578,1.32253909,0.00000000,0.00000000,-2.53160739,-0.16217542,1.39537787,-1.89352453,1.48279941,0.00000000,0.00000000
0.61996561,-2.16841984,-1.86836803,-1.97168899,1.34276760,0.00000000,0.00000000,-2.47545075,-0.10791507,1.35447264,-1.86836755,1.47172523,0.00000000,0.00000000
0.63601339,-2.16992164,-1.86992586,-1.96332955,1.36555779,0.00000000,0.00000000,-2.42009926,-0.04677304,1.30142677,-1.84588671,1.46808648,0.00000000,0.00000000
0.64171934,-2.17000008,-1.87026346,-1.95734954,1.39472115,0.00000000,0.00000000,-2.36404467,0.02143297,1.23494542,-1.82855594,1.47019041,0.00000000,0.00000000
0.63593656,-2.17000008,-1.86875224,-1.95383573,1.41833794,0.00000000,0.00000000,-2.30549932,0.09662825,1.15506017,-1.81840229,1.47184777,0.00000000,0.00000000
0.61860007,-2.17000008,-1.86494553,-1.95228565,1.44573307,0.00000000,0.00000000,-2.24295378,0.17808163,1.06260431,-1.81701970,1.47083831,0.00000000,0.00000000
0.59050655,-2.17000008,-1.85858274,-1.95181143,1.47035217,0.00000000,0.00000000,-2.17554045,0.26447332,0.95887661,-1.82523477,1.47700000,0.00000000,0.00000000
0.55305135,-2.17000008,-1.84943175,-1.95153749,1.48864675,0.00000000,0.00000000,-2.10301447,0.35412151,0.84549636,-1.84304702,1.49166489,0.00000000,0.00000000
0.50801897,-2.16985464,-1.83696532,-1.95093048,1.50863671,0.00000000,0.00000000,-2.02533388,0.44533280,0.72453541,-1.86970937,1.49620807,0.00000000,0.00000000
0.45729518,-2.16752076,-1.82028472,-1.94994295,1.52820265,0.00000000,0.00000000,-1.94282687,0.53691834,0.59811842,-1.90367317,1.51123917,0.00000000,0.00000000
0.40255573,-2.15867901,-1.79856455,-1.94884610,1.55535305,0.00000000,0.00000000,-1.85744464,0.62852269,0.46690407,-1.94303823,1.51739490,0.00000000,0.00000000
0.34489444,-2.14385915,-1.77147841,-1.94798708,1.56945574,0.00000000,0.00000000,-1.77125072,0.72067547,0.33116025,-1.98573637,1.52101302,0.00000000,0.00000000
0.28483599,-2.12634540,-1.73917198,-1.94764316,1.58536923,0.00000000,0.00000000,-1.68564534,0.81424534,0.19144516,-2.02904773,1.52816725,0.00000000,0.00000000
0.22279935,-2.10884428,-1.70187640,-1.94777906,1.59272408,0.00000000,0.00000000,-1.60134435,0.90993637,0.04884065,-2.06947112,1.53246880,0.00000000,0.00000000
0.15916373,-2.09271359,-1.66077018,-1.94810164,1.59794211,0.00000000,0.00000000,-1.51896620,1.00819504,-0.09543062,-2.10428286,1.53669727,0.00000000,0.00000000
0.09444456,-2.07830739,-1.61823213,-1.94785869,1.59257007,0.00000000,0.00000000,-1.43950951,1.10905302,-0.24041241,-2.13201237,1.54673588,0.00000000,0.00000000
0.02931537,-2.06537056,-1.57726657,-1.94622052,1.58413124,0.00000000,0.00000000,-1.36217439,1.21210349,-0.38286823,-2.15252519,1.55431545,0.00000000,0.00000000
-0.03418961,-2.05317283,-1.54110587,-1.94232619,1.56492841,0.00000000,0.00000000,-1.28467822,1.31835222,-0.51687849,-2.16674900,1.55288148,0.00000000,0.00000000
-0.09254605,-2.04113269,-1.51135445,-1.93631959,1.54826999,0.00000000,0.00000000,-1.20805907,1.42885816,-0.63882470,-2.17322779,1.55239284,0.00000000,0.00000000
-0.14489363,-2.02868915,-1.48921418,-1.92997289,1.52826667,0.00000000,0.00000000,-1.13469040,1.54324210,-0.74560946,-2.17031646,1.55001187,0.00000000,0.00000000
-0.19062890,-2.01586103,-1.47436011,-1.92298210,1.51201999,0.00000000,0.00000000,-1.06659234,1.65914619,-0.83355796,-2.15796733,1.54655600,0.00000000,0.00000000
-0.23014152,-2.00357270,-1.46474481,-1.91400683,1.50895298,0.00000000,0.00000000,-1.00502789,1.77299738,-0.89854622,-2.13637042,1.54733598,0.00000000,0.00000000
-0.26514217,-1.99307871,-1.45787394,-1.90283120,1.49814355,0.00000000,0.00000000,-0.94952297,1.87914968,-0.93923700,-2.10586452,1.54372025,0.00000000,0.00000000
-0.29577157,-1.98440099,-1.45387256,-1.88839602,1.48789287,0.00000000,0.00000000,-0.89820474,1.97095859,-0.96055973,-2.06883025,1.53801894,0.00000000,0.00000000
-0.32148069,-1.97763205,-1.45263147,-1.86943507,1.48389649,0.00000000,0.00000000,-0.84988976,2.04494762,-0.96800047,-2.02875161,1.53027272,0.00000000,0.00000000
-0.34242302,-1.97298837,-1.45382655,-1.84528553,1.47991359,0.00000000,0.00000000,-0.80402666,2.10043430,-0.96622199,-1.98821616,1.52763641,0.00000000,0.00000000
-0.35935575,-1.97056687,-1.45742190,-1.81603360,1.47603881,0.00000000,0.00000000,-0.75992286,2.13814402,-0.95931178,-1.94889009,1.51301837,0.00000000,0.00000000
-0.37292993,-1.97038293,-1.46337116,-1.78203404,1.45737255,0.00000000,0.00000000,-0.71662802,2.15965414,-0.95049256,-1.91169119,1.50334811,0.00000000,0.00000000
-0.38318324,-1.97228849,-1.47164941,-1.74311769,1.44477034,0.00000000,0.00000000,-0.67320460,2.16818929,-0.94207489,-1.87650442,1.49771404,0.00000000,0.00000000
-0.38929960,-1.97596598,-1.48216462,-1.69821370,1.43057525,0.00000000,0.00000000,-0.62877357,2.16988111,-0.93552184,-1.84234774,1.49032068,0.00000000,0.00000000
-0.38891935,-1.98104143,-1.49451268,-1.64482856,1.42446566,0.00000000,0.00000000,-0.58254766,2.16956973,-0.93174863,-1.80748308,1.48881114,0.00000000,0.00000000
-0.37700766,-1.98739910,-1.50747061,-1.57853222,1.42602146,0.00000000,0.00000000,-0.53391004,2.16738629,-0.93130195,-1.76943195,1.48639691,0.00000000,0.00000000
-0.35334530,-1.99430978,-1.51918411,-1.49874675,1.43559599,0.00000000,0.00000000,-0.48304078,2.16242146,-0.93457103,-1.72538233,1.47856987,0.00000000,0.00000000
-0.33083665,-1.99922514,-1.52819610,-1.41385448,1.44209361,0.00000000,0.00000000,-0.43142176,2.15668678,-0.94183391,-1.67285156,1.48100042,0.00000000,0.00000000
-0.30880237,-2.00171733,-1.53255796,-1.32144058,1.44932306,0.00000000,0.00000000,-0.37993872,2.15255475,-0.95164794,-1.60934508,1.49213374,0.00000000,0.00000000
-0.28513405,-2.00194073,-1.53085756,-1.21901548,1.46036386,0.00000000,0.00000000,-0.32856682,2.15102792,-0.96157539,-1.53375733,1.50372851,0.00000000,0.00000000
-0.26826194,-1.99898827,-1.52299261,-1.11291409,1.46985841,0.00000000,0.00000000,-0.27525291,2.15060878,-0.96906400,-1.44852483,1.52120161,0.00000000,0.00000000
-0.25758401,-1.99351811,-1.50812900,-1.00363374,1.48044455,0.00000000,0.00000000,-0.21945634,2.15147996,-0.97224540,-1.35404599,1.52938724,0.00000000,0.00000000
-0.24923785,-1.98703480,-1.48549986,-0.89004123,1.48072886,0.00000000,0.00000000,-0.16128154,2.15400481,-0.96934140,-1.25022852,1.53755772,0.00000000,0.00000000
-0.23993179,-1.98172235,-1.45469403,-0.77234900,1.48241496,0.00000000,0.00000000,-0.10036432,2.15711808,-0.95847124,-1.13840795,1.54994476,0.00000000,0.00000000
-0.22745201,-1.98017311,-1.41588104,-0.65286261,1.47885704,0.00000000,0.00000000,-0.03749054,2.15967345,-0.93817741,-1.02053392,1.56081986,0.00000000,0.00000000
-0.21319626,-1.98320484,-1.37071395,-0.53850514,1.47410893,0.00000000,0.00000000,0.02083888,2.16296077,-0.90701777,-0.89888358,1.56536758,0.00000000,0.00000000
-0.19511548,-1.99076617,-1.32113361,-0.43447912,1.47408950,0.00000000,0.00000000,0.06775941,2.16657996,-0.86367965,-0.78157574,1.57209742,0.00000000,0.00000000
-0.17329673,-2.00224018,-1.26904345,-0.34285867,1.47389650,0.00000000,0.00000000,0.10419441,2.16808510,-0.81025010,-0.67648822,1.58087111,0.00000000,0.00000000
-0.15248246,-2.01394343,-1.21660042,-0.26409957,1.48716664,0.00000000,0.00000000,0.13055888,2.16879272,-0.75057286,-0.58576661,1.60347843,0.00000000,0.00000000
-0.13309501,-2.02565193,-1.16440082,-0.19626407,1.50082564,0.00000000,0.00000000,0.14916393,2.16965818,-0.68811178,-0.51122195,1.62273026,0.00000000,0.00000000
-0.11598664,-2.03713584,-1.11286676,-0.13945541,1.51331532,0.00000000,0.00000000,0.16485170,2.16997862,-0.62509257,-0.45434263,1.63495219,0.00000000,0.00000000
-0.10262728,-2.04895043,-1.06216884,-0.09464437,1.52132487,0.00000000,0.00000000,0.17304857,2.17000008,-0.56089413,-0.41013777,1.64532673,0.00000000,0.00000000
-0.09376008,-2.06079841,-1.01233423,-0.06139873,1.52665675,0.00000000,0.00000000,0.17265160,2.17000008,-0.49667612,-0.37468120,1.65868580,0.00000000,0.00000000
-0.08872208,-2.07128978,-0.96338964,-0.03750382,1.52846742,0.00000000,0.00000000,0.16589348,2.17000008,-0.43388143,-0.34692016,1.66773665,0.00000000,0.00000000
-0.08611374,-2.07931352,-0.91534513,-0.01994863,1.53253484,0.00000000,0.00000000,0.15491728,2.16998625,-0.37320712,-0.32639655,1.66848218,0.00000000,0.00000000
-0.08499889,-2.08430743,-0.86821908,-0.00606545,1.53892648,0.00000000,0.00000000,0.14157245,2.16975999,-0.31495374,-0.31252185,1.66863549,0.00000000,0.00000000
-0.08409667,-2.08545423,-0.82203782,0.00664252,1.54093826,0.00000000,0.00000000,0.12700374,2.16885757,-0.25913432,-0.30435944,1.67488682,0.00000000,0.00000000
-0.08166884,-2.08280563,-0.77683949,0.01981521,1.55032504,0.00000000,0.00000000,0.11162125,2.16737890,-0.20564084,-0.30043477,1.67155087,0.00000000,0.00000000
-0.07753528,-2.07796645,-0.73269027,0.03309835,1.56255960,0.00000000,0.00000000,0.09582007,2.16609883,-0.15448916,-0.29890984,1.67890561,0.00000000,0.00000000
-0.07210831,-2.07229614,-0.68966544,0.04561757,1.57729959,0.00000000,0.00000000,0.08042190,2.16548729,-0.10590634,-0.29843614,1.68753088,0.00000000,0.00000000
-0.06593450,-2.06660819,-0.64782029,0.05665861,1.59560311,0.00000000,0.00000000,0.06660768,2.16557455,-0.06030029,-0.29826063,1.70068800,0.00000000,0.00000000
-0.05973275,-2.06120348,-0.60717309,0.06589522,1.61489940,0.00000000,0.00000000,0.05557507,2.16604304,-0.01811609,-0.29808366,1.71706498,0.00000000,0.00000000
-0.05387308,-2.05610752,-0.56772214,0.07351016,1.63686347,0.00000000,0.00000000,0.04801422,2.16639924,0.02035606,-0.29796663,1.73960590,0.00000000,0.00000000
-0.04865204,-2.05139828,-0.52945209,0.07978258,1.64983904,0.00000000,0.00000000,0.04408806,2.16634774,0.05502912,-0.29802144,1.76145649,0.00000000,0.00000000
-0.04442292,-2.04686594,-0.49232990,0.08508122,1.65393162,0.00000000,0.00000000,0.04352450,2.16546893,0.08599659,-0.29849166,1.78836584,0.00000000,0.00000000
-0.04139662,-2.04229784,-0.45632863,0.08971749,1.66403925,0.00000000,0.00000000,0.04576074,2.16350412,0.11349045,-0.29949349,1.80041146,0.00000000,0.00000000
-0.03954339,-2.03788424,-0.42145130,0.09376658,1.68170881,0.00000000,0.00000000,0.05006628,2.16051102,0.13784021,-0.30089149,1.81010664,0.00000000,0.00000000
-0.03881266,-2.03399277,-0.38771430,0.09714288,1.70521760,0.00000000,0.00000000,0.05583399,2.15673709,0.15940455,-0.30237827,1.81483793,0.00000000,0.00000000
-0.03908543,-2.03089023,-0.35514277,0.09981368,1.72710359,0.00000000,0.00000000,0.06256470,2.15249586,0.17856064,-0.30361980,1.81859314,0.00000000,0.00000000
-0.04021566,-2.02873683,-0.32376650,0.10182902,1.74296141,0.00000000,0.00000000,0.06988130,2.14813232,0.19568336,-0.30432910,1.81515646,0.00000000,0.00000000
-0.04196279,-2.02749777,-0.29361901,0.10337836,1.75525832,0.00000000,0.00000000,0.07747675,2.14384818,0.21110269,-0.30439728,1.81678581,0.00000000,0.00000000
-0.04396646,-2.02711129,-0.26473776,0.10466469,1.76954329,0.00000000,0.00000000,0.08507232,2.13982821,0.22507291,-0.30381665,1.82896137,0.00000000,0.00000000
-0.04603403,-2.02740693,-0.23713936,0.10585538,1.78164268,0.00000000,0.00000000,0.09257279,2.13607454,0.23772393,-0.30271971,1.84063816,0.00000000,0.00000000
-0.04800984,-2.02815604,-0.21082819,0.10708134,1.79989982,0.00000000,0.00000000,0.09984832,2.13257623,0.24912362,-0.30126289,1.84955180,0.00000000,0.00000000
-0.04979367,-2.02919149,-0.18579774,0.10839371,1.81972575,0.00000000,0.00000000,0.10666034,2.12932062,0.25932929,-0.29962179,1.86321771,0.00000000,0.00000000
-0.05141247,-2.03047156,-0.16202666,0.10974237,1.83493590,0.00000000,0.00000000,0.11278847,2.12622833,0.26839983,-0.29801881,1.87863946,0.00000000,0.00000000
-0.05287282,-2.03200531,-0.13949129,0.11105598,1.85379398,0.00000000,0.00000000,0.11801174,2.12325835,0.27642319,-0.29664236,1.89131069,0.00000000,0.00000000
-0.05419055,-2.03381228,-0.11816598,0.11227656,1.87756419,0.00000000,0.00000000,0.12218720,2.12047696,0.28350559,-0.29557025,1.89813793,0.00000000,0.00000000
-0.05540098,-2.03579783,-0.09802268,0.11343953,1.90394258,0.00000000,0.00000000,0.12526171,2.11793733,0.28975919,-0.29483929,1.90582693,0.00000000,0.00000000
-0.05647125,-2.03785372,-0.07903841,0.11460702,1.92550361,0.00000000,0.00000000,0.12721601,2.11573529,0.29529482,-0.29441601,1.92345929,0.00000000,0.00000000
-0.05733868,-2.03990912,-0.06119163,0.11580944,1.94405222,0.00000000,0.00000000,0.12811708,2.11395335,0.30018702,-0.29421878,1.93978381,0.00000000,0.00000000
-0.05799247,-2.04188848,-0.04445511,0.11706226,1.97228360,0.00000000,0.00000000,0.12813202,2.11261153,0.30446661,-0.29416025,1.95623171,0.00000000,0.00000000
-0.05839480,-2.04380488,-0.02880386,0.11832098,1.98675883,0.00000000,0.00000000,0.12743758,2.11175966,0.30814609,-0.29413089,1.98091209,0.00000000,0.00000000
-0.05848913,-2.04565668,-0.01421179,0.11955933,1.98631132,0.00000000,0.00000000,0.12619513,2.11143851,0.31122890,-0.29403368,2.01129818,0.00000000,0.00000000
-0.05827700,-2.04744411,-0.00064481,0.12076493,1.98042142,0.00000000,0.00000000,0.12458952,2.11164260,0.31370682,-0.29379791,2.04719996,0.00000000,0.00000000
-0.05772934,-2.04912782,0.01193343,0.12197004,1.96977913,0.00000000,0.00000000,0.12267769,2.11228561,0.31559196,-0.29343495,2.08278346,0.00000000,0.00000000
-0.05687772,-2.05069971,0.02356866,0.12320009,1.96427417,0.00000000,0.00000000,0.12051184,2.11327171,0.31689531,-0.29295823,2.12637949,0.00000000,0.00000000
-0.05583020,-2.05218792,0.03431437,0.12447252,1.96336067,0.00000000,0.00000000,0.11819717,2.11457920,0.31763053,-0.29232508,2.17605829,0.00000000,0.00000000
-0.05467718,-2.05362058,0.04422150,0.12579954,1.95329690,0.00000000,0.00000000,0.11579130,2.11616206,0.31783378,-0.29152271,2.21702504,0.00000000,0.00000000
-0.05345722,-2.05503941,0.05333414,0.12718074,1.94748294,0.00000000,0.00000000,0.11328356,2.11793661,0.31756160,-0.29057351,2.25701761,0.00000000,0.00000000
-0.05216565,-2.05645990,0.06168960,0.12862663,1.94067693,0.00000000,0.00000000,0.11065430,2.11980939,0.31687528,-0.28951073,2.29159927,0.00000000,0.00000000
-0.05078189,-2.05789566,0.06932317,0.13014242,1.93196738,0.00000000,0.00000000,0.10789979,2.12169147,0.31582698,-0.28835908,2.31812286,0.00000000,0.00000000
-0.04930992,-2.05937147,0.07627292,0.13172145,1.91582716,0.00000000,0.00000000,0.10509177,2.12352562,0.31444159,-0.28710237,2.33829689,0.00000000,0.00000000
-0.04778710,-2.06089234,0.08258051,0.13336504,1.89472997,0.00000000,0.00000000,0.10236675,2.12521696,0.31271914,-0.28573757,2.35687470,0.00000000,0.00000000
-0.04622504,-2.06248260,0.08828697,0.13505076,1.87790322,0.00000000,0.00000000,0.09983340,2.12678361,0.31066978,-0.28422311,2.37562823,0.00000000,0.00000000
-0.04462782,-2.06413174,0.09343447,0.13676243,1.86439204,0.00000000,0.00000000,0.09757876,2.12817693,0.30830029,-0.28258216,2.38998294,0.00000000,0.00000000
-0.04300293,-2.06589556,0.09806835,0.13844585,1.85251677,0.00000000,0.00000000,0.09565098,2.12947965,0.30563214,-0.28077000,2.39454889,0.00000000,0.00000000
-0.04136550,-2.06780624,0.10223620,0.14005871,1.85996366,0.00000000,0.00000000,0.09407138,2.13065314,0.30268142,-0.27882832,2.39799881,0.00000000,0.00000000
-0.03978201,-2.06992817,0.10599051,0.14154711,1.86534238,0.00000000,0.00000000,0.09292608,2.13175869,0.29944721,-0.27673358,2.39735317,0.00000000,0.00000000
-0.03832820,-2.07226229,0.10938751,0.14290927,1.87617803,0.00000000,0.00000000,0.09221072,2.13276434,0.29593816,-0.27452981,2.39661741,0.00000000,0.00000000
-0.03715744,-2.07478452,0.11249249,0.14416929,1.89891958,0.00000000,0.00000000,0.09192987,2.13366485,0.29216778,-0.27225754,2.39901757,0.00000000,0.00000000
-0.03637263,-2.07747412,0.11536519,0.14534834,1.92363441,0.00000000,0.00000000,0.09200045,2.13451648,0.28817248,-0.26995280,2.40726471,0.00000000,0.00000000
-0.03609368,-2.08028316,0.11806344,0.14648668,1.95753527,0.00000000,0.00000000,0.09234628,2.13538289,0.28399071,-0.26764336,2.42527318,0.00000000,0.00000000
-0.03646251,-2.08316970,0.12064403,0.14761423,1.98939431,0.00000000,0.00000000,0.09288543,2.13621402,0.27966496,-0.26540300,2.43934608,0.00000000,0.00000000
-0.03758860,-2.08614182,0.12315650,0.14871322,2.02227616,0.00000000,0.00000000,0.09345610,2.13708758,0.27526683,-0.26323268,2.45537806,0.00000000,0.00000000
-0.03957907,-2.08919716,0.12564446,0.14975771,2.05454230,0.00000000,0.00000000,0.09385654,2.13806939,0.27088213,-0.26114947,2.47987175,0.00000000,0.00000000
-0.04252583,-2.09227586,0.12814225,0.15075561,2.08913445,0.00000000,0.00000000,0.09392858,2.13919926,0.26658684,-0.25917405,2.50391531,0.00000000,0.00000000
-0.04640553,-2.09533405,0.13066691,0.15170315,2.12116528,0.00000000,0.00000000,0.09352495,2.14049530,0.26245016,-0.25732434,2.53902745,0.00000000,0.00000000
-0.05113875,-2.09836888,0.13322018,0.15258373,2.14039421,0.00000000,0.00000000,0.09260867,2.14195228,0.25851578,-0.25559053,2.57936954,0.00000000,0.00000000
-0.05656346,-2.10127687,0.13578817,0.15345411,2.16274118,0.00000000,0.00000000,0.09118124,2.14355922,0.25481424,-0.25392929,2.62437725,0.00000000,0.00000000
-0.06253432,-2.10392618,0.13835429,0.15438879,2.19374084,0.00000000,0.00000000,0.08928224,2.14520669,0.25135672,-0.25232697,2.67168283,0.00000000,0.00000000
-0.06890034,-2.10626626,0.14090408,0.15539892,2.22036839,0.00000000,0.00000000,0.08689447,2.14676309,0.24814838,-0.25079274,2.71624494,0.00000000,0.00000000
-0.07556253,-2.10829806,0.14343193,0.15645514,2.24135590,0.00000000,0.00000000,0.08403173,2.14801669,0.24516995,-0.24937794,2.75626230,0.00000000,0.00000000
-0.08243689,-2.11007571,0.14593238,0.15750287,2.26432133,0.00000000,0.00000000,0.08079890,2.14886928,0.24237894,-0.24806541,2.78994632,0.00000000,0.00000000
-0.08945985,-2.11164427,0.14839821,0.15850617,2.27974439,0.00000000,0.00000000,0.07735249,2.14929676,0.23971975,-0.24681172,2.82421803,0.00000000,0.00000000
-0.09651436,-2.11300898,0.15081257,0.15947336,2.29185534,0.00000000,0.00000000,0.07378870,2.14931750,0.23714775,-0.24558021,2.86223888,0.00000000,0.00000000
-0.10344580,-2.11415195,0.15315238,0.16044308,2.31302667,0.00000000,0.00000000,0.07019509,2.14892864,0.23462211,-0.24435467,2.87979317,0.00000000,0.00000000
-0.11010012,-2.11502266,0.15539189,0.16147824,2.32474518,0.00000000,0.00000000,0.06668047,2.14815092,0.23211014,-0.24311723,2.87979317,0.00000000,0.00000000
-0.11631704,-2.11560130,0.15750636,0.16261260,2.32991219,0.00000000,0.00000000,0.06329133,2.14704490,0.22960681,-0.24185525,2.87979317,0.00000000,0.00000000
-0.12196892,-2.11588383,0.15947555,0.16385815,2.33592439,0.00000000,0.00000000,0.06008485,2.14566398,0.22711855,-0.24057634,2.87979317,0.00000000,0.00000000
-0.12694772,-2.11588836,0.16128115,0.16520438,2.33544803,0.00000000,0.00000000,0.05709697,2.14410329,0.22466648,-0.23927861,2.87979317,0.00000000,0.00000000
-0.13116769,-2.11565161,0.16290939,0.16661818,2.33191419,0.00000000,0.00000000,0.05429348,2.14245248,0.22228427,-0.23796235,2.87979317,0.00000000,0.00000000
-0.13460149,-2.11526084,0.16435620,0.16803655,2.32391262,0.00000000,0.00000000,0.05163826,2.14075398,0.22000259,-0.23664464,2.87979317,0.00000000,0.00000000
-0.13729531,-2.11480474,0.16562694,0.16940120,2.31427193,0.00000000,0.00000000,0.04913227,2.13902831,0.21784337,-0.23534493,2.87979317,0.00000000,0.00000000
-0.13925925,-2.11435056,0.16672392,0.17066115,2.30482459,0.00000000,0.00000000,0.04675273,2.13731384,0.21582611,-0.23407552,2.87979317,0.00000000,0.00000000
-0.14049949,-2.11397409,0.16765088,0.17176458,2.30944777,0.00000000,0.00000000,0.04446804,2.13564801,0.21396327,-0.23285034,2.87979317,0.00000000,0.00000000
-0.14104478,-2.11368680,0.16841593,0.17270455,2.30428123,0.00000000,0.00000000,0.04227674,2.13403511,0.21225491,-0.23169646,2.87979317,0.00000000,0.00000000
-0.14095278,-2.11353469,0.16903466,0.17345351,2.28650355,0.00000000,0.00000000,0.04024049,2.13247180,0.21068460,-0.23063511,2.87979317,0.00000000,0.00000000
-0.14028643,-2.11358881,0.16952813,0.17397138,2.25976324,0.00000000,0.00000000,0.03841058,2.13096094,0.20923471,-0.22968282,2.87979317,0.00000000,0.00000000
-0.13914032,-2.11387467,0.16992542,0.17425172,2.24418044,0.00000000,0.00000000,0.03683273,2.12952709,0.20789038,-0.22884098,2.87979317,0.00000000,0.00000000
-0.13764565,-2.11436749,0.17026184,0.17432432,2.22515154,0.00000000,0.00000000,0.03555968,2.12820697,0.20663951,-0.22809736,2.87979317,0.00000000,0.00000000
-0.13587552,-2.11503530,0.17056070,0.17422055,2.21110511,0.00000000,0.00000000,0.03462681,2.12703776,0.20547505,-0.22743413,2.87979317,0.00000000,0.00000000
-0.13385260,-2.11582565,0.17083038,0.17398545,2.07123899,0.00000000,0.00000000,0.03403132,2.12604976,0.20439613,-0.22683142,2.86141849,0.00000000,0.00000000
-0.13160588,-2.11666131,0.17107160,0.17367814,1.92487395,0.00000000,0.00000000,0.03372320,2.12526488,0.20340978,-0.22627242,2.68120337,0.00000000,0.00000000
-0.12914976,-2.11746788,0.17127608,0.17334622,1.78258193,0.00000000,0.00000000,0.03362121,2.12468028,0.20252612,-0.22575323,2.50004172,0.00000000,0.00000000
-0.12655216,-2.11815786,0.17143483,0.17304306,1.64522326,0.00000000,0.00000000,0.03368451,2.12425828,0.20174973,-0.22528854,2.33013129,0.00000000,0.00000000
-0.12389717,-2.11874127,0.17153908,0.17275128,1.50368989,0.00000000,0.00000000,0.03384262,2.12396216,0.20109186,-0.22489803,2.15792584,0.00000000,0.00000000
-0.12135919,-2.11925840,0.17158869,0.17243809,1.36655843,0.00000000,0.00000000,0.03403598,2.12377357,0.20056778,-0.22458994,1.99470997,0.00000000,0.00000000
-0.11917330,-2.11970830,0.17158914,0.17211625,1.23021638,0.00000000,0.00000000,0.03416713,2.12366199,0.20020066,-0.22438288,1.82818294,0.00000000,0.00000000
-0.11772392,-2.11998510,0.17156117,0.17189166,1.10359538,0.00000000,0.00000000,0.03416731,2.12360239,0.20001267,-0.22428691,1.65622044,0.00000000,0.00000000
