l_joint1,l_joint2,l_joint3,l_joint4,l_joint5,l_joint6,l_joint7,r_joint1,r_joint2,r_joint3,r_joint4,r_joint5,r_joint6,r_joint7
-0.03225557,-2.09300375,0.45084170,0.23081155,-0.02848929,0.00000000,0.00000000,-0.04253976,2.15731263,-0.22416364,-0.19187346,-0.05224936,0.00000000,0.00000000
-0.03240337,-2.09306765,0.45056230,0.23075023,-0.03719012,0.00000000,0.00000000,-0.04257363,2.15737391,-0.22460176,-0.19186391,-0.05238283,0.00000000,0.00000000
-0.03270728,-2.09322834,0.45002228,0.23062031,-0.04700003,0.00000000,0.00000000,-0.04260363,2.15751719,-0.22545527,-0.19183879,-0.05353481,0.00000000,0.00000000
-0.03311183,-2.09344602,0.44920748,0.23042896,-0.04254525,0.00000000,0.00000000,-0.04266592,2.15772367,-0.22671880,-0.19180109,-0.06757573,0.00000000,0.00000000
-0.03354184,-2.09363556,0.44809893,0.23019786,-0.04605510,0.00000000,0.00000000,-0.04282182,2.15792942,-0.22838190,-0.19176713,-0.07457995,0.00000000,0.00000000
-0.03393810,-2.09372139,0.44667912,0.22994061,-0.06089775,0.00000000,0.00000000,-0.04312585,2.15808225,-0.23043750,-0.19175056,-0.08046953,0.00000000,0.00000000
-0.03438972,-2.09376669,0.44495562,0.22963846,-0.08879366,0.00000000,0.00000000,-0.04349566,2.15824795,-0.23290059,-0.19173352,-0.08691802,0.00000000,0.00000000
-0.03494978,-2.09379673,0.44292718,0.22927737,-0.12595442,0.00000000,0.00000000,-0.04388386,2.15846157,-0.23578326,-0.19170399,-0.07604431,0.00000000,0.00000000
-0.03551498,-2.09369969,0.44056296,0.22886245,-0.14887723,0.00000000,0.00000000,-0.04438617,2.15862823,-0.23907925,-0.19168290,-0.06687006,0.00000000,0.00000000
-0.03612203,-2.09344959,0.43785408,0.22839607,-0.17563707,0.00000000,0.00000000,-0.04497842,2.15874887,-0.24280164,-0.19166541,-0.05264292,0.00000000,0.00000000
-0.03673719,-2.09310699,0.43478760,0.22782040,-0.20139782,0.00000000,0.00000000,-0.04568999,2.15876698,-0.24695912,-0.19166534,-0.04836376,0.00000000,0.00000000
-0.03737271,-2.09271431,0.43135574,0.22709619,-0.23894438,0.00000000,0.00000000,-0.04651964,2.15868306,-0.25156629,-0.19168319,-0.04554104,0.00000000,0.00000000
-0.03804177,-2.09227753,0.42754981,0.22619580,-0.28568393,0.00000000,0.00000000,-0.04746265,2.15852332,-0.25664052,-0.19171678,-0.04268899,0.00000000,0.00000000
-0.03874227,-2.09178638,0.42335859,0.22508867,-0.34615025,0.00000000,0.00000000,-0.04852922,2.15830183,-0.26220030,-0.19177198,-0.03049954,0.00000000,0.00000000
-0.03946916,-2.09120917,0.41876850,0.22373986,-0.40766564,0.00000000,0.00000000,-0.04973342,2.15801573,-0.26826596,-0.19186385,-0.01701083,0.00000000,0.00000000
-0.04022865,-2.09049726,0.41376543,0.22210546,-0.45411465,0.00000000,0.00000000,-0.05106890,2.15766430,-0.27486169,-0.19201252,-0.00952450,0.00000000,0.00000000
-0.04104218,-2.08957410,0.40833515,0.22013144,-0.49143726,0.00000000,0.00000000,-0.05250982,2.15727520,-0.28201404,-0.19223584,0.00679816,0.00000000,0.00000000
-0.04192556,-2.08837390,0.40246317,0.21772254,-0.52517241,0.00000000,0.00000000,-0.05407391,2.15686131,-0.28974107,-0.19255711,0.01220756,0.00000000,0.00000000
-0.04290752,-2.08683801,0.39613694,0.21474361,-0.57324612,0.00000000,0.00000000,-0.05579910,2.15642309,-0.29805458,-0.19300416,0.02267718,0.00000000,0.00000000
-0.04405870,-2.08492851,0.38935015,0.21101420,-0.60659021,0.00000000,0.00000000,-0.05768406,2.15597320,-0.30697072,-0.19360776,0.03645787,0.00000000,0.00000000
-0.04541410,-2.08260894,0.38209158,0.20628941,-0.63092208,0.00000000,0.00000000,-0.05974327,2.15551949,-0.31650609,-0.19440974,0.04368019,0.00000000,0.00000000
-0.04699891,-2.07971811,0.37434283,0.20032658,-0.64834553,0.00000000,0.00000000,-0.06199608,2.15508723,-0.32668069,-0.19546120,0.04435709,0.00000000,0.00000000
-0.04886176,-2.07610321,0.36609262,0.19280541,-0.66350454,0.00000000,0.00000000,-0.06444588,2.15472507,-0.33751997,-0.19682506,0.03923573,0.00000000,0.00000000
-0.05108581,-2.07158518,0.35733959,0.18333131,-0.68868983,0.00000000,0.00000000,-0.06711174,2.15447783,-0.34904882,-0.19858651,0.03914481,0.00000000,0.00000000
-0.05373576,-2.06591439,0.34808674,0.17142776,-0.71148109,0.00000000,0.00000000,-0.07004358,2.15438867,-0.36129281,-0.20086130,0.03091288,0.00000000,0.00000000
-0.05687990,-2.05881023,0.33834764,0.15649432,-0.73920816,0.00000000,0.00000000,-0.07330803,2.15452552,-0.37428367,-0.20380062,0.03515729,0.00000000,0.00000000
-0.06063351,-2.04985356,0.32815057,0.13785389,-0.76169008,0.00000000,0.00000000,-0.07696863,2.15499854,-0.38806477,-0.20760247,0.02658167,0.00000000,0.00000000
-0.06517780,-2.03839207,0.31754282,0.11480212,-0.79829776,0.00000000,0.00000000,-0.08111742,2.15593195,-0.40268427,-0.21254085,0.02521259,0.00000000,0.00000000
-0.07070415,-2.02352190,0.30659115,0.08661392,-0.82210320,0.00000000,0.00000000,-0.08588901,2.15742803,-0.41818932,-0.21901110,0.03415224,0.00000000,0.00000000
-0.07728653,-2.00417113,0.29538104,0.05249849,-0.84879100,0.00000000,0.00000000,-0.09148787,2.15954924,-0.43462566,-0.22758943,0.04528866,0.00000000,0.00000000
-0.08492463,-1.97924149,0.28403115,0.01159463,-0.88520646,0.00000000,0.00000000,-0.09816604,2.16226625,-0.45204312,-0.23913784,0.07213861,0.00000000,0.00000000
-0.09387600,-1.94752634,0.27270672,-0.03680715,-0.92676628,0.00000000,0.00000000,-0.10601584,2.16534495,-0.47051841,-0.25500757,0.10406796,0.00000000,0.00000000
-0.10506833,-1.90736163,0.26160070,-0.09286015,-0.95474541,0.00000000,0.00000000,-0.11498092,2.16808796,-0.49012363,-0.27720720,0.13820750,0.00000000,0.00000000
-0.11932037,-1.85715413,0.25094065,-0.15649860,-0.97911221,0.00000000,0.00000000,-0.12575018,2.16960716,-0.51080549,-0.30792409,0.16616209,0.00000000,0.00000000
-0.13585021,-1.79771376,0.24102041,-0.22906704,-0.99397337,0.00000000,0.00000000,-0.13982376,2.16997766,-0.53234094,-0.34910107,0.19289216,0.00000000,0.00000000
-0.15605330,-1.72791874,0.23198664,-0.31013444,-1.00297320,0.00000000,0.00000000,-0.15832672,2.16996336,-0.55425280,-0.40290454,0.21928397,0.00000000,0.00000000
-0.18191472,-1.64706182,0.22387509,-0.39918283,-1.00336027,0.00000000,0.00000000,-0.18226700,2.16934395,-0.57597339,-0.47092089,0.23775814,0.00000000,0.00000000
-0.21496175,-1.55587530,0.21662384,-0.49628285,-1.00349522,0.00000000,0.00000000,-0.21269819,2.16655040,-0.59706384,-0.55353218,0.25823373,0.00000000,0.00000000
-0.25677663,-1.45544481,0.20995459,-0.60126513,-0.98023307,0.00000000,0.00000000,-0.24974781,2.16022968,-0.61743903,-0.65072364,0.26358363,0.00000000,0.00000000
-0.30824268,-1.34685278,0.20359312,-0.71354467,-0.95897722,0.00000000,0.00000000,-0.29308572,2.14991236,-0.63707727,-0.76259363,0.26779038,0.00000000,0.00000000
-0.36983714,-1.23176765,0.19692679,-0.83224308,-0.93325269,0.00000000,0.00000000,-0.34308559,2.13640141,-0.65625423,-0.88689953,0.26062408,0.00000000,0.00000000
-0.44284987,-1.11240363,0.18845971,-0.95595384,-0.90128952,0.00000000,0.00000000,-0.39957735,2.11942959,-0.67514652,-1.01885748,0.25474966,0.00000000,0.00000000
-0.52602696,-0.99265903,0.17760797,-1.08390331,-0.88426137,0.00000000,0.00000000,-0.45940372,2.09169531,-0.69236946,-1.15605831,0.25364131,0.00000000,0.00000000
-0.61820471,-0.87668693,0.16319938,-1.21440029,-0.86218220,0.00000000,0.00000000,-0.52039909,2.04817557,-0.70662749,-1.29495370,0.25851491,0.00000000,0.00000000
-0.71732903,-0.76858890,0.14445522,-1.34465969,-0.84755731,0.00000000,0.00000000,-0.58283758,1.98960781,-0.71771139,-1.43012929,0.26679477,0.00000000,0.00000000
-0.82039517,-0.67145580,0.12135731,-1.47118473,-0.84719688,0.00000000,0.00000000,-0.64640397,1.91695499,-0.72534597,-1.55866349,0.26601419,0.00000000,0.00000000
-0.92332292,-0.58817440,0.09521656,-1.59184217,-0.84742224,0.00000000,0.00000000,-0.70997822,1.83039284,-0.72823703,-1.67939937,0.27881381,0.00000000,0.00000000
-1.02233565,-0.52066380,0.06729283,-1.70538998,-0.82791209,0.00000000,0.00000000,-0.77197933,1.73092079,-0.72527766,-1.79118574,0.28575364,0.00000000,0.00000000
-1.11450791,-0.46956378,0.03819072,-1.81063879,-0.84293312,0.00000000,0.00000000,-0.83028001,1.62081718,-0.71654022,-1.89277458,0.29996011,0.00000000,0.00000000
-1.19760096,-0.43509287,0.00814565,-1.90691388,-0.84871864,0.00000000,0.00000000,-0.88179988,1.50394797,-0.70352852,-1.98313475,0.30847731,0.00000000,0.00000000
-1.26988173,-0.41692045,-0.02260532,-1.99379730,-0.85847336,0.00000000,0.00000000,-0.92191744,1.38592231,-0.68873674,-2.06154251,0.31555587,0.00000000,0.00000000
-1.32982445,-0.41397423,-0.05326572,-2.07097411,-0.87590879,0.00000000,0.00000000,-0.94635427,1.27180648,-0.67496526,-2.12754846,0.30639929,0.00000000,0.00000000
-1.37660575,-0.42375830,-0.08248699,-2.13772702,-0.85890782,0.00000000,0.00000000,-0.95520937,1.16322076,-0.66460699,-2.18089461,0.29092434,0.00000000,0.00000000
-1.41235316,-0.44262704,-0.10854376,-2.19249892,-0.83841640,0.00000000,0.00000000,-0.95228046,1.06029677,-0.65915507,-2.22096753,0.27899143,0.00000000,0.00000000
-1.44385934,-0.46868065,-0.12960362,-2.23251200,-0.80935502,0.00000000,0.00000000,-0.94204694,0.96365780,-0.65916657,-2.24644613,0.26384854,0.00000000,0.00000000
-1.47667003,-0.50210279,-0.14394887,-2.25418973,-0.78169686,0.00000000,0.00000000,-0.92781478,0.87408561,-0.66407144,-2.25751328,0.24564552,0.00000000,0.00000000
-1.51167285,-0.54132897,-0.15048324,-2.25966311,-0.75661105,0.00000000,0.00000000,-0.91148245,0.79269767,-0.67231095,-2.25986385,0.23071957,0.00000000,0.00000000
-1.54803538,-0.58284467,-0.14895824,-2.25999975,-0.73052120,0.00000000,0.00000000,-0.89425540,0.72143811,-0.68213439,-2.25999975,0.22306870,0.00000000,0.00000000
-1.58487725,-0.62304562,-0.13968469,-2.25999975,-0.69815063,0.00000000,0.00000000,-0.87716722,0.66233891,-0.69220370,-2.25999975,0.20447139,0.00000000,0.00000000
-1.62152100,-0.65913856,-0.12331876,-2.25999975,-0.66976607,0.00000000,0.00000000,-0.86101115,0.61684972,-0.70150822,-2.25999975,0.19102231,0.00000000,0.00000000
-1.65753627,-0.68903923,-0.10069431,-2.25999975,-0.63750386,0.00000000,0.00000000,-0.84654891,0.58607376,-0.70955557,-2.25999975,0.17485771,0.00000000,0.00000000
-1.69262421,-0.71121627,-0.07257602,-2.25999975,-0.59108019,0.00000000,0.00000000,-0.83464146,0.57101250,-0.71650988,-2.25999975,0.17750078,0.00000000,0.00000000
-1.72651958,-0.72484010,-0.03948658,-2.25999975,-0.55277020,0.00000000,0.00000000,-0.82579982,0.57239890,-0.72270441,-2.25999975,0.19124533,0.00000000,0.00000000
-1.75898755,-0.72958964,-0.00167133,-2.25999975,-0.52232563,0.00000000,0.00000000,-0.82022345,0.59116316,-0.72876102,-2.25999975,0.18706606,0.00000000,0.00000000
-1.78991771,-0.72521675,0.04080750,-2.25999975,-0.48986682,0.00000000,0.00000000,-0.81774449,0.62903214,-0.73562187,-2.25999975,0.18651120,0.00000000,0.00000000
-1.81942022,-0.71070349,0.08790591,-2.25999975,-0.45396879,0.00000000,0.00000000,-0.81744099,0.68916291,-0.74418032,-2.25999975,0.19684371,0.00000000,0.00000000
-1.84747052,-0.68262696,0.13924883,-2.25999975,-0.42898104,0.00000000,0.00000000,-0.81745517,0.76933020,-0.75510055,-2.25999975,0.21515745,0.00000000,0.00000000
-1.87260628,-0.63861632,0.19395646,-2.25999975,-0.41617909,0.00000000,0.00000000,-0.81620723,0.85286885,-0.76863348,-2.25999975,0.22073467,0.00000000,0.00000000
-1.89194095,-0.58539283,0.25130290,-2.25999975,-0.39101443,0.00000000,0.00000000,-0.81458133,0.93140352,-0.78400552,-2.25999975,0.23538108,0.00000000,0.00000000
-1.90365005,-0.53008014,0.31028858,-2.25999975,-0.37527543,0.00000000,0.00000000,-0.81451774,1.00308776,-0.80025345,-2.25999975,0.25053370,0.00000000,0.00000000
-1.90705693,-0.47798252,0.36957508,-2.25999975,-0.36915255,0.00000000,0.00000000,-0.81779283,1.06721461,-0.81649464,-2.25999975,0.26331478,0.00000000,0.00000000
-1.90230727,-0.43367711,0.42748943,-2.25999975,-0.37076294,0.00000000,0.00000000,-0.82535994,1.12286735,-0.83152789,-2.25999975,0.27581015,0.00000000,0.00000000
-1.89052963,-0.40015495,0.48182070,-2.25999975,-0.40747795,0.00000000,0.00000000,-0.83721280,1.16795969,-0.84405810,-2.25999975,0.27217111,0.00000000,0.00000000
-1.87405491,-0.38018748,0.52979946,-2.25999975,-0.43412107,0.00000000,0.00000000,-0.85240328,1.20034730,-0.85262448,-2.25999975,0.26896405,0.00000000,0.00000000
-1.85665894,-0.37624231,0.56774431,-2.25999975,-0.47214350,0.00000000,0.00000000,-0.86895162,1.21793580,-0.85550910,-2.25999975,0.26812890,0.00000000,0.00000000
-1.84268415,-0.38903645,0.59147900,-2.25999975,-0.50679469,0.00000000,0.00000000,-0.88445663,1.21878946,-0.85112202,-2.25999975,0.26007324,0.00000000,0.00000000
-1.83489847,-0.41629145,0.59811270,-2.25999975,-0.54948854,0.00000000,0.00000000,-0.89767200,1.20265555,-0.83869588,-2.25999975,0.24633622,0.00000000,0.00000000
-1.83276486,-0.45281217,0.58787894,-2.25999975,-0.61258358,0.00000000,0.00000000,-0.90941691,1.17174923,-0.81877089,-2.25999975,0.23438799,0.00000000,0.00000000
-1.83319354,-0.49224758,0.56382251,-2.25999975,-0.68480605,0.00000000,0.00000000,-0.92187554,1.12958324,-0.79313296,-2.25999975,0.22488710,0.00000000,0.00000000
-1.83306587,-0.53017062,0.52974635,-2.25999975,-0.75757807,0.00000000,0.00000000,-0.93726277,1.07932758,-0.76427418,-2.25999975,0.20566037,0.00000000,0.00000000
-1.83038783,-0.56556314,0.48902518,-2.25999975,-0.82337058,0.00000000,0.00000000,-0.95714450,1.02329421,-0.73484629,-2.25999975,0.17596644,0.00000000,0.00000000
-1.82358599,-0.59915918,0.44480163,-2.25999975,-0.90681344,0.00000000,0.00000000,-0.98223394,0.96289039,-0.70729131,-2.25999975,0.15139908,0.00000000,0.00000000
-1.81132162,-0.63221538,0.39993170,-2.25999975,-0.96221542,0.00000000,0.00000000,-1.01235414,0.89889306,-0.68357211,-2.25999975,0.14060821,0.00000000,0.00000000
-1.79276550,-0.66561377,0.35666737,-2.25999975,-1.02688169,0.00000000,0.00000000,-1.04646194,0.83179933,-0.66503149,-2.25999975,0.14789191,0.00000000,0.00000000
-1.76797199,-0.69871342,0.31631884,-2.25999975,-1.08364141,0.00000000,0.00000000,-1.08209467,0.76218891,-0.65168840,-2.25999975,0.14013539,0.00000000,0.00000000
-1.73776436,-0.72780418,0.27948985,-2.25999975,-1.14048707,0.00000000,0.00000000,-1.11617601,0.69620246,-0.64187419,-2.25999975,0.12885872,0.00000000,0.00000000
-1.70355821,-0.74772251,0.24632215,-2.25999975,-1.19161570,0.00000000,0.00000000,-1.14754331,0.64774841,-0.63278162,-2.25999975,0.10088559,0.00000000,0.00000000
-1.66737461,-0.75905097,0.21604861,-2.25999975,-1.23645830,0.00000000,0.00000000,-1.17676103,0.61644351,-0.62211424,-2.25999975,0.07984570,0.00000000,0.00000000
-1.63045442,-0.76553285,0.18779831,-2.25999975,-1.28303885,0.00000000,0.00000000,-1.20423925,0.59586895,-0.60810935,-2.25999975,0.06104026,0.00000000,0.00000000
-1.59351110,-0.77012813,0.16071628,-2.25999975,-1.32795858,0.00000000,0.00000000,-1.23010457,0.58209068,-0.58952391,-2.25999975,0.06054848,0.00000000,0.00000000
-1.55726993,-0.77480942,0.13382834,-2.25999975,-1.37456596,0.00000000,0.00000000,-1.25456655,0.57336944,-0.56574547,-2.25999975,0.07513183,0.00000000,0.00000000
-1.52225459,-0.78099799,0.10632091,-2.25999975,-1.41949034,0.00000000,0.00000000,-1.27811360,0.56938982,-0.53685242,-2.25999975,0.07576770,0.00000000,0.00000000
-1.48844790,-0.78948379,0.07785500,-2.25999975,-1.47585618,0.00000000,0.00000000,-1.30167687,0.57113683,-0.50373912,-2.25999975,0.07993885,0.00000000,0.00000000
-1.45517468,-0.80026275,0.04866690,-2.25999975,-1.54039133,0.00000000,0.00000000,-1.32644844,0.58105838,-0.46808887,-2.25999975,0.08151080,0.00000000,0.00000000
-1.42160153,-0.81203747,0.01914091,-2.25999975,-1.61302340,0.00000000,0.00000000,-1.35156393,0.60004508,-0.43256795,-2.25999975,0.09567159,0.00000000,0.00000000
-1.38741291,-0.82203817,-0.01042884,-2.25999975,-1.68635798,0.00000000,0.00000000,-1.37246311,0.62340105,-0.40034768,-2.25999975,0.11194316,0.00000000,0.00000000
-1.35194325,-0.82760596,-0.03866390,-2.25999975,-1.74872911,0.00000000,0.00000000,-1.38793385,0.64944112,-0.37253952,-2.25999975,0.13439469,0.00000000,0.00000000
-1.31443322,-0.82787299,-0.06439994,-2.25999975,-1.79759252,0.00000000,0.00000000,-1.39938819,0.67877895,-0.34962061,-2.25999975,0.17585310,0.00000000,0.00000000
-1.27438998,-0.82242614,-0.08725256,-2.25999975,-1.84976447,0.00000000,0.00000000,-1.40839148,0.71145040,-0.33187649,-2.25999975,0.20099939,0.00000000,0.00000000
-1.23184764,-0.81126118,-0.10764852,-2.25999975,-1.89956236,0.00000000,0.00000000,-1.41610110,0.74621195,-0.31905982,-2.25999975,0.19891272,0.00000000,0.00000000
-1.18746626,-0.79694211,-0.12681997,-2.25999975,-1.95536828,0.00000000,0.00000000,-1.42340302,0.78197020,-0.31065580,-2.25999975,0.19275066,0.00000000,0.00000000
-1.14225829,-0.78323317,-0.14644206,-2.25999975,-1.98891068,0.00000000,0.00000000,-1.43063521,0.81641001,-0.30568317,-2.25999975,0.19231389,0.00000000,0.00000000
-1.09803927,-0.77407306,-0.16896233,-2.25999975,-2.02584291,0.00000000,0.00000000,-1.43716455,0.84563720,-0.30238467,-2.25999975,0.18855147,0.00000000,0.00000000
-1.05736232,-0.77226019,-0.19741996,-2.25999975,-2.05478263,0.00000000,0.00000000,-1.44173038,0.86535686,-0.29864883,-2.25999975,0.18996109,0.00000000,0.00000000
-1.02209449,-0.77802294,-0.23395060,-2.25999975,-2.07535148,0.00000000,0.00000000,-1.44365978,0.87291759,-0.29321417,-2.25999975,0.19723834,0.00000000,0.00000000
-0.99215424,-0.78890049,-0.27851927,-2.25999975,-2.09222007,0.00000000,0.00000000,-1.44373930,0.86835748,-0.28651190,-2.25999975,0.20456721,0.00000000,0.00000000
-0.96609110,-0.80079687,-0.32956889,-2.25999975,-2.09199595,0.00000000,0.00000000,-1.44377649,0.85367674,-0.28025660,-2.25999975,0.20615742,0.00000000,0.00000000
-0.94188511,-0.80986959,-0.38493401,-2.25999975,-2.09606528,0.00000000,0.00000000,-1.44544005,0.83127451,-0.27634025,-2.25999975,0.19224642,0.00000000,0.00000000
-0.91718471,-0.81354082,-0.44219464,-2.25999975,-2.09960341,0.00000000,0.00000000,-1.44961882,0.80283070,-0.27620238,-2.25999975,0.17963973,0.00000000,0.00000000
-0.88961685,-0.80976176,-0.49908835,-2.25999975,-2.08861566,0.00000000,0.00000000,-1.45643270,0.76930952,-0.28080121,-2.25999975,0.18325657,0.00000000,0.00000000
-0.85726798,-0.79569036,-0.55408448,-2.25999975,-2.06176877,0.00000000,0.00000000,-1.46490979,0.73205405,-0.29018769,-2.25999975,0.17923522,0.00000000,0.00000000
-0.81883669,-0.76678157,-0.60651058,-2.25999975,-2.02174568,0.00000000,0.00000000,-1.47293520,0.69489491,-0.30291504,-2.25999975,0.19478136,0.00000000,0.00000000
-0.77388173,-0.72036320,-0.65627402,-2.25999975,-1.98074639,0.00000000,0.00000000,-1.47895110,0.66486311,-0.31618261,-2.25999975,0.21980743,0.00000000,0.00000000
-0.72374856,-0.66382873,-0.70385718,-2.25999975,-1.94225931,0.00000000,0.00000000,-1.48353052,0.64437681,-0.32727006,-2.25999975,0.23953526,0.00000000,0.00000000
-0.67082489,-0.60878474,-0.74968749,-2.25999975,-1.90978026,0.00000000,0.00000000,-1.48680055,0.62951118,-0.33418313,-2.25999975,0.25757894,0.00000000,0.00000000
-0.61729628,-0.56181723,-0.79394996,-2.25999975,-1.87167776,0.00000000,0.00000000,-1.48864877,0.61629957,-0.33577845,-2.25999975,0.26852787,0.00000000,0.00000000
-0.56492758,-0.52600360,-0.83685803,-2.25999975,-1.86510932,0.00000000,0.00000000,-1.48959005,0.60249609,-0.33182165,-2.25999975,0.27936015,0.00000000,0.00000000
-0.51518291,-0.50340080,-0.87885278,-2.25999975,-1.85002041,0.00000000,0.00000000,-1.49067104,0.58705932,-0.32269487,-2.25999975,0.27912939,0.00000000,0.00000000
-0.46907061,-0.49562812,-0.92044157,-2.25999975,-1.81639004,0.00000000,0.00000000,-1.49315715,0.56994301,-0.30901739,-2.25999975,0.28269956,0.00000000,0.00000000
-0.42672226,-0.50399113,-0.96172810,-2.25999975,-1.79894733,0.00000000,0.00000000,-1.49866366,0.55194235,-0.29176337,-2.25999975,0.28634647,0.00000000,0.00000000
-0.38735861,-0.52955157,-1.00235879,-2.25999975,-1.78611088,0.00000000,0.00000000,-1.50900435,0.53450882,-0.27212563,-2.25999975,0.28659305,0.00000000,0.00000000
-0.34937218,-0.57320184,-1.04161465,-2.25999975,-1.79063070,0.00000000,0.00000000,-1.52599263,0.51943153,-0.25137475,-2.25999975,0.27251682,0.00000000,0.00000000
-0.31064567,-0.63575208,-1.07876563,-2.25999975,-1.79152250,0.00000000,0.00000000,-1.55130863,0.50934684,-0.23070642,-2.25999975,0.25154006,0.00000000,0.00000000
-0.26909262,-0.71740007,-1.11357582,-2.25999975,-1.78271067,0.00000000,0.00000000,-1.58338630,0.50691634,-0.21148778,-2.25999975,0.22934437,0.00000000,0.00000000
-0.22318137,-0.81788176,-1.14668977,-2.25999975,-1.77503693,0.00000000,0.00000000,-1.61421537,0.51117116,-0.19590868,-2.25999975,0.18647875,0.00000000,0.00000000
-0.17198122,-0.93808949,-1.17918444,-2.25999975,-1.78118241,0.00000000,0.00000000,-1.64044714,0.52325249,-0.18568970,-2.25999975,0.15707697,0.00000000,0.00000000
-0.11543183,-1.07467210,-1.21167493,-2.25999975,-1.77863777,0.00000000,0.00000000,-1.66169834,0.54185659,-0.18103723,-2.25999975,0.13674578,0.00000000,0.00000000
-0.05477964,-1.21887410,-1.24435270,-2.25999975,-1.78482389,0.00000000,0.00000000,-1.67808521,0.56608075,-0.18137941,-2.25999975,0.11092082,0.00000000,0.00000000
0.00745864,-1.35970283,-1.27703524,-2.25984478,-1.79704893,0.00000000,0.00000000,-1.68993545,0.59537482,-0.18593980,-2.25999975,0.09545731,0.00000000,0.00000000
0.06723036,-1.48704195,-1.30914676,-2.25741410,-1.78205001,0.00000000,0.00000000,-1.69766891,0.62845629,-0.19384678,-2.25999975,0.07563476,0.00000000,0.00000000
0.12011900,-1.59358549,-1.33929837,-2.24891901,-1.77185035,0.00000000,0.00000000,-1.70153928,0.66358113,-0.20394900,-2.25999975,0.05617904,0.00000000,0.00000000
0.16256939,-1.67513382,-1.36591756,-2.23705149,-1.77241063,0.00000000,0.00000000,-1.70130754,0.69811928,-0.21460047,-2.25999975,0.03229085,0.00000000,0.00000000
0.19218765,-1.72957242,-1.38776243,-2.22672844,-1.76983774,0.00000000,0.00000000,-1.69600761,0.72856355,-0.22356609,-2.25999975,0.00256717,0.00000000,0.00000000
0.20740309,-1.75592828,-1.40445912,-2.22172093,-1.75167489,0.00000000,0.00000000,-1.68456209,0.75138426,-0.22876641,-2.25999975,-0.02115726,0.00000000,0.00000000
0.20762758,-1.75387061,-1.41705596,-2.22380233,-1.72064912,0.00000000,0.00000000,-1.66667902,0.76497912,-0.22924012,-2.25999975,-0.02946090,0.00000000,0.00000000
0.19390567,-1.72353554,-1.42753577,-2.23218513,-1.67159748,0.00000000,0.00000000,-1.64340234,0.77043319,-0.22566712,-2.25999975,-0.04650196,0.00000000,0.00000000
0.16926950,-1.66560745,-1.43764722,-2.24358845,-1.61588109,0.00000000,0.00000000,-1.61659372,0.77011716,-0.21978165,-2.25999975,-0.07125440,0.00000000,0.00000000
0.13837560,-1.58157659,-1.44771707,-2.25352788,-1.54226077,0.00000000,0.00000000,-1.58852816,0.76567543,-0.21390700,-2.25999975,-0.09756243,0.00000000,0.00000000
0.10639971,-1.47383869,-1.45660758,-2.25871277,-1.48134589,0.00000000,0.00000000,-1.56151783,0.75749218,-0.21054676,-2.25999975,-0.13812521,0.00000000,0.00000000
0.07769459,-1.34575403,-1.46273732,-2.25992727,-1.45811260,0.00000000,0.00000000,-1.53756833,0.74526507,-0.21203104,-2.25999975,-0.19574815,0.00000000,0.00000000
0.05530314,-1.20201862,-1.46495223,-2.25999975,-1.43232656,0.00000000,0.00000000,-1.51791406,0.72902042,-0.22004214,-2.25999975,-0.22883192,0.00000000,0.00000000
0.04099006,-1.04896855,-1.46291387,-2.25999975,-1.40033150,0.00000000,0.00000000,-1.50229824,0.71004552,-0.23475482,-2.25999975,-0.27592707,0.00000000,0.00000000
0.03486749,-0.89489150,-1.45724094,-2.25999975,-1.36892259,0.00000000,0.00000000,-1.48931432,0.69179314,-0.25407368,-2.25999975,-0.31510803,0.00000000,0.00000000
0.03567267,-0.74933660,-1.44863737,-2.25999975,-1.35679626,0.00000000,0.00000000,-1.47815835,0.67739290,-0.27438715,-2.25999975,-0.35621622,0.00000000,0.00000000
0.04110050,-0.61997837,-1.43821716,-2.25999975,-1.35610640,0.00000000,0.00000000,-1.46780407,0.66474366,-0.29258230,-2.25999975,-0.40876004,0.00000000,0.00000000
0.04907953,-0.51167178,-1.42730701,-2.25999975,-1.35425770,0.00000000,0.00000000,-1.45701468,0.65113670,-0.30650559,-2.25999975,-0.45880428,0.00000000,0.00000000
0.05792958,-0.42741871,-1.41732335,-2.25999975,-1.35249329,0.00000000,0.00000000,-1.44540036,0.63526726,-0.31514546,-2.25999975,-0.50102949,0.00000000,0.00000000
0.06618911,-0.36907360,-1.40966761,-2.25999975,-1.34805930,0.00000000,0.00000000,-1.43355477,0.61677766,-0.31846911,-2.25999975,-0.52244294,0.00000000,0.00000000
0.07281434,-0.33762464,-1.40533602,-2.25999975,-1.33762586,0.00000000,0.00000000,-1.42276180,0.59602779,-0.31708863,-2.25999975,-0.53690654,0.00000000,0.00000000
0.07725530,-0.33335027,-1.40467227,-2.25999975,-1.32569039,0.00000000,0.00000000,-1.41467094,0.57407951,-0.31195408,-2.25999975,-0.52959937,0.00000000,0.00000000
0.07962466,-0.35596493,-1.40706575,-2.25999975,-1.33149827,0.00000000,0.00000000,-1.41126072,0.55274653,-0.30437702,-2.25999975,-0.54342610,0.00000000,0.00000000
0.08085704,-0.40485045,-1.41088891,-2.25999975,-1.34662092,0.00000000,0.00000000,-1.41459095,0.53432310,-0.29584250,-2.25999975,-0.54115504,0.00000000,0.00000000
0.08260137,-0.47931275,-1.41387260,-2.25999975,-1.36942661,0.00000000,0.00000000,-1.42653930,0.52139604,-0.28780958,-2.25999975,-0.55034477,0.00000000,0.00000000
0.08679411,-0.57877821,-1.41391730,-2.25999975,-1.39440846,0.00000000,0.00000000,-1.44837093,0.51643348,-0.28148296,-2.25999975,-0.57195246,0.00000000,0.00000000
0.09502296,-0.70154029,-1.41004014,-2.25999975,-1.41750169,0.00000000,0.00000000,-1.47728860,0.51963878,-0.27815518,-2.25999975,-0.57982033,0.00000000,0.00000000
0.10804532,-0.84248739,-1.40282273,-2.25999975,-1.45373118,0.00000000,0.00000000,-1.50414741,0.52779597,-0.27944165,-2.25999975,-0.57666403,0.00000000,0.00000000
0.12638363,-0.99528205,-1.39351833,-2.25999975,-1.49292767,0.00000000,0.00000000,-1.52528548,0.54079777,-0.28559977,-2.25999975,-0.56603724,0.00000000,0.00000000
0.15039733,-1.15072787,-1.38384676,-2.25999975,-1.54006720,0.00000000,0.00000000,-1.54035068,0.56050026,-0.29601121,-2.25999975,-0.56600171,0.00000000,0.00000000
0.17993316,-1.29778850,-1.37590373,-2.25999975,-1.58539236,0.00000000,0.00000000,-1.54946625,0.58767712,-0.31002724,-2.25999975,-0.56787539,0.00000000,0.00000000
0.21343917,-1.42802763,-1.37181473,-2.25980043,-1.60218215,0.00000000,0.00000000,-1.55365765,0.62117493,-0.32750544,-2.25999975,-0.57530266,0.00000000,0.00000000
0.24748823,-1.53646088,-1.37296999,-2.25666094,-1.60167336,0.00000000,0.00000000,-1.55341148,0.65861982,-0.34748420,-2.25999975,-0.57656175,0.00000000,0.00000000
0.27727184,-1.62030482,-1.37935841,-2.24558783,-1.59041047,0.00000000,0.00000000,-1.54833972,0.69683141,-0.36801562,-2.25999975,-0.57963747,0.00000000,0.00000000
0.29777250,-1.67813742,-1.38975716,-2.23033357,-1.57712984,0.00000000,0.00000000,-1.53709984,0.73197824,-0.38627747,-2.25999975,-0.59466755,0.00000000,0.00000000
0.30503958,-1.70933175,-1.40265071,-2.21881962,-1.56681836,0.00000000,0.00000000,-1.51759553,0.75999290,-0.39896154,-2.25999975,-0.58403450,0.00000000,0.00000000
0.29695129,-1.71360946,-1.41741240,-2.21642470,-1.55777240,0.00000000,0.00000000,-1.48871183,0.77737910,-0.40411252,-2.25999975,-0.57980067,0.00000000,0.00000000
0.27405012,-1.69097412,-1.43424153,-2.22379994,-1.54715908,0.00000000,0.00000000,-1.45193708,0.78246874,-0.40276334,-2.25999975,-0.59282148,0.00000000,0.00000000
0.23997073,-1.64193261,-1.45301855,-2.23709249,-1.55683064,0.00000000,0.00000000,-1.41089416,0.77571851,-0.39843455,-2.25999975,-0.61344820,0.00000000,0.00000000
0.20059885,-1.56779087,-1.47254300,-2.25018692,-1.57364058,0.00000000,0.00000000,-1.36940837,0.75866836,-0.39519423,-2.25999975,-0.61891979,0.00000000,0.00000000
0.16246992,-1.47070193,-1.49062479,-2.25790834,-1.59996343,0.00000000,0.00000000,-1.33039725,0.73268479,-0.39655244,-2.25999975,-0.63398886,0.00000000,0.00000000
0.13102141,-1.35361934,-1.50518358,-2.25987864,-1.63196003,0.00000000,0.00000000,-1.29567754,0.69853723,-0.40525782,-2.25999975,-0.63154453,0.00000000,0.00000000
0.10954935,-1.22060084,-1.51518440,-2.25999975,-1.67664385,0.00000000,0.00000000,-1.26591301,0.65679848,-0.42321360,-2.25999975,-0.65175563,0.00000000,0.00000000
0.09949622,-1.07704723,-1.52046943,-2.25999975,-1.71933520,0.00000000,0.00000000,-1.23959696,0.60875607,-0.45032683,-2.25999975,-0.66893059,0.00000000,0.00000000
0.10031651,-0.92967379,-1.52179074,-2.25999975,-1.76801455,0.00000000,0.00000000,-1.21370006,0.55704522,-0.48417884,-2.25999975,-0.67610162,0.00000000,0.00000000
0.10934620,-0.78642446,-1.52054727,-2.25999975,-1.80752659,0.00000000,0.00000000,-1.18681693,0.50764036,-0.52013111,-2.25999975,-0.70649332,0.00000000,0.00000000
0.12272811,-0.65519750,-1.51819324,-2.25999975,-1.84647536,0.00000000,0.00000000,-1.16169298,0.46690664,-0.55321014,-2.25999975,-0.74927616,0.00000000,0.00000000
0.13683023,-0.54186755,-1.51643038,-2.25999975,-1.88887787,0.00000000,0.00000000,-1.13954115,0.43481213,-0.57947242,-2.25999975,-0.78043842,0.00000000,0.00000000
0.14891848,-0.45010442,-1.51701593,-2.25999975,-1.89756906,0.00000000,0.00000000,-1.12038147,0.40942129,-0.59638655,-2.25999975,-0.81038421,0.00000000,0.00000000
0.15713322,-0.38203764,-1.52149236,-2.25999975,-1.91698694,0.00000000,0.00000000,-1.10460413,0.38955414,-0.60268158,-2.25999975,-0.85855639,0.00000000,0.00000000
0.16046925,-0.33872572,-1.53085697,-2.25999975,-1.93007386,0.00000000,0.00000000,-1.09298980,0.37450692,-0.59800720,-2.25999975,-0.88345754,0.00000000,0.00000000
0.15878427,-0.32059848,-1.54525578,-2.25999975,-1.95197868,0.00000000,0.00000000,-1.08675766,0.36378807,-0.58289599,-2.25999975,-0.93154860,0.00000000,0.00000000
0.15263900,-0.32760006,-1.56384385,-2.25999975,-1.96881449,0.00000000,0.00000000,-1.08774388,0.35721794,-0.55900753,-2.25999975,-0.94830304,0.00000000,0.00000000
0.14307688,-0.35917664,-1.58479881,-2.25999975,-2.00005412,0.00000000,0.00000000,-1.09807777,0.35534930,-0.52894074,-2.25999975,-0.96202934,0.00000000,0.00000000
0.13147438,-0.41439459,-1.60552001,-2.25999975,-2.01678872,0.00000000,0.00000000,-1.11966813,0.35981253,-0.49590397,-2.25999975,-0.96278077,0.00000000,0.00000000
0.11934872,-0.49191165,-1.62309420,-2.25999975,-2.05010653,0.00000000,0.00000000,-1.15294015,0.37381449,-0.46310729,-2.25999975,-0.95868206,0.00000000,0.00000000
0.10819996,-0.58976412,-1.63535869,-2.25999975,-2.07928348,0.00000000,0.00000000,-1.19353795,0.39941058,-0.43362150,-2.25999975,-0.93351626,0.00000000,0.00000000
0.09943035,-0.70565569,-1.64233720,-2.25999975,-2.11256075,0.00000000,0.00000000,-1.23242950,0.43179685,-0.41049007,-2.25999975,-0.91305596,0.00000000,0.00000000
0.09465936,-0.83807892,-1.64566541,-2.25999975,-2.15786958,0.00000000,0.00000000,-1.26652539,0.46923947,-0.39561641,-2.25999975,-0.88638347,0.00000000,0.00000000
0.09555949,-0.98505014,-1.64734447,-2.25999975,-2.17655349,0.00000000,0.00000000,-1.29600835,0.51305044,-0.38908544,-2.25999975,-0.83525872,0.00000000,0.00000000
0.10363917,-1.14298761,-1.64930320,-2.25999975,-2.19462538,0.00000000,0.00000000,-1.32139516,0.56400597,-0.38991088,-2.25999975,-0.78178173,0.00000000,0.00000000
0.11971892,-1.30633426,-1.65323520,-2.25999975,-2.20339131,0.00000000,0.00000000,-1.34345472,0.62134635,-0.39668009,-2.25999975,-0.72226095,0.00000000,0.00000000
0.14302993,-1.46817243,-1.66050005,-2.25999975,-2.18807745,0.00000000,0.00000000,-1.36291432,0.68296748,-0.40759686,-2.25999975,-0.65557134,0.00000000,0.00000000
0.17121430,-1.62147105,-1.67146325,-2.25999975,-2.16690588,0.00000000,0.00000000,-1.38012004,0.74597132,-0.42041329,-2.25999975,-0.59147036,0.00000000,0.00000000
0.20088036,-1.75968337,-1.68519521,-2.25993538,-2.15258670,0.00000000,0.00000000,-1.39486146,0.80688167,-0.43247747,-2.25999975,-0.53566653,0.00000000,0.00000000
0.22797142,-1.87630022,-1.69964945,-2.25893998,-2.11944962,0.00000000,0.00000000,-1.40620029,0.86187321,-0.44076717,-2.25999975,-0.49134317,0.00000000,0.00000000
0.24801752,-1.96519840,-1.71235001,-2.25567889,-2.09160042,0.00000000,0.00000000,-1.41232610,0.90697575,-0.44189623,-2.25999975,-0.44925085,0.00000000,0.00000000
0.25719827,-2.02206993,-1.72180533,-2.25219536,-2.04148793,0.00000000,0.00000000,-1.41133797,0.93829024,-0.43291265,-2.25999975,-0.41611636,0.00000000,0.00000000
0.25331336,-2.04483032,-1.72818363,-2.25149131,-1.99438834,0.00000000,0.00000000,-1.40293109,0.95305502,-0.41285464,-2.25999975,-0.38527775,0.00000000,0.00000000
0.23620467,-2.03320217,-1.73273528,-2.25415540,-1.95859146,0.00000000,0.00000000,-1.38911581,0.95071131,-0.38330749,-2.25999975,-0.36929417,0.00000000,0.00000000
0.20790586,-1.98854589,-1.73701108,-2.25785542,-1.93694580,0.00000000,0.00000000,-1.37327111,0.93294209,-0.34743631,-2.25999975,-0.36431977,0.00000000,0.00000000
0.17244017,-1.91383505,-1.74235392,-2.25964832,-1.91829252,0.00000000,0.00000000,-1.35876405,0.90252948,-0.30873388,-2.25999975,-0.35437384,0.00000000,0.00000000
0.13491736,-1.81327832,-1.74949884,-2.25998211,-1.92129302,0.00000000,0.00000000,-1.34816861,0.86203402,-0.27035829,-2.25999975,-0.34784517,0.00000000,0.00000000
0.10028942,-1.69156277,-1.75839305,-2.25999975,-1.93595409,0.00000000,0.00000000,-1.34328628,0.81333184,-0.23517190,-2.25999975,-0.33199942,0.00000000,0.00000000
0.07252444,-1.55329692,-1.76841104,-2.25999975,-1.94932985,0.00000000,0.00000000,-1.34519958,0.75838464,-0.20573986,-2.25999975,-0.31899047,0.00000000,0.00000000
0.05461394,-1.40282547,-1.77865112,-2.25999975,-1.96448982,0.00000000,0.00000000,-1.35415232,0.70017862,-0.18411914,-2.25999975,-0.29479882,0.00000000,0.00000000
0.04882725,-1.24439955,-1.78833592,-2.25999975,-1.97685969,0.00000000,0.00000000,-1.36909282,0.64258677,-0.17115633,-2.25999975,-0.27332678,0.00000000,0.00000000
0.05535289,-1.08281755,-1.79786861,-2.25999975,-1.99693847,0.00000000,0.00000000,-1.38753057,0.59005898,-0.16554239,-2.25999975,-0.22494990,0.00000000,0.00000000
0.07199993,-0.92344648,-1.80763042,-2.25999975,-2.02198815,0.00000000,0.00000000,-1.40753436,0.54795420,-0.16368182,-2.25999975,-0.18455639,0.00000000,0.00000000
0.09524495,-0.77132189,-1.81646192,-2.25999975,-2.03739715,0.00000000,0.00000000,-1.42978263,0.51918238,-0.16095833,-2.25999975,-0.14827341,0.00000000,0.00000000
0.12224880,-0.63052511,-1.82180178,-2.25999975,-2.02526259,0.00000000,0.00000000,-1.45476675,0.50165403,-0.15355554,-2.25999975,-0.10180122,0.00000000,0.00000000
0.15005556,-0.50506955,-1.82251418,-2.25999975,-2.02224851,0.00000000,0.00000000,-1.48196828,0.49165800,-0.13879918,-2.25999975,-0.02633002,0.00000000,0.00000000
0.17623426,-0.39852676,-1.81881917,-2.25999975,-2.01375198,0.00000000,0.00000000,-1.51113725,0.48586723,-0.11539234,-2.25999975,0.03893075,0.00000000,0.00000000
0.19882099,-0.31383392,-1.81222415,-2.25999975,-1.98570764,0.00000000,0.00000000,-1.54272401,0.48158610,-0.08326435,-2.25999975,0.09678523,0.00000000,0.00000000
0.21639547,-0.25321919,-1.80492675,-2.25999975,-1.94418037,0.00000000,0.00000000,-1.57782555,0.47678626,-0.04326187,-2.25999975,0.15969069,0.00000000,0.00000000
0.22824863,-0.21800189,-1.79883456,-2.25999975,-1.90198553,0.00000000,0.00000000,-1.61793661,0.47037292,0.00325658,-2.25999975,0.22810252,0.00000000,0.00000000
0.23443185,-0.20868674,-1.79486227,-2.25999975,-1.86168826,0.00000000,0.00000000,-1.66491938,0.46228939,0.05456072,-2.25999975,0.29866952,0.00000000,0.00000000
0.23575544,-0.22518013,-1.79256535,-2.25999975,-1.82540786,0.00000000,0.00000000,-1.72071624,0.45300820,0.10891720,-2.25999975,0.36331016,0.00000000,0.00000000
0.23349249,-0.26693043,-1.79036415,-2.25999975,-1.78545702,0.00000000,0.00000000,-1.78676975,0.44277334,0.16520174,-2.25999975,0.43252063,0.00000000,0.00000000
0.22902843,-0.33299956,-1.78612411,-2.25999975,-1.74801898,0.00000000,0.00000000,-1.86375725,0.43108958,0.22315262,-2.25999975,0.51470959,0.00000000,0.00000000
0.22333200,-0.42196837,-1.77789557,-2.25999975,-1.72278154,0.00000000,0.00000000,-1.95223844,0.41733584,0.28268608,-2.25999975,0.59059680,0.00000000,0.00000000
0.21724257,-0.53202927,-1.76440394,-2.25999975,-1.68000817,0.00000000,0.00000000,-2.05216289,0.39979738,0.34433946,-2.25999975,0.62452215,0.00000000,0.00000000
0.21160838,-0.66092050,-1.74546432,-2.25999975,-1.62723398,0.00000000,0.00000000,-2.16322207,0.37560803,0.40883797,-2.25999737,0.66146863,0.00000000,0.00000000
0.20771998,-0.80558562,-1.72201633,-2.25999975,-1.58571935,0.00000000,0.00000000,-2.28487372,0.34068814,0.47661591,-2.25958133,0.70391655,0.00000000,0.00000000
0.20752487,-0.96143007,-1.69595766,-2.25999975,-1.55939901,0.00000000,0.00000000,-2.41366053,0.29338199,0.54704750,-2.25337505,0.74893898,0.00000000,0.00000000
0.21294323,-1.12159300,-1.66978383,-2.25999975,-1.53346646,0.00000000,0.00000000,-2.53989816,0.24112336,0.61787176,-2.23003459,0.77541977,0.00000000,0.00000000
0.22522682,-1.27950430,-1.64586818,-2.25976038,-1.50562298,0.00000000,0.00000000,-2.65478802,0.19169502,0.68602246,-2.18947387,0.80474937,0.00000000,0.00000000
0.24504690,-1.43167078,-1.62639678,-2.25573778,-1.47504938,0.00000000,0.00000000,-2.75404167,0.14750080,0.74852479,-2.13614440,0.81968915,0.00000000,0.00000000
0.27161881,-1.57612467,-1.61304796,-2.23827410,-1.42474377,0.00000000,0.00000000,-2.83658028,0.10944866,0.80225950,-2.07369208,0.83374178,0.00000000,0.00000000
0.30262884,-1.70924079,-1.60474026,-2.20260668,-1.39021969,0.00000000,0.00000000,-2.90301967,0.07889710,0.84434402,-2.00514340,0.83279157,0.00000000,0.00000000
0.33539620,-1.82759857,-1.59897912,-2.15370750,-1.36308479,0.00000000,0.00000000,-2.95383191,0.05603169,0.87247264,-1.93392265,0.83020657,0.00000000,0.00000000
0.36728513,-1.92903829,-1.59313035,-2.09898829,-1.36721647,0.00000000,0.00000000,-2.98836327,0.03944576,0.88544369,-1.86426294,0.83052605,0.00000000,0.00000000
0.39537263,-2.01246548,-1.58508992,-2.04509306,-1.37293077,0.00000000,0.00000000,-3.00561476,0.02683211,0.88424218,-1.80078018,0.82415062,0.00000000,0.00000000
0.41667920,-2.07752681,-1.57375264,-1.99733865,-1.37926900,0.00000000,0.00000000,-3.00974989,0.01609453,0.87243462,-1.74758661,0.81396824,0.00000000,0.00000000
0.42968830,-2.12436819,-1.55830634,-1.95876229,-1.39456928,0.00000000,0.00000000,-3.00999999,0.00619586,0.85486704,-1.70723927,0.80488819,0.00000000,0.00000000
0.43494257,-2.15356207,-1.53782248,-1.93016469,-1.42163360,0.00000000,0.00000000,-3.00999999,-0.00283058,0.83579069,-1.68021238,0.81550074,0.00000000,0.00000000
0.43403277,-2.16683006,-1.51304293,-1.90992832,-1.45399535,0.00000000,0.00000000,-3.00999999,-0.01043128,0.81762338,-1.66523349,0.82230693,0.00000000,0.00000000
0.42832011,-2.16970921,-1.48677611,-1.89466012,-1.49376619,0.00000000,0.00000000,-3.00999999,-0.01578399,0.80126381,-1.65986037,0.83153093,0.00000000,0.00000000
0.41835642,-2.16799331,-1.46213531,-1.88085341,-1.54757142,0.00000000,0.00000000,-3.00999999,-0.01808783,0.78656578,-1.66129363,0.84083039,0.00000000,0.00000000
0.40438479,-2.15993428,-1.44051647,-1.86575174,-1.59715068,0.00000000,0.00000000,-3.00999999,-0.01672119,0.77268612,-1.66689348,0.86781025,0.00000000,0.00000000
0.38700062,-2.14378929,-1.42134869,-1.84735143,-1.63254368,0.00000000,0.00000000,-3.00999999,-0.01116384,0.75850230,-1.67430794,0.89539874,0.00000000,0.00000000
0.36690778,-2.12163043,-1.40344465,-1.82434523,-1.65811920,0.00000000,0.00000000,-3.00999188,-0.00106883,0.74253267,-1.68152237,0.92200178,0.00000000,0.00000000
0.34471685,-2.09634471,-1.38582182,-1.79576945,-1.69374239,0.00000000,0.00000000,-3.00957155,0.01362513,0.72255045,-1.68683445,0.93748474,0.00000000,0.00000000
0.32073706,-2.07024550,-1.36798728,-1.76086783,-1.72010040,0.00000000,0.00000000,-3.00440288,0.03273461,0.69540685,-1.68870389,0.95296103,0.00000000,0.00000000
0.29505196,-2.04510164,-1.34977615,-1.71895862,-1.74153042,0.00000000,0.00000000,-2.98551035,0.05581608,0.65758449,-1.68584216,0.96019679,0.00000000,0.00000000
0.26758903,-2.02227569,-1.33102357,-1.66942906,-1.75152266,0.00000000,0.00000000,-2.95195580,0.08199341,0.60649079,-1.67759061,0.95775080,0.00000000,0.00000000
0.23810905,-2.00276566,-1.31150997,-1.61173820,-1.76175094,0.00000000,0.00000000,-2.90566468,0.10986025,0.54088819,-1.66389740,0.97215742,0.00000000,0.00000000
0.20629238,-1.98731768,-1.29102135,-1.54537654,-1.77045596,0.00000000,0.00000000,-2.84781694,0.13757640,0.46036527,-1.64493918,0.98895866,0.00000000,0.00000000
0.17179243,-1.97661042,-1.26922965,-1.46994531,-1.78781426,0.00000000,0.00000000,-2.77968764,0.16307506,0.36463252,-1.62080359,0.99801826,0.00000000,0.00000000
0.13405994,-1.97159946,-1.24552643,-1.38548708,-1.79752660,0.00000000,0.00000000,-2.70373321,0.18479642,0.25264060,-1.59121573,0.99034119,0.00000000,0.00000000
0.09250133,-1.97360921,-1.21921086,-1.29251409,-1.82205987,0.00000000,0.00000000,-2.62281871,0.20233405,0.12318636,-1.55668163,0.97821999,0.00000000,0.00000000
0.04768259,-1.98319721,-1.19040191,-1.19099164,-1.83373761,0.00000000,0.00000000,-2.53384566,0.21646383,-0.02002526,-1.52568817,0.96582121,0.00000000,0.00000000
0.00189247,-1.99793577,-1.16106963,-1.07944310,-1.83935297,0.00000000,0.00000000,-2.43053651,0.23475540,-0.17109503,-1.51511037,0.97088420,0.00000000,0.00000000
-0.04318151,-2.01344156,-1.13370812,-0.95746130,-1.84174120,0.00000000,0.00000000,-2.31363678,0.27310768,-0.33143854,-1.52827871,0.97069365,0.00000000,0.00000000
-0.08817913,-2.02842236,-1.10840297,-0.82941747,-1.82377148,0.00000000,0.00000000,-2.17545938,0.34679797,-0.49692455,-1.55488610,0.97093529,0.00000000,0.00000000
-0.13133979,-2.04260969,-1.08359075,-0.70017970,-1.80716693,0.00000000,0.00000000,-2.00814295,0.46641400,-0.66276389,-1.57980478,0.96195531,0.00000000,0.00000000
-0.16984272,-2.05607557,-1.05749989,-0.57437027,-1.78758705,0.00000000,0.00000000,-1.80995500,0.63520992,-0.82576656,-1.58852839,0.92377985,0.00000000,0.00000000
-0.20351626,-2.06934786,-1.02928650,-0.45773917,-1.78166747,0.00000000,0.00000000,-1.58509624,0.84767497,-0.98152006,-1.56995142,0.89061290,0.00000000,0.00000000
-0.23192327,-2.08206224,-0.99887323,-0.35384223,-1.77745986,0.00000000,0.00000000,-1.34329009,1.09038687,-1.12317109,-1.51745605,0.87072146,0.00000000,0.00000000
-0.25396335,-2.09291792,-0.96656710,-0.26324138,-1.77659166,0.00000000,0.00000000,-1.09846401,1.34424531,-1.24198318,-1.42941153,0.84553051,0.00000000,0.00000000
-0.26903683,-2.10172153,-0.93268865,-0.18586153,-1.75961983,0.00000000,0.00000000,-0.86618906,1.58766949,-1.32922924,-1.30914521,0.81906867,0.00000000,0.00000000
-0.27816087,-2.11008167,-0.89759976,-0.12236654,-1.75722373,0.00000000,0.00000000,-0.66037309,1.80027556,-1.37857127,-1.16414070,0.81065190,0.00000000,0.00000000
-0.28180039,-2.11785889,-0.86175734,-0.07188893,-1.76630461,0.00000000,0.00000000,-0.49018764,1.96640170,-1.38808846,-1.00487030,0.79944873,0.00000000,0.00000000
-0.27856842,-2.12222886,-0.82551944,-0.03123819,-1.77365160,0.00000000,0.00000000,-0.35788193,2.07840514,-1.36160064,-0.84377915,0.78748065,0.00000000,0.00000000
-0.27024871,-2.12297535,-0.78912473,0.00053295,-1.79151058,0.00000000,0.00000000,-0.25884110,2.13983917,-1.30886126,-0.69322157,0.77759868,0.00000000,0.00000000
-0.26030210,-2.12167811,-0.75276160,0.02342154,-1.81751251,0.00000000,0.00000000,-0.18506548,2.16450119,-1.24206364,-0.56176949,0.76739478,0.00000000,0.00000000
-0.25022605,-2.11909437,-0.71656001,0.03929057,-1.82862246,0.00000000,0.00000000,-0.12848032,2.16969919,-1.16898942,-0.45358688,0.75870204,0.00000000,0.00000000
-0.24019048,-2.11453843,-0.68060702,0.05132517,-1.82190728,0.00000000,0.00000000,-0.08278258,2.17000008,-1.09171510,-0.37048802,0.73582935,0.00000000,0.00000000
-0.23089541,-2.10712457,-0.64497960,0.06206805,-1.80161583,0.00000000,0.00000000,-0.04739198,2.17000008,-1.01129258,-0.30994314,0.70918578,0.00000000,0.00000000
-0.22234407,-2.09803557,-0.60981983,0.07267983,-1.77827108,0.00000000,0.00000000,-0.02466881,2.16998434,-0.92926151,-0.26639986,0.68444550,0.00000000,0.00000000
-0.21430537,-2.08893847,-0.57533324,0.08345770,-1.76438332,0.00000000,0.00000000,-0.01296855,2.16974354,-0.84721774,-0.23609091,0.68235928,0.00000000,0.00000000
-0.20508660,-2.08200073,-0.54183072,0.09434755,-1.74447775,0.00000000,0.00000000,-0.00858286,2.16893482,-0.76647311,-0.21624811,0.67854959,0.00000000,0.00000000
-0.19450276,-2.07766747,-0.50955021,0.10510033,-1.72362101,0.00000000,0.00000000,-0.00822335,2.16780806,-0.68813157,-0.20386998,0.67391020,0.00000000,0.00000000
-0.18248177,-2.07577133,-0.47869393,0.11550956,-1.69160056,0.00000000,0.00000000,-0.00995556,2.16657090,-0.61283684,-0.19644067,0.68770570,0.00000000,0.00000000
-0.16968703,-2.07584858,-0.44936797,0.12529016,-1.64833558,0.00000000,0.00000000,-0.01273217,2.16554570,-0.54091704,-0.19208318,0.70598799,0.00000000,0.00000000
-0.15654814,-2.07731223,-0.42162877,0.13434228,-1.59421134,0.00000000,0.00000000,-0.01569867,2.16513038,-0.47262079,-0.18941572,0.73525071,0.00000000,0.00000000
-0.14326699,-2.07969427,-0.39548084,0.14263657,-1.53616607,0.00000000,0.00000000,-0.01813368,2.16547632,-0.40814692,-0.18751650,0.77063864,0.00000000,0.00000000
-0.13008137,-2.08263803,-0.37085500,0.15008748,-1.48911452,0.00000000,0.00000000,-0.01971559,2.16638827,-0.34759247,-0.18587323,0.80864865,0.00000000,0.00000000
-0.11730417,-2.08603024,-0.34759492,0.15642066,-1.45519555,0.00000000,0.00000000,-0.02044915,2.16755199,-0.29095870,-0.18426350,0.84883034,0.00000000,0.00000000
-0.10545721,-2.08971596,-0.32543576,0.16129868,-1.41982293,0.00000000,0.00000000,-0.02047950,2.16868424,-0.23817992,-0.18261042,0.88483381,0.00000000,0.00000000
-0.09495233,-2.09340096,-0.30406499,0.16458018,-1.37077069,0.00000000,0.00000000,-0.02002166,2.16953182,-0.18914878,-0.18087140,0.89877319,0.00000000,0.00000000
-0.08609562,-2.09677601,-0.28318286,0.16641630,-1.33067405,0.00000000,0.00000000,-0.01921550,2.16991591,-0.14374153,-0.17898147,0.89761311,0.00000000,0.00000000
-0.07911416,-2.09952736,-0.26255360,0.16729738,-1.27438176,0.00000000,0.00000000,-0.01816033,2.16999578,-0.10181653,-0.17687723,0.88067222,0.00000000,0.00000000
-0.07414304,-2.10150576,-0.24203914,0.16783553,-1.23990142,0.00000000,0.00000000,-0.01695131,2.17000008,-0.06321475,-0.17451560,0.85155678,0.00000000,0.00000000
-0.07111183,-2.10289431,-0.22161748,0.16844475,-1.21817517,0.00000000,0.00000000,-0.01565892,2.17000008,-0.02776786,-0.17187192,0.80308932,0.00000000,0.00000000
-0.06977075,-2.10405755,-0.20135753,0.16927153,-1.20117331,0.00000000,0.00000000,-0.01432757,2.17000008,0.00470322,-0.16895604,0.77164924,0.00000000,0.00000000
-0.06972892,-2.10528564,-0.18137731,0.17031790,-1.20523894,0.00000000,0.00000000,-0.01305236,2.17000008,0.03439067,-0.16582412,0.74328583,0.00000000,0.00000000
-0.07061432,-2.10677338,-0.16180091,0.17148057,-1.20486248,0.00000000,0.00000000,-0.01193667,2.17000008,0.06148487,-0.16255559,0.72424251,0.00000000,0.00000000
-0.07223543,-2.10848379,-0.14272028,0.17271022,-1.19868410,0.00000000,0.00000000,-0.01100179,2.17000008,0.08616197,-0.15922403,0.70038784,0.00000000,0.00000000
-0.07447806,-2.11018109,-0.12419945,0.17406674,-1.19180930,0.00000000,0.00000000,-0.01025318,2.17000008,0.10858833,-0.15589060,0.68643570,0.00000000,0.00000000
-0.07715189,-2.11172104,-0.10629404,0.17558032,-1.19310594,0.00000000,0.00000000,-0.00963199,2.17000008,0.12890902,-0.15258302,0.68156242,0.00000000,0.00000000
-0.08019949,-2.11312675,-0.08903014,0.17714868,-1.18435705,0.00000000,0.00000000,-0.00893994,2.17000008,0.14724138,-0.14929627,0.68404180,0.00000000,0.00000000
-0.08346549,-2.11445379,-0.07243570,0.17861985,-1.19328856,0.00000000,0.00000000,-0.00795177,2.17000008,0.16368912,-0.14602369,0.68947405,0.00000000,0.00000000
-0.08674550,-2.11549926,-0.05653637,0.17998396,-1.20084631,0.00000000,0.00000000,-0.00656251,2.17000008,0.17835671,-0.14278252,0.68764669,0.00000000,0.00000000
-0.08975351,-2.11626744,-0.04137323,0.18109818,-1.22582269,0.00000000,0.00000000,-0.00473632,2.17000008,0.19134848,-0.13961624,0.69347757,0.00000000,0.00000000
-0.09233464,-2.11680961,-0.02698374,0.18178439,-1.25348401,0.00000000,0.00000000,-0.00239648,2.17000008,0.20276541,-0.13659424,0.69165510,0.00000000,0.00000000
-0.09444671,-2.11705494,-0.01339791,0.18197741,-1.27875876,0.00000000,0.00000000,0.00045268,2.17000008,0.21271826,-0.13381654,0.69179732,0.00000000,0.00000000
-0.09600450,-2.11693454,-0.00064883,0.18171227,-1.30083871,0.00000000,0.00000000,0.00365728,2.17000008,0.22133341,-0.13139385,0.68878841,0.00000000,0.00000000
-0.09700287,-2.11637831,0.01124675,0.18112409,-1.30812359,0.00000000,0.00000000,0.00703679,2.17000008,0.22874206,-0.12941740,0.67753679,0.00000000,0.00000000
-0.09756935,-2.11545563,0.02229674,0.18032552,-1.32180393,0.00000000,0.00000000,0.01049410,2.17000008,0.23506878,-0.12793638,0.66199845,0.00000000,0.00000000
-0.09774533,-2.11429286,0.03251264,0.17937472,-1.34688091,0.00000000,0.00000000,0.01388951,2.17000008,0.24043693,-0.12697023,0.63944453,0.00000000,0.00000000
-0.09759782,-2.11308146,0.04192482,0.17824250,-1.36294246,0.00000000,0.00000000,0.01713716,2.17000008,0.24495845,-0.12650546,0.61036730,0.00000000,0.00000000
-0.09734526,-2.11199808,0.05059966,0.17688431,-1.38001764,0.00000000,0.00000000,0.02023162,2.17000008,0.24873137,-0.12650986,0.59439468,0.00000000,0.00000000
-0.09704673,-2.11113715,0.05859654,0.17530902,-1.39732862,0.00000000,0.00000000,0.02301715,2.17000008,0.25185898,-0.12697183,0.58519530,0.00000000,0.00000000
-0.09688121,-2.11047125,0.06598849,0.17365232,-1.40757585,0.00000000,0.00000000,0.02547080,2.17000008,0.25442636,-0.12784769,0.57838857,0.00000000,0.00000000
-0.09690456,-2.11000681,0.07282920,0.17206997,-1.41154671,0.00000000,0.00000000,0.02756629,2.17000008,0.25651166,-0.12909001,0.56829715,0.00000000,0.00000000
-0.09712268,-2.10964870,0.07915089,0.17078929,-1.41042936,0.00000000,0.00000000,0.02938579,2.17000008,0.25817472,-0.13063456,0.56278956,0.00000000,0.00000000
-0.09754685,-2.10928535,0.08496957,0.17001936,-1.40396392,0.00000000,0.00000000,0.03105734,2.17000008,0.25946277,-0.13240969,0.54060405,0.00000000,0.00000000
-0.09798656,-2.10892558,0.09026510,0.16981089,-1.41486812,0.00000000,0.00000000,0.03261411,2.17000008,0.26042259,-0.13434742,0.53714854,0.00000000,0.00000000
-0.09833825,-2.10867095,0.09501650,0.17006595,-1.43155944,0.00000000,0.00000000,0.03414659,2.17000008,0.26108927,-0.13634773,0.54346424,0.00000000,0.00000000
-0.09851620,-2.10860920,0.09919839,0.17061047,-1.44778585,0.00000000,0.00000000,0.03571699,2.17000008,0.26149678,-0.13832051,0.54487300,0.00000000,0.00000000
-0.09844194,-2.10876679,0.10278169,0.17126189,-1.47137749,0.00000000,0.00000000,0.03734945,2.17000008,0.26168483,-0.14018801,0.55760032,0.00000000,0.00000000
-0.09803137,-2.10908771,0.10573585,0.17188375,-1.48194659,0.00000000,0.00000000,0.03901775,2.17000008,0.26170087,-0.14188737,0.57372326,0.00000000,0.00000000
-0.09723011,-2.10951519,0.10803968,0.17237838,-1.33856463,0.00000000,0.00000000,0.04065970,2.17000008,0.26159832,-0.14336386,0.51687002,0.00000000,0.00000000
-0.09606671,-2.10998893,0.10969177,0.17269798,-1.18689072,0.00000000,0.00000000,0.04219901,2.17000008,0.26143155,-0.14455171,0.46591410,0.00000000,0.00000000
-0.09470174,-2.11046886,0.11071797,0.17281848,-1.03879035,0.00000000,0.00000000,0.04350063,2.17000008,0.26125693,-0.14537881,0.41035131,0.00000000,0.00000000
-0.09357730,-2.11085129,0.11118991,0.17278837,-0.89329237,0.00000000,0.00000000,0.04429842,2.17000008,0.26113951,-0.14580825,0.34739599,0.00000000,0.00000000
