l_joint1,l_joint2,l_joint3,l_joint4,l_joint5,l_joint6,l_joint7,r_joint1,r_joint2,r_joint3,r_joint4,r_joint5,r_joint6,r_joint7
-0.17051487,-2.17000008,0.37102324,-0.01188308,-0.06983715,0.00000000,0.00000000,0.08220555,2.14748955,-0.05830643,-0.03223317,-0.00794556,0.00000000,0.00000000
-0.17071351,-2.17000008,0.37167332,-0.01177736,-0.08883990,0.00000000,0.00000000,0.08230317,2.14746594,-0.06024745,-0.03236931,-0.00402529,0.00000000,0.00000000
-0.17094637,-2.17000008,0.37293339,-0.01151699,-0.11119614,0.00000000,0.00000000,0.08250885,2.14742899,-0.06401099,-0.03261645,-0.00488706,0.00000000,0.00000000
-0.17090125,-2.17000008,0.37480432,-0.01122588,-0.11947306,0.00000000,0.00000000,0.08296130,2.14741516,-0.06960742,-0.03294656,-0.01181936,0.00000000,0.00000000
-0.17056699,-2.17000008,0.37728128,-0.01090868,-0.12534732,0.00000000,0.00000000,0.08367130,2.14742827,-0.07704128,-0.03333291,-0.00333729,0.00000000,0.00000000
-0.16999216,-2.17000008,0.38035813,-0.01056461,-0.15996280,0.00000000,0.00000000,0.08459883,2.14746118,-0.08632094,-0.03375583,0.00083008,0.00000000,0.00000000
-0.16921739,-2.17000008,0.38402757,-0.01022696,-0.17487249,0.00000000,0.00000000,0.08573657,2.14752078,-0.09745856,-0.03420156,0.00694953,0.00000000,0.00000000
-0.16830519,-2.17000008,0.38828149,-0.00990813,-0.18188271,0.00000000,0.00000000,0.08702885,2.14761114,-0.11046924,-0.03467133,0.02397063,0.00000000,0.00000000
-0.16731775,-2.17000008,0.39311147,-0.00965153,-0.19222137,0.00000000,0.00000000,0.08842582,2.14773226,-0.12537219,-0.03518048,0.04063136,0.00000000,0.00000000
-0.16635163,-2.17000008,0.39850906,-0.00950745,-0.19985195,0.00000000,0.00000000,0.08989495,2.14788818,-0.14219081,-0.03575479,0.05997610,0.00000000,0.00000000
-0.16548635,-2.17000008,0.40446663,-0.00957735,-0.20675936,0.00000000,0.00000000,0.09140965,2.14809132,-0.16095191,-0.03642763,0.06988525,0.00000000,0.00000000
-0.16482414,-2.17000008,0.41097862,-0.01014470,-0.19734019,0.00000000,0.00000000,0.09295131,2.14835739,-0.18168601,-0.03724592,0.09485510,0.00000000,0.00000000
-0.16456066,-2.17000008,0.41804478,-0.01187113,-0.18471211,0.00000000,0.00000000,0.09458306,2.14873266,-0.20442884,-0.03827200,0.12008338,0.00000000,0.00000000
-0.16506350,-2.17000008,0.42567286,-0.01556798,-0.18206894,0.00000000,0.00000000,0.09632690,2.14928579,-0.22921917,-0.03960360,0.14046001,0.00000000,0.00000000
-0.16689940,-2.17000008,0.43387562,-0.02166614,-0.14847966,0.00000000,0.00000000,0.09802992,2.15007925,-0.25609568,-0.04140516,0.15483333,0.00000000,0.00000000
-0.17056274,-2.16987109,0.44266054,-0.03073436,-0.14420353,0.00000000,0.00000000,0.09939588,2.15120029,-0.28509516,-0.04392831,0.16466655,0.00000000,0.00000000
-0.17629349,-2.16773629,0.45202568,-0.04442704,-0.11759990,0.00000000,0.00000000,0.10029010,2.15290070,-0.31625500,-0.04750769,0.17632934,0.00000000,0.00000000
-0.18417083,-2.15880275,0.46198601,-0.06534052,-0.08828882,0.00000000,0.00000000,0.10065041,2.15557456,-0.34960622,-0.05260931,0.19392075,0.00000000,0.00000000
-0.19464436,-2.14091039,0.47261599,-0.09573269,-0.06330103,0.00000000,0.00000000,0.10021344,2.15953302,-0.38515115,-0.05984765,0.21230242,0.00000000,0.00000000
-0.20868355,-2.11473989,0.48406735,-0.13672972,-0.02378559,0.00000000,0.00000000,0.09843504,2.16449308,-0.42282215,-0.06976614,0.23226833,0.00000000,0.00000000
-0.22741342,-2.08099127,0.49655417,-0.18882519,0.00289682,0.00000000,0.00000000,0.09398538,2.16863823,-0.46238273,-0.08238640,0.25622284,0.00000000,0.00000000
-0.25147542,-2.04018378,0.51039344,-0.25220972,0.02374955,0.00000000,0.00000000,0.08475218,2.16991711,-0.50330079,-0.09771764,0.29498124,0.00000000,0.00000000
-0.28107190,-1.99205053,0.52608478,-0.32622182,0.05558042,0.00000000,0.00000000,0.07061354,2.17000008,-0.54480362,-0.11749014,0.31225276,0.00000000,0.00000000
-0.31620395,-1.93622589,0.54427433,-0.40961480,0.08655792,0.00000000,0.00000000,0.05290262,2.17000008,-0.58597183,-0.14379020,0.34363949,0.00000000,0.00000000
-0.35656777,-1.87297225,0.56567824,-0.50105333,0.14242144,0.00000000,0.00000000,0.03078989,2.17000008,-0.62560540,-0.17649166,0.36647904,0.00000000,0.00000000
-0.40173665,-1.80307496,0.59094852,-0.59916359,0.16287947,0.00000000,0.00000000,0.00337330,2.17000008,-0.66227478,-0.21441577,0.36768997,0.00000000,0.00000000
-0.45160604,-1.72734725,0.62050766,-0.70235926,0.18793820,0.00000000,0.00000000,-0.02890621,2.17000008,-0.69443786,-0.25636289,0.36966148,0.00000000,0.00000000
-0.50628090,-1.64564455,0.65470594,-0.80882490,0.22933894,0.00000000,0.00000000,-0.06514937,2.17000008,-0.72048450,-0.30096689,0.36640617,0.00000000,0.00000000
-0.56539434,-1.55637681,0.69432122,-0.91742051,0.25037566,0.00000000,0.00000000,-0.10476965,2.17000008,-0.73877186,-0.34654731,0.36326727,0.00000000,0.00000000
-0.62947911,-1.45712984,0.73987961,-1.02769995,0.25948113,0.00000000,0.00000000,-0.14701550,2.17000008,-0.74770868,-0.39172822,0.34375149,0.00000000,0.00000000
-0.70301878,-1.34452641,0.79011631,-1.13827634,0.26267231,0.00000000,0.00000000,-0.18942305,2.17000008,-0.74605614,-0.43622625,0.30344975,0.00000000,0.00000000
-0.78960437,-1.21118534,0.84482813,-1.24906957,0.25779510,0.00000000,0.00000000,-0.23056790,2.17000008,-0.73271668,-0.47989666,0.27667511,0.00000000,0.00000000
-0.89488298,-1.04681170,0.90165317,-1.35585296,0.23204860,0.00000000,0.00000000,-0.27036917,2.17000008,-0.70655078,-0.52328998,0.24462281,0.00000000,0.00000000
-1.02271640,-0.84805888,0.95342344,-1.44905293,0.20107193,0.00000000,0.00000000,-0.30795088,2.17000008,-0.66714215,-0.56748009,0.21093266,0.00000000,0.00000000
-1.16665626,-0.61977297,0.99311399,-1.52027261,0.17670262,0.00000000,0.00000000,-0.34246272,2.17000008,-0.61478829,-0.61326915,0.18189147,0.00000000,0.00000000
-1.31602430,-0.37403521,1.01133692,-1.56736159,0.14126265,0.00000000,0.00000000,-0.37446436,2.17000008,-0.55000591,-0.66107213,0.12999539,0.00000000,0.00000000
-1.45992291,-0.12613896,0.99664146,-1.59439135,0.08109155,0.00000000,0.00000000,-0.40548635,2.17000008,-0.47357059,-0.71134055,0.08381764,0.00000000,0.00000000
-1.59092951,0.10689625,0.93799108,-1.61200106,0.02750947,0.00000000,0.00000000,-0.43561012,2.17000008,-0.38720599,-0.76596355,0.03506160,0.00000000,0.00000000
-1.70976269,0.30656272,0.83378279,-1.63230228,0.00433022,0.00000000,0.00000000,-0.46166438,2.17000008,-0.29483336,-0.82787466,-0.00269874,0.00000000,0.00000000
-1.81873155,0.46242961,0.70216715,-1.65530622,-0.02811439,0.00000000,0.00000000,-0.47966069,2.17000008,-0.20212515,-0.89864898,-0.04574098,0.00000000,0.00000000
-1.91617727,0.57392645,0.56316650,-1.68133330,-0.05123272,0.00000000,0.00000000,-0.48985967,2.17000008,-0.11317324,-0.97903180,-0.08311567,0.00000000,0.00000000
-1.99922252,0.64359123,0.42795494,-1.71251130,-0.04890623,0.00000000,0.00000000,-0.49548057,2.17000008,-0.03040404,-1.06882632,-0.13170148,0.00000000,0.00000000
-2.06517839,0.67611152,0.30278000,-1.74865234,-0.05768450,0.00000000,0.00000000,-0.50008357,2.17000008,0.04450205,-1.16658640,-0.16824059,0.00000000,0.00000000
-2.11245942,0.67760372,0.19105013,-1.78818870,-0.04263023,0.00000000,0.00000000,-0.50671721,2.17000008,0.11051509,-1.26979792,-0.18703261,0.00000000,0.00000000
-2.14108586,0.65428901,0.09379843,-1.82940829,-0.03442340,0.00000000,0.00000000,-0.51775432,2.17000008,0.16729781,-1.37532699,-0.21047927,0.00000000,0.00000000
-2.15232182,0.61186749,0.01025040,-1.87063539,-0.01683578,0.00000000,0.00000000,-0.53478706,2.16967607,0.21504146,-1.47947013,-0.24647777,0.00000000,0.00000000
-2.14797497,0.55550504,-0.06146142,-1.91012049,0.00746590,0.00000000,0.00000000,-0.55855620,2.16439438,0.25419566,-1.57787681,-0.27019629,0.00000000,0.00000000
-2.12993145,0.48981145,-0.12367260,-1.94624233,0.01308510,0.00000000,0.00000000,-0.58923447,2.14330554,0.28538725,-1.66641068,-0.31900615,0.00000000,0.00000000
-2.09990740,0.41849235,-0.17854354,-1.97799003,0.01706635,0.00000000,0.00000000,-0.62725353,2.10418010,0.30976769,-1.74274182,-0.34001210,0.00000000,0.00000000
-2.05931449,0.34431553,-0.22758594,-2.00515938,0.00548803,0.00000000,0.00000000,-0.67367715,2.05132508,0.32909134,-1.80663466,-0.36647260,0.00000000,0.00000000
-2.00936627,0.26928785,-0.27150884,-2.02827954,-0.00856344,0.00000000,0.00000000,-0.72922701,1.98849905,0.34553969,-1.85898173,-0.38252166,0.00000000,0.00000000
-1.95149434,0.19494902,-0.31060573,-2.04824376,-0.00339376,0.00000000,0.00000000,-0.79386008,1.91840219,0.36131707,-1.90108800,-0.39715385,0.00000000,0.00000000
-1.88758087,0.12246785,-0.34516743,-2.06608772,-0.01136170,0.00000000,0.00000000,-0.86671323,1.84384584,0.37813061,-1.93450296,-0.41922525,0.00000000,0.00000000
-1.82018590,0.05308830,-0.37593371,-2.08220673,-0.00899459,0.00000000,0.00000000,-0.94583076,1.76870418,0.39661568,-1.96127987,-0.42968312,0.00000000,0.00000000
-1.75239348,-0.01176573,-0.40379769,-2.09568381,0.00459113,0.00000000,0.00000000,-1.02730405,1.69586778,0.41633770,-1.98372996,-0.43657979,0.00000000,0.00000000
-1.68690646,-0.07209449,-0.42913353,-2.10605717,0.01846694,0.00000000,0.00000000,-1.10771942,1.62289178,0.43676057,-2.00297880,-0.44940460,0.00000000,0.00000000
-1.62562394,-0.12972642,-0.45168427,-2.11401772,0.02771564,0.00000000,0.00000000,-1.18626642,1.54675865,0.45776910,-2.01888633,-0.44282675,0.00000000,0.00000000
-1.56986594,-0.18675105,-0.47058615,-2.12016273,0.03778664,0.00000000,0.00000000,-1.26234818,1.46667492,0.47925869,-2.03126669,-0.44748351,0.00000000,0.00000000
-1.52085376,-0.24367137,-0.48466390,-2.12399483,0.05956642,0.00000000,0.00000000,-1.33537567,1.38321841,0.50103164,-2.03988576,-0.44012696,0.00000000,0.00000000
-1.47905076,-0.30076739,-0.49236441,-2.12569642,0.06661468,0.00000000,0.00000000,-1.40505028,1.29736435,0.52278274,-2.04421639,-0.42439362,0.00000000,0.00000000
-1.44436681,-0.35879642,-0.49264163,-2.12570786,0.06628952,0.00000000,0.00000000,-1.47122157,1.20997488,0.54411203,-2.04329944,-0.41772941,0.00000000,0.00000000
-1.41642535,-0.41867331,-0.48522970,-2.12452674,0.05502463,0.00000000,0.00000000,-1.53432429,1.12121952,0.56415570,-2.03739095,-0.41005984,0.00000000,0.00000000
-1.39485121,-0.47999805,-0.47042990,-2.12234974,0.04829573,0.00000000,0.00000000,-1.59547985,1.03145647,0.58147615,-2.02881408,-0.39837205,0.00000000,0.00000000
-1.37975001,-0.54055697,-0.44937631,-2.11880016,0.02698789,0.00000000,0.00000000,-1.65310955,0.94290835,0.59789783,-2.01836228,-0.37647763,0.00000000,0.00000000
-1.37157035,-0.59860426,-0.42402607,-2.11351490,-0.01414043,0.00000000,0.00000000,-1.70568705,0.85625827,0.61620760,-2.00716162,-0.35934073,0.00000000,0.00000000
-1.36812556,-0.65571201,-0.39393964,-2.10629535,-0.06302662,0.00000000,0.00000000,-1.76249123,0.76967812,0.62867928,-1.99369001,-0.33572826,0.00000000,0.00000000
-1.36600482,-0.71497625,-0.35742962,-2.09811425,-0.10401905,0.00000000,0.00000000,-1.83085978,0.68191743,0.62950116,-1.97510111,-0.31985387,0.00000000,0.00000000
-1.36799860,-0.77229351,-0.31876299,-2.08895493,-0.15410532,0.00000000,0.00000000,-1.89435208,0.59717971,0.63666481,-1.95454276,-0.32691506,0.00000000,0.00000000
-1.37361956,-0.82455850,-0.27858227,-2.07817936,-0.18095639,0.00000000,0.00000000,-1.95469928,0.51538211,0.64972955,-1.93564057,-0.34063777,0.00000000,0.00000000
-1.38121462,-0.87332749,-0.23587000,-2.06673574,-0.19965044,0.00000000,0.00000000,-2.01657224,0.43392760,0.66478425,-1.91821122,-0.34966049,0.00000000,0.00000000
-1.39204025,-0.91676968,-0.19173220,-2.05340171,-0.20270079,0.00000000,0.00000000,-2.07580972,0.35522610,0.68674320,-1.89512682,-0.36076739,0.00000000,0.00000000
-1.40415895,-0.95787764,-0.14306387,-2.04159451,-0.21214710,0.00000000,0.00000000,-2.13379407,0.27543837,0.71213084,-1.87127829,-0.35970134,0.00000000,0.00000000
-1.41873789,-0.99528289,-0.08898818,-2.02991104,-0.21151257,0.00000000,0.00000000,-2.19245958,0.19472492,0.73744810,-1.84584153,-0.37056401,0.00000000,0.00000000
-1.43820238,-1.02715361,-0.02928596,-2.01695943,-0.18642642,0.00000000,0.00000000,-2.24975491,0.11371094,0.76248890,-1.81870973,-0.38424993,0.00000000,0.00000000
-1.46434557,-1.05229878,0.03705579,-2.00334167,-0.13459738,0.00000000,0.00000000,-2.30382657,0.03252404,0.78672874,-1.79098094,-0.40985340,0.00000000,0.00000000
-1.49812579,-1.06993330,0.11170426,-1.99095035,-0.09827314,0.00000000,0.00000000,-2.35431862,-0.04815596,0.80873150,-1.76243818,-0.43823507,0.00000000,0.00000000
-1.54168522,-1.07952142,0.19484514,-1.98278260,-0.04543704,0.00000000,0.00000000,-2.40167427,-0.12785594,0.82656324,-1.73268569,-0.46771511,0.00000000,0.00000000
-1.59919071,-1.07683408,0.28456020,-1.98165357,-0.00031254,0.00000000,0.00000000,-2.44634986,-0.20536774,0.83921242,-1.70174992,-0.49914828,0.00000000,0.00000000
-1.67062664,-1.05343664,0.38299361,-1.98863602,0.03231153,0.00000000,0.00000000,-2.48854733,-0.27702028,0.84800923,-1.66914344,-0.53125757,0.00000000,0.00000000
-1.75326502,-1.00372159,0.49418908,-2.00785828,0.05982782,0.00000000,0.00000000,-2.52905273,-0.33824858,0.85453326,-1.63419127,-0.55828595,0.00000000,0.00000000
-1.84728539,-0.92276984,0.61807114,-2.03698182,0.09218752,0.00000000,0.00000000,-2.56858754,-0.38518474,0.85931426,-1.59639263,-0.59625101,0.00000000,0.00000000
-1.95482564,-0.80804569,0.75022948,-2.06689095,0.11897072,0.00000000,0.00000000,-2.60687184,-0.41638988,0.86066800,-1.55659938,-0.62640983,0.00000000,0.00000000
-2.07446885,-0.66200036,0.88614750,-2.08897638,0.14548160,0.00000000,0.00000000,-2.64285970,-0.43144482,0.85565561,-1.51688659,-0.66508579,0.00000000,0.00000000
-2.20131660,-0.49106506,1.02090597,-2.09681630,0.14688419,0.00000000,0.00000000,-2.67510819,-0.42985564,0.84119886,-1.47938347,-0.70873284,0.00000000,0.00000000
-2.32848620,-0.30444214,1.14822233,-2.08627200,0.16242054,0.00000000,0.00000000,-2.70226288,-0.41099504,0.81438613,-1.44567037,-0.74515033,0.00000000,0.00000000
-2.44795227,-0.11302672,1.26081443,-2.05606127,0.17562322,0.00000000,0.00000000,-2.72329664,-0.37407756,0.77291209,-1.41675651,-0.77051055,0.00000000,0.00000000
-2.55156827,0.07187693,1.35114491,-2.00806069,0.18335254,0.00000000,0.00000000,-2.73740363,-0.31846824,0.71542907,-1.39334595,-0.79987210,0.00000000,0.00000000
-2.63229418,0.23988916,1.41243422,-1.94765472,0.19427676,0.00000000,0.00000000,-2.74424124,-0.24426734,0.64123720,-1.37639856,-0.82936502,0.00000000,0.00000000
-2.68689799,0.38312840,1.44099891,-1.88576365,0.20645784,0.00000000,0.00000000,-2.74368477,-0.15295883,0.55025518,-1.36699665,-0.85537553,0.00000000,0.00000000
-2.71736383,0.49864092,1.44016182,-1.83720732,0.21961600,0.00000000,0.00000000,-2.73561621,-0.05001269,0.44248039,-1.36561024,-0.88040596,0.00000000,0.00000000
-2.72490478,0.58960426,1.41883886,-1.80568492,0.24456340,0.00000000,0.00000000,-2.72098112,0.05410661,0.31721532,-1.37174714,-0.92222446,0.00000000,0.00000000
-2.71284437,0.66158181,1.38454235,-1.78631961,0.26294026,0.00000000,0.00000000,-2.69926262,0.15073821,0.17663231,-1.38519633,-0.95871371,0.00000000,0.00000000
-2.68777180,0.71914893,1.33942676,-1.77899027,0.27913558,0.00000000,0.00000000,-2.66642570,0.23680277,0.02711120,-1.40635455,-0.97968727,0.00000000,0.00000000
-2.65121627,0.76705337,1.28286004,-1.78136981,0.30117652,0.00000000,0.00000000,-2.61821437,0.31484154,-0.12471446,-1.43582833,-0.99055511,0.00000000,0.00000000
-2.60466528,0.80905282,1.21389520,-1.78814518,0.30279040,0.00000000,0.00000000,-2.55147219,0.39304563,-0.27397087,-1.47531974,-1.01076782,0.00000000,0.00000000
-2.55787635,0.84578216,1.13469470,-1.79863441,0.30793175,0.00000000,0.00000000,-2.46382165,0.48338410,-0.41747120,-1.52865958,-1.02498555,0.00000000,0.00000000
-2.51655746,0.87817985,1.04983842,-1.81227374,0.30582330,0.00000000,0.00000000,-2.35478902,0.60440338,-0.55431032,-1.59219635,-1.03951371,0.00000000,0.00000000
-2.48059845,0.90689838,0.96114349,-1.82710564,0.31334490,0.00000000,0.00000000,-2.22256327,0.76804358,-0.68002391,-1.65084481,-1.06928670,0.00000000,0.00000000
-2.44967532,0.93180752,0.86985254,-1.84224379,0.30912840,0.00000000,0.00000000,-2.06811118,0.97163332,-0.78649932,-1.69143546,-1.07629073,0.00000000,0.00000000
-2.42346644,0.95237988,0.77702653,-1.85732138,0.28825155,0.00000000,0.00000000,-1.89788723,1.20308411,-0.86424947,-1.70782983,-1.06439793,0.00000000,0.00000000
-2.40115523,0.96803808,0.68278569,-1.87180305,0.26213923,0.00000000,0.00000000,-1.72114420,1.44538021,-0.90239847,-1.70039189,-1.05295849,0.00000000,0.00000000
-2.38191366,0.97819287,0.58665395,-1.88522625,0.24967752,0.00000000,0.00000000,-1.54668558,1.67872155,-0.88984966,-1.67546213,-1.05828071,0.00000000,0.00000000
-2.36593342,0.98178697,0.48900378,-1.89803672,0.24161664,0.00000000,0.00000000,-1.37985945,1.88171589,-0.81940782,-1.64407873,-1.05877185,0.00000000,0.00000000
-2.35470438,0.97720695,0.39223638,-1.91170657,0.23643476,0.00000000,0.00000000,-1.22134125,2.03470087,-0.69614995,-1.61853874,-1.05104578,0.00000000,0.00000000
-2.34927368,0.96323085,0.29907724,-1.92738247,0.20700589,0.00000000,0.00000000,-1.07054210,2.12665391,-0.54031008,-1.60760748,-1.03700030,0.00000000,0.00000000
-2.34894943,0.93887484,0.21077022,-1.94580233,0.18699092,0.00000000,0.00000000,-0.92952919,2.16267872,-0.37319866,-1.61537850,-1.01525688,0.00000000,0.00000000
-2.35191131,0.90318191,0.12787955,-1.96764123,0.16081837,0.00000000,0.00000000,-0.80313343,2.16961575,-0.20875798,-1.64294612,-0.97621924,0.00000000,0.00000000
-2.35571337,0.85583031,0.05086910,-1.99289572,0.15797715,0.00000000,0.00000000,-0.69756931,2.17000008,-0.05588321,-1.68878043,-0.96417904,0.00000000,0.00000000
-2.35759282,0.79749751,-0.02012958,-2.02054930,0.17309055,0.00000000,0.00000000,-0.61881465,2.16943002,0.07898056,-1.74841404,-0.94786638,0.00000000,0.00000000
-2.35486054,0.72989458,-0.08549230,-2.04874468,0.18775579,0.00000000,0.00000000,-0.57055604,2.16035771,0.19161612,-1.81473505,-0.92629874,0.00000000,0.00000000
-2.34509683,0.65541011,-0.14560913,-2.07550979,0.19854851,0.00000000,0.00000000,-0.55204391,2.12683320,0.28065655,-1.87982619,-0.89351165,0.00000000,0.00000000
-2.32627034,0.57635349,-0.20064531,-2.09951735,0.20181055,0.00000000,0.00000000,-0.55868876,2.07202697,0.34792063,-1.93798029,-0.86872435,0.00000000,0.00000000
-2.29680800,0.49460614,-0.25078309,-2.12035847,0.21501601,0.00000000,0.00000000,-0.58557415,2.00492001,0.39734298,-1.98687613,-0.85768944,0.00000000,0.00000000
-2.25599861,0.41192108,-0.29646900,-2.13825846,0.24880432,0.00000000,0.00000000,-0.62944978,1.93088901,0.43329579,-2.02659988,-0.85289544,0.00000000,0.00000000
-2.20425200,0.33017522,-0.33820134,-2.15377235,0.28707433,0.00000000,0.00000000,-0.68832660,1.85322344,0.45974439,-2.05831742,-0.84777105,0.00000000,0.00000000
-2.14295268,0.25125435,-0.37621254,-2.16769242,0.32015696,0.00000000,0.00000000,-0.76066875,1.77435231,0.47995910,-2.08356047,-0.86211729,0.00000000,0.00000000
-2.07442951,0.17667542,-0.41059068,-2.18095303,0.33273098,0.00000000,0.00000000,-0.84470546,1.69637847,0.49655637,-2.10393453,-0.86401349,0.00000000,0.00000000
-2.00198388,0.10714084,-0.44133106,-2.19434929,0.34404123,0.00000000,0.00000000,-0.93785888,1.62118387,0.51146984,-2.12098074,-0.89535528,0.00000000,0.00000000
-1.92935598,0.04225537,-0.46818474,-2.20824242,0.35505417,0.00000000,0.00000000,-1.03668427,1.55029655,0.52580452,-2.13601208,-0.91972977,0.00000000,0.00000000
-1.85981965,-0.01952111,-0.49034566,-2.22245765,0.36372164,0.00000000,0.00000000,-1.13713813,1.48433197,0.53993362,-2.14991498,-0.95071423,0.00000000,0.00000000
-1.79552162,-0.08056886,-0.50649410,-2.23636341,0.36505538,0.00000000,0.00000000,-1.23574281,1.42254257,0.55345303,-2.16301394,-0.99416280,0.00000000,0.00000000
-1.73745298,-0.14356224,-0.51505435,-2.24874806,0.36713234,0.00000000,0.00000000,-1.33054876,1.36303759,0.56523043,-2.17502427,-1.02476609,0.00000000,0.00000000
-1.68584979,-0.21063241,-0.51457572,-2.25715733,0.37106374,0.00000000,0.00000000,-1.42124486,1.30341899,0.57377434,-2.18564010,-1.06137419,0.00000000,0.00000000
-1.64102626,-0.28219444,-0.50431001,-2.25974894,0.36790022,0.00000000,0.00000000,-1.50819492,1.24178421,0.57802069,-2.19415116,-1.11573029,0.00000000,0.00000000
-1.60369265,-0.35676786,-0.48448342,-2.25999331,0.37300432,0.00000000,0.00000000,-1.59095860,1.17703259,0.57851940,-2.19909358,-1.15790367,0.00000000,0.00000000
-1.57382429,-0.43254977,-0.45554399,-2.25999975,0.38424158,0.00000000,0.00000000,-1.66920877,1.10807550,0.57619762,-2.19985104,-1.21078002,0.00000000,0.00000000
-1.55080748,-0.50736558,-0.41815573,-2.25999975,0.40192902,0.00000000,0.00000000,-1.74213564,1.03444159,0.57262522,-2.19628096,-1.23684454,0.00000000,0.00000000
-1.53418040,-0.57899195,-0.37368026,-2.25999975,0.40644273,0.00000000,0.00000000,-1.80910623,0.95628303,0.56940120,-2.18869352,-1.28069520,0.00000000,0.00000000
-1.52322388,-0.64619815,-0.32343099,-2.25998545,0.42901352,0.00000000,0.00000000,-1.87107122,0.87388778,0.56689578,-2.17668390,-1.31736267,0.00000000,0.00000000
-1.51770806,-0.70963717,-0.26915643,-2.25960946,0.45988101,0.00000000,0.00000000,-1.92922831,0.78732705,0.56560427,-2.15941262,-1.34603155,0.00000000,0.00000000
-1.51782489,-0.77092427,-0.21272439,-2.25645685,0.48832718,0.00000000,0.00000000,-1.98491895,0.69654655,0.56602287,-2.13632822,-1.36245799,0.00000000,0.00000000
-1.52372813,-0.83040017,-0.15553159,-2.24701047,0.50883025,0.00000000,0.00000000,-2.03851080,0.60210598,0.56950289,-2.10795259,-1.37241745,0.00000000,0.00000000
-1.53510165,-0.88630992,-0.09798118,-2.23345375,0.51215941,0.00000000,0.00000000,-2.09008336,0.50542724,0.57731789,-2.07543349,-1.38462019,0.00000000,0.00000000
-1.55114722,-0.93593162,-0.03917889,-2.21866608,0.50015670,0.00000000,0.00000000,-2.14022827,0.40840131,0.58950841,-2.04002500,-1.40199661,0.00000000,0.00000000
-1.57146633,-0.97737986,0.02258996,-2.20494938,0.48593798,0.00000000,0.00000000,-2.18934488,0.31293952,0.60521507,-2.00264359,-1.40679848,0.00000000,0.00000000
-1.59687448,-1.01030862,0.08910529,-2.19386148,0.44816494,0.00000000,0.00000000,-2.23749638,0.21987890,0.62278187,-1.96358597,-1.42739117,0.00000000,0.00000000
-1.62964296,-1.03481030,0.16146100,-2.18559384,0.41196722,0.00000000,0.00000000,-2.28413105,0.12852387,0.64033568,-1.92318749,-1.44302523,0.00000000,0.00000000
-1.67237663,-1.04795563,0.24058770,-2.17861843,0.36345544,0.00000000,0.00000000,-2.32771659,0.03869227,0.65646625,-1.88285697,-1.47852850,0.00000000,0.00000000
-1.72606122,-1.04490685,0.32878780,-2.17211246,0.31589094,0.00000000,0.00000000,-2.36704135,-0.04728403,0.67034650,-1.84379196,-1.51730728,0.00000000,0.00000000
-1.79185438,-1.02177656,0.42754900,-2.16952443,0.28487259,0.00000000,0.00000000,-2.40186286,-0.12496898,0.68219078,-1.80590665,-1.56365550,0.00000000,0.00000000
-1.87003195,-0.97445422,0.53832984,-2.17784119,0.26177892,0.00000000,0.00000000,-2.43305397,-0.18938969,0.69196910,-1.76901567,-1.61618257,0.00000000,0.00000000
-1.96048260,-0.89803869,0.66154057,-2.19486809,0.25681302,0.00000000,0.00000000,-2.46098304,-0.23809555,0.69831979,-1.73330200,-1.65108252,0.00000000,0.00000000
-2.06411099,-0.78966200,0.79408890,-2.21014333,0.24830805,0.00000000,0.00000000,-2.48416066,-0.27199352,0.69880664,-1.69931352,-1.70206392,0.00000000,0.00000000
-2.17964172,-0.65172064,0.93154800,-2.21518254,0.24710062,0.00000000,0.00000000,-2.50098276,-0.29174307,0.69062442,-1.66714108,-1.74843240,0.00000000,0.00000000
-2.30308127,-0.49028739,1.06859291,-2.20444751,0.24668254,0.00000000,0.00000000,-2.51048899,-0.29653129,0.67106527,-1.63653564,-1.79425967,0.00000000,0.00000000
-2.42850494,-0.31370348,1.19869268,-2.17475796,0.25880280,0.00000000,0.00000000,-2.51192546,-0.28533486,0.63757342,-1.60799825,-1.84710252,0.00000000,0.00000000
-2.54880810,-0.13187991,1.31439817,-2.12577558,0.28656796,0.00000000,0.00000000,-2.50464654,-0.25777131,0.58793902,-1.58308184,-1.87188601,0.00000000,0.00000000
-2.65657592,0.04469622,1.40801823,-2.06003404,0.29700089,0.00000000,0.00000000,-2.48829913,-0.21394823,0.52072251,-1.56386781,-1.90306509,0.00000000,0.00000000
-2.74499536,0.20623203,1.47262406,-1.98286319,0.29711521,0.00000000,0.00000000,-2.46307492,-0.15399212,0.43535301,-1.55235171,-1.94090259,0.00000000,0.00000000
-2.81029749,0.34532911,1.50422752,-1.90418839,0.29790255,0.00000000,0.00000000,-2.42949581,-0.07841485,0.33210376,-1.54975033,-1.96179736,0.00000000,0.00000000
-2.85297585,0.45969748,1.50610995,-1.83737266,0.30451208,0.00000000,0.00000000,-2.38857007,0.00871507,0.21127523,-1.55589402,-1.99424469,0.00000000,0.00000000
-2.87261200,0.55288142,1.48757744,-1.78569365,0.31295934,0.00000000,0.00000000,-2.34310985,0.09827954,0.07193296,-1.56891406,-2.01079822,0.00000000,0.00000000
-2.87314320,0.62907058,1.45430064,-1.74523020,0.30817845,0.00000000,0.00000000,-2.29379034,0.18313144,-0.08392006,-1.58917630,-2.04484296,0.00000000,0.00000000
-2.85937142,0.69140631,1.40733790,-1.71481967,0.32911396,0.00000000,0.00000000,-2.23527551,0.26328546,-0.24876356,-1.62294292,-2.06671643,0.00000000,0.00000000
-2.82787681,0.74300468,1.34584093,-1.69132364,0.34688342,0.00000000,0.00000000,-2.15976405,0.35259044,-0.41482919,-1.67631519,-2.07442594,0.00000000,0.00000000
-2.78592396,0.78487432,1.27073038,-1.67410469,0.34169456,0.00000000,0.00000000,-2.06463361,0.47629014,-0.58147788,-1.73836684,-2.09958553,0.00000000,0.00000000
-2.74404716,0.82024229,1.19092929,-1.66470706,0.35513946,0.00000000,0.00000000,-1.94658482,0.64363265,-0.74450469,-1.79234290,-2.10916805,0.00000000,0.00000000
-2.70313740,0.85241789,1.11196637,-1.66020405,0.35618427,0.00000000,0.00000000,-1.80823731,0.84921747,-0.89875746,-1.82619834,-2.11466837,0.00000000,0.00000000
-2.66359639,0.88136810,1.03337586,-1.66019964,0.35952556,0.00000000,0.00000000,-1.65806615,1.08057845,-1.03813803,-1.83315802,-2.13449383,0.00000000,0.00000000
-2.62527847,0.90649211,0.95322567,-1.66466820,0.34877920,0.00000000,0.00000000,-1.50742972,1.32148314,-1.15471852,-1.81121504,-2.14375091,0.00000000,0.00000000
-2.58738708,0.92849582,0.87104875,-1.67310667,0.33974630,0.00000000,0.00000000,-1.36834407,1.55458200,-1.23982096,-1.76304996,-2.14729333,0.00000000,0.00000000
-2.54895091,0.94845414,0.78654528,-1.68573117,0.35853192,0.00000000,0.00000000,-1.25085330,1.76342750,-1.28532434,-1.69582510,-2.15092397,0.00000000,0.00000000
-2.50927353,0.96771401,0.70018888,-1.70155990,0.36048159,0.00000000,0.00000000,-1.16192448,1.93475366,-1.28585041,-1.62016392,-2.15562940,0.00000000,0.00000000
-2.46820164,0.98619813,0.61189145,-1.71881723,0.36514682,0.00000000,0.00000000,-1.10534692,2.05990601,-1.24001813,-1.54856443,-2.15391183,0.00000000,0.00000000
-2.42704725,1.00199020,0.52238822,-1.73588514,0.38846689,0.00000000,0.00000000,-1.07400143,2.13462639,-1.15490544,-1.49384665,-2.12914348,0.00000000,0.00000000
-2.38894939,1.01373839,0.43646780,-1.75086188,0.41257796,0.00000000,0.00000000,-1.04505885,2.16400242,-1.04820299,-1.46100438,-2.09686494,0.00000000,0.00000000
-2.35578346,1.01911640,0.35748211,-1.76438010,0.44862625,0.00000000,0.00000000,-1.01089144,2.16968441,-0.92646915,-1.44051361,-2.06328940,0.00000000,0.00000000
-2.32676482,1.01439023,0.28474066,-1.77915525,0.46864307,0.00000000,0.00000000,-0.96862984,2.17000008,-0.79340971,-1.43473411,-2.04130602,0.00000000,0.00000000
-2.30057716,0.99707538,0.21755122,-1.79720080,0.47664541,0.00000000,0.00000000,-0.91795951,2.17000008,-0.65390241,-1.44918776,-2.02224112,0.00000000,0.00000000
-2.27605081,0.96595144,0.15578558,-1.81975079,0.51002401,0.00000000,0.00000000,-0.86163247,2.17000008,-0.51381278,-1.48594713,-2.01540041,0.00000000,0.00000000
-2.25200200,0.92054027,0.09928906,-1.84750581,0.53996164,0.00000000,0.00000000,-0.80400729,2.17000008,-0.37962329,-1.54436982,-1.98669839,0.00000000,0.00000000
-2.22705507,0.86105633,0.04794721,-1.88050151,0.56828171,0.00000000,0.00000000,-0.75037277,2.17000008,-0.25729057,-1.62133825,-1.95455050,0.00000000,0.00000000
-2.19939232,0.78849524,0.00159516,-1.91796386,0.59529376,0.00000000,0.00000000,-0.70622736,2.16979742,-0.15138508,-1.71170759,-1.94070494,0.00000000,0.00000000
-2.16670918,0.70466173,-0.04027162,-1.95838320,0.59535146,0.00000000,0.00000000,-0.67641801,2.16608572,-0.06459070,-1.80871296,-1.93687928,0.00000000,0.00000000
-2.12651682,0.61216879,-0.07890604,-1.99971128,0.58536834,0.00000000,0.00000000,-0.66410875,2.14638209,0.00253419,-1.90468943,-1.95221674,0.00000000,0.00000000
-2.07675409,0.51422530,-0.11631315,-2.03981113,0.58878511,0.00000000,0.00000000,-0.66998887,2.09764242,0.05176323,-1.99280071,-1.98404205,0.00000000,0.00000000
-2.01637554,0.41399366,-0.15467981,-2.07725835,0.60538363,0.00000000,0.00000000,-0.69290596,2.02421665,0.08680790,-2.06881332,-2.01580262,0.00000000,0.00000000
-1.94569182,0.31447375,-0.19583714,-2.11146188,0.63398176,0.00000000,0.00000000,-0.73155797,1.93455148,0.11206079,-2.13100910,-2.04161477,0.00000000,0.00000000
-1.86658514,0.21869828,-0.24103859,-2.14225817,0.63902527,0.00000000,0.00000000,-0.78543228,1.83432484,0.13140902,-2.17928863,-2.06421685,0.00000000,0.00000000
-1.78231287,0.12941599,-0.29059210,-2.16973233,0.62650442,0.00000000,0.00000000,-0.85443282,1.72790289,0.14753132,-2.21459436,-2.10866213,0.00000000,0.00000000
-1.69712329,0.04853098,-0.34391513,-2.19372416,0.62227601,0.00000000,0.00000000,-0.93714803,1.61980796,0.16150844,-2.23853660,-2.15028501,0.00000000,0.00000000
-1.61494517,-0.02360720,-0.39898989,-2.21346736,0.61826342,0.00000000,0.00000000,-1.02695227,1.51434648,0.17289679,-2.25273800,-2.17056084,0.00000000,0.00000000
-1.53755367,-0.08933308,-0.45178792,-2.22891235,0.61729819,0.00000000,0.00000000,-1.11310005,1.41273737,0.18072370,-2.25868750,-2.19463778,0.00000000,0.00000000
-1.46526575,-0.15315209,-0.49901825,-2.24153304,0.61827564,0.00000000,0.00000000,-1.19134164,1.31383741,0.18379174,-2.25992846,-2.20353866,0.00000000,0.00000000
-1.39747453,-0.21874392,-0.53810942,-2.25180006,0.61479795,0.00000000,0.00000000,-1.26146758,1.21763515,0.18118918,-2.25999975,-2.18419313,0.00000000,0.00000000
-1.33427811,-0.28738567,-0.56813788,-2.25816178,0.60403383,0.00000000,0.00000000,-1.32483196,1.12497675,0.17242393,-2.25999975,-2.14316773,0.00000000,0.00000000
-1.27600324,-0.35881484,-0.58917534,-2.25989103,0.59511113,0.00000000,0.00000000,-1.38328266,1.03693724,0.15770979,-2.25999975,-2.09985542,0.00000000,0.00000000
-1.22240436,-0.43226096,-0.60152745,-2.25999975,0.59877634,0.00000000,0.00000000,-1.43843818,0.95379424,0.13790749,-2.25983047,-2.03418255,0.00000000,0.00000000
-1.17311013,-0.50743490,-0.60632688,-2.25999975,0.60254627,0.00000000,0.00000000,-1.49159920,0.87417430,0.11424515,-2.25706410,-1.96150661,0.00000000,0.00000000
-1.12738645,-0.58433384,-0.60493416,-2.25984931,0.59653556,0.00000000,0.00000000,-1.54391301,0.79611820,0.08799084,-2.24603105,-1.89017081,0.00000000,0.00000000
-1.08465409,-0.66202801,-0.59910059,-2.25746036,0.58094579,0.00000000,0.00000000,-1.59577477,0.71890867,0.06101644,-2.22663426,-1.84057724,0.00000000,0.00000000
-1.04398024,-0.73913956,-0.59038597,-2.24866891,0.59729648,0.00000000,0.00000000,-1.64676404,0.64221704,0.03591181,-2.20296383,-1.79547226,0.00000000,0.00000000
-1.00463867,-0.81705064,-0.58088410,-2.23387599,0.62504101,0.00000000,0.00000000,-1.69655323,0.56607324,0.01509617,-2.17436576,-1.76603782,0.00000000,0.00000000
-0.96539611,-0.89547819,-0.57212198,-2.21359491,0.64796048,0.00000000,0.00000000,-1.74664700,0.49115282,-0.00114091,-2.13998747,-1.76282418,0.00000000,0.00000000
-0.92468703,-0.97243142,-0.56522346,-2.18749356,0.67744875,0.00000000,0.00000000,-1.79632533,0.41898584,-0.01085610,-2.10095859,-1.75703919,0.00000000,0.00000000
-0.88136613,-1.04710150,-0.56152987,-2.15550590,0.71191972,0.00000000,0.00000000,-1.84614575,0.35063356,-0.01422075,-2.05752254,-1.76301980,0.00000000,0.00000000
-0.83469433,-1.11909831,-0.56243443,-2.11771393,0.74412143,0.00000000,0.00000000,-1.89672589,0.28697416,-0.01288196,-2.01012421,-1.78373361,0.00000000,0.00000000
-0.78489929,-1.18879271,-0.56963468,-2.07443857,0.76074153,0.00000000,0.00000000,-1.94700611,0.22867502,-0.00878613,-1.96020961,-1.80793464,0.00000000,0.00000000
-0.73316187,-1.25763416,-0.58473229,-2.02504539,0.78657949,0.00000000,0.00000000,-1.99511838,0.17579445,-0.00514616,-1.90913916,-1.83912075,0.00000000,0.00000000
-0.68013144,-1.32819009,-0.60734797,-1.96872282,0.82379276,0.00000000,0.00000000,-2.03831410,0.12817051,-0.00546565,-1.85778344,-1.86094916,0.00000000,0.00000000
-0.62556469,-1.40243983,-0.63503009,-1.90592229,0.83624184,0.00000000,0.00000000,-2.07376575,0.08670614,-0.01296577,-1.80618632,-1.86382556,0.00000000,0.00000000
-0.57049155,-1.48050356,-0.66593105,-1.83753395,0.84691125,0.00000000,0.00000000,-2.09926558,0.05304096,-0.03058861,-1.75397396,-1.86300743,0.00000000,0.00000000
-0.51649648,-1.56206191,-0.69820660,-1.76401854,0.84251988,0.00000000,0.00000000,-2.11373234,0.02762072,-0.06132899,-1.70201325,-1.82973063,0.00000000,0.00000000
-0.46485513,-1.64700973,-0.72989655,-1.68497837,0.83948141,0.00000000,0.00000000,-2.11682248,0.00976543,-0.10778132,-1.65290093,-1.81879795,0.00000000,0.00000000
-0.41681716,-1.73466945,-0.76041359,-1.59932411,0.84589583,0.00000000,0.00000000,-2.10744143,-0.00175311,-0.17073064,-1.61328089,-1.80773926,0.00000000,0.00000000
-0.37488455,-1.82125509,-0.79302114,-1.50661945,0.85825527,0.00000000,0.00000000,-2.08502483,-0.00430176,-0.25103202,-1.59426177,-1.78997922,0.00000000,0.00000000
-0.34053865,-1.90153587,-0.83113837,-1.40954816,0.88209242,0.00000000,0.00000000,-2.04901385,0.01480193,-0.35063136,-1.60042536,-1.77096605,0.00000000,0.00000000
-0.31166530,-1.97372878,-0.87315941,-1.31178999,0.90239227,0.00000000,0.00000000,-1.99419224,0.06494647,-0.46744540,-1.62921393,-1.76671636,0.00000000,0.00000000
-0.28458223,-2.03640103,-0.91646212,-1.21580148,0.92444968,0.00000000,0.00000000,-1.91420615,0.15423372,-0.59850526,-1.67262542,-1.75998139,0.00000000,0.00000000
-0.25560379,-2.08786249,-0.95900369,-1.12353635,0.95786518,0.00000000,0.00000000,-1.80450857,0.29058373,-0.74184710,-1.71822786,-1.77440584,0.00000000,0.00000000
-0.22343186,-2.12729883,-0.99984431,-1.03774190,0.96636051,0.00000000,0.00000000,-1.66383791,0.47698516,-0.89498889,-1.75199080,-1.78101921,0.00000000,0.00000000
-0.18837814,-2.15383387,-1.03924465,-0.96258932,0.98347640,0.00000000,0.00000000,-1.49582124,0.70837140,-1.05321097,-1.76136696,-1.80028224,0.00000000,0.00000000
-0.15008722,-2.16677570,-1.07841563,-0.90122014,0.98966849,0.00000000,0.00000000,-1.30943000,0.97149950,-1.20858574,-1.73742723,-1.79881763,0.00000000,0.00000000
-0.10693546,-2.16981745,-1.11940718,-0.85482001,0.99103028,0.00000000,0.00000000,-1.11802435,1.24693251,-1.35049582,-1.67630625,-1.77774489,0.00000000,0.00000000
-0.05751603,-2.17000008,-1.16498137,-0.82337546,0.98499131,0.00000000,0.00000000,-0.93690389,1.51221561,-1.46748435,-1.57989669,-1.75274062,0.00000000,0.00000000
-0.00133554,-2.17000008,-1.21762407,-0.80704719,0.98502302,0.00000000,0.00000000,-0.78002161,1.74576402,-1.54990482,-1.45545888,-1.71849275,0.00000000,0.00000000
0.06073372,-2.17000008,-1.27873564,-0.80679190,0.98043352,0.00000000,0.00000000,-0.65688789,1.93079948,-1.59254742,-1.31437457,-1.67584884,0.00000000,0.00000000
0.12722713,-2.17000008,-1.34775746,-0.82330108,0.97411811,0.00000000,0.00000000,-0.57060629,2.05886507,-1.59662104,-1.17062199,-1.62314045,0.00000000,0.00000000
0.19859117,-2.17000008,-1.42192435,-0.85394043,0.95570773,0.00000000,0.00000000,-0.51799023,2.13219404,-1.57030022,-1.03855944,-1.57082653,0.00000000,0.00000000
0.27479890,-2.17000008,-1.49791968,-0.89323461,0.94743377,0.00000000,0.00000000,-0.49245065,2.16295767,-1.52589333,-0.92951143,-1.51709569,0.00000000,0.00000000
0.34976330,-2.17000008,-1.57304990,-0.93814242,0.93550807,0.00000000,0.00000000,-0.48771328,2.16961145,-1.47332549,-0.84932989,-1.46304774,0.00000000,0.00000000
0.41802347,-2.17000008,-1.64565194,-0.98555112,0.94504458,0.00000000,0.00000000,-0.49776509,2.17000008,-1.41691887,-0.79815871,-1.41285038,0.00000000,0.00000000
0.47997397,-2.17000008,-1.71473312,-1.03069639,0.97192681,0.00000000,0.00000000,-0.51345646,2.17000008,-1.35754895,-0.77033937,-1.37433004,0.00000000,0.00000000
0.53650999,-2.17000008,-1.77865219,-1.07088172,1.01161075,0.00000000,0.00000000,-0.52772146,2.17000008,-1.29343832,-0.75621128,-1.34467483,0.00000000,0.00000000
0.58711791,-2.17000008,-1.83738387,-1.10513353,1.06900835,0.00000000,0.00000000,-0.53957385,2.17000008,-1.22376263,-0.74653286,-1.33567822,0.00000000,0.00000000
0.63072848,-2.17000008,-1.89123106,-1.13298225,1.13873780,0.00000000,0.00000000,-0.54910511,2.17000008,-1.14885926,-0.73691094,-1.31762171,0.00000000,0.00000000
0.66590470,-2.16995382,-1.93971646,-1.15428936,1.20354211,0.00000000,0.00000000,-0.55521238,2.17000008,-1.06898916,-0.72511256,-1.31038618,0.00000000,0.00000000
0.69178528,-2.16912174,-1.98165679,-1.16857767,1.28395295,0.00000000,0.00000000,-0.55659670,2.17000008,-0.98410159,-0.70935774,-1.29328156,0.00000000,0.00000000
0.70828009,-2.16486216,-2.01553178,-1.17483175,1.36542201,0.00000000,0.00000000,-0.55205536,2.17000008,-0.89452392,-0.68902415,-1.29427886,0.00000000,0.00000000
0.71563196,-2.15464902,-2.04002762,-1.17185652,1.45396090,0.00000000,0.00000000,-0.54094166,2.17000008,-0.80126745,-0.66473430,-1.30783737,0.00000000,0.00000000
0.71424890,-2.13941193,-2.05436921,-1.15859866,1.53534901,0.00000000,0.00000000,-0.52347285,2.17000008,-0.70584440,-0.63767940,-1.32417881,0.00000000,0.00000000
0.70458436,-2.12052965,-2.05795312,-1.13436246,1.58454704,0.00000000,0.00000000,-0.50036520,2.17000008,-0.60999966,-0.60905832,-1.34381509,0.00000000,0.00000000
0.68729156,-2.09857559,-2.04996085,-1.09878361,1.60260653,0.00000000,0.00000000,-0.47249070,2.17000008,-0.51543021,-0.57976061,-1.37810111,0.00000000,0.00000000
0.66328597,-2.07360864,-2.02928400,-1.05184305,1.60754108,0.00000000,0.00000000,-0.44070888,2.17000008,-0.42359248,-0.55024081,-1.38898158,0.00000000,0.00000000
0.63352090,-2.04568052,-1.99464011,-0.99398547,1.59050739,0.00000000,0.00000000,-0.40586451,2.17000008,-0.33558497,-0.52055329,-1.40494180,0.00000000,0.00000000
0.59870899,-2.01517296,-1.94512796,-0.92621672,1.57226634,0.00000000,0.00000000,-0.36894229,2.16990447,-0.25205952,-0.49047673,-1.41270232,0.00000000,0.00000000
0.55912739,-1.98349023,-1.88051820,-0.85013318,1.53745651,0.00000000,0.00000000,-0.33113655,2.16840911,-0.17327303,-0.45949227,-1.42201972,0.00000000,0.00000000
0.51464319,-1.95305634,-1.80139518,-0.76789606,1.50436032,0.00000000,0.00000000,-0.29394031,2.16320729,-0.09910564,-0.42722881,-1.41662550,0.00000000,0.00000000
0.46518731,-1.92656994,-1.70929778,-0.68190902,1.45899868,0.00000000,0.00000000,-0.25902164,2.15591359,-0.02917461,-0.39418134,-1.40694916,0.00000000,0.00000000
0.41118160,-1.90642977,-1.60656881,-0.59448910,1.40480328,0.00000000,0.00000000,-0.22785951,2.14894605,0.03692239,-0.36170560,-1.38901961,0.00000000,0.00000000
0.35366356,-1.89458883,-1.49594235,-0.50772911,1.35135591,0.00000000,0.00000000,-0.20138632,2.14332819,0.09942216,-0.33145663,-1.39505780,0.00000000,0.00000000
0.29451326,-1.89225578,-1.38026869,-0.42323625,1.30542815,0.00000000,0.00000000,-0.18007497,2.13892412,0.15840380,-0.30503500,-1.39676499,0.00000000,0.00000000
0.23681124,-1.89975369,-1.26228166,-0.34192961,1.25340700,0.00000000,0.00000000,-0.16317961,2.13478875,0.21362722,-0.28366259,-1.40913534,0.00000000,0.00000000
0.18422982,-1.91676652,-1.14442563,-0.26447412,1.19939971,0.00000000,0.00000000,-0.14868315,2.13112068,0.26456809,-0.26707929,-1.41896403,0.00000000,0.00000000
0.13898845,-1.94217205,-1.02896547,-0.19226727,1.14667606,0.00000000,0.00000000,-0.13476752,2.13055015,0.31071389,-0.25308755,-1.43780661,0.00000000,0.00000000
0.10149123,-1.97360218,-0.91797698,-0.12720615,1.11909437,0.00000000,0.00000000,-0.12063129,2.13408637,0.35156846,-0.23971786,-1.44474769,0.00000000,0.00000000
0.07094504,-2.00754356,-0.81308430,-0.07092651,1.09103954,0.00000000,0.00000000,-0.10647582,2.14004254,0.38673571,-0.22575676,-1.45673597,0.00000000,0.00000000
0.04586054,-2.04042912,-0.71520609,-0.02443652,1.08727264,0.00000000,0.00000000,-0.09289885,2.14626765,0.41603252,-0.21019131,-1.47887230,0.00000000,0.00000000
0.02455383,-2.07025909,-0.62454069,0.01177934,1.07891321,0.00000000,0.00000000,-0.08010130,2.15177822,0.43946707,-0.19234565,-1.51920092,0.00000000,0.00000000
0.00561941,-2.09700799,-0.54082084,0.03766406,1.08235669,0.00000000,0.00000000,-0.06797709,2.15617681,0.45723024,-0.17255782,-1.53149033,0.00000000,0.00000000
-0.01168576,-2.12126470,-0.46359155,0.05403335,1.08333969,0.00000000,0.00000000,-0.05660569,2.15918612,0.46980169,-0.15207554,-1.53515863,0.00000000,0.00000000
-0.02756246,-2.14097548,-0.39236578,0.06368618,1.07774615,0.00000000,0.00000000,-0.04510243,2.16158485,0.47786078,-0.13198812,-1.52719617,0.00000000,0.00000000
-0.04213304,-2.15592241,-0.32673919,0.06821156,1.07888138,0.00000000,0.00000000,-0.03368641,2.16360521,0.48220524,-0.11346339,-1.53024733,0.00000000,0.00000000
-0.05537422,-2.16566801,-0.26637721,0.06861801,1.08458436,0.00000000,0.00000000,-0.02315596,2.16539478,0.48361969,-0.09703072,-1.51835108,0.00000000,0.00000000
-0.06701621,-2.16935229,-0.21098605,0.06613860,1.08218193,0.00000000,0.00000000,-0.01387508,2.16715312,0.48275566,-0.08260620,-1.53041637,0.00000000,0.00000000
-0.07708874,-2.16996861,-0.16027936,0.06145826,1.09248149,0.00000000,0.00000000,-0.00577973,2.16870832,0.48010901,-0.06992701,-1.54066467,0.00000000,0.00000000
-0.08570759,-2.17000008,-0.11396134,0.05503922,1.08797956,0.00000000,0.00000000,0.00130881,2.16970682,0.47605705,-0.05875077,-1.53130352,0.00000000,0.00000000
-0.09297343,-2.17000008,-0.07171866,0.04807299,1.09976017,0.00000000,0.00000000,0.00757712,2.16998291,0.47089428,-0.04906856,-1.50707293,0.00000000,0.00000000
-0.09913008,-2.17000008,-0.03323528,0.04144929,1.09770298,0.00000000,0.00000000,0.01320956,2.17000008,0.46486732,-0.04089294,-1.48303652,0.00000000,0.00000000
-0.10439897,-2.17000008,0.00179225,0.03541148,1.10559070,0.00000000,0.00000000,0.01842307,2.16999006,0.45818788,-0.03425239,-1.47130322,0.00000000,0.00000000
-0.10886130,-2.17000008,0.03364933,0.02996437,1.11555779,0.00000000,0.00000000,0.02337909,2.16981268,0.45104378,-0.02908028,-1.48828375,0.00000000,0.00000000
-0.11261266,-2.17000008,0.06260614,0.02516115,1.13069689,0.00000000,0.00000000,0.02818756,2.16890597,0.44360229,-0.02526348,-1.47779679,0.00000000,0.00000000
-0.11572473,-2.17000008,0.08891472,0.02108692,1.14574194,0.00000000,0.00000000,0.03292922,2.16686273,0.43601176,-0.02263315,-1.46989644,0.00000000,0.00000000
-0.11822513,-2.17000008,0.11280735,0.01776713,1.14778638,0.00000000,0.00000000,0.03757892,2.16428661,0.42840132,-0.02091404,-1.45232880,0.00000000,0.00000000
-0.12015552,-2.17000008,0.13449711,0.01526107,1.14403927,0.00000000,0.00000000,0.04201303,2.16173983,0.42087695,-0.01994241,-1.43719649,0.00000000,0.00000000
-0.12165631,-2.17000008,0.15417996,0.01361111,1.14340246,0.00000000,0.00000000,0.04609407,2.15938473,0.41352215,-0.01964392,-1.43319237,0.00000000,0.00000000
-0.12289516,-2.17000008,0.17203502,0.01260558,1.13570094,0.00000000,0.00000000,0.04976250,2.15733051,0.40640295,-0.01983427,-1.44456673,0.00000000,0.00000000
-0.12403441,-2.17000008,0.18822443,0.01209324,1.14006019,0.00000000,0.00000000,0.05307504,2.15555477,0.39957282,-0.02031267,-1.44895720,0.00000000,0.00000000
-0.12522674,-2.17000008,0.20289412,0.01199875,1.14643908,0.00000000,0.00000000,0.05610844,2.15404797,0.39307588,-0.02087091,-1.43890572,0.00000000,0.00000000
-0.12667079,-2.17000008,0.21617489,0.01229008,1.15114737,0.00000000,0.00000000,0.05895462,2.15285373,0.38695014,-0.02130660,-1.40837753,0.00000000,0.00000000
-0.12833913,-2.17000008,0.22818038,0.01306276,1.15671861,0.00000000,0.00000000,0.06168306,2.15192699,0.38122740,-0.02151098,-1.39615583,0.00000000,0.00000000
-0.13009834,-2.17000008,0.23900734,0.01449245,1.15155184,0.00000000,0.00000000,0.06460231,2.15105581,0.37593275,-0.02147098,-1.39133978,0.00000000,0.00000000
-0.13179074,-2.17000008,0.24873640,0.01663275,1.14829624,0.00000000,0.00000000,0.06790948,2.15016985,0.37108499,-0.02116554,-1.39582777,0.00000000,0.00000000
-0.13337353,-2.17000008,0.25743374,0.01940672,1.14511085,0.00000000,0.00000000,0.07153396,2.14934468,0.36669651,-0.02058499,-1.40267789,0.00000000,0.00000000
-0.13485591,-2.17000008,0.26515007,0.02261247,1.11348021,0.00000000,0.00000000,0.07515457,2.14868140,0.36277330,-0.01979345,-1.40700364,0.00000000,0.00000000
-0.13626771,-2.17000008,0.27192071,0.02598357,1.07385969,0.00000000,0.00000000,0.07830717,2.14824343,0.35931674,-0.01894316,-1.40459347,0.00000000,0.00000000
-0.13777699,-2.17000008,0.27776846,0.02929476,1.04061770,0.00000000,0.00000000,0.08070233,2.14801836,0.35632682,-0.01820482,-1.39721155,0.00000000,0.00000000
-0.13954601,-2.17000008,0.28270236,0.03230911,1.00325584,0.00000000,0.00000000,0.08229351,2.14795303,0.35380530,-0.01769421,-1.38983333,0.00000000,0.00000000
-0.14160833,-2.17000008,0.28671715,0.03473856,0.87536299,0.00000000,0.00000000,0.08310330,2.14800215,0.35175830,-0.01745286,-1.24043071,0.00000000,0.00000000
-0.14387131,-2.17000008,0.28979442,0.03641531,0.74935180,0.00000000,0.00000000,0.08317485,2.14814448,0.35019642,-0.01744993,-1.08787644,0.00000000,0.00000000
-0.14609325,-2.17000008,0.29190397,0.03739490,0.62904608,0.00000000,0.00000000,0.08268782,2.14837337,0.34913322,-0.01758032,-0.93785572,0.00000000,0.00000000
-0.14769375,-2.17000008,0.29301158,0.03784528,0.50970912,0.00000000,0.00000000,0.08208636,2.14860678,0.34858021,-0.01770241,-0.78066111,0.00000000,0.00000000
