Rotation,Pitch,Elbow,Wrist_Pitch,Wrist_Roll,Jaw
0.0,0.0,0.5,0.0,0.0,0.5
0.0,0.0,0.5,0.0,0.0,0.5
0.0,0.0,0.5,0.0,0.0,0.5
0.0,0.0,0.5,0.0,0.0,0.5
0.0,0.0,0.5,0.0,0.0,0.5
0.0,0.0,0.5,0.0,0.0,0.5
0.0,0.0,0.5,0.0,0.0,0.5
0.0,0.0,0.5,0.0,0.0,0.5
0.0,0.0,0.5,0.0,0.0,0.5
0.0,0.0,0.5,0.0,0.0,0.5
0.0,0.0,0.5,0.0,0.0,0.5
0.0,0.0,0.5,0.0,0.0,0.5
0.0,0.0,0.5,0.0,0.0,0.5
0.0,0.0,0.5,0.0,0.0,0.5
0.0,0.0,0.5,0.0,0.0,0.5
0.0,0.0,0.5,0.0,0.0,0.5
0.0,0.0,0.5,0.0,0.0,0.5
0.0,0.0,0.5,0.0,0.0,0.5
0.0,0.0,0.5,0.0,0.0,0.5
0.0,0.0,0.5,0.0,0.0,0.5
0.0,0.0,0.5,0.0,0.0,0.5
0.0,0.0,0.5,0.0,0.0,0.5
0.0,0.0,0.5,0.0,0.0,0.5
0.0,0.0,0.5,0.0,0.0,0.5
0.0,0.0,0.5,0.0,0.0,0.5
0.0,0.0,0.5,0.0,0.0,0.5
0.0,0.0,0.5,0.0,0.0,0.5
0.0,0.0,0.5,0.0,0.0,0.5
0.0,0.0,0.5,0.0,0.0,0.5
0.0,0.0,0.5,0.0,0.0,0.5
0.0,0.0,0.5,0.0,0.0,0.5
0.0,0.0,0.5,0.0,0.0,0.5
0.0,0.0,0.5,0.0,0.0,0.5
0.0,0.0,0.5,0.0,0.0,0.5
0.0,0.0,0.5,0.0,0.0,0.5
0.0,0.0,0.5,0.0,0.0,0.5
0.0,0.0,0.5,0.0,0.0,0.5
0.0,0.0,0.5,0.0,0.0,0.5
0.0,0.0,0.5,0.0,0.0,0.5
0.0,0.0,0.5,0.0,0.0,0.5
0.0,0.0,0.5,0.0,0.0,0.5
0.0,0.0,0.5,0.0,0.0,0.5
0.0,0.0,0.5,0.0,0.0,0.5
0.0,0.0,0.5,0.0,0.0,0.5
0.0,0.0,0.5,0.0,0.0,0.5
0.0,0.0,0.5,0.0,0.0,0.5
0.0,0.0,0.5,0.0,0.0,0.5
0.0,0.0,0.5,0.0,0.0,0.5
0.0,0.0,0.5,0.0,0.0,0.5
0.0,0.0,0.5,0.0,0.0,0.5
0.0,0.0,0.5,0.0,0.0,0.5
0.0,0.0,0.5,0.0,0.0,0.5
0.0,0.0,0.5,0.0,0.0,0.5
0.0,0.0,0.5,0.0,0.0,0.5
0.0,0.0,0.5,0.0,0.0,0.5
0.0,0.0,0.5,0.0,0.0,0.5
0.0,0.0,0.5,0.0,0.0,0.5
0.0,0.0,0.5,0.0,0.0,0.5
0.0,0.0,0.5,0.0,0.0,0.5
0.0,0.0,0.5,0.0,0.0,0.5
0.0,0.0,0.5,0.0,0.0,0.5
0.0,0.0,0.5,0.0,0.0,0.5
0.0,0.0,0.5,0.0,0.0,0.5
0.0,0.0,0.5,0.0,0.0,0.5
0.0,0.0,0.5,0.0,0.0,0.5
0.0,0.0,0.5,0.0,0.0,0.5
0.0,0.0,0.5,0.0,0.0,0.5
0.0,0.0,0.5,0.0,0.0,0.5
0.0,0.0,0.5,0.0,0.0,0.5
0.0,0.0,0.5,0.0,0.0,0.5
0.0,0.0,0.5,0.0,0.0,0.5
0.0,0.0,0.5,0.0,0.0,0.5
0.0,0.0,0.5,0.0,0.0,0.5
0.0,0.0,0.5,0.0,0.0,0.5
0.0,0.0,0.5,0.0,0.0,0.5
0.0,0.0,0.5,0.0,0.0,0.5
0.0,0.0,0.5,0.0,0.0,0.5
0.0,0.0,0.5,0.0,0.0,0.5
0.0,0.0,0.5,0.0,0.0,0.5
0.0,0.0,0.5,0.0,0.0,0.5
0.0,0.0,0.5,0.0,0.0,0.5
0.0,0.0,0.5,0.0,0.0,0.5
0.0,0.0,0.5,0.0,0.0,0.5
0.0,0.0,0.5,0.0,0.0,0.5
0.0,0.0,0.5,0.0,0.0,0.5
0.0,0.0,0.5,0.0,0.0,0.5
0.0,0.0,0.5,0.0,0.0,0.5
0.0,0.0,0.5,0.0,0.0,0.5
0.0,0.0,0.5,0.0,0.0,0.5
0.0,0.0,0.5,0.0,0.0,0.5
0.0,0.0,0.5,0.0,0.0,0.5
0.0,0.0,0.5,0.0,0.0,0.5
0.0,0.0,0.5,0.0,0.0,0.5
0.0,0.0,0.5,0.0,0.0,0.5
0.0,0.0,0.5,0.0,0.0,0.5
0.0,0.0,0.5,0.0,0.0,0.5
0.0,0.0,0.5,0.0,0.0,0.5
0.0,0.0,0.5,0.0,0.0,0.5
0.0,0.0,0.5,0.0,0.0,0.5
0.0,0.0,0.5,0.0,0.0,0.5
0.0,0.0,0.5,0.0,0.0,0.5
0.0,3.9e-05,0.5,0.0,0.0,0.5
0.0,0.000156,0.5,0.0,0.0,0.5
0.0,0.00035,0.5,0.0,0.0,0.5
0.0,0.000622,0.5,0.0,0.0,0.5
0.0,0.000972,0.5,0.0,0.0,0.5
0.0,0.001398,0.5,0.0,0.0,0.5
0.0,0.001903,0.5,0.0,0.0,0.5
0.0,0.002484,0.5,0.0,0.0,0.5
0.0,0.003141,0.5,0.0,0.0,0.5
0.0,0.003875,0.5,0.0,0.0,0.5
0.0,0.004686,0.5,0.0,0.0,0.5
0.0,0.005572,0.5,0.0,0.0,0.5
0.0,0.006533,0.5,0.0,0.0,0.5
0.0,0.007569,0.5,0.0,0.0,0.5
0.0,0.00868,0.5,0.0,0.0,0.5
0.0,0.009864,0.5,0.0,0.0,0.5
0.0,0.011122,0.5,0.0,0.0,0.5
0.0,0.012453,0.5,0.0,0.0,0.5
0.0,0.013856,0.5,0.0,0.0,0.5
0.0,0.01533,0.5,0.0,0.0,0.5
0.0,0.016876,0.5,0.0,0.0,0.5
0.0,0.018492,0.5,0.0,0.0,0.5
0.0,0.020177,0.5,0.0,0.0,0.5
0.0,0.021932,0.5,0.0,0.0,0.5
0.0,0.023754,0.5,0.0,0.0,0.5
0.0,0.025644,0.5,0.0,0.0,0.5
0.0,0.0276,0.5,0.0,0.0,0.5
0.0,0.029621,0.5,0.0,0.0,0.5
0.0,0.031707,0.5,0.0,0.0,0.5
0.0,0.033857,0.5,0.0,0.0,0.5
0.0,0.03607,0.5,0.0,0.0,0.5
0.0,0.038344,0.5,0.0,0.0,0.5
0.0,0.040679,0.5,0.0,0.0,0.5
0.0,0.043074,0.5,0.0,0.0,0.5
0.0,0.045527,0.5,0.0,0.0,0.5
0.0,0.048038,0.5,0.0,0.0,0.5
0.0,0.050606,0.5,0.0,0.0,0.5
0.0,0.053229,0.5,0.0,0.0,0.5
0.0,0.055905,0.5,0.0,0.0,0.5
0.0,0.058635,0.5,0.0,0.0,0.5
0.0,0.061417,0.5,0.0,0.0,0.5
0.0,0.064249,0.5,0.0,0.0,0.5
0.0,0.06713,0.5,0.0,0.0,0.5
0.0,0.070059,0.5,0.0,0.0,0.5
0.0,0.073035,0.5,0.0,0.0,0.5
0.0,0.076056,0.5,0.0,0.0,0.5
0.0,0.079122,0.5,0.0,0.0,0.5
0.0,0.082229,0.5,0.0,0.0,0.5
0.0,0.085378,0.5,0.0,0.0,0.5
0.0,0.088567,0.5,0.0,0.0,0.5
0.0,0.091795,0.5,0.0,0.0,0.5
0.0,0.095059,0.5,0.0,0.0,0.5
0.0,0.098359,0.5,0.0,0.0,0.5
0.0,0.101693,0.5,0.0,0.0,0.5
0.0,0.105059,0.5,0.0,0.0,0.5
0.0,0.108457,0.5,0.0,0.0,0.5
0.0,0.111884,0.5,0.0,0.0,0.5
0.0,0.115339,0.5,0.0,0.0,0.5
0.0,0.118821,0.5,0.0,0.0,0.5
0.0,0.122328,0.5,0.0,0.0,0.5
0.0,0.125858,0.5,0.0,0.0,0.5
0.0,0.12941,0.5,0.0,0.0,0.5
0.0,0.132982,0.5,0.0,0.0,0.5
0.0,0.136573,0.5,0.0,0.0,0.5
0.0,0.140181,0.5,0.0,0.0,0.5
0.0,0.143804,0.5,0.0,0.0,0.5
0.0,0.147442,0.5,0.0,0.0,0.5
0.0,0.151091,0.5,0.0,0.0,0.5
0.0,0.154752,0.5,0.0,0.0,0.5
0.0,0.158421,0.5,0.0,0.0,0.5
0.0,0.162097,0.5,0.0,0.0,0.5
0.0,0.16578,0.5,0.0,0.0,0.5
0.0,0.169466,0.5,0.0,0.0,0.5
0.0,0.173155,0.5,0.0,0.0,0.5
0.0,0.176845,0.5,0.0,0.0,0.5
0.0,0.180534,0.5,0.0,0.0,0.5
0.0,0.18422,0.5,0.0,0.0,0.5
0.0,0.187903,0.5,0.0,0.0,0.5
0.0,0.191579,0.5,0.0,0.0,0.5
0.0,0.195248,0.5,0.0,0.0,0.5
0.0,0.198909,0.5,0.0,0.0,0.5
0.0,0.202558,0.5,0.0,0.0,0.5
0.0,0.206196,0.5,0.0,0.0,0.5
0.0,0.209819,0.5,0.0,0.0,0.5
0.0,0.213427,0.5,0.0,0.0,0.5
0.0,0.217018,0.5,0.0,0.0,0.5
0.0,0.22059,0.5,0.0,0.0,0.5
0.0,0.224142,0.5,0.0,0.0,0.5
0.0,0.227672,0.5,0.0,0.0,0.5
0.0,0.231179,0.5,0.0,0.0,0.5
0.0,0.234661,0.5,0.0,0.0,0.5
0.0,0.238116,0.5,0.0,0.0,0.5
0.0,0.241543,0.5,0.0,0.0,0.5
0.0,0.244941,0.5,0.0,0.0,0.5
0.0,0.248307,0.5,0.0,0.0,0.5
0.0,0.251641,0.5,0.0,0.0,0.5
0.0,0.254941,0.5,0.0,0.0,0.5
0.0,0.258205,0.5,0.0,0.0,0.5
0.0,0.261433,0.5,0.0,0.0,0.5
0.0,0.264622,0.5,0.0,0.0,0.5
0.0,0.267771,0.5,0.0,0.0,0.5
0.0,0.270878,0.5,0.0,0.0,0.5
0.0,0.273944,0.5,0.0,0.0,0.5
0.0,0.276965,0.5,0.0,0.0,0.5
0.0,0.279941,0.5,0.0,0.0,0.5
0.0,0.28287,0.5,0.0,0.0,0.5
0.0,0.285751,0.5,0.0,0.0,0.5
0.0,0.288583,0.5,0.0,0.0,0.5
0.0,0.291365,0.5,0.0,0.0,0.5
0.0,0.294095,0.5,0.0,0.0,0.5
0.0,0.296771,0.5,0.0,0.0,0.5
0.0,0.299394,0.5,0.0,0.0,0.5
0.0,0.301962,0.5,0.0,0.0,0.5
0.0,0.304473,0.5,0.0,0.0,0.5
0.0,0.306926,0.5,0.0,0.0,0.5
0.0,0.309321,0.5,0.0,0.0,0.5
0.0,0.311656,0.5,0.0,0.0,0.5
0.0,0.31393,0.5,0.0,0.0,0.5
0.0,0.316143,0.5,0.0,0.0,0.5
0.0,0.318293,0.5,0.0,0.0,0.5
0.0,0.320379,0.5,0.0,0.0,0.5
0.0,0.3224,0.5,0.0,0.0,0.5
0.0,0.324356,0.5,0.0,0.0,0.5
0.0,0.326246,0.5,0.0,0.0,0.5
0.0,0.328068,0.5,0.0,0.0,0.5
0.0,0.329823,0.5,0.0,0.0,0.5
0.0,0.331508,0.5,0.0,0.0,0.5
0.0,0.333124,0.5,0.0,0.0,0.5
0.0,0.33467,0.5,0.0,0.0,0.5
0.0,0.336144,0.5,0.0,0.0,0.5
0.0,0.337547,0.5,0.0,0.0,0.5
0.0,0.338878,0.5,0.0,0.0,0.5
0.0,0.340136,0.5,0.0,0.0,0.5
0.0,0.34132,0.5,0.0,0.0,0.5
0.0,0.342431,0.5,0.0,0.0,0.5
0.0,0.343467,0.5,0.0,0.0,0.5
0.0,0.344428,0.5,0.0,0.0,0.5
0.0,0.345314,0.5,0.0,0.0,0.5
0.0,0.346125,0.5,0.0,0.0,0.5
0.0,0.346859,0.5,0.0,0.0,0.5
0.0,0.347516,0.5,0.0,0.0,0.5
0.0,0.348097,0.5,0.0,0.0,0.5
0.0,0.348602,0.5,0.0,0.0,0.5
0.0,0.349028,0.5,0.0,0.0,0.5
0.0,0.349378,0.5,0.0,0.0,0.5
0.0,0.34965,0.5,0.0,0.0,0.5
0.0,0.349844,0.5,0.0,0.0,0.5
0.0,0.349961,0.5,0.0,0.0,0.5
0.0,0.35,0.5,0.0,0.0,0.5
0.0,0.35,0.5,0.0,0.0,0.5
0.0,0.35,0.500035,0.0,0.0,0.5
0.0,0.35,0.500139,0.0,0.0,0.5
0.0,0.35,0.500313,0.0,0.0,0.5
0.0,0.35,0.500557,0.0,0.0,0.5
0.0,0.35,0.50087,0.0,0.0,0.5
0.0,0.35,0.501252,0.0,0.0,0.5
0.0,0.35,0.501703,0.0,0.0,0.5
0.0,0.35,0.502222,0.0,0.0,0.5
0.0,0.35,0.502809,0.0,0.0,0.5
0.0,0.35,0.503465,0.0,0.0,0.5
0.0,0.35,0.504187,0.0,0.0,0.5
0.0,0.35,0.504976,0.0,0.0,0.5
0.0,0.35,0.505832,0.0,0.0,0.5
0.0,0.35,0.506753,0.0,0.0,0.5
0.0,0.35,0.507739,0.0,0.0,0.5
0.0,0.35,0.508789,0.0,0.0,0.5
0.0,0.35,0.509903,0.0,0.0,0.5
0.0,0.35,0.51108,0.0,0.0,0.5
0.0,0.35,0.512319,0.0,0.0,0.5
0.0,0.35,0.513618,0.0,0.0,0.5
0.0,0.35,0.514978,0.0,0.0,0.5
0.0,0.35,0.516398,0.0,0.0,0.5
0.0,0.35,0.517875,0.0,0.0,0.5
0.0,0.35,0.51941,0.0,0.0,0.5
0.0,0.35,0.521001,0.0,0.0,0.5
0.0,0.35,0.522647,0.0,0.0,0.5
0.0,0.35,0.524347,0.0,0.0,0.5
0.0,0.35,0.526099,0.0,0.0,0.5
0.0,0.35,0.527903,0.0,0.0,0.5
0.0,0.35,0.529758,0.0,0.0,0.5
0.0,0.35,0.531661,0.0,0.0,0.5
0.0,0.35,0.533612,0.0,0.0,0.5
0.0,0.35,0.535609,0.0,0.0,0.5
0.0,0.35,0.537651,0.0,0.0,0.5
0.0,0.35,0.539737,0.0,0.0,0.5
0.0,0.35,0.541864,0.0,0.0,0.5
0.0,0.35,0.544032,0.0,0.0,0.5
0.0,0.35,0.546239,0.0,0.0,0.5
0.0,0.35,0.548484,0.0,0.0,0.5
0.0,0.35,0.550764,0.0,0.0,0.5
0.0,0.35,0.553079,0.0,0.0,0.5
0.0,0.35,0.555426,0.0,0.0,0.5
0.0,0.35,0.557805,0.0,0.0,0.5
0.0,0.35,0.560213,0.0,0.0,0.5
0.0,0.35,0.562648,0.0,0.0,0.5
0.0,0.35,0.56511,0.0,0.0,0.5
0.0,0.35,0.567596,0.0,0.0,0.5
0.0,0.35,0.570104,0.0,0.0,0.5
0.0,0.35,0.572634,0.0,0.0,0.5
0.0,0.35,0.575182,0.0,0.0,0.5
0.0,0.35,0.577748,0.0,0.0,0.5
0.0,0.35,0.580329,0.0,0.0,0.5
0.0,0.35,0.582924,0.0,0.0,0.5
0.0,0.35,0.585531,0.0,0.0,0.5
0.0,0.35,0.588148,0.0,0.0,0.5
0.0,0.35,0.590773,0.0,0.0,0.5
0.0,0.35,0.593405,0.0,0.0,0.5
0.0,0.35,0.596041,0.0,0.0,0.5
0.0,0.35,0.59868,0.0,0.0,0.5
0.0,0.35,0.60132,0.0,0.0,0.5
0.0,0.35,0.603959,0.0,0.0,0.5
0.0,0.35,0.606595,0.0,0.0,0.5
0.0,0.35,0.609227,0.0,0.0,0.5
0.0,0.35,0.611852,0.0,0.0,0.5
0.0,0.35,0.614469,0.0,0.0,0.5
0.0,0.35,0.617076,0.0,0.0,0.5
0.0,0.35,0.619671,0.0,0.0,0.5
0.0,0.35,0.622252,0.0,0.0,0.5
0.0,0.35,0.624818,0.0,0.0,0.5
0.0,0.35,0.627366,0.0,0.0,0.5
0.0,0.35,0.629896,0.0,0.0,0.5
0.0,0.35,0.632404,0.0,0.0,0.5
0.0,0.35,0.63489,0.0,0.0,0.5
0.0,0.35,0.637352,0.0,0.0,0.5
0.0,0.35,0.639787,0.0,0.0,0.5
0.0,0.35,0.642195,0.0,0.0,0.5
0.0,0.35,0.644574,0.0,0.0,0.5
0.0,0.35,0.646921,0.0,0.0,0.5
0.0,0.35,0.649236,0.0,0.0,0.5
0.0,0.35,0.651516,0.0,0.0,0.5
0.0,0.35,0.653761,0.0,0.0,0.5
0.0,0.35,0.655968,0.0,0.0,0.5
0.0,0.35,0.658136,0.0,0.0,0.5
0.0,0.35,0.660263,0.0,0.0,0.5
0.0,0.35,0.662349,0.0,0.0,0.5
0.0,0.35,0.664391,0.0,0.0,0.5
0.0,0.35,0.666388,0.0,0.0,0.5
0.0,0.35,0.668339,0.0,0.0,0.5
0.0,0.35,0.670242,0.0,0.0,0.5
0.0,0.35,0.672097,0.0,0.0,0.5
0.0,0.35,0.673901,0.0,0.0,0.5
0.0,0.35,0.675653,0.0,0.0,0.5
0.0,0.35,0.677353,0.0,0.0,0.5
0.0,0.35,0.678999,0.0,0.0,0.5
0.0,0.35,0.68059,0.0,0.0,0.5
0.0,0.35,0.682125,0.0,0.0,0.5
0.0,0.35,0.683602,0.0,0.0,0.5
0.0,0.35,0.685022,0.0,0.0,0.5
0.0,0.35,0.686382,0.0,0.0,0.5
0.0,0.35,0.687681,0.0,0.0,0.5
0.0,0.35,0.68892,0.0,0.0,0.5
0.0,0.35,0.690097,0.0,0.0,0.5
0.0,0.35,0.691211,0.0,0.0,0.5
0.0,0.35,0.692261,0.0,0.0,0.5
0.0,0.35,0.693247,0.0,0.0,0.5
0.0,0.35,0.694168,0.0,0.0,0.5
0.0,0.35,0.695024,0.0,0.0,0.5
0.0,0.35,0.695813,0.0,0.0,0.5
0.0,0.35,0.696535,0.0,0.0,0.5
0.0,0.35,0.697191,0.0,0.0,0.5
0.0,0.35,0.697778,0.0,0.0,0.5
0.0,0.35,0.698297,0.0,0.0,0.5
0.0,0.35,0.698748,0.0,0.0,0.5
0.0,0.35,0.69913,0.0,0.0,0.5
0.0,0.35,0.699443,0.0,0.0,0.5
0.0,0.35,0.699687,0.0,0.0,0.5
0.0,0.35,0.699861,0.0,0.0,0.5
0.0,0.35,0.699965,0.0,0.0,0.5
0.0,0.35,0.7,0.0,0.0,0.5
0.0,0.35,0.7,0.0,0.0,0.5
0.0,0.35,0.699975,0.0,0.0,0.5
0.0,0.35,0.6999,0.0,0.0,0.5
0.0,0.35,0.699776,0.0,0.0,0.5
0.0,0.35,0.699601,0.0,0.0,0.5
0.0,0.35,0.699377,0.0,0.0,0.5
0.0,0.35,0.699103,0.0,0.0,0.5
0.0,0.35,0.69878,0.0,0.0,0.5
0.0,0.35,0.698407,0.0,0.0,0.5
0.0,0.35,0.697985,0.0,0.0,0.5
0.0,0.35,0.697513,0.0,0.0,0.5
0.0,0.35,0.696992,0.0,0.0,0.5
0.0,0.35,0.696422,0.0,0.0,0.5
0.0,0.35,0.695803,0.0,0.0,0.5
0.0,0.35,0.695135,0.0,0.0,0.5
0.0,0.35,0.694419,0.0,0.0,0.5
0.0,0.35,0.693654,0.0,0.0,0.5
0.0,0.35,0.69284,0.0,0.0,0.5
0.0,0.35,0.691979,0.0,0.0,0.5
0.0,0.35,0.69107,0.0,0.0,0.5
0.0,0.35,0.690113,0.0,0.0,0.5
0.0,0.35,0.689109,0.0,0.0,0.5
0.0,0.35,0.688058,0.0,0.0,0.5
0.0,0.35,0.68696,0.0,0.0,0.5
0.0,0.35,0.685815,0.0,0.0,0.5
0.0,0.35,0.684625,0.0,0.0,0.5
0.0,0.35,0.683388,0.0,0.0,0.5
0.0,0.35,0.682105,0.0,0.0,0.5
0.0,0.35,0.680777,0.0,0.0,0.5
0.0,0.35,0.679404,0.0,0.0,0.5
0.0,0.35,0.677986,0.0,0.0,0.5
0.0,0.35,0.676524,0.0,0.0,0.5
0.0,0.35,0.675017,0.0,0.0,0.5
0.0,0.35,0.673468,0.0,0.0,0.5
0.0,0.35,0.671875,0.0,0.0,0.5
0.0,0.35,0.670239,0.0,0.0,0.5
0.0,0.35,0.66856,0.0,0.0,0.5
0.0,0.35,0.66684,0.0,0.0,0.5
0.0,0.35,0.665078,0.0,0.0,0.5
0.0,0.35,0.663275,0.0,0.0,0.5
0.0,0.35,0.661431,0.0,0.0,0.5
0.0,0.35,0.659547,0.0,0.0,0.5
0.0,0.35,0.657624,0.0,0.0,0.5
0.0,0.35,0.655661,0.0,0.0,0.5
0.0,0.35,0.653659,0.0,0.0,0.5
0.0,0.35,0.651619,0.0,0.0,0.5
0.0,0.35,0.649541,0.0,0.0,0.5
0.0,0.35,0.647426,0.0,0.0,0.5
0.0,0.35,0.645274,0.0,0.0,0.5
0.0,0.35,0.643086,0.0,0.0,0.5
0.0,0.35,0.640862,0.0,0.0,0.5
0.0,0.35,0.638603,0.0,0.0,0.5
0.0,0.35,0.63631,0.0,0.0,0.5
0.0,0.35,0.633982,0.0,0.0,0.5
0.0,0.35,0.631622,0.0,0.0,0.5
0.0,0.35,0.629228,0.0,0.0,0.5
0.0,0.35,0.626802,0.0,0.0,0.5
0.0,0.35,0.624345,0.0,0.0,0.5
0.0,0.35,0.621857,0.0,0.0,0.5
0.0,0.35,0.619338,0.0,0.0,0.5
0.0,0.35,0.616789,0.0,0.0,0.5
0.0,0.35,0.614212,0.0,0.0,0.5
0.0,0.35,0.611606,0.0,0.0,0.5
0.0,0.35,0.608972,0.0,0.0,0.5
0.0,0.35,0.606311,0.0,0.0,0.5
0.0,0.35,0.603623,0.0,0.0,0.5
0.0,0.35,0.60091,0.0,0.0,0.5
0.0,0.35,0.598172,0.0,0.0,0.5
0.0,0.35,0.595409,0.0,0.0,0.5
0.0,0.35,0.592622,0.0,0.0,0.5
0.0,0.35,0.589812,0.0,0.0,0.5
0.0,0.35,0.58698,0.0,0.0,0.5
0.0,0.35,0.584126,0.0,0.0,0.5
0.0,0.35,0.581251,0.0,0.0,0.5
0.0,0.35,0.578356,0.0,0.0,0.5
0.0,0.35,0.575441,0.0,0.0,0.5
0.0,0.35,0.572508,0.0,0.0,0.5
0.0,0.35,0.569557,0.0,0.0,0.5
0.0,0.35,0.566588,0.0,0.0,0.5
0.0,0.35,0.563602,0.0,0.0,0.5
0.0,0.35,0.560601,0.0,0.0,0.5
0.0,0.35,0.557585,0.0,0.0,0.5
0.0,0.35,0.554554,0.0,0.0,0.5
0.0,0.35,0.55151,0.0,0.0,0.5
0.0,0.35,0.548452,0.0,0.0,0.5
0.0,0.35,0.545383,0.0,0.0,0.5
0.0,0.35,0.542303,0.0,0.0,0.5
0.0,0.35,0.539212,0.0,0.0,0.5
0.0,0.35,0.536111,0.0,0.0,0.5
0.0,0.35,0.533001,0.0,0.0,0.5
0.0,0.35,0.529883,0.0,0.0,0.5
0.0,0.35,0.526757,0.0,0.0,0.5
0.0,0.35,0.523625,0.0,0.0,0.5
0.0,0.35,0.520487,0.0,0.0,0.5
0.0,0.35,0.517344,0.0,0.0,0.5
0.0,0.35,0.514196,0.0,0.0,0.5
0.0,0.35,0.511045,0.0,0.0,0.5
0.0,0.35,0.507891,0.0,0.0,0.5
0.0,0.35,0.504736,0.0,0.0,0.5
0.0,0.35,0.501579,0.0,0.0,0.5
0.0,0.35,0.498421,0.0,0.0,0.5
0.0,0.35,0.495264,0.0,0.0,0.5
0.0,0.35,0.492109,0.0,0.0,0.5
0.0,0.35,0.488955,0.0,0.0,0.5
0.0,0.35,0.485804,0.0,0.0,0.5
0.0,0.35,0.482656,0.0,0.0,0.5
0.0,0.35,0.479513,0.0,0.0,0.5
0.0,0.35,0.476375,0.0,0.0,0.5
0.0,0.35,0.473243,0.0,0.0,0.5
0.0,0.35,0.470117,0.0,0.0,0.5
0.0,0.35,0.466999,0.0,0.0,0.5
0.0,0.35,0.463889,0.0,0.0,0.5
0.0,0.35,0.460788,0.0,0.0,0.5
0.0,0.35,0.457697,0.0,0.0,0.5
0.0,0.35,0.454617,0.0,0.0,0.5
0.0,0.35,0.451548,0.0,0.0,0.5
0.0,0.35,0.44849,0.0,0.0,0.5
0.0,0.35,0.445446,0.0,0.0,0.5
0.0,0.35,0.442415,0.0,0.0,0.5
0.0,0.35,0.439399,0.0,0.0,0.5
0.0,0.35,0.436398,0.0,0.0,0.5
0.0,0.35,0.433412,0.0,0.0,0.5
0.0,0.35,0.430443,0.0,0.0,0.5
0.0,0.35,0.427492,0.0,0.0,0.5
0.0,0.35,0.424559,0.0,0.0,0.5
0.0,0.35,0.421644,0.0,0.0,0.5
0.0,0.35,0.418749,0.0,0.0,0.5
0.0,0.35,0.415874,0.0,0.0,0.5
0.0,0.35,0.41302,0.0,0.0,0.5
0.0,0.35,0.410188,0.0,0.0,0.5
0.0,0.35,0.407378,0.0,0.0,0.5
0.0,0.35,0.404591,0.0,0.0,0.5
0.0,0.35,0.401828,0.0,0.0,0.5
0.0,0.35,0.39909,0.0,0.0,0.5
0.0,0.35,0.396377,0.0,0.0,0.5
0.0,0.35,0.393689,0.0,0.0,0.5
0.0,0.35,0.391028,0.0,0.0,0.5
0.0,0.35,0.388394,0.0,0.0,0.5
0.0,0.35,0.385788,0.0,0.0,0.5
0.0,0.35,0.383211,0.0,0.0,0.5
0.0,0.35,0.380662,0.0,0.0,0.5
0.0,0.35,0.378143,0.0,0.0,0.5
0.0,0.35,0.375655,0.0,0.0,0.5
0.0,0.35,0.373198,0.0,0.0,0.5
0.0,0.35,0.370772,0.0,0.0,0.5
0.0,0.35,0.368378,0.0,0.0,0.5
0.0,0.35,0.366018,0.0,0.0,0.5
0.0,0.35,0.36369,0.0,0.0,0.5
0.0,0.35,0.361397,0.0,0.0,0.5
0.0,0.35,0.359138,0.0,0.0,0.5
0.0,0.35,0.356914,0.0,0.0,0.5
0.0,0.35,0.354726,0.0,0.0,0.5
0.0,0.35,0.352574,0.0,0.0,0.5
0.0,0.35,0.350459,0.0,0.0,0.5
0.0,0.35,0.348381,0.0,0.0,0.5
0.0,0.35,0.346341,0.0,0.0,0.5
0.0,0.35,0.344339,0.0,0.0,0.5
0.0,0.35,0.342376,0.0,0.0,0.5
0.0,0.35,0.340453,0.0,0.0,0.5
0.0,0.35,0.338569,0.0,0.0,0.5
0.0,0.35,0.336725,0.0,0.0,0.5
0.0,0.35,0.334922,0.0,0.0,0.5
0.0,0.35,0.33316,0.0,0.0,0.5
0.0,0.35,0.33144,0.0,0.0,0.5
0.0,0.35,0.329761,0.0,0.0,0.5
0.0,0.35,0.328125,0.0,0.0,0.5
0.0,0.35,0.326532,0.0,0.0,0.5
0.0,0.35,0.324983,0.0,0.0,0.5
0.0,0.35,0.323476,0.0,0.0,0.5
0.0,0.35,0.322014,0.0,0.0,0.5
0.0,0.35,0.320596,0.0,0.0,0.5
0.0,0.35,0.319223,0.0,0.0,0.5
0.0,0.35,0.317895,0.0,0.0,0.5
0.0,0.35,0.316612,0.0,0.0,0.5
0.0,0.35,0.315375,0.0,0.0,0.5
0.0,0.35,0.314185,0.0,0.0,0.5
0.0,0.35,0.31304,0.0,0.0,0.5
0.0,0.35,0.311942,0.0,0.0,0.5
0.0,0.35,0.310891,0.0,0.0,0.5
0.0,0.35,0.309887,0.0,0.0,0.5
0.0,0.35,0.30893,0.0,0.0,0.5
0.0,0.35,0.308021,0.0,0.0,0.5
0.0,0.35,0.30716,0.0,0.0,0.5
0.0,0.35,0.306346,0.0,0.0,0.5
0.0,0.35,0.305581,0.0,0.0,0.5
0.0,0.35,0.304865,0.0,0.0,0.5
0.0,0.35,0.304197,0.0,0.0,0.5
0.0,0.35,0.303578,0.0,0.0,0.5
0.0,0.35,0.303008,0.0,0.0,0.5
0.0,0.35,0.302487,0.0,0.0,0.5
0.0,0.35,0.302015,0.0,0.0,0.5
0.0,0.35,0.301593,0.0,0.0,0.5
0.0,0.35,0.30122,0.0,0.0,0.5
0.0,0.35,0.300897,0.0,0.0,0.5
0.0,0.35,0.300623,0.0,0.0,0.5
0.0,0.35,0.300399,0.0,0.0,0.5
0.0,0.35,0.300224,0.0,0.0,0.5
0.0,0.35,0.3001,0.0,0.0,0.5
0.0,0.35,0.300025,0.0,0.0,0.5
0.0,0.35,0.3,0.0,0.0,0.5
0.0,0.35,0.3,0.0,0.0,0.5
0.0,0.35,0.300035,0.0,0.0,0.5
0.0,0.35,0.300139,0.0,0.0,0.5
0.0,0.35,0.300313,0.0,0.0,0.5
0.0,0.35,0.300557,0.0,0.0,0.5
0.0,0.35,0.30087,0.0,0.0,0.5
0.0,0.35,0.301252,0.0,0.0,0.5
0.0,0.35,0.301703,0.0,0.0,0.5
0.0,0.35,0.302222,0.0,0.0,0.5
0.0,0.35,0.302809,0.0,0.0,0.5
0.0,0.35,0.303465,0.0,0.0,0.5
0.0,0.35,0.304187,0.0,0.0,0.5
0.0,0.35,0.304976,0.0,0.0,0.5
0.0,0.35,0.305832,0.0,0.0,0.5
0.0,0.35,0.306753,0.0,0.0,0.5
0.0,0.35,0.307739,0.0,0.0,0.5
0.0,0.35,0.308789,0.0,0.0,0.5
0.0,0.35,0.309903,0.0,0.0,0.5
0.0,0.35,0.31108,0.0,0.0,0.5
0.0,0.35,0.312319,0.0,0.0,0.5
0.0,0.35,0.313618,0.0,0.0,0.5
0.0,0.35,0.314978,0.0,0.0,0.5
0.0,0.35,0.316398,0.0,0.0,0.5
0.0,0.35,0.317875,0.0,0.0,0.5
0.0,0.35,0.31941,0.0,0.0,0.5
0.0,0.35,0.321001,0.0,0.0,0.5
0.0,0.35,0.322647,0.0,0.0,0.5
0.0,0.35,0.324347,0.0,0.0,0.5
0.0,0.35,0.326099,0.0,0.0,0.5
0.0,0.35,0.327903,0.0,0.0,0.5
0.0,0.35,0.329758,0.0,0.0,0.5
0.0,0.35,0.331661,0.0,0.0,0.5
0.0,0.35,0.333612,0.0,0.0,0.5
0.0,0.35,0.335609,0.0,0.0,0.5
0.0,0.35,0.337651,0.0,0.0,0.5
0.0,0.35,0.339737,0.0,0.0,0.5
0.0,0.35,0.341864,0.0,0.0,0.5
0.0,0.35,0.344032,0.0,0.0,0.5
0.0,0.35,0.346239,0.0,0.0,0.5
0.0,0.35,0.348484,0.0,0.0,0.5
0.0,0.35,0.350764,0.0,0.0,0.5
0.0,0.35,0.353079,0.0,0.0,0.5
0.0,0.35,0.355426,0.0,0.0,0.5
0.0,0.35,0.357805,0.0,0.0,0.5
0.0,0.35,0.360213,0.0,0.0,0.5
0.0,0.35,0.362648,0.0,0.0,0.5
0.0,0.35,0.36511,0.0,0.0,0.5
0.0,0.35,0.367596,0.0,0.0,0.5
0.0,0.35,0.370104,0.0,0.0,0.5
0.0,0.35,0.372634,0.0,0.0,0.5
0.0,0.35,0.375182,0.0,0.0,0.5
0.0,0.35,0.377748,0.0,0.0,0.5
0.0,0.35,0.380329,0.0,0.0,0.5
0.0,0.35,0.382924,0.0,0.0,0.5
0.0,0.35,0.385531,0.0,0.0,0.5
0.0,0.35,0.388148,0.0,0.0,0.5
0.0,0.35,0.390773,0.0,0.0,0.5
0.0,0.35,0.393405,0.0,0.0,0.5
0.0,0.35,0.396041,0.0,0.0,0.5
0.0,0.35,0.39868,0.0,0.0,0.5
0.0,0.35,0.40132,0.0,0.0,0.5
0.0,0.35,0.403959,0.0,0.0,0.5
0.0,0.35,0.406595,0.0,0.0,0.5
0.0,0.35,0.409227,0.0,0.0,0.5
0.0,0.35,0.411852,0.0,0.0,0.5
0.0,0.35,0.414469,0.0,0.0,0.5
0.0,0.35,0.417076,0.0,0.0,0.5
0.0,0.35,0.419671,0.0,0.0,0.5
0.0,0.35,0.422252,0.0,0.0,0.5
0.0,0.35,0.424818,0.0,0.0,0.5
0.0,0.35,0.427366,0.0,0.0,0.5
0.0,0.35,0.429896,0.0,0.0,0.5
0.0,0.35,0.432404,0.0,0.0,0.5
0.0,0.35,0.43489,0.0,0.0,0.5
0.0,0.35,0.437352,0.0,0.0,0.5
0.0,0.35,0.439787,0.0,0.0,0.5
0.0,0.35,0.442195,0.0,0.0,0.5
0.0,0.35,0.444574,0.0,0.0,0.5
0.0,0.35,0.446921,0.0,0.0,0.5
0.0,0.35,0.449236,0.0,0.0,0.5
0.0,0.35,0.451516,0.0,0.0,0.5
0.0,0.35,0.453761,0.0,0.0,0.5
0.0,0.35,0.455968,0.0,0.0,0.5
0.0,0.35,0.458136,0.0,0.0,0.5
0.0,0.35,0.460263,0.0,0.0,0.5
0.0,0.35,0.462349,0.0,0.0,0.5
0.0,0.35,0.464391,0.0,0.0,0.5
0.0,0.35,0.466388,0.0,0.0,0.5
0.0,0.35,0.468339,0.0,0.0,0.5
0.0,0.35,0.470242,0.0,0.0,0.5
0.0,0.35,0.472097,0.0,0.0,0.5
0.0,0.35,0.473901,0.0,0.0,0.5
0.0,0.35,0.475653,0.0,0.0,0.5
0.0,0.35,0.477353,0.0,0.0,0.5
0.0,0.35,0.478999,0.0,0.0,0.5
0.0,0.35,0.48059,0.0,0.0,0.5
0.0,0.35,0.482125,0.0,0.0,0.5
0.0,0.35,0.483602,0.0,0.0,0.5
0.0,0.35,0.485022,0.0,0.0,0.5
0.0,0.35,0.486382,0.0,0.0,0.5
0.0,0.35,0.487681,0.0,0.0,0.5
0.0,0.35,0.48892,0.0,0.0,0.5
0.0,0.35,0.490097,0.0,0.0,0.5
0.0,0.35,0.491211,0.0,0.0,0.5
0.0,0.35,0.492261,0.0,0.0,0.5
0.0,0.35,0.493247,0.0,0.0,0.5
0.0,0.35,0.494168,0.0,0.0,0.5
0.0,0.35,0.495024,0.0,0.0,0.5
0.0,0.35,0.495813,0.0,0.0,0.5
0.0,0.35,0.496535,0.0,0.0,0.5
0.0,0.35,0.497191,0.0,0.0,0.5
0.0,0.35,0.497778,0.0,0.0,0.5
0.0,0.35,0.498297,0.0,0.0,0.5
0.0,0.35,0.498748,0.0,0.0,0.5
0.0,0.35,0.49913,0.0,0.0,0.5
0.0,0.35,0.499443,0.0,0.0,0.5
0.0,0.35,0.499687,0.0,0.0,0.5
0.0,0.35,0.499861,0.0,0.0,0.5
0.0,0.35,0.499965,0.0,0.0,0.5
0.0,0.35,0.5,0.0,0.0,0.5
0.0,0.35,0.5,0.0,0.0,0.5
0.0,0.35,0.500035,0.0,0.0,0.5
0.0,0.35,0.500139,0.0,0.0,0.5
0.0,0.35,0.500313,0.0,0.0,0.5
0.0,0.35,0.500557,0.0,0.0,0.5
0.0,0.35,0.50087,0.0,0.0,0.5
0.0,0.35,0.501252,0.0,0.0,0.5
0.0,0.35,0.501703,0.0,0.0,0.5
0.0,0.35,0.502222,0.0,0.0,0.5
0.0,0.35,0.502809,0.0,0.0,0.5
0.0,0.35,0.503465,0.0,0.0,0.5
0.0,0.35,0.504187,0.0,0.0,0.5
0.0,0.35,0.504976,0.0,0.0,0.5
0.0,0.35,0.505832,0.0,0.0,0.5
0.0,0.35,0.506753,0.0,0.0,0.5
0.0,0.35,0.507739,0.0,0.0,0.5
0.0,0.35,0.508789,0.0,0.0,0.5
0.0,0.35,0.509903,0.0,0.0,0.5
0.0,0.35,0.51108,0.0,0.0,0.5
0.0,0.35,0.512319,0.0,0.0,0.5
0.0,0.35,0.513618,0.0,0.0,0.5
0.0,0.35,0.514978,0.0,0.0,0.5
0.0,0.35,0.516398,0.0,0.0,0.5
0.0,0.35,0.517875,0.0,0.0,0.5
0.0,0.35,0.51941,0.0,0.0,0.5
0.0,0.35,0.521001,0.0,0.0,0.5
0.0,0.35,0.522647,0.0,0.0,0.5
0.0,0.35,0.524347,0.0,0.0,0.5
0.0,0.35,0.526099,0.0,0.0,0.5
0.0,0.35,0.527903,0.0,0.0,0.5
0.0,0.35,0.529758,0.0,0.0,0.5
0.0,0.35,0.531661,0.0,0.0,0.5
0.0,0.35,0.533612,0.0,0.0,0.5
0.0,0.35,0.535609,0.0,0.0,0.5
0.0,0.35,0.537651,0.0,0.0,0.5
0.0,0.35,0.539737,0.0,0.0,0.5
0.0,0.35,0.541864,0.0,0.0,0.5
0.0,0.35,0.544032,0.0,0.0,0.5
0.0,0.35,0.546239,0.0,0.0,0.5
0.0,0.35,0.548484,0.0,0.0,0.5
0.0,0.35,0.550764,0.0,0.0,0.5
0.0,0.35,0.553079,0.0,0.0,0.5
0.0,0.35,0.555426,0.0,0.0,0.5
0.0,0.35,0.557805,0.0,0.0,0.5
0.0,0.35,0.560213,0.0,0.0,0.5
0.0,0.35,0.562648,0.0,0.0,0.5
0.0,0.35,0.56511,0.0,0.0,0.5
0.0,0.35,0.567596,0.0,0.0,0.5
0.0,0.35,0.570104,0.0,0.0,0.5
0.0,0.35,0.572634,0.0,0.0,0.5
0.0,0.35,0.575182,0.0,0.0,0.5
0.0,0.35,0.577748,0.0,0.0,0.5
0.0,0.35,0.580329,0.0,0.0,0.5
0.0,0.35,0.582924,0.0,0.0,0.5
0.0,0.35,0.585531,0.0,0.0,0.5
0.0,0.35,0.588148,0.0,0.0,0.5
0.0,0.35,0.590773,0.0,0.0,0.5
0.0,0.35,0.593405,0.0,0.0,0.5
0.0,0.35,0.596041,0.0,0.0,0.5
0.0,0.35,0.59868,0.0,0.0,0.5
0.0,0.35,0.60132,0.0,0.0,0.5
0.0,0.35,0.603959,0.0,0.0,0.5
0.0,0.35,0.606595,0.0,0.0,0.5
0.0,0.35,0.609227,0.0,0.0,0.5
0.0,0.35,0.611852,0.0,0.0,0.5
0.0,0.35,0.614469,0.0,0.0,0.5
0.0,0.35,0.617076,0.0,0.0,0.5
0.0,0.35,0.619671,0.0,0.0,0.5
0.0,0.35,0.622252,0.0,0.0,0.5
0.0,0.35,0.624818,0.0,0.0,0.5
0.0,0.35,0.627366,0.0,0.0,0.5
0.0,0.35,0.629896,0.0,0.0,0.5
0.0,0.35,0.632404,0.0,0.0,0.5
0.0,0.35,0.63489,0.0,0.0,0.5
0.0,0.35,0.637352,0.0,0.0,0.5
0.0,0.35,0.639787,0.0,0.0,0.5
0.0,0.35,0.642195,0.0,0.0,0.5
0.0,0.35,0.644574,0.0,0.0,0.5
0.0,0.35,0.646921,0.0,0.0,0.5
0.0,0.35,0.649236,0.0,0.0,0.5
0.0,0.35,0.651516,0.0,0.0,0.5
0.0,0.35,0.653761,0.0,0.0,0.5
0.0,0.35,0.655968,0.0,0.0,0.5
0.0,0.35,0.658136,0.0,0.0,0.5
0.0,0.35,0.660263,0.0,0.0,0.5
0.0,0.35,0.662349,0.0,0.0,0.5
0.0,0.35,0.664391,0.0,0.0,0.5
0.0,0.35,0.666388,0.0,0.0,0.5
0.0,0.35,0.668339,0.0,0.0,0.5
0.0,0.35,0.670242,0.0,0.0,0.5
0.0,0.35,0.672097,0.0,0.0,0.5
0.0,0.35,0.673901,0.0,0.0,0.5
0.0,0.35,0.675653,0.0,0.0,0.5
0.0,0.35,0.677353,0.0,0.0,0.5
0.0,0.35,0.678999,0.0,0.0,0.5
0.0,0.35,0.68059,0.0,0.0,0.5
0.0,0.35,0.682125,0.0,0.0,0.5
0.0,0.35,0.683602,0.0,0.0,0.5
0.0,0.35,0.685022,0.0,0.0,0.5
0.0,0.35,0.686382,0.0,0.0,0.5
0.0,0.35,0.687681,0.0,0.0,0.5
0.0,0.35,0.68892,0.0,0.0,0.5
0.0,0.35,0.690097,0.0,0.0,0.5
0.0,0.35,0.691211,0.0,0.0,0.5
0.0,0.35,0.692261,0.0,0.0,0.5
0.0,0.35,0.693247,0.0,0.0,0.5
0.0,0.35,0.694168,0.0,0.0,0.5
0.0,0.35,0.695024,0.0,0.0,0.5
0.0,0.35,0.695813,0.0,0.0,0.5
0.0,0.35,0.696535,0.0,0.0,0.5
0.0,0.35,0.697191,0.0,0.0,0.5
0.0,0.35,0.697778,0.0,0.0,0.5
0.0,0.35,0.698297,0.0,0.0,0.5
0.0,0.35,0.698748,0.0,0.0,0.5
0.0,0.35,0.69913,0.0,0.0,0.5
0.0,0.35,0.699443,0.0,0.0,0.5
0.0,0.35,0.699687,0.0,0.0,0.5
0.0,0.35,0.699861,0.0,0.0,0.5
0.0,0.35,0.699965,0.0,0.0,0.5
0.0,0.35,0.7,0.0,0.0,0.5
0.0,0.35,0.7,0.0,0.0,0.5
0.0,0.35,0.699975,0.0,0.0,0.5
0.0,0.35,0.6999,0.0,0.0,0.5
0.0,0.35,0.699776,0.0,0.0,0.5
0.0,0.35,0.699601,0.0,0.0,0.5
0.0,0.35,0.699377,0.0,0.0,0.5
0.0,0.35,0.699103,0.0,0.0,0.5
0.0,0.35,0.69878,0.0,0.0,0.5
0.0,0.35,0.698407,0.0,0.0,0.5
0.0,0.35,0.697985,0.0,0.0,0.5
0.0,0.35,0.697513,0.0,0.0,0.5
0.0,0.35,0.696992,0.0,0.0,0.5
0.0,0.35,0.696422,0.0,0.0,0.5
0.0,0.35,0.695803,0.0,0.0,0.5
0.0,0.35,0.695135,0.0,0.0,0.5
0.0,0.35,0.694419,0.0,0.0,0.5
0.0,0.35,0.693654,0.0,0.0,0.5
0.0,0.35,0.69284,0.0,0.0,0.5
0.0,0.35,0.691979,0.0,0.0,0.5
0.0,0.35,0.69107,0.0,0.0,0.5
0.0,0.35,0.690113,0.0,0.0,0.5
0.0,0.35,0.689109,0.0,0.0,0.5
0.0,0.35,0.688058,0.0,0.0,0.5
0.0,0.35,0.68696,0.0,0.0,0.5
0.0,0.35,0.685815,0.0,0.0,0.5
0.0,0.35,0.684625,0.0,0.0,0.5
0.0,0.35,0.683388,0.0,0.0,0.5
0.0,0.35,0.682105,0.0,0.0,0.5
0.0,0.35,0.680777,0.0,0.0,0.5
0.0,0.35,0.679404,0.0,0.0,0.5
0.0,0.35,0.677986,0.0,0.0,0.5
0.0,0.35,0.676524,0.0,0.0,0.5
0.0,0.35,0.675017,0.0,0.0,0.5
0.0,0.35,0.673468,0.0,0.0,0.5
0.0,0.35,0.671875,0.0,0.0,0.5
0.0,0.35,0.670239,0.0,0.0,0.5
0.0,0.35,0.66856,0.0,0.0,0.5
0.0,0.35,0.66684,0.0,0.0,0.5
0.0,0.35,0.665078,0.0,0.0,0.5
0.0,0.35,0.663275,0.0,0.0,0.5
0.0,0.35,0.661431,0.0,0.0,0.5
0.0,0.35,0.659547,0.0,0.0,0.5
0.0,0.35,0.657624,0.0,0.0,0.5
0.0,0.35,0.655661,0.0,0.0,0.5
0.0,0.35,0.653659,0.0,0.0,0.5
0.0,0.35,0.651619,0.0,0.0,0.5
0.0,0.35,0.649541,0.0,0.0,0.5
0.0,0.35,0.647426,0.0,0.0,0.5
0.0,0.35,0.645274,0.0,0.0,0.5
0.0,0.35,0.643086,0.0,0.0,0.5
0.0,0.35,0.640862,0.0,0.0,0.5
0.0,0.35,0.638603,0.0,0.0,0.5
0.0,0.35,0.63631,0.0,0.0,0.5
0.0,0.35,0.633982,0.0,0.0,0.5
0.0,0.35,0.631622,0.0,0.0,0.5
0.0,0.35,0.629228,0.0,0.0,0.5
0.0,0.35,0.626802,0.0,0.0,0.5
0.0,0.35,0.624345,0.0,0.0,0.5
0.0,0.35,0.621857,0.0,0.0,0.5
0.0,0.35,0.619338,0.0,0.0,0.5
0.0,0.35,0.616789,0.0,0.0,0.5
0.0,0.35,0.614212,0.0,0.0,0.5
0.0,0.35,0.611606,0.0,0.0,0.5
0.0,0.35,0.608972,0.0,0.0,0.5
0.0,0.35,0.606311,0.0,0.0,0.5
0.0,0.35,0.603623,0.0,0.0,0.5
0.0,0.35,0.60091,0.0,0.0,0.5
0.0,0.35,0.598172,0.0,0.0,0.5
0.0,0.35,0.595409,0.0,0.0,0.5
0.0,0.35,0.592622,0.0,0.0,0.5
0.0,0.35,0.589812,0.0,0.0,0.5
0.0,0.35,0.58698,0.0,0.0,0.5
0.0,0.35,0.584126,0.0,0.0,0.5
0.0,0.35,0.581251,0.0,0.0,0.5
0.0,0.35,0.578356,0.0,0.0,0.5
0.0,0.35,0.575441,0.0,0.0,0.5
0.0,0.35,0.572508,0.0,0.0,0.5
0.0,0.35,0.569557,0.0,0.0,0.5
0.0,0.35,0.566588,0.0,0.0,0.5
0.0,0.35,0.563602,0.0,0.0,0.5
0.0,0.35,0.560601,0.0,0.0,0.5
0.0,0.35,0.557585,0.0,0.0,0.5
0.0,0.35,0.554554,0.0,0.0,0.5
0.0,0.35,0.55151,0.0,0.0,0.5
0.0,0.35,0.548452,0.0,0.0,0.5
0.0,0.35,0.545383,0.0,0.0,0.5
0.0,0.35,0.542303,0.0,0.0,0.5
0.0,0.35,0.539212,0.0,0.0,0.5
0.0,0.35,0.536111,0.0,0.0,0.5
0.0,0.35,0.533001,0.0,0.0,0.5
0.0,0.35,0.529883,0.0,0.0,0.5
0.0,0.35,0.526757,0.0,0.0,0.5
0.0,0.35,0.523625,0.0,0.0,0.5
0.0,0.35,0.520487,0.0,0.0,0.5
0.0,0.35,0.517344,0.0,0.0,0.5
0.0,0.35,0.514196,0.0,0.0,0.5
0.0,0.35,0.511045,0.0,0.0,0.5
0.0,0.35,0.507891,0.0,0.0,0.5
0.0,0.35,0.504736,0.0,0.0,0.5
0.0,0.35,0.501579,0.0,0.0,0.5
0.0,0.35,0.498421,0.0,0.0,0.5
0.0,0.35,0.495264,0.0,0.0,0.5
0.0,0.35,0.492109,0.0,0.0,0.5
0.0,0.35,0.488955,0.0,0.0,0.5
0.0,0.35,0.485804,0.0,0.0,0.5
0.0,0.35,0.482656,0.0,0.0,0.5
0.0,0.35,0.479513,0.0,0.0,0.5
0.0,0.35,0.476375,0.0,0.0,0.5
0.0,0.35,0.473243,0.0,0.0,0.5
0.0,0.35,0.470117,0.0,0.0,0.5
0.0,0.35,0.466999,0.0,0.0,0.5
0.0,0.35,0.463889,0.0,0.0,0.5
0.0,0.35,0.460788,0.0,0.0,0.5
0.0,0.35,0.457697,0.0,0.0,0.5
0.0,0.35,0.454617,0.0,0.0,0.5
0.0,0.35,0.451548,0.0,0.0,0.5
0.0,0.35,0.44849,0.0,0.0,0.5
0.0,0.35,0.445446,0.0,0.0,0.5
0.0,0.35,0.442415,0.0,0.0,0.5
0.0,0.35,0.439399,0.0,0.0,0.5
0.0,0.35,0.436398,0.0,0.0,0.5
0.0,0.35,0.433412,0.0,0.0,0.5
0.0,0.35,0.430443,0.0,0.0,0.5
0.0,0.35,0.427492,0.0,0.0,0.5
0.0,0.35,0.424559,0.0,0.0,0.5
0.0,0.35,0.421644,0.0,0.0,0.5
0.0,0.35,0.418749,0.0,0.0,0.5
0.0,0.35,0.415874,0.0,0.0,0.5
0.0,0.35,0.41302,0.0,0.0,0.5
0.0,0.35,0.410188,0.0,0.0,0.5
0.0,0.35,0.407378,0.0,0.0,0.5
0.0,0.35,0.404591,0.0,0.0,0.5
0.0,0.35,0.401828,0.0,0.0,0.5
0.0,0.35,0.39909,0.0,0.0,0.5
0.0,0.35,0.396377,0.0,0.0,0.5
0.0,0.35,0.393689,0.0,0.0,0.5
0.0,0.35,0.391028,0.0,0.0,0.5
0.0,0.35,0.388394,0.0,0.0,0.5
0.0,0.35,0.385788,0.0,0.0,0.5
0.0,0.35,0.383211,0.0,0.0,0.5
0.0,0.35,0.380662,0.0,0.0,0.5
0.0,0.35,0.378143,0.0,0.0,0.5
0.0,0.35,0.375655,0.0,0.0,0.5
0.0,0.35,0.373198,0.0,0.0,0.5
0.0,0.35,0.370772,0.0,0.0,0.5
0.0,0.35,0.368378,0.0,0.0,0.5
0.0,0.35,0.366018,0.0,0.0,0.5
0.0,0.35,0.36369,0.0,0.0,0.5
0.0,0.35,0.361397,0.0,0.0,0.5
0.0,0.35,0.359138,0.0,0.0,0.5
0.0,0.35,0.356914,0.0,0.0,0.5
0.0,0.35,0.354726,0.0,0.0,0.5
0.0,0.35,0.352574,0.0,0.0,0.5
0.0,0.35,0.350459,0.0,0.0,0.5
0.0,0.35,0.348381,0.0,0.0,0.5
0.0,0.35,0.346341,0.0,0.0,0.5
0.0,0.35,0.344339,0.0,0.0,0.5
0.0,0.35,0.342376,0.0,0.0,0.5
0.0,0.35,0.340453,0.0,0.0,0.5
0.0,0.35,0.338569,0.0,0.0,0.5
0.0,0.35,0.336725,0.0,0.0,0.5
0.0,0.35,0.334922,0.0,0.0,0.5
0.0,0.35,0.33316,0.0,0.0,0.5
0.0,0.35,0.33144,0.0,0.0,0.5
0.0,0.35,0.329761,0.0,0.0,0.5
0.0,0.35,0.328125,0.0,0.0,0.5
0.0,0.35,0.326532,0.0,0.0,0.5
0.0,0.35,0.324983,0.0,0.0,0.5
0.0,0.35,0.323476,0.0,0.0,0.5
0.0,0.35,0.322014,0.0,0.0,0.5
0.0,0.35,0.320596,0.0,0.0,0.5
0.0,0.35,0.319223,0.0,0.0,0.5
0.0,0.35,0.317895,0.0,0.0,0.5
0.0,0.35,0.316612,0.0,0.0,0.5
0.0,0.35,0.315375,0.0,0.0,0.5
0.0,0.35,0.314185,0.0,0.0,0.5
0.0,0.35,0.31304,0.0,0.0,0.5
0.0,0.35,0.311942,0.0,0.0,0.5
0.0,0.35,0.310891,0.0,0.0,0.5
0.0,0.35,0.309887,0.0,0.0,0.5
0.0,0.35,0.30893,0.0,0.0,0.5
0.0,0.35,0.308021,0.0,0.0,0.5
0.0,0.35,0.30716,0.0,0.0,0.5
0.0,0.35,0.306346,0.0,0.0,0.5
0.0,0.35,0.305581,0.0,0.0,0.5
0.0,0.35,0.304865,0.0,0.0,0.5
0.0,0.35,0.304197,0.0,0.0,0.5
0.0,0.35,0.303578,0.0,0.0,0.5
0.0,0.35,0.303008,0.0,0.0,0.5
0.0,0.35,0.302487,0.0,0.0,0.5
0.0,0.35,0.302015,0.0,0.0,0.5
0.0,0.35,0.301593,0.0,0.0,0.5
0.0,0.35,0.30122,0.0,0.0,0.5
0.0,0.35,0.300897,0.0,0.0,0.5
0.0,0.35,0.300623,0.0,0.0,0.5
0.0,0.35,0.300399,0.0,0.0,0.5
0.0,0.35,0.300224,0.0,0.0,0.5
0.0,0.35,0.3001,0.0,0.0,0.5
0.0,0.35,0.300025,0.0,0.0,0.5
0.0,0.35,0.3,0.0,0.0,0.5
0.0,0.35,0.3,0.0,0.0,0.5
0.0,0.35,0.300035,0.0,0.0,0.5
0.0,0.35,0.300139,0.0,0.0,0.5
0.0,0.35,0.300313,0.0,0.0,0.5
0.0,0.35,0.300557,0.0,0.0,0.5
0.0,0.35,0.30087,0.0,0.0,0.5
0.0,0.35,0.301252,0.0,0.0,0.5
0.0,0.35,0.301703,0.0,0.0,0.5
0.0,0.35,0.302222,0.0,0.0,0.5
0.0,0.35,0.302809,0.0,0.0,0.5
0.0,0.35,0.303465,0.0,0.0,0.5
0.0,0.35,0.304187,0.0,0.0,0.5
0.0,0.35,0.304976,0.0,0.0,0.5
0.0,0.35,0.305832,0.0,0.0,0.5
0.0,0.35,0.306753,0.0,0.0,0.5
0.0,0.35,0.307739,0.0,0.0,0.5
0.0,0.35,0.308789,0.0,0.0,0.5
0.0,0.35,0.309903,0.0,0.0,0.5
0.0,0.35,0.31108,0.0,0.0,0.5
0.0,0.35,0.312319,0.0,0.0,0.5
0.0,0.35,0.313618,0.0,0.0,0.5
0.0,0.35,0.314978,0.0,0.0,0.5
0.0,0.35,0.316398,0.0,0.0,0.5
0.0,0.35,0.317875,0.0,0.0,0.5
0.0,0.35,0.31941,0.0,0.0,0.5
0.0,0.35,0.321001,0.0,0.0,0.5
0.0,0.35,0.322647,0.0,0.0,0.5
0.0,0.35,0.324347,0.0,0.0,0.5
0.0,0.35,0.326099,0.0,0.0,0.5
0.0,0.35,0.327903,0.0,0.0,0.5
0.0,0.35,0.329758,0.0,0.0,0.5
0.0,0.35,0.331661,0.0,0.0,0.5
0.0,0.35,0.333612,0.0,0.0,0.5
0.0,0.35,0.335609,0.0,0.0,0.5
0.0,0.35,0.337651,0.0,0.0,0.5
0.0,0.35,0.339737,0.0,0.0,0.5
0.0,0.35,0.341864,0.0,0.0,0.5
0.0,0.35,0.344032,0.0,0.0,0.5
0.0,0.35,0.346239,0.0,0.0,0.5
0.0,0.35,0.348484,0.0,0.0,0.5
0.0,0.35,0.350764,0.0,0.0,0.5
0.0,0.35,0.353079,0.0,0.0,0.5
0.0,0.35,0.355426,0.0,0.0,0.5
0.0,0.35,0.357805,0.0,0.0,0.5
0.0,0.35,0.360213,0.0,0.0,0.5
0.0,0.35,0.362648,0.0,0.0,0.5
0.0,0.35,0.36511,0.0,0.0,0.5
0.0,0.35,0.367596,0.0,0.0,0.5
0.0,0.35,0.370104,0.0,0.0,0.5
0.0,0.35,0.372634,0.0,0.0,0.5
0.0,0.35,0.375182,0.0,0.0,0.5
0.0,0.35,0.377748,0.0,0.0,0.5
0.0,0.35,0.380329,0.0,0.0,0.5
0.0,0.35,0.382924,0.0,0.0,0.5
0.0,0.35,0.385531,0.0,0.0,0.5
0.0,0.35,0.388148,0.0,0.0,0.5
0.0,0.35,0.390773,0.0,0.0,0.5
0.0,0.35,0.393405,0.0,0.0,0.5
0.0,0.35,0.396041,0.0,0.0,0.5
0.0,0.35,0.39868,0.0,0.0,0.5
0.0,0.35,0.40132,0.0,0.0,0.5
0.0,0.35,0.403959,0.0,0.0,0.5
0.0,0.35,0.406595,0.0,0.0,0.5
0.0,0.35,0.409227,0.0,0.0,0.5
0.0,0.35,0.411852,0.0,0.0,0.5
0.0,0.35,0.414469,0.0,0.0,0.5
0.0,0.35,0.417076,0.0,0.0,0.5
0.0,0.35,0.419671,0.0,0.0,0.5
0.0,0.35,0.422252,0.0,0.0,0.5
0.0,0.35,0.424818,0.0,0.0,0.5
0.0,0.35,0.427366,0.0,0.0,0.5
0.0,0.35,0.429896,0.0,0.0,0.5
0.0,0.35,0.432404,0.0,0.0,0.5
0.0,0.35,0.43489,0.0,0.0,0.5
0.0,0.35,0.437352,0.0,0.0,0.5
0.0,0.35,0.439787,0.0,0.0,0.5
0.0,0.35,0.442195,0.0,0.0,0.5
0.0,0.35,0.444574,0.0,0.0,0.5
0.0,0.35,0.446921,0.0,0.0,0.5
0.0,0.35,0.449236,0.0,0.0,0.5
0.0,0.35,0.451516,0.0,0.0,0.5
0.0,0.35,0.453761,0.0,0.0,0.5
0.0,0.35,0.455968,0.0,0.0,0.5
0.0,0.35,0.458136,0.0,0.0,0.5
0.0,0.35,0.460263,0.0,0.0,0.5
0.0,0.35,0.462349,0.0,0.0,0.5
0.0,0.35,0.464391,0.0,0.0,0.5
0.0,0.35,0.466388,0.0,0.0,0.5
0.0,0.35,0.468339,0.0,0.0,0.5
0.0,0.35,0.470242,0.0,0.0,0.5
0.0,0.35,0.472097,0.0,0.0,0.5
0.0,0.35,0.473901,0.0,0.0,0.5
0.0,0.35,0.475653,0.0,0.0,0.5
0.0,0.35,0.477353,0.0,0.0,0.5
0.0,0.35,0.478999,0.0,0.0,0.5
0.0,0.35,0.48059,0.0,0.0,0.5
0.0,0.35,0.482125,0.0,0.0,0.5
0.0,0.35,0.483602,0.0,0.0,0.5
0.0,0.35,0.485022,0.0,0.0,0.5
0.0,0.35,0.486382,0.0,0.0,0.5
0.0,0.35,0.487681,0.0,0.0,0.5
0.0,0.35,0.48892,0.0,0.0,0.5
0.0,0.35,0.490097,0.0,0.0,0.5
0.0,0.35,0.491211,0.0,0.0,0.5
0.0,0.35,0.492261,0.0,0.0,0.5
0.0,0.35,0.493247,0.0,0.0,0.5
0.0,0.35,0.494168,0.0,0.0,0.5
0.0,0.35,0.495024,0.0,0.0,0.5
0.0,0.35,0.495813,0.0,0.0,0.5
0.0,0.35,0.496535,0.0,0.0,0.5
0.0,0.35,0.497191,0.0,0.0,0.5
0.0,0.35,0.497778,0.0,0.0,0.5
0.0,0.35,0.498297,0.0,0.0,0.5
0.0,0.35,0.498748,0.0,0.0,0.5
0.0,0.35,0.49913,0.0,0.0,0.5
0.0,0.35,0.499443,0.0,0.0,0.5
0.0,0.35,0.499687,0.0,0.0,0.5
0.0,0.35,0.499861,0.0,0.0,0.5
0.0,0.35,0.499965,0.0,0.0,0.5
0.0,0.35,0.5,0.0,0.0,0.5
0.0,0.35,0.5,0.0,0.0,0.5
0.0,0.35,0.50007,0.0,0.0,0.5
0.0,0.35,0.500279,0.0,0.0,0.5
0.0,0.35,0.500627,0.0,0.0,0.5
0.0,0.35,0.501114,0.0,0.0,0.5
0.0,0.35,0.50174,0.0,0.0,0.5
0.0,0.35,0.502504,0.0,0.0,0.5
0.0,0.35,0.503405,0.0,0.0,0.5
0.0,0.35,0.504444,0.0,0.0,0.5
0.0,0.35,0.505619,0.0,0.0,0.5
0.0,0.35,0.506929,0.0,0.0,0.5
0.0,0.35,0.508374,0.0,0.0,0.5
0.0,0.35,0.509953,0.0,0.0,0.5
0.0,0.35,0.511663,0.0,0.0,0.5
0.0,0.35,0.513506,0.0,0.0,0.5
0.0,0.35,0.515478,0.0,0.0,0.5
0.0,0.35,0.517578,0.0,0.0,0.5
0.0,0.35,0.519806,0.0,0.0,0.5
0.0,0.35,0.52216,0.0,0.0,0.5
0.0,0.35,0.524637,0.0,0.0,0.5
0.0,0.35,0.527237,0.0,0.0,0.5
0.0,0.35,0.529957,0.0,0.0,0.5
0.0,0.35,0.532795,0.0,0.0,0.5
0.0,0.35,0.53575,0.0,0.0,0.5
0.0,0.35,0.53882,0.0,0.0,0.5
0.0,0.35,0.542001,0.0,0.0,0.5
0.0,0.35,0.545293,0.0,0.0,0.5
0.0,0.35,0.548693,0.0,0.0,0.5
0.0,0.35,0.552198,0.0,0.0,0.5
0.0,0.35,0.555806,0.0,0.0,0.5
0.0,0.35,0.559515,0.0,0.0,0.5
0.0,0.35,0.563322,0.0,0.0,0.5
0.0,0.35,0.567224,0.0,0.0,0.5
0.0,0.35,0.571218,0.0,0.0,0.5
0.0,0.35,0.575302,0.0,0.0,0.5
0.0,0.35,0.579473,0.0,0.0,0.5
0.0,0.35,0.583728,0.0,0.0,0.5
0.0,0.35,0.588064,0.0,0.0,0.5
0.0,0.35,0.592478,0.0,0.0,0.5
0.0,0.35,0.596967,0.0,0.0,0.5
0.0,0.35,0.601528,0.0,0.0,0.5
0.0,0.35,0.606157,0.0,0.0,0.5
0.0,0.35,0.610852,0.0,0.0,0.5
0.0,0.35,0.615609,0.0,0.0,0.5
0.0,0.35,0.620425,0.0,0.0,0.5
0.0,0.35,0.625296,0.0,0.0,0.5
0.0,0.35,0.63022,0.0,0.0,0.5
0.0,0.35,0.635192,0.0,0.0,0.5
0.0,0.35,0.640209,0.0,0.0,0.5
0.0,0.35,0.645267,0.0,0.0,0.5
0.0,0.35,0.650364,0.0,0.0,0.5
0.0,0.35,0.655496,0.0,0.0,0.5
0.0,0.35,0.660658,0.0,0.0,0.5
0.0,0.35,0.665848,0.0,0.0,0.5
0.0,0.35,0.671062,0.0,0.0,0.5
0.0,0.35,0.676296,0.0,0.0,0.5
0.0,0.35,0.681546,0.0,0.0,0.5
0.0,0.35,0.68681,0.0,0.0,0.5
0.0,0.35,0.692082,0.0,0.0,0.5
0.0,0.35,0.69736,0.0,0.0,0.5
0.0,0.35,0.70264,0.0,0.0,0.5
0.0,0.35,0.707918,0.0,0.0,0.5
0.0,0.35,0.71319,0.0,0.0,0.5
0.0,0.35,0.718454,0.0,0.0,0.5
0.0,0.35,0.723704,0.0,0.0,0.5
0.0,0.35,0.728938,0.0,0.0,0.5
0.0,0.35,0.734152,0.0,0.0,0.5
0.0,0.35,0.739342,0.0,0.0,0.5
0.0,0.35,0.744504,0.0,0.0,0.5
0.0,0.35,0.749636,0.0,0.0,0.5
0.0,0.35,0.754733,0.0,0.0,0.5
0.0,0.35,0.759791,0.0,0.0,0.5
0.0,0.35,0.764808,0.0,0.0,0.5
0.0,0.35,0.76978,0.0,0.0,0.5
0.0,0.35,0.774704,0.0,0.0,0.5
0.0,0.35,0.779575,0.0,0.0,0.5
0.0,0.35,0.784391,0.0,0.0,0.5
0.0,0.35,0.789148,0.0,0.0,0.5
0.0,0.35,0.793843,0.0,0.0,0.5
0.0,0.35,0.798472,0.0,0.0,0.5
0.0,0.35,0.803033,0.0,0.0,0.5
0.0,0.35,0.807522,0.0,0.0,0.5
0.0,0.35,0.811936,0.0,0.0,0.5
0.0,0.35,0.816272,0.0,0.0,0.5
0.0,0.35,0.820527,0.0,0.0,0.5
0.0,0.35,0.824698,0.0,0.0,0.5
0.0,0.35,0.828782,0.0,0.0,0.5
0.0,0.35,0.832776,0.0,0.0,0.5
0.0,0.35,0.836678,0.0,0.0,0.5
0.0,0.35,0.840485,0.0,0.0,0.5
0.0,0.35,0.844194,0.0,0.0,0.5
0.0,0.35,0.847802,0.0,0.0,0.5
0.0,0.35,0.851307,0.0,0.0,0.5
0.0,0.35,0.854707,0.0,0.0,0.5
0.0,0.35,0.857999,0.0,0.0,0.5
0.0,0.35,0.86118,0.0,0.0,0.5
0.0,0.35,0.86425,0.0,0.0,0.5
0.0,0.35,0.867205,0.0,0.0,0.5
0.0,0.35,0.870043,0.0,0.0,0.5
0.0,0.35,0.872763,0.0,0.0,0.5
0.0,0.35,0.875363,0.0,0.0,0.5
0.0,0.35,0.87784,0.0,0.0,0.5
0.0,0.35,0.880194,0.0,0.0,0.5
0.0,0.35,0.882422,0.0,0.0,0.5
0.0,0.35,0.884522,0.0,0.0,0.5
0.0,0.35,0.886494,0.0,0.0,0.5
0.0,0.35,0.888337,0.0,0.0,0.5
0.0,0.35,0.890047,0.0,0.0,0.5
0.0,0.35,0.891626,0.0,0.0,0.5
0.0,0.35,0.893071,0.0,0.0,0.5
0.0,0.35,0.894381,0.0,0.0,0.5
0.0,0.35,0.895556,0.0,0.0,0.5
0.0,0.35,0.896595,0.0,0.0,0.5
0.0,0.35,0.897496,0.0,0.0,0.5
0.0,0.35,0.89826,0.0,0.0,0.5
0.0,0.35,0.898886,0.0,0.0,0.5
0.0,0.35,0.899373,0.0,0.0,0.5
0.0,0.35,0.899721,0.0,0.0,0.5
0.0,0.35,0.89993,0.0,0.0,0.5
0.0,0.35,0.9,0.0,0.0,0.5
0.0,0.35,0.9,0.0,0.0,0.5
0.0,0.35,0.89995,0.0,0.0,0.5
0.0,0.35,0.899801,0.0,0.0,0.5
0.0,0.35,0.899551,0.0,0.0,0.5
0.0,0.35,0.899203,0.0,0.0,0.5
0.0,0.35,0.898755,0.0,0.0,0.5
0.0,0.35,0.898207,0.0,0.0,0.5
0.0,0.35,0.89756,0.0,0.0,0.5
0.0,0.35,0.896814,0.0,0.0,0.5
0.0,0.35,0.895969,0.0,0.0,0.5
0.0,0.35,0.895026,0.0,0.0,0.5
0.0,0.35,0.893984,0.0,0.0,0.5
0.0,0.35,0.892844,0.0,0.0,0.5
0.0,0.35,0.891606,0.0,0.0,0.5
0.0,0.35,0.89027,0.0,0.0,0.5
0.0,0.35,0.888837,0.0,0.0,0.5
0.0,0.35,0.887307,0.0,0.0,0.5
0.0,0.35,0.885681,0.0,0.0,0.5
0.0,0.35,0.883959,0.0,0.0,0.5
0.0,0.35,0.88214,0.0,0.0,0.5
0.0,0.35,0.880227,0.0,0.0,0.5
0.0,0.35,0.878219,0.0,0.0,0.5
0.0,0.35,0.876116,0.0,0.0,0.5
0.0,0.35,0.87392,0.0,0.0,0.5
0.0,0.35,0.871631,0.0,0.0,0.5
0.0,0.35,0.869249,0.0,0.0,0.5
0.0,0.35,0.866775,0.0,0.0,0.5
0.0,0.35,0.86421,0.0,0.0,0.5
0.0,0.35,0.861554,0.0,0.0,0.5
0.0,0.35,0.858807,0.0,0.0,0.5
0.0,0.35,0.855972,0.0,0.0,0.5
0.0,0.35,0.853047,0.0,0.0,0.5
0.0,0.35,0.850035,0.0,0.0,0.5
0.0,0.35,0.846935,0.0,0.0,0.5
0.0,0.35,0.843749,0.0,0.0,0.5
0.0,0.35,0.840477,0.0,0.0,0.5
0.0,0.35,0.837121,0.0,0.0,0.5
0.0,0.35,0.83368,0.0,0.0,0.5
0.0,0.35,0.830156,0.0,0.0,0.5
0.0,0.35,0.82655,0.0,0.0,0.5
0.0,0.35,0.822863,0.0,0.0,0.5
0.0,0.35,0.819095,0.0,0.0,0.5
0.0,0.35,0.815247,0.0,0.0,0.5
0.0,0.35,0.811321,0.0,0.0,0.5
0.0,0.35,0.807318,0.0,0.0,0.5
0.0,0.35,0.803238,0.0,0.0,0.5
0.0,0.35,0.799082,0.0,0.0,0.5
0.0,0.35,0.794852,0.0,0.0,0.5
0.0,0.35,0.790548,0.0,0.0,0.5
0.0,0.35,0.786172,0.0,0.0,0.5
0.0,0.35,0.781724,0.0,0.0,0.5
0.0,0.35,0.777206,0.0,0.0,0.5
0.0,0.35,0.77262,0.0,0.0,0.5
0.0,0.35,0.767965,0.0,0.0,0.5
0.0,0.35,0.763243,0.0,0.0,0.5
0.0,0.35,0.758456,0.0,0.0,0.5
0.0,0.35,0.753605,0.0,0.0,0.5
0.0,0.35,0.74869,0.0,0.0,0.5
0.0,0.35,0.743713,0.0,0.0,0.5
0.0,0.35,0.738676,0.0,0.0,0.5
0.0,0.35,0.733579,0.0,0.0,0.5
0.0,0.35,0.728424,0.0,0.0,0.5
0.0,0.35,0.723212,0.0,0.0,0.5
0.0,0.35,0.717944,0.0,0.0,0.5
0.0,0.35,0.712622,0.0,0.0,0.5
0.0,0.35,0.707247,0.0,0.0,0.5
0.0,0.35,0.70182,0.0,0.0,0.5
0.0,0.35,0.696343,0.0,0.0,0.5
0.0,0.35,0.690817,0.0,0.0,0.5
0.0,0.35,0.685244,0.0,0.0,0.5
0.0,0.35,0.679624,0.0,0.0,0.5
0.0,0.35,0.67396,0.0,0.0,0.5
0.0,0.35,0.668252,0.0,0.0,0.5
0.0,0.35,0.662502,0.0,0.0,0.5
0.0,0.35,0.656712,0.0,0.0,0.5
0.0,0.35,0.650883,0.0,0.0,0.5
0.0,0.35,0.645016,0.0,0.0,0.5
0.0,0.35,0.639113,0.0,0.0,0.5
0.0,0.35,0.633175,0.0,0.0,0.5
0.0,0.35,0.627205,0.0,0.0,0.5
0.0,0.35,0.621202,0.0,0.0,0.5
0.0,0.35,0.615169,0.0,0.0,0.5
0.0,0.35,0.609108,0.0,0.0,0.5
0.0,0.35,0.603019,0.0,0.0,0.5
0.0,0.35,0.596905,0.0,0.0,0.5
0.0,0.35,0.590766,0.0,0.0,0.5
0.0,0.35,0.584605,0.0,0.0,0.5
0.0,0.35,0.578423,0.0,0.0,0.5
0.0,0.35,0.572221,0.0,0.0,0.5
0.0,0.35,0.566002,0.0,0.0,0.5
0.0,0.35,0.559766,0.0,0.0,0.5
0.0,0.35,0.553515,0.0,0.0,0.5
0.0,0.35,0.54725,0.0,0.0,0.5
0.0,0.35,0.540974,0.0,0.0,0.5
0.0,0.35,0.534688,0.0,0.0,0.5
0.0,0.35,0.528393,0.0,0.0,0.5
0.0,0.35,0.52209,0.0,0.0,0.5
0.0,0.35,0.515783,0.0,0.0,0.5
0.0,0.35,0.509471,0.0,0.0,0.5
0.0,0.35,0.503157,0.0,0.0,0.5
0.0,0.35,0.496843,0.0,0.0,0.5
0.0,0.35,0.490529,0.0,0.0,0.5
0.0,0.35,0.484217,0.0,0.0,0.5
0.0,0.35,0.47791,0.0,0.0,0.5
0.0,0.35,0.471607,0.0,0.0,0.5
0.0,0.35,0.465312,0.0,0.0,0.5
0.0,0.35,0.459026,0.0,0.0,0.5
0.0,0.35,0.45275,0.0,0.0,0.5
0.0,0.35,0.446485,0.0,0.0,0.5
0.0,0.35,0.440234,0.0,0.0,0.5
0.0,0.35,0.433998,0.0,0.0,0.5
0.0,0.35,0.427779,0.0,0.0,0.5
0.0,0.35,0.421577,0.0,0.0,0.5
0.0,0.35,0.415395,0.0,0.0,0.5
0.0,0.35,0.409234,0.0,0.0,0.5
0.0,0.35,0.403095,0.0,0.0,0.5
0.0,0.35,0.396981,0.0,0.0,0.5
0.0,0.35,0.390892,0.0,0.0,0.5
0.0,0.35,0.384831,0.0,0.0,0.5
0.0,0.35,0.378798,0.0,0.0,0.5
0.0,0.35,0.372795,0.0,0.0,0.5
0.0,0.35,0.366825,0.0,0.0,0.5
0.0,0.35,0.360887,0.0,0.0,0.5
0.0,0.35,0.354984,0.0,0.0,0.5
0.0,0.35,0.349117,0.0,0.0,0.5
0.0,0.35,0.343288,0.0,0.0,0.5
0.0,0.35,0.337498,0.0,0.0,0.5
0.0,0.35,0.331748,0.0,0.0,0.5
0.0,0.35,0.32604,0.0,0.0,0.5
0.0,0.35,0.320376,0.0,0.0,0.5
0.0,0.35,0.314756,0.0,0.0,0.5
0.0,0.35,0.309183,0.0,0.0,0.5
0.0,0.35,0.303657,0.0,0.0,0.5
0.0,0.35,0.29818,0.0,0.0,0.5
0.0,0.35,0.292753,0.0,0.0,0.5
0.0,0.35,0.287378,0.0,0.0,0.5
0.0,0.35,0.282056,0.0,0.0,0.5
0.0,0.35,0.276788,0.0,0.0,0.5
0.0,0.35,0.271576,0.0,0.0,0.5
0.0,0.35,0.266421,0.0,0.0,0.5
0.0,0.35,0.261324,0.0,0.0,0.5
0.0,0.35,0.256287,0.0,0.0,0.5
0.0,0.35,0.25131,0.0,0.0,0.5
0.0,0.35,0.246395,0.0,0.0,0.5
0.0,0.35,0.241544,0.0,0.0,0.5
0.0,0.35,0.236757,0.0,0.0,0.5
0.0,0.35,0.232035,0.0,0.0,0.5
0.0,0.35,0.22738,0.0,0.0,0.5
0.0,0.35,0.222794,0.0,0.0,0.5
0.0,0.35,0.218276,0.0,0.0,0.5
0.0,0.35,0.213828,0.0,0.0,0.5
0.0,0.35,0.209452,0.0,0.0,0.5
0.0,0.35,0.205148,0.0,0.0,0.5
0.0,0.35,0.200918,0.0,0.0,0.5
0.0,0.35,0.196762,0.0,0.0,0.5
0.0,0.35,0.192682,0.0,0.0,0.5
0.0,0.35,0.188679,0.0,0.0,0.5
0.0,0.35,0.184753,0.0,0.0,0.5
0.0,0.35,0.180905,0.0,0.0,0.5
0.0,0.35,0.177137,0.0,0.0,0.5
0.0,0.35,0.17345,0.0,0.0,0.5
0.0,0.35,0.169844,0.0,0.0,0.5
0.0,0.35,0.16632,0.0,0.0,0.5
0.0,0.35,0.162879,0.0,0.0,0.5
0.0,0.35,0.159523,0.0,0.0,0.5
0.0,0.35,0.156251,0.0,0.0,0.5
0.0,0.35,0.153065,0.0,0.0,0.5
0.0,0.35,0.149965,0.0,0.0,0.5
0.0,0.35,0.146953,0.0,0.0,0.5
0.0,0.35,0.144028,0.0,0.0,0.5
0.0,0.35,0.141193,0.0,0.0,0.5
0.0,0.35,0.138446,0.0,0.0,0.5
0.0,0.35,0.13579,0.0,0.0,0.5
0.0,0.35,0.133225,0.0,0.0,0.5
0.0,0.35,0.130751,0.0,0.0,0.5
0.0,0.35,0.128369,0.0,0.0,0.5
0.0,0.35,0.12608,0.0,0.0,0.5
0.0,0.35,0.123884,0.0,0.0,0.5
0.0,0.35,0.121781,0.0,0.0,0.5
0.0,0.35,0.119773,0.0,0.0,0.5
0.0,0.35,0.11786,0.0,0.0,0.5
0.0,0.35,0.116041,0.0,0.0,0.5
0.0,0.35,0.114319,0.0,0.0,0.5
0.0,0.35,0.112693,0.0,0.0,0.5
0.0,0.35,0.111163,0.0,0.0,0.5
0.0,0.35,0.10973,0.0,0.0,0.5
0.0,0.35,0.108394,0.0,0.0,0.5
0.0,0.35,0.107156,0.0,0.0,0.5
0.0,0.35,0.106016,0.0,0.0,0.5
0.0,0.35,0.104974,0.0,0.0,0.5
0.0,0.35,0.104031,0.0,0.0,0.5
0.0,0.35,0.103186,0.0,0.0,0.5
0.0,0.35,0.10244,0.0,0.0,0.5
0.0,0.35,0.101793,0.0,0.0,0.5
0.0,0.35,0.101245,0.0,0.0,0.5
0.0,0.35,0.100797,0.0,0.0,0.5
0.0,0.35,0.100449,0.0,0.0,0.5
0.0,0.35,0.100199,0.0,0.0,0.5
0.0,0.35,0.10005,0.0,0.0,0.5
0.0,0.35,0.1,0.0,0.0,0.5
0.0,0.35,0.1,0.0,0.0,0.5
0.0,0.35,0.10007,0.0,0.0,0.5
0.0,0.35,0.100279,0.0,0.0,0.5
0.0,0.35,0.100627,0.0,0.0,0.5
0.0,0.35,0.101114,0.0,0.0,0.5
0.0,0.35,0.10174,0.0,0.0,0.5
0.0,0.35,0.102504,0.0,0.0,0.5
0.0,0.35,0.103405,0.0,0.0,0.5
0.0,0.35,0.104444,0.0,0.0,0.5
0.0,0.35,0.105619,0.0,0.0,0.5
0.0,0.35,0.106929,0.0,0.0,0.5
0.0,0.35,0.108374,0.0,0.0,0.5
0.0,0.35,0.109953,0.0,0.0,0.5
0.0,0.35,0.111663,0.0,0.0,0.5
0.0,0.35,0.113506,0.0,0.0,0.5
0.0,0.35,0.115478,0.0,0.0,0.5
0.0,0.35,0.117578,0.0,0.0,0.5
0.0,0.35,0.119806,0.0,0.0,0.5
0.0,0.35,0.12216,0.0,0.0,0.5
0.0,0.35,0.124637,0.0,0.0,0.5
0.0,0.35,0.127237,0.0,0.0,0.5
0.0,0.35,0.129957,0.0,0.0,0.5
0.0,0.35,0.132795,0.0,0.0,0.5
0.0,0.35,0.13575,0.0,0.0,0.5
0.0,0.35,0.13882,0.0,0.0,0.5
0.0,0.35,0.142001,0.0,0.0,0.5
0.0,0.35,0.145293,0.0,0.0,0.5
0.0,0.35,0.148693,0.0,0.0,0.5
0.0,0.35,0.152198,0.0,0.0,0.5
0.0,0.35,0.155806,0.0,0.0,0.5
0.0,0.35,0.159515,0.0,0.0,0.5
0.0,0.35,0.163322,0.0,0.0,0.5
0.0,0.35,0.167224,0.0,0.0,0.5
0.0,0.35,0.171218,0.0,0.0,0.5
0.0,0.35,0.175302,0.0,0.0,0.5
0.0,0.35,0.179473,0.0,0.0,0.5
0.0,0.35,0.183728,0.0,0.0,0.5
0.0,0.35,0.188064,0.0,0.0,0.5
0.0,0.35,0.192478,0.0,0.0,0.5
0.0,0.35,0.196967,0.0,0.0,0.5
0.0,0.35,0.201528,0.0,0.0,0.5
0.0,0.35,0.206157,0.0,0.0,0.5
0.0,0.35,0.210852,0.0,0.0,0.5
0.0,0.35,0.215609,0.0,0.0,0.5
0.0,0.35,0.220425,0.0,0.0,0.5
0.0,0.35,0.225296,0.0,0.0,0.5
0.0,0.35,0.23022,0.0,0.0,0.5
0.0,0.35,0.235192,0.0,0.0,0.5
0.0,0.35,0.240209,0.0,0.0,0.5
0.0,0.35,0.245267,0.0,0.0,0.5
0.0,0.35,0.250364,0.0,0.0,0.5
0.0,0.35,0.255496,0.0,0.0,0.5
0.0,0.35,0.260658,0.0,0.0,0.5
0.0,0.35,0.265848,0.0,0.0,0.5
0.0,0.35,0.271062,0.0,0.0,0.5
0.0,0.35,0.276296,0.0,0.0,0.5
0.0,0.35,0.281546,0.0,0.0,0.5
0.0,0.35,0.28681,0.0,0.0,0.5
0.0,0.35,0.292082,0.0,0.0,0.5
0.0,0.35,0.29736,0.0,0.0,0.5
0.0,0.35,0.30264,0.0,0.0,0.5
0.0,0.35,0.307918,0.0,0.0,0.5
0.0,0.35,0.31319,0.0,0.0,0.5
0.0,0.35,0.318454,0.0,0.0,0.5
0.0,0.35,0.323704,0.0,0.0,0.5
0.0,0.35,0.328938,0.0,0.0,0.5
0.0,0.35,0.334152,0.0,0.0,0.5
0.0,0.35,0.339342,0.0,0.0,0.5
0.0,0.35,0.344504,0.0,0.0,0.5
0.0,0.35,0.349636,0.0,0.0,0.5
0.0,0.35,0.354733,0.0,0.0,0.5
0.0,0.35,0.359791,0.0,0.0,0.5
0.0,0.35,0.364808,0.0,0.0,0.5
0.0,0.35,0.36978,0.0,0.0,0.5
0.0,0.35,0.374704,0.0,0.0,0.5
0.0,0.35,0.379575,0.0,0.0,0.5
0.0,0.35,0.384391,0.0,0.0,0.5
0.0,0.35,0.389148,0.0,0.0,0.5
0.0,0.35,0.393843,0.0,0.0,0.5
0.0,0.35,0.398472,0.0,0.0,0.5
0.0,0.35,0.403033,0.0,0.0,0.5
0.0,0.35,0.407522,0.0,0.0,0.5
0.0,0.35,0.411936,0.0,0.0,0.5
0.0,0.35,0.416272,0.0,0.0,0.5
0.0,0.35,0.420527,0.0,0.0,0.5
0.0,0.35,0.424698,0.0,0.0,0.5
0.0,0.35,0.428782,0.0,0.0,0.5
0.0,0.35,0.432776,0.0,0.0,0.5
0.0,0.35,0.436678,0.0,0.0,0.5
0.0,0.35,0.440485,0.0,0.0,0.5
0.0,0.35,0.444194,0.0,0.0,0.5
0.0,0.35,0.447802,0.0,0.0,0.5
0.0,0.35,0.451307,0.0,0.0,0.5
0.0,0.35,0.454707,0.0,0.0,0.5
0.0,0.35,0.457999,0.0,0.0,0.5
0.0,0.35,0.46118,0.0,0.0,0.5
0.0,0.35,0.46425,0.0,0.0,0.5
0.0,0.35,0.467205,0.0,0.0,0.5
0.0,0.35,0.470043,0.0,0.0,0.5
0.0,0.35,0.472763,0.0,0.0,0.5
0.0,0.35,0.475363,0.0,0.0,0.5
0.0,0.35,0.47784,0.0,0.0,0.5
0.0,0.35,0.480194,0.0,0.0,0.5
0.0,0.35,0.482422,0.0,0.0,0.5
0.0,0.35,0.484522,0.0,0.0,0.5
0.0,0.35,0.486494,0.0,0.0,0.5
0.0,0.35,0.488337,0.0,0.0,0.5
0.0,0.35,0.490047,0.0,0.0,0.5
0.0,0.35,0.491626,0.0,0.0,0.5
0.0,0.35,0.493071,0.0,0.0,0.5
0.0,0.35,0.494381,0.0,0.0,0.5
0.0,0.35,0.495556,0.0,0.0,0.5
0.0,0.35,0.496595,0.0,0.0,0.5
0.0,0.35,0.497496,0.0,0.0,0.5
0.0,0.35,0.49826,0.0,0.0,0.5
0.0,0.35,0.498886,0.0,0.0,0.5
0.0,0.35,0.499373,0.0,0.0,0.5
0.0,0.35,0.499721,0.0,0.0,0.5
0.0,0.35,0.49993,0.0,0.0,0.5
0.0,0.35,0.5,0.0,0.0,0.5
0.0,0.35,0.5,0.0,0.0,0.5
0.0,0.35,0.50007,0.0,0.0,0.5
0.0,0.35,0.500279,0.0,0.0,0.5
0.0,0.35,0.500627,0.0,0.0,0.5
0.0,0.35,0.501114,0.0,0.0,0.5
0.0,0.35,0.50174,0.0,0.0,0.5
0.0,0.35,0.502504,0.0,0.0,0.5
0.0,0.35,0.503405,0.0,0.0,0.5
0.0,0.35,0.504444,0.0,0.0,0.5
0.0,0.35,0.505619,0.0,0.0,0.5
0.0,0.35,0.506929,0.0,0.0,0.5
0.0,0.35,0.508374,0.0,0.0,0.5
0.0,0.35,0.509953,0.0,0.0,0.5
0.0,0.35,0.511663,0.0,0.0,0.5
0.0,0.35,0.513506,0.0,0.0,0.5
0.0,0.35,0.515478,0.0,0.0,0.5
0.0,0.35,0.517578,0.0,0.0,0.5
0.0,0.35,0.519806,0.0,0.0,0.5
0.0,0.35,0.52216,0.0,0.0,0.5
0.0,0.35,0.524637,0.0,0.0,0.5
0.0,0.35,0.527237,0.0,0.0,0.5
0.0,0.35,0.529957,0.0,0.0,0.5
0.0,0.35,0.532795,0.0,0.0,0.5
0.0,0.35,0.53575,0.0,0.0,0.5
0.0,0.35,0.53882,0.0,0.0,0.5
0.0,0.35,0.542001,0.0,0.0,0.5
0.0,0.35,0.545293,0.0,0.0,0.5
0.0,0.35,0.548693,0.0,0.0,0.5
0.0,0.35,0.552198,0.0,0.0,0.5
0.0,0.35,0.555806,0.0,0.0,0.5
0.0,0.35,0.559515,0.0,0.0,0.5
0.0,0.35,0.563322,0.0,0.0,0.5
0.0,0.35,0.567224,0.0,0.0,0.5
0.0,0.35,0.571218,0.0,0.0,0.5
0.0,0.35,0.575302,0.0,0.0,0.5
0.0,0.35,0.579473,0.0,0.0,0.5
0.0,0.35,0.583728,0.0,0.0,0.5
0.0,0.35,0.588064,0.0,0.0,0.5
0.0,0.35,0.592478,0.0,0.0,0.5
0.0,0.35,0.596967,0.0,0.0,0.5
0.0,0.35,0.601528,0.0,0.0,0.5
0.0,0.35,0.606157,0.0,0.0,0.5
0.0,0.35,0.610852,0.0,0.0,0.5
0.0,0.35,0.615609,0.0,0.0,0.5
0.0,0.35,0.620425,0.0,0.0,0.5
0.0,0.35,0.625296,0.0,0.0,0.5
0.0,0.35,0.63022,0.0,0.0,0.5
0.0,0.35,0.635192,0.0,0.0,0.5
0.0,0.35,0.640209,0.0,0.0,0.5
0.0,0.35,0.645267,0.0,0.0,0.5
0.0,0.35,0.650364,0.0,0.0,0.5
0.0,0.35,0.655496,0.0,0.0,0.5
0.0,0.35,0.660658,0.0,0.0,0.5
0.0,0.35,0.665848,0.0,0.0,0.5
0.0,0.35,0.671062,0.0,0.0,0.5
0.0,0.35,0.676296,0.0,0.0,0.5
0.0,0.35,0.681546,0.0,0.0,0.5
0.0,0.35,0.68681,0.0,0.0,0.5
0.0,0.35,0.692082,0.0,0.0,0.5
0.0,0.35,0.69736,0.0,0.0,0.5
0.0,0.35,0.70264,0.0,0.0,0.5
0.0,0.35,0.707918,0.0,0.0,0.5
0.0,0.35,0.71319,0.0,0.0,0.5
0.0,0.35,0.718454,0.0,0.0,0.5
0.0,0.35,0.723704,0.0,0.0,0.5
0.0,0.35,0.728938,0.0,0.0,0.5
0.0,0.35,0.734152,0.0,0.0,0.5
0.0,0.35,0.739342,0.0,0.0,0.5
0.0,0.35,0.744504,0.0,0.0,0.5
0.0,0.35,0.749636,0.0,0.0,0.5
0.0,0.35,0.754733,0.0,0.0,0.5
0.0,0.35,0.759791,0.0,0.0,0.5
0.0,0.35,0.764808,0.0,0.0,0.5
0.0,0.35,0.76978,0.0,0.0,0.5
0.0,0.35,0.774704,0.0,0.0,0.5
0.0,0.35,0.779575,0.0,0.0,0.5
0.0,0.35,0.784391,0.0,0.0,0.5
0.0,0.35,0.789148,0.0,0.0,0.5
0.0,0.35,0.793843,0.0,0.0,0.5
0.0,0.35,0.798472,0.0,0.0,0.5
0.0,0.35,0.803033,0.0,0.0,0.5
0.0,0.35,0.807522,0.0,0.0,0.5
0.0,0.35,0.811936,0.0,0.0,0.5
0.0,0.35,0.816272,0.0,0.0,0.5
0.0,0.35,0.820527,0.0,0.0,0.5
0.0,0.35,0.824698,0.0,0.0,0.5
0.0,0.35,0.828782,0.0,0.0,0.5
0.0,0.35,0.832776,0.0,0.0,0.5
0.0,0.35,0.836678,0.0,0.0,0.5
0.0,0.35,0.840485,0.0,0.0,0.5
0.0,0.35,0.844194,0.0,0.0,0.5
0.0,0.35,0.847802,0.0,0.0,0.5
0.0,0.35,0.851307,0.0,0.0,0.5
0.0,0.35,0.854707,0.0,0.0,0.5
0.0,0.35,0.857999,0.0,0.0,0.5
0.0,0.35,0.86118,0.0,0.0,0.5
0.0,0.35,0.86425,0.0,0.0,0.5
0.0,0.35,0.867205,0.0,0.0,0.5
0.0,0.35,0.870043,0.0,0.0,0.5
0.0,0.35,0.872763,0.0,0.0,0.5
0.0,0.35,0.875363,0.0,0.0,0.5
0.0,0.35,0.87784,0.0,0.0,0.5
0.0,0.35,0.880194,0.0,0.0,0.5
0.0,0.35,0.882422,0.0,0.0,0.5
0.0,0.35,0.884522,0.0,0.0,0.5
0.0,0.35,0.886494,0.0,0.0,0.5
0.0,0.35,0.888337,0.0,0.0,0.5
0.0,0.35,0.890047,0.0,0.0,0.5
0.0,0.35,0.891626,0.0,0.0,0.5
0.0,0.35,0.893071,0.0,0.0,0.5
0.0,0.35,0.894381,0.0,0.0,0.5
0.0,0.35,0.895556,0.0,0.0,0.5
0.0,0.35,0.896595,0.0,0.0,0.5
0.0,0.35,0.897496,0.0,0.0,0.5
0.0,0.35,0.89826,0.0,0.0,0.5
0.0,0.35,0.898886,0.0,0.0,0.5
0.0,0.35,0.899373,0.0,0.0,0.5
0.0,0.35,0.899721,0.0,0.0,0.5
0.0,0.35,0.89993,0.0,0.0,0.5
0.0,0.35,0.9,0.0,0.0,0.5
0.0,0.35,0.9,0.0,0.0,0.5
0.0,0.35,0.89995,0.0,0.0,0.5
0.0,0.35,0.899801,0.0,0.0,0.5
0.0,0.35,0.899551,0.0,0.0,0.5
0.0,0.35,0.899203,0.0,0.0,0.5
0.0,0.35,0.898755,0.0,0.0,0.5
0.0,0.35,0.898207,0.0,0.0,0.5
0.0,0.35,0.89756,0.0,0.0,0.5
0.0,0.35,0.896814,0.0,0.0,0.5
0.0,0.35,0.895969,0.0,0.0,0.5
0.0,0.35,0.895026,0.0,0.0,0.5
0.0,0.35,0.893984,0.0,0.0,0.5
0.0,0.35,0.892844,0.0,0.0,0.5
0.0,0.35,0.891606,0.0,0.0,0.5
0.0,0.35,0.89027,0.0,0.0,0.5
0.0,0.35,0.888837,0.0,0.0,0.5
0.0,0.35,0.887307,0.0,0.0,0.5
0.0,0.35,0.885681,0.0,0.0,0.5
0.0,0.35,0.883959,0.0,0.0,0.5
0.0,0.35,0.88214,0.0,0.0,0.5
0.0,0.35,0.880227,0.0,0.0,0.5
0.0,0.35,0.878219,0.0,0.0,0.5
0.0,0.35,0.876116,0.0,0.0,0.5
0.0,0.35,0.87392,0.0,0.0,0.5
0.0,0.35,0.871631,0.0,0.0,0.5
0.0,0.35,0.869249,0.0,0.0,0.5
0.0,0.35,0.866775,0.0,0.0,0.5
0.0,0.35,0.86421,0.0,0.0,0.5
0.0,0.35,0.861554,0.0,0.0,0.5
0.0,0.35,0.858807,0.0,0.0,0.5
0.0,0.35,0.855972,0.0,0.0,0.5
0.0,0.35,0.853047,0.0,0.0,0.5
0.0,0.35,0.850035,0.0,0.0,0.5
0.0,0.35,0.846935,0.0,0.0,0.5
0.0,0.35,0.843749,0.0,0.0,0.5
0.0,0.35,0.840477,0.0,0.0,0.5
0.0,0.35,0.837121,0.0,0.0,0.5
0.0,0.35,0.83368,0.0,0.0,0.5
0.0,0.35,0.830156,0.0,0.0,0.5
0.0,0.35,0.82655,0.0,0.0,0.5
0.0,0.35,0.822863,0.0,0.0,0.5
0.0,0.35,0.819095,0.0,0.0,0.5
0.0,0.35,0.815247,0.0,0.0,0.5
0.0,0.35,0.811321,0.0,0.0,0.5
0.0,0.35,0.807318,0.0,0.0,0.5
0.0,0.35,0.803238,0.0,0.0,0.5
0.0,0.35,0.799082,0.0,0.0,0.5
0.0,0.35,0.794852,0.0,0.0,0.5
0.0,0.35,0.790548,0.0,0.0,0.5
0.0,0.35,0.786172,0.0,0.0,0.5
0.0,0.35,0.781724,0.0,0.0,0.5
0.0,0.35,0.777206,0.0,0.0,0.5
0.0,0.35,0.77262,0.0,0.0,0.5
0.0,0.35,0.767965,0.0,0.0,0.5
0.0,0.35,0.763243,0.0,0.0,0.5
0.0,0.35,0.758456,0.0,0.0,0.5
0.0,0.35,0.753605,0.0,0.0,0.5
0.0,0.35,0.74869,0.0,0.0,0.5
0.0,0.35,0.743713,0.0,0.0,0.5
0.0,0.35,0.738676,0.0,0.0,0.5
0.0,0.35,0.733579,0.0,0.0,0.5
0.0,0.35,0.728424,0.0,0.0,0.5
0.0,0.35,0.723212,0.0,0.0,0.5
0.0,0.35,0.717944,0.0,0.0,0.5
0.0,0.35,0.712622,0.0,0.0,0.5
0.0,0.35,0.707247,0.0,0.0,0.5
0.0,0.35,0.70182,0.0,0.0,0.5
0.0,0.35,0.696343,0.0,0.0,0.5
0.0,0.35,0.690817,0.0,0.0,0.5
0.0,0.35,0.685244,0.0,0.0,0.5
0.0,0.35,0.679624,0.0,0.0,0.5
0.0,0.35,0.67396,0.0,0.0,0.5
0.0,0.35,0.668252,0.0,0.0,0.5
0.0,0.35,0.662502,0.0,0.0,0.5
0.0,0.35,0.656712,0.0,0.0,0.5
0.0,0.35,0.650883,0.0,0.0,0.5
0.0,0.35,0.645016,0.0,0.0,0.5
0.0,0.35,0.639113,0.0,0.0,0.5
0.0,0.35,0.633175,0.0,0.0,0.5
0.0,0.35,0.627205,0.0,0.0,0.5
0.0,0.35,0.621202,0.0,0.0,0.5
0.0,0.35,0.615169,0.0,0.0,0.5
0.0,0.35,0.609108,0.0,0.0,0.5
0.0,0.35,0.603019,0.0,0.0,0.5
0.0,0.35,0.596905,0.0,0.0,0.5
0.0,0.35,0.590766,0.0,0.0,0.5
0.0,0.35,0.584605,0.0,0.0,0.5
0.0,0.35,0.578423,0.0,0.0,0.5
0.0,0.35,0.572221,0.0,0.0,0.5
0.0,0.35,0.566002,0.0,0.0,0.5
0.0,0.35,0.559766,0.0,0.0,0.5
0.0,0.35,0.553515,0.0,0.0,0.5
0.0,0.35,0.54725,0.0,0.0,0.5
0.0,0.35,0.540974,0.0,0.0,0.5
0.0,0.35,0.534688,0.0,0.0,0.5
0.0,0.35,0.528393,0.0,0.0,0.5
0.0,0.35,0.52209,0.0,0.0,0.5
0.0,0.35,0.515783,0.0,0.0,0.5
0.0,0.35,0.509471,0.0,0.0,0.5
0.0,0.35,0.503157,0.0,0.0,0.5
0.0,0.35,0.496843,0.0,0.0,0.5
0.0,0.35,0.490529,0.0,0.0,0.5
0.0,0.35,0.484217,0.0,0.0,0.5
0.0,0.35,0.47791,0.0,0.0,0.5
0.0,0.35,0.471607,0.0,0.0,0.5
0.0,0.35,0.465312,0.0,0.0,0.5
0.0,0.35,0.459026,0.0,0.0,0.5
0.0,0.35,0.45275,0.0,0.0,0.5
0.0,0.35,0.446485,0.0,0.0,0.5
0.0,0.35,0.440234,0.0,0.0,0.5
0.0,0.35,0.433998,0.0,0.0,0.5
0.0,0.35,0.427779,0.0,0.0,0.5
0.0,0.35,0.421577,0.0,0.0,0.5
0.0,0.35,0.415395,0.0,0.0,0.5
0.0,0.35,0.409234,0.0,0.0,0.5
0.0,0.35,0.403095,0.0,0.0,0.5
0.0,0.35,0.396981,0.0,0.0,0.5
0.0,0.35,0.390892,0.0,0.0,0.5
0.0,0.35,0.384831,0.0,0.0,0.5
0.0,0.35,0.378798,0.0,0.0,0.5
0.0,0.35,0.372795,0.0,0.0,0.5
0.0,0.35,0.366825,0.0,0.0,0.5
0.0,0.35,0.360887,0.0,0.0,0.5
0.0,0.35,0.354984,0.0,0.0,0.5
0.0,0.35,0.349117,0.0,0.0,0.5
0.0,0.35,0.343288,0.0,0.0,0.5
0.0,0.35,0.337498,0.0,0.0,0.5
0.0,0.35,0.331748,0.0,0.0,0.5
0.0,0.35,0.32604,0.0,0.0,0.5
0.0,0.35,0.320376,0.0,0.0,0.5
0.0,0.35,0.314756,0.0,0.0,0.5
0.0,0.35,0.309183,0.0,0.0,0.5
0.0,0.35,0.303657,0.0,0.0,0.5
0.0,0.35,0.29818,0.0,0.0,0.5
0.0,0.35,0.292753,0.0,0.0,0.5
0.0,0.35,0.287378,0.0,0.0,0.5
0.0,0.35,0.282056,0.0,0.0,0.5
0.0,0.35,0.276788,0.0,0.0,0.5
0.0,0.35,0.271576,0.0,0.0,0.5
0.0,0.35,0.266421,0.0,0.0,0.5
0.0,0.35,0.261324,0.0,0.0,0.5
0.0,0.35,0.256287,0.0,0.0,0.5
0.0,0.35,0.25131,0.0,0.0,0.5
0.0,0.35,0.246395,0.0,0.0,0.5
0.0,0.35,0.241544,0.0,0.0,0.5
0.0,0.35,0.236757,0.0,0.0,0.5
0.0,0.35,0.232035,0.0,0.0,0.5
0.0,0.35,0.22738,0.0,0.0,0.5
0.0,0.35,0.222794,0.0,0.0,0.5
0.0,0.35,0.218276,0.0,0.0,0.5
0.0,0.35,0.213828,0.0,0.0,0.5
0.0,0.35,0.209452,0.0,0.0,0.5
0.0,0.35,0.205148,0.0,0.0,0.5
0.0,0.35,0.200918,0.0,0.0,0.5
0.0,0.35,0.196762,0.0,0.0,0.5
0.0,0.35,0.192682,0.0,0.0,0.5
0.0,0.35,0.188679,0.0,0.0,0.5
0.0,0.35,0.184753,0.0,0.0,0.5
0.0,0.35,0.180905,0.0,0.0,0.5
0.0,0.35,0.177137,0.0,0.0,0.5
0.0,0.35,0.17345,0.0,0.0,0.5
0.0,0.35,0.169844,0.0,0.0,0.5
0.0,0.35,0.16632,0.0,0.0,0.5
0.0,0.35,0.162879,0.0,0.0,0.5
0.0,0.35,0.159523,0.0,0.0,0.5
0.0,0.35,0.156251,0.0,0.0,0.5
0.0,0.35,0.153065,0.0,0.0,0.5
0.0,0.35,0.149965,0.0,0.0,0.5
0.0,0.35,0.146953,0.0,0.0,0.5
0.0,0.35,0.144028,0.0,0.0,0.5
0.0,0.35,0.141193,0.0,0.0,0.5
0.0,0.35,0.138446,0.0,0.0,0.5
0.0,0.35,0.13579,0.0,0.0,0.5
0.0,0.35,0.133225,0.0,0.0,0.5
0.0,0.35,0.130751,0.0,0.0,0.5
0.0,0.35,0.128369,0.0,0.0,0.5
0.0,0.35,0.12608,0.0,0.0,0.5
0.0,0.35,0.123884,0.0,0.0,0.5
0.0,0.35,0.121781,0.0,0.0,0.5
0.0,0.35,0.119773,0.0,0.0,0.5
0.0,0.35,0.11786,0.0,0.0,0.5
0.0,0.35,0.116041,0.0,0.0,0.5
0.0,0.35,0.114319,0.0,0.0,0.5
0.0,0.35,0.112693,0.0,0.0,0.5
0.0,0.35,0.111163,0.0,0.0,0.5
0.0,0.35,0.10973,0.0,0.0,0.5
0.0,0.35,0.108394,0.0,0.0,0.5
0.0,0.35,0.107156,0.0,0.0,0.5
0.0,0.35,0.106016,0.0,0.0,0.5
0.0,0.35,0.104974,0.0,0.0,0.5
0.0,0.35,0.104031,0.0,0.0,0.5
0.0,0.35,0.103186,0.0,0.0,0.5
0.0,0.35,0.10244,0.0,0.0,0.5
0.0,0.35,0.101793,0.0,0.0,0.5
0.0,0.35,0.101245,0.0,0.0,0.5
0.0,0.35,0.100797,0.0,0.0,0.5
0.0,0.35,0.100449,0.0,0.0,0.5
0.0,0.35,0.100199,0.0,0.0,0.5
0.0,0.35,0.10005,0.0,0.0,0.5
0.0,0.35,0.1,0.0,0.0,0.5
0.0,0.35,0.1,0.0,0.0,0.5
0.0,0.35,0.10007,0.0,0.0,0.5
0.0,0.35,0.100279,0.0,0.0,0.5
0.0,0.35,0.100627,0.0,0.0,0.5
0.0,0.35,0.101114,0.0,0.0,0.5
0.0,0.35,0.10174,0.0,0.0,0.5
0.0,0.35,0.102504,0.0,0.0,0.5
0.0,0.35,0.103405,0.0,0.0,0.5
0.0,0.35,0.104444,0.0,0.0,0.5
0.0,0.35,0.105619,0.0,0.0,0.5
0.0,0.35,0.106929,0.0,0.0,0.5
0.0,0.35,0.108374,0.0,0.0,0.5
0.0,0.35,0.109953,0.0,0.0,0.5
0.0,0.35,0.111663,0.0,0.0,0.5
0.0,0.35,0.113506,0.0,0.0,0.5
0.0,0.35,0.115478,0.0,0.0,0.5
0.0,0.35,0.117578,0.0,0.0,0.5
0.0,0.35,0.119806,0.0,0.0,0.5
0.0,0.35,0.12216,0.0,0.0,0.5
0.0,0.35,0.124637,0.0,0.0,0.5
0.0,0.35,0.127237,0.0,0.0,0.5
0.0,0.35,0.129957,0.0,0.0,0.5
0.0,0.35,0.132795,0.0,0.0,0.5
0.0,0.35,0.13575,0.0,0.0,0.5
0.0,0.35,0.13882,0.0,0.0,0.5
0.0,0.35,0.142001,0.0,0.0,0.5
0.0,0.35,0.145293,0.0,0.0,0.5
0.0,0.35,0.148693,0.0,0.0,0.5
0.0,0.35,0.152198,0.0,0.0,0.5
0.0,0.35,0.155806,0.0,0.0,0.5
0.0,0.35,0.159515,0.0,0.0,0.5
0.0,0.35,0.163322,0.0,0.0,0.5
0.0,0.35,0.167224,0.0,0.0,0.5
0.0,0.35,0.171218,0.0,0.0,0.5
0.0,0.35,0.175302,0.0,0.0,0.5
0.0,0.35,0.179473,0.0,0.0,0.5
0.0,0.35,0.183728,0.0,0.0,0.5
0.0,0.35,0.188064,0.0,0.0,0.5
0.0,0.35,0.192478,0.0,0.0,0.5
0.0,0.35,0.196967,0.0,0.0,0.5
0.0,0.35,0.201528,0.0,0.0,0.5
0.0,0.35,0.206157,0.0,0.0,0.5
0.0,0.35,0.210852,0.0,0.0,0.5
0.0,0.35,0.215609,0.0,0.0,0.5
0.0,0.35,0.220425,0.0,0.0,0.5
0.0,0.35,0.225296,0.0,0.0,0.5
0.0,0.35,0.23022,0.0,0.0,0.5
0.0,0.35,0.235192,0.0,0.0,0.5
0.0,0.35,0.240209,0.0,0.0,0.5
0.0,0.35,0.245267,0.0,0.0,0.5
0.0,0.35,0.250364,0.0,0.0,0.5
0.0,0.35,0.255496,0.0,0.0,0.5
0.0,0.35,0.260658,0.0,0.0,0.5
0.0,0.35,0.265848,0.0,0.0,0.5
0.0,0.35,0.271062,0.0,0.0,0.5
0.0,0.35,0.276296,0.0,0.0,0.5
0.0,0.35,0.281546,0.0,0.0,0.5
0.0,0.35,0.28681,0.0,0.0,0.5
0.0,0.35,0.292082,0.0,0.0,0.5
0.0,0.35,0.29736,0.0,0.0,0.5
0.0,0.35,0.30264,0.0,0.0,0.5
0.0,0.35,0.307918,0.0,0.0,0.5
0.0,0.35,0.31319,0.0,0.0,0.5
0.0,0.35,0.318454,0.0,0.0,0.5
0.0,0.35,0.323704,0.0,0.0,0.5
0.0,0.35,0.328938,0.0,0.0,0.5
0.0,0.35,0.334152,0.0,0.0,0.5
0.0,0.35,0.339342,0.0,0.0,0.5
0.0,0.35,0.344504,0.0,0.0,0.5
0.0,0.35,0.349636,0.0,0.0,0.5
0.0,0.35,0.354733,0.0,0.0,0.5
0.0,0.35,0.359791,0.0,0.0,0.5
0.0,0.35,0.364808,0.0,0.0,0.5
0.0,0.35,0.36978,0.0,0.0,0.5
0.0,0.35,0.374704,0.0,0.0,0.5
0.0,0.35,0.379575,0.0,0.0,0.5
0.0,0.35,0.384391,0.0,0.0,0.5
0.0,0.35,0.389148,0.0,0.0,0.5
0.0,0.35,0.393843,0.0,0.0,0.5
0.0,0.35,0.398472,0.0,0.0,0.5
0.0,0.35,0.403033,0.0,0.0,0.5
0.0,0.35,0.407522,0.0,0.0,0.5
0.0,0.35,0.411936,0.0,0.0,0.5
0.0,0.35,0.416272,0.0,0.0,0.5
0.0,0.35,0.420527,0.0,0.0,0.5
0.0,0.35,0.424698,0.0,0.0,0.5
0.0,0.35,0.428782,0.0,0.0,0.5
0.0,0.35,0.432776,0.0,0.0,0.5
0.0,0.35,0.436678,0.0,0.0,0.5
0.0,0.35,0.440485,0.0,0.0,0.5
0.0,0.35,0.444194,0.0,0.0,0.5
0.0,0.35,0.447802,0.0,0.0,0.5
0.0,0.35,0.451307,0.0,0.0,0.5
0.0,0.35,0.454707,0.0,0.0,0.5
0.0,0.35,0.457999,0.0,0.0,0.5
0.0,0.35,0.46118,0.0,0.0,0.5
0.0,0.35,0.46425,0.0,0.0,0.5
0.0,0.35,0.467205,0.0,0.0,0.5
0.0,0.35,0.470043,0.0,0.0,0.5
0.0,0.35,0.472763,0.0,0.0,0.5
0.0,0.35,0.475363,0.0,0.0,0.5
0.0,0.35,0.47784,0.0,0.0,0.5
0.0,0.35,0.480194,0.0,0.0,0.5
0.0,0.35,0.482422,0.0,0.0,0.5
0.0,0.35,0.484522,0.0,0.0,0.5
0.0,0.35,0.486494,0.0,0.0,0.5
0.0,0.35,0.488337,0.0,0.0,0.5
0.0,0.35,0.490047,0.0,0.0,0.5
0.0,0.35,0.491626,0.0,0.0,0.5
0.0,0.35,0.493071,0.0,0.0,0.5
0.0,0.35,0.494381,0.0,0.0,0.5
0.0,0.35,0.495556,0.0,0.0,0.5
0.0,0.35,0.496595,0.0,0.0,0.5
0.0,0.35,0.497496,0.0,0.0,0.5
0.0,0.35,0.49826,0.0,0.0,0.5
0.0,0.35,0.498886,0.0,0.0,0.5
0.0,0.35,0.499373,0.0,0.0,0.5
0.0,0.35,0.499721,0.0,0.0,0.5
0.0,0.35,0.49993,0.0,0.0,0.5
0.0,0.35,0.5,0.0,0.0,0.5
0.0,0.35,0.5,0.0,0.0,0.5
0.0,0.35,0.500105,0.0,0.0,0.5
0.0,0.35,0.500418,0.0,0.0,0.5
0.0,0.35,0.50094,0.0,0.0,0.5
0.0,0.35,0.501671,0.0,0.0,0.5
0.0,0.35,0.50261,0.0,0.0,0.5
0.0,0.35,0.503756,0.0,0.0,0.5
0.0,0.35,0.505108,0.0,0.0,0.5
0.0,0.35,0.506666,0.0,0.0,0.5
0.0,0.35,0.508428,0.0,0.0,0.5
0.0,0.35,0.510394,0.0,0.0,0.5
0.0,0.35,0.512561,0.0,0.0,0.5
0.0,0.35,0.514929,0.0,0.0,0.5
0.0,0.35,0.517495,0.0,0.0,0.5
0.0,0.35,0.520258,0.0,0.0,0.5
0.0,0.35,0.523217,0.0,0.0,0.5
0.0,0.35,0.526368,0.0,0.0,0.5
0.0,0.35,0.529709,0.0,0.0,0.5
0.0,0.35,0.533239,0.0,0.0,0.5
0.0,0.35,0.536956,0.0,0.0,0.5
0.0,0.35,0.540855,0.0,0.0,0.5
0.0,0.35,0.544935,0.0,0.0,0.5
0.0,0.35,0.549193,0.0,0.0,0.5
0.0,0.35,0.553625,0.0,0.0,0.5
0.0,0.35,0.558229,0.0,0.0,0.5
0.0,0.35,0.563002,0.0,0.0,0.5
0.0,0.35,0.56794,0.0,0.0,0.5
0.0,0.35,0.57304,0.0,0.0,0.5
0.0,0.35,0.578297,0.0,0.0,0.5
0.0,0.35,0.58371,0.0,0.0,0.5
0.0,0.35,0.589273,0.0,0.0,0.5
0.0,0.35,0.594983,0.0,0.0,0.5
0.0,0.35,0.600835,0.0,0.0,0.5
0.0,0.35,0.606827,0.0,0.0,0.5
0.0,0.35,0.612953,0.0,0.0,0.5
0.0,0.35,0.61921,0.0,0.0,0.5
0.0,0.35,0.625592,0.0,0.0,0.5
0.0,0.35,0.632096,0.0,0.0,0.5
0.0,0.35,0.638717,0.0,0.0,0.5
0.0,0.35,0.645451,0.0,0.0,0.5
0.0,0.35,0.652292,0.0,0.0,0.5
0.0,0.35,0.659236,0.0,0.0,0.5
0.0,0.35,0.666278,0.0,0.0,0.5
0.0,0.35,0.673414,0.0,0.0,0.5
0.0,0.35,0.680638,0.0,0.0,0.5
0.0,0.35,0.687944,0.0,0.0,0.5
0.0,0.35,0.695329,0.0,0.0,0.5
0.0,0.35,0.702787,0.0,0.0,0.5
0.0,0.35,0.710313,0.0,0.0,0.5
0.0,0.35,0.717901,0.0,0.0,0.5
0.0,0.35,0.725546,0.0,0.0,0.5
0.0,0.35,0.733244,0.0,0.0,0.5
0.0,0.35,0.740987,0.0,0.0,0.5
0.0,0.35,0.748772,0.0,0.0,0.5
0.0,0.35,0.756593,0.0,0.0,0.5
0.0,0.35,0.764444,0.0,0.0,0.5
0.0,0.35,0.772319,0.0,0.0,0.5
0.0,0.35,0.780214,0.0,0.0,0.5
0.0,0.35,0.788123,0.0,0.0,0.5
0.0,0.35,0.79604,0.0,0.0,0.5
0.0,0.35,0.80396,0.0,0.0,0.5
0.0,0.35,0.811877,0.0,0.0,0.5
0.0,0.35,0.819786,0.0,0.0,0.5
0.0,0.35,0.827681,0.0,0.0,0.5
0.0,0.35,0.835556,0.0,0.0,0.5
0.0,0.35,0.843407,0.0,0.0,0.5
0.0,0.35,0.851228,0.0,0.0,0.5
0.0,0.35,0.859013,0.0,0.0,0.5
0.0,0.35,0.866756,0.0,0.0,0.5
0.0,0.35,0.874454,0.0,0.0,0.5
0.0,0.35,0.882099,0.0,0.0,0.5
0.0,0.35,0.889687,0.0,0.0,0.5
0.0,0.35,0.897213,0.0,0.0,0.5
0.0,0.35,0.904671,0.0,0.0,0.5
0.0,0.35,0.912056,0.0,0.0,0.5
0.0,0.35,0.919362,0.0,0.0,0.5
0.0,0.35,0.926586,0.0,0.0,0.5
0.0,0.2887755102040816,0.933722,0.0,0.0,0.5
0.0,0.24795918367346936,0.940764,0.0,0.0,0.5
0.0,0.20714285714285713,0.947708,0.0,0.0,0.5
0.0,0.1663265306122449,0.954549,0.0,0.0,0.5
0.0,0.12551020408163266,0.961283,0.0,0.0,0.5
0.0,0.08469387755102042,0.967904,0.0,0.0,0.5
0.0,0.06428571428571428,0.974408,0.0,0.0,0.5
0.0,0.023469387755102045,0.98079,0.0,0.0,0.5
0.0,0.0030612244897958996,0.987047,0.0,0.0,0.5
0.0,-0.01734693877551019,0.993173,0.0,0.0,0.5
0.0,-0.037755102040816335,0.999165,0.0,0.0,0.5
0.0,-0.058163265306122425,1.005017,0.0,0.0,0.5
0.0,-0.07857142857142857,1.010727,0.0,0.0,0.5
0.0,-0.09897959183673466,1.01629,0.0,0.0,0.5
0.0,-0.1193877551020408,1.021703,0.0,0.0,0.5
0.0,-0.13979591836734695,1.02696,0.0,0.0,0.5
0.0,-0.1602040816326531,1.03206,0.0,0.0,0.5
0.0,-0.1602040816326531,1.036998,0.0,0.0,0.5
0.0,-0.18061224489795913,1.041771,0.0,0.0,0.5
0.0,-0.20102040816326527,1.046375,0.0,0.0,0.5
0.0,-0.20102040816326527,1.050807,0.0,0.0,0.5
0.0,-0.22142857142857142,1.055065,0.0,0.0,0.5
0.0,-0.22142857142857142,1.059145,0.0,0.0,0.5
0.0,-0.24183673469387756,1.063044,0.0,0.0,0.5
0.0,-0.24183673469387756,1.066761,0.0,0.0,0.5
0.0,-0.2622448979591836,1.070291,0.0,0.0,0.5
0.0,-0.2622448979591836,1.073632,0.0,0.0,0.5
0.0,-0.2622448979591836,1.076783,0.0,0.0,0.5
0.0,-0.28265306122448974,1.079742,0.0,0.0,0.5
0.0,-0.28265306122448974,1.082505,0.0,0.0,0.5
0.0,-0.28265306122448974,1.085071,0.0,0.0,0.5
0.0,-0.3030612244897959,1.087439,0.0,0.0,0.5
0.0,-0.3030612244897959,1.089606,0.0,0.0,0.5
0.0,-0.3030612244897959,1.091572,0.0,0.0,0.5
0.0,-0.3030612244897959,1.093334,0.0,0.0,0.5
0.0,-0.3030612244897959,1.094892,0.0,0.0,0.5
0.0,-0.32346938775510203,1.096244,0.0,0.0,0.5
0.0,-0.32346938775510203,1.09739,0.0,0.0,0.5
0.0,-0.32346938775510203,1.098329,0.0,0.0,0.5
0.0,-0.32346938775510203,1.09906,0.0,0.0,0.5
0.0,-0.32346938775510203,1.099582,0.0,0.0,0.5
0.0,-0.32346938775510203,1.099895,0.0,0.0,0.5
0.0,-0.32346938775510203,1.1,0.0,0.0,0.5
0.0,-0.32346938775510203,1.1,0.0,0.0,0.5
0.0,-0.32346938775510203,1.099925,0.0,0.0,0.5
0.0,-0.32346938775510203,1.099701,0.0,0.0,0.5
0.0,-0.32346938775510203,1.099327,0.0,0.0,0.5
0.0,-0.32346938775510203,1.098804,0.0,0.0,0.5
0.0,-0.32346938775510203,1.098132,0.0,0.0,0.5
0.0,-0.32346938775510203,1.09731,0.0,0.0,0.5
0.0,-0.32346938775510203,1.09634,0.0,0.0,0.5
0.0,-0.3030612244897959,1.095221,0.0,0.0,0.5
0.0,-0.3030612244897959,1.093954,0.0,0.0,0.5
0.0,-0.3030612244897959,1.092539,0.0,0.0,0.5
0.0,-0.3030612244897959,1.090976,0.0,0.0,0.5
0.0,-0.3030612244897959,1.089266,0.0,0.0,0.5
0.0,-0.3030612244897959,1.087409,0.0,0.0,0.5
0.0,-0.28265306122448974,1.085405,0.0,0.0,0.5
0.0,-0.28265306122448974,1.083256,0.0,0.0,0.5
0.0,-0.28265306122448974,1.080961,0.0,0.0,0.5
0.0,-0.28265306122448974,1.078521,0.0,0.0,0.5
0.0,-0.2622448979591836,1.075938,0.0,0.0,0.5
0.0,-0.2622448979591836,1.073211,0.0,0.0,0.5
0.0,-0.2622448979591836,1.07034,0.0,0.0,0.5
0.0,-0.24183673469387756,1.067328,0.0,0.0,0.5
0.0,-0.24183673469387756,1.064175,0.0,0.0,0.5
0.0,-0.22142857142857142,1.06088,0.0,0.0,0.5
0.0,-0.22142857142857142,1.057446,0.0,0.0,0.5
0.0,-0.22142857142857142,1.053874,0.0,0.0,0.5
0.0,-0.20102040816326527,1.050163,0.0,0.0,0.5
0.0,-0.20102040816326527,1.046315,0.0,0.0,0.5
0.0,-0.18061224489795913,1.04233,0.0,0.0,0.5
0.0,-0.1602040816326531,1.038211,0.0,0.0,0.5
0.0,-0.1602040816326531,1.033957,0.0,0.0,0.5
0.0,-0.13979591836734695,1.029571,0.0,0.0,0.5
0.0,-0.1193877551020408,1.025052,0.0,0.0,0.5
0.0,-0.1193877551020408,1.020403,0.0,0.0,0.5
0.0,-0.09897959183673466,1.015624,0.0,0.0,0.5
0.0,-0.07857142857142857,1.010716,0.0,0.0,0.5
0.0,-0.058163265306122425,1.005681,0.0,0.0,0.5
0.0,-0.037755102040816335,1.00052,0.0,0.0,0.5
0.0,-0.01734693877551019,0.995235,0.0,0.0,0.5
0.0,0.0030612244897958996,0.989825,0.0,0.0,0.5
0.0,0.023469387755102045,0.984294,0.0,0.0,0.5
0.0,0.04387755102040819,0.978642,0.0,0.0,0.5
0.0,0.06428571428571428,0.972871,0.0,0.0,0.5
0.0,0.10510204081632651,0.966982,0.0,0.0,0.5
0.0,0.12551020408163266,0.960977,0.0,0.0,0.5
0.0,0.1663265306122449,0.954857,0.0,0.0,0.5
0.0,0.186734693877551,0.948623,0.0,0.0,0.5
0.0,0.22755102040816325,0.942278,0.0,0.0,0.5
0.0,0.2683673469387755,0.935822,0.0,0.0,0.5
0.0,0.32959183673469383,0.929258,0.0,0.0,0.5
0.0,0.35,0.922586,0.0,0.0,0.5
0.0,0.35,0.91581,0.0,0.0,0.5
0.0,0.35,0.90893,0.0,0.0,0.5
0.0,0.35,0.901947,0.0,0.0,0.5
0.0,0.35,0.894865,0.0,0.0,0.5
0.0,0.35,0.887684,0.0,0.0,0.5
0.0,0.35,0.880407,0.0,0.0,0.5
0.0,0.35,0.873035,0.0,0.0,0.5
0.0,0.35,0.86557,0.0,0.0,0.5
0.0,0.35,0.858014,0.0,0.0,0.5
0.0,0.35,0.850368,0.0,0.0,0.5
0.0,0.35,0.842636,0.0,0.0,0.5
0.0,0.35,0.834817,0.0,0.0,0.5
0.0,0.35,0.826916,0.0,0.0,0.5
0.0,0.35,0.818933,0.0,0.0,0.5
0.0,0.35,0.81087,0.0,0.0,0.5
0.0,0.35,0.80273,0.0,0.0,0.5
0.0,0.35,0.794515,0.0,0.0,0.5
0.0,0.35,0.786226,0.0,0.0,0.5
0.0,0.35,0.777866,0.0,0.0,0.5
0.0,0.35,0.769436,0.0,0.0,0.5
0.0,0.35,0.76094,0.0,0.0,0.5
0.0,0.35,0.752378,0.0,0.0,0.5
0.0,0.35,0.743754,0.0,0.0,0.5
0.0,0.35,0.735068,0.0,0.0,0.5
0.0,0.35,0.726324,0.0,0.0,0.5
0.0,0.35,0.717524,0.0,0.0,0.5
0.0,0.35,0.70867,0.0,0.0,0.5
0.0,0.35,0.699763,0.0,0.0,0.5
0.0,0.35,0.690807,0.0,0.0,0.5
0.0,0.35,0.681803,0.0,0.0,0.5
0.0,0.35,0.672754,0.0,0.0,0.5
0.0,0.35,0.663662,0.0,0.0,0.5
0.0,0.35,0.654529,0.0,0.0,0.5
0.0,0.35,0.645357,0.0,0.0,0.5
0.0,0.35,0.63615,0.0,0.0,0.5
0.0,0.35,0.626908,0.0,0.0,0.5
0.0,0.35,0.617635,0.0,0.0,0.5
0.0,0.35,0.608332,0.0,0.0,0.5
0.0,0.35,0.599003,0.0,0.0,0.5
0.0,0.35,0.589648,0.0,0.0,0.5
0.0,0.35,0.580272,0.0,0.0,0.5
0.0,0.35,0.570875,0.0,0.0,0.5
0.0,0.35,0.561461,0.0,0.0,0.5
0.0,0.35,0.552031,0.0,0.0,0.5
0.0,0.35,0.542589,0.0,0.0,0.5
0.0,0.35,0.533136,0.0,0.0,0.5
0.0,0.35,0.523674,0.0,0.0,0.5
0.0,0.35,0.514207,0.0,0.0,0.5
0.0,0.35,0.504736,0.0,0.0,0.5
0.0,0.35,0.495264,0.0,0.0,0.5
0.0,0.35,0.485793,0.0,0.0,0.5
0.0,0.35,0.476326,0.0,0.0,0.5
0.0,0.35,0.466864,0.0,0.0,0.5
0.0,0.35,0.457411,0.0,0.0,0.5
0.0,0.35,0.447969,0.0,0.0,0.5
0.0,0.35,0.438539,0.0,0.0,0.5
0.0,0.35,0.429125,0.0,0.0,0.5
0.0,0.35,0.419728,0.0,0.0,0.5
0.0,0.35,0.410352,0.0,0.0,0.5
0.0,0.35,0.400997,0.0,0.0,0.5
0.0,0.35,0.391668,0.0,0.0,0.5
0.0,0.35,0.382365,0.0,0.0,0.5
0.0,0.35,0.373092,0.0,0.0,0.5
0.0,0.35,0.36385,0.0,0.0,0.5
0.0,0.35,0.354643,0.0,0.0,0.5
0.0,0.35,0.345471,0.0,0.0,0.5
0.0,0.35,0.336338,0.0,0.0,0.5
0.0,0.35,0.327246,0.0,0.0,0.5
0.0,0.35,0.318197,0.0,0.0,0.5
0.0,0.35,0.309193,0.0,0.0,0.5
0.0,0.35,0.300237,0.0,0.0,0.5
0.0,0.35,0.29133,0.0,0.0,0.5
0.0,0.35,0.282476,0.0,0.0,0.5
0.0,0.35,0.273676,0.0,0.0,0.5
0.0,0.35,0.264932,0.0,0.0,0.5
0.0,0.35,0.256246,0.0,0.0,0.5
0.0,0.35,0.247622,0.0,0.0,0.5
0.0,0.35,0.23906,0.0,0.0,0.5
0.0,0.35,0.230564,0.0,0.0,0.5
0.0,0.35,0.222134,0.0,0.0,0.5
0.0,0.35,0.213774,0.0,0.0,0.5
0.0,0.35,0.205485,0.0,0.0,0.5
0.0,0.35,0.19727,0.0,0.0,0.5
0.0,0.35,0.18913,0.0,0.0,0.5
0.0,0.35,0.181067,0.0,0.0,0.5
0.0,0.35,0.173084,0.0,0.0,0.5
0.0,0.35,0.165183,0.0,0.0,0.5
0.0,0.35,0.157364,0.0,0.0,0.5
0.0,0.35,0.149632,0.0,0.0,0.5
0.0,0.35,0.141986,0.0,0.0,0.5
0.0,0.35,0.13443,0.0,0.0,0.5
0.0,0.35,0.126965,0.0,0.0,0.5
0.0,0.35,0.119593,0.0,0.0,0.5
0.0,0.35,0.112316,0.0,0.0,0.5
0.0,0.35,0.105135,0.0,0.0,0.5
0.0,0.35,0.098053,0.0,0.0,0.5
0.0,0.35,0.09107,0.0,0.0,0.5
0.0,0.35,0.08419,0.0,0.0,0.5
0.0,0.35,0.077414,0.0,0.0,0.5
0.0,0.35,0.070742,0.0,0.0,0.5
0.0,0.35,0.064178,0.0,0.0,0.5
0.0,0.35,0.057722,0.0,0.0,0.5
0.0,0.35,0.051377,0.0,0.0,0.5
0.0,0.35,0.045143,0.0,0.0,0.5
0.0,0.35,0.039023,0.0,0.0,0.5
0.0,0.35,0.033018,0.0,0.0,0.5
0.0,0.35,0.027129,0.0,0.0,0.5
0.0,0.35,0.021358,0.0,0.0,0.5
0.0,0.35,0.015706,0.0,0.0,0.5
0.0,0.35,0.010175,0.0,0.0,0.5
0.0,0.35,0.004765,0.0,0.0,0.5
0.0,0.35,-0.00052,0.0,0.0,0.5
0.0,0.35,-0.005681,0.0,0.0,0.5
0.0,0.35,-0.010716,0.0,0.0,0.5
0.0,0.35,-0.015624,0.0,0.0,0.5
0.0,0.35,-0.020403,0.0,0.0,0.5
0.0,0.35,-0.025052,0.0,0.0,0.5
0.0,0.35,-0.029571,0.0,0.0,0.5
0.0,0.35,-0.033957,0.0,0.0,0.5
0.0,0.35,-0.038211,0.0,0.0,0.5
0.0,0.35,-0.04233,0.0,0.0,0.5
0.0,0.35,-0.046315,0.0,0.0,0.5
0.0,0.35,-0.050163,0.0,0.0,0.5
0.0,0.35,-0.053874,0.0,0.0,0.5
0.0,0.35,-0.057446,0.0,0.0,0.5
0.0,0.35,-0.06088,0.0,0.0,0.5
0.0,0.35,-0.064175,0.0,0.0,0.5
0.0,0.35,-0.067328,0.0,0.0,0.5
0.0,0.35,-0.07034,0.0,0.0,0.5
0.0,0.35,-0.073211,0.0,0.0,0.5
0.0,0.35,-0.075938,0.0,0.0,0.5
0.0,0.35,-0.078521,0.0,0.0,0.5
0.0,0.35,-0.080961,0.0,0.0,0.5
0.0,0.35,-0.083256,0.0,0.0,0.5
0.0,0.35,-0.085405,0.0,0.0,0.5
0.0,0.35,-0.087409,0.0,0.0,0.5
0.0,0.35,-0.089266,0.0,0.0,0.5
0.0,0.35,-0.090976,0.0,0.0,0.5
0.0,0.35,-0.092539,0.0,0.0,0.5
0.0,0.35,-0.093954,0.0,0.0,0.5
0.0,0.35,-0.095221,0.0,0.0,0.5
0.0,0.35,-0.09634,0.0,0.0,0.5
0.0,0.35,-0.09731,0.0,0.0,0.5
0.0,0.35,-0.098132,0.0,0.0,0.5
0.0,0.35,-0.098804,0.0,0.0,0.5
0.0,0.35,-0.099327,0.0,0.0,0.5
0.0,0.35,-0.099701,0.0,0.0,0.5
0.0,0.35,-0.099925,0.0,0.0,0.5
0.0,0.35,-0.1,0.0,0.0,0.5
0.0,0.35,-0.1,0.0,0.0,0.5
0.0,0.35,-0.099895,0.0,0.0,0.5
0.0,0.35,-0.099582,0.0,0.0,0.5
0.0,0.35,-0.09906,0.0,0.0,0.5
0.0,0.35,-0.098329,0.0,0.0,0.5
0.0,0.35,-0.09739,0.0,0.0,0.5
0.0,0.35,-0.096244,0.0,0.0,0.5
0.0,0.35,-0.094892,0.0,0.0,0.5
0.0,0.35,-0.093334,0.0,0.0,0.5
0.0,0.35,-0.091572,0.0,0.0,0.5
0.0,0.35,-0.089606,0.0,0.0,0.5
0.0,0.35,-0.087439,0.0,0.0,0.5
0.0,0.35,-0.085071,0.0,0.0,0.5
0.0,0.35,-0.082505,0.0,0.0,0.5
0.0,0.35,-0.079742,0.0,0.0,0.5
0.0,0.35,-0.076783,0.0,0.0,0.5
0.0,0.35,-0.073632,0.0,0.0,0.5
0.0,0.35,-0.070291,0.0,0.0,0.5
0.0,0.35,-0.066761,0.0,0.0,0.5
0.0,0.35,-0.063044,0.0,0.0,0.5
0.0,0.35,-0.059145,0.0,0.0,0.5
0.0,0.35,-0.055065,0.0,0.0,0.5
0.0,0.35,-0.050807,0.0,0.0,0.5
0.0,0.35,-0.046375,0.0,0.0,0.5
0.0,0.35,-0.041771,0.0,0.0,0.5
0.0,0.35,-0.036998,0.0,0.0,0.5
0.0,0.35,-0.03206,0.0,0.0,0.5
0.0,0.35,-0.02696,0.0,0.0,0.5
0.0,0.35,-0.021703,0.0,0.0,0.5
0.0,0.35,-0.01629,0.0,0.0,0.5
0.0,0.35,-0.010727,0.0,0.0,0.5
0.0,0.35,-0.005017,0.0,0.0,0.5
0.0,0.35,0.000835,0.0,0.0,0.5
0.0,0.35,0.006827,0.0,0.0,0.5
0.0,0.35,0.012953,0.0,0.0,0.5
0.0,0.35,0.01921,0.0,0.0,0.5
0.0,0.35,0.025592,0.0,0.0,0.5
0.0,0.35,0.032096,0.0,0.0,0.5
0.0,0.35,0.038717,0.0,0.0,0.5
0.0,0.35,0.045451,0.0,0.0,0.5
0.0,0.35,0.052292,0.0,0.0,0.5
0.0,0.35,0.059236,0.0,0.0,0.5
0.0,0.35,0.066278,0.0,0.0,0.5
0.0,0.35,0.073414,0.0,0.0,0.5
0.0,0.35,0.080638,0.0,0.0,0.5
0.0,0.35,0.087944,0.0,0.0,0.5
0.0,0.35,0.095329,0.0,0.0,0.5
0.0,0.35,0.102787,0.0,0.0,0.5
0.0,0.35,0.110313,0.0,0.0,0.5
0.0,0.35,0.117901,0.0,0.0,0.5
0.0,0.35,0.125546,0.0,0.0,0.5
0.0,0.35,0.133244,0.0,0.0,0.5
0.0,0.35,0.140987,0.0,0.0,0.5
0.0,0.35,0.148772,0.0,0.0,0.5
0.0,0.35,0.156593,0.0,0.0,0.5
0.0,0.35,0.164444,0.0,0.0,0.5
0.0,0.35,0.172319,0.0,0.0,0.5
0.0,0.35,0.180214,0.0,0.0,0.5
0.0,0.35,0.188123,0.0,0.0,0.5
0.0,0.35,0.19604,0.0,0.0,0.5
0.0,0.35,0.20396,0.0,0.0,0.5
0.0,0.35,0.211877,0.0,0.0,0.5
0.0,0.35,0.219786,0.0,0.0,0.5
0.0,0.35,0.227681,0.0,0.0,0.5
0.0,0.35,0.235556,0.0,0.0,0.5
0.0,0.35,0.243407,0.0,0.0,0.5
0.0,0.35,0.251228,0.0,0.0,0.5
0.0,0.35,0.259013,0.0,0.0,0.5
0.0,0.35,0.266756,0.0,0.0,0.5
0.0,0.35,0.274454,0.0,0.0,0.5
0.0,0.35,0.282099,0.0,0.0,0.5
0.0,0.35,0.289687,0.0,0.0,0.5
0.0,0.35,0.297213,0.0,0.0,0.5
0.0,0.35,0.304671,0.0,0.0,0.5
0.0,0.35,0.312056,0.0,0.0,0.5
0.0,0.35,0.319362,0.0,0.0,0.5
0.0,0.35,0.326586,0.0,0.0,0.5
0.0,0.35,0.333722,0.0,0.0,0.5
0.0,0.35,0.340764,0.0,0.0,0.5
0.0,0.35,0.347708,0.0,0.0,0.5
0.0,0.35,0.354549,0.0,0.0,0.5
0.0,0.35,0.361283,0.0,0.0,0.5
0.0,0.35,0.367904,0.0,0.0,0.5
0.0,0.35,0.374408,0.0,0.0,0.5
0.0,0.35,0.38079,0.0,0.0,0.5
0.0,0.35,0.387047,0.0,0.0,0.5
0.0,0.35,0.393173,0.0,0.0,0.5
0.0,0.35,0.399165,0.0,0.0,0.5
0.0,0.35,0.405017,0.0,0.0,0.5
0.0,0.35,0.410727,0.0,0.0,0.5
0.0,0.35,0.41629,0.0,0.0,0.5
0.0,0.35,0.421703,0.0,0.0,0.5
0.0,0.35,0.42696,0.0,0.0,0.5
0.0,0.35,0.43206,0.0,0.0,0.5
0.0,0.35,0.436998,0.0,0.0,0.5
0.0,0.35,0.441771,0.0,0.0,0.5
0.0,0.35,0.446375,0.0,0.0,0.5
0.0,0.35,0.450807,0.0,0.0,0.5
0.0,0.35,0.455065,0.0,0.0,0.5
0.0,0.35,0.459145,0.0,0.0,0.5
0.0,0.35,0.463044,0.0,0.0,0.5
0.0,0.35,0.466761,0.0,0.0,0.5
0.0,0.35,0.470291,0.0,0.0,0.5
0.0,0.35,0.473632,0.0,0.0,0.5
0.0,0.35,0.476783,0.0,0.0,0.5
0.0,0.35,0.479742,0.0,0.0,0.5
0.0,0.35,0.482505,0.0,0.0,0.5
0.0,0.35,0.485071,0.0,0.0,0.5
0.0,0.35,0.487439,0.0,0.0,0.5
0.0,0.35,0.489606,0.0,0.0,0.5
0.0,0.35,0.491572,0.0,0.0,0.5
0.0,0.35,0.493334,0.0,0.0,0.5
0.0,0.35,0.494892,0.0,0.0,0.5
0.0,0.35,0.496244,0.0,0.0,0.5
0.0,0.35,0.49739,0.0,0.0,0.5
0.0,0.35,0.498329,0.0,0.0,0.5
0.0,0.35,0.49906,0.0,0.0,0.5
0.0,0.35,0.499582,0.0,0.0,0.5
0.0,0.35,0.499895,0.0,0.0,0.5
0.0,0.35,0.5,0.0,0.0,0.5
0.0,0.35,0.5,0.0,0.0,0.5
0.0,0.35,0.500105,0.0,0.0,0.5
0.0,0.35,0.500418,0.0,0.0,0.5
0.0,0.35,0.50094,0.0,0.0,0.5
0.0,0.35,0.501671,0.0,0.0,0.5
0.0,0.35,0.50261,0.0,0.0,0.5
0.0,0.35,0.503756,0.0,0.0,0.5
0.0,0.35,0.505108,0.0,0.0,0.5
0.0,0.35,0.506666,0.0,0.0,0.5
0.0,0.35,0.508428,0.0,0.0,0.5
0.0,0.35,0.510394,0.0,0.0,0.5
0.0,0.35,0.512561,0.0,0.0,0.5
0.0,0.35,0.514929,0.0,0.0,0.5
0.0,0.35,0.517495,0.0,0.0,0.5
0.0,0.35,0.520258,0.0,0.0,0.5
0.0,0.35,0.523217,0.0,0.0,0.5
0.0,0.35,0.526368,0.0,0.0,0.5
0.0,0.35,0.529709,0.0,0.0,0.5
0.0,0.35,0.533239,0.0,0.0,0.5
0.0,0.35,0.536956,0.0,0.0,0.5
0.0,0.35,0.540855,0.0,0.0,0.5
0.0,0.35,0.544935,0.0,0.0,0.5
0.0,0.35,0.549193,0.0,0.0,0.5
0.0,0.35,0.553625,0.0,0.0,0.5
0.0,0.35,0.558229,0.0,0.0,0.5
0.0,0.35,0.563002,0.0,0.0,0.5
0.0,0.35,0.56794,0.0,0.0,0.5
0.0,0.35,0.57304,0.0,0.0,0.5
0.0,0.35,0.578297,0.0,0.0,0.5
0.0,0.35,0.58371,0.0,0.0,0.5
0.0,0.35,0.589273,0.0,0.0,0.5
0.0,0.35,0.594983,0.0,0.0,0.5
0.0,0.35,0.600835,0.0,0.0,0.5
0.0,0.35,0.606827,0.0,0.0,0.5
0.0,0.35,0.612953,0.0,0.0,0.5
0.0,0.35,0.61921,0.0,0.0,0.5
0.0,0.35,0.625592,0.0,0.0,0.5
0.0,0.35,0.632096,0.0,0.0,0.5
0.0,0.35,0.638717,0.0,0.0,0.5
0.0,0.35,0.645451,0.0,0.0,0.5
0.0,0.35,0.652292,0.0,0.0,0.5
0.0,0.35,0.659236,0.0,0.0,0.5
0.0,0.35,0.666278,0.0,0.0,0.5
0.0,0.35,0.673414,0.0,0.0,0.5
0.0,0.35,0.680638,0.0,0.0,0.5
0.0,0.35,0.687944,0.0,0.0,0.5
0.0,0.35,0.695329,0.0,0.0,0.5
0.0,0.35,0.702787,0.0,0.0,0.5
0.0,0.35,0.710313,0.0,0.0,0.5
0.0,0.35,0.717901,0.0,0.0,0.5
0.0,0.35,0.725546,0.0,0.0,0.5
0.0,0.35,0.733244,0.0,0.0,0.5
0.0,0.35,0.740987,0.0,0.0,0.5
0.0,0.35,0.748772,0.0,0.0,0.5
0.0,0.35,0.756593,0.0,0.0,0.5
0.0,0.35,0.764444,0.0,0.0,0.5
0.0,0.35,0.772319,0.0,0.0,0.5
0.0,0.35,0.780214,0.0,0.0,0.5
0.0,0.35,0.788123,0.0,0.0,0.5
0.0,0.35,0.79604,0.0,0.0,0.5
0.0,0.35,0.80396,0.0,0.0,0.5
0.0,0.35,0.811877,0.0,0.0,0.5
0.0,0.35,0.819786,0.0,0.0,0.5
0.0,0.35,0.827681,0.0,0.0,0.5
0.0,0.35,0.835556,0.0,0.0,0.5
0.0,0.35,0.843407,0.0,0.0,0.5
0.0,0.35,0.851228,0.0,0.0,0.5
0.0,0.35,0.859013,0.0,0.0,0.5
0.0,0.35,0.866756,0.0,0.0,0.5
0.0,0.35,0.874454,0.0,0.0,0.5
0.0,0.35,0.882099,0.0,0.0,0.5
0.0,0.35,0.889687,0.0,0.0,0.5
0.0,0.35,0.897213,0.0,0.0,0.5
0.0,0.35,0.904671,0.0,0.0,0.5
0.0,0.35,0.912056,0.0,0.0,0.5
0.0,0.35,0.919362,0.0,0.0,0.5
0.0,0.35,0.926586,0.0,0.0,0.5
0.0,0.2887755102040816,0.933722,0.0,0.0,0.5
0.0,0.24795918367346936,0.940764,0.0,0.0,0.5
0.0,0.20714285714285713,0.947708,0.0,0.0,0.5
0.0,0.1663265306122449,0.954549,0.0,0.0,0.5
0.0,0.12551020408163266,0.961283,0.0,0.0,0.5
0.0,0.08469387755102042,0.967904,0.0,0.0,0.5
0.0,0.06428571428571428,0.974408,0.0,0.0,0.5
0.0,0.023469387755102045,0.98079,0.0,0.0,0.5
0.0,0.0030612244897958996,0.987047,0.0,0.0,0.5
0.0,-0.01734693877551019,0.993173,0.0,0.0,0.5
0.0,-0.037755102040816335,0.999165,0.0,0.0,0.5
0.0,-0.058163265306122425,1.005017,0.0,0.0,0.5
0.0,-0.07857142857142857,1.010727,0.0,0.0,0.5
0.0,-0.09897959183673466,1.01629,0.0,0.0,0.5
0.0,-0.1193877551020408,1.021703,0.0,0.0,0.5
0.0,-0.13979591836734695,1.02696,0.0,0.0,0.5
0.0,-0.1602040816326531,1.03206,0.0,0.0,0.5
0.0,-0.1602040816326531,1.036998,0.0,0.0,0.5
0.0,-0.18061224489795913,1.041771,0.0,0.0,0.5
0.0,-0.20102040816326527,1.046375,0.0,0.0,0.5
0.0,-0.20102040816326527,1.050807,0.0,0.0,0.5
0.0,-0.22142857142857142,1.055065,0.0,0.0,0.5
0.0,-0.22142857142857142,1.059145,0.0,0.0,0.5
0.0,-0.24183673469387756,1.063044,0.0,0.0,0.5
0.0,-0.24183673469387756,1.066761,0.0,0.0,0.5
0.0,-0.2622448979591836,1.070291,0.0,0.0,0.5
0.0,-0.2622448979591836,1.073632,0.0,0.0,0.5
0.0,-0.2622448979591836,1.076783,0.0,0.0,0.5
0.0,-0.28265306122448974,1.079742,0.0,0.0,0.5
0.0,-0.28265306122448974,1.082505,0.0,0.0,0.5
0.0,-0.28265306122448974,1.085071,0.0,0.0,0.5
0.0,-0.3030612244897959,1.087439,0.0,0.0,0.5
0.0,-0.3030612244897959,1.089606,0.0,0.0,0.5
0.0,-0.3030612244897959,1.091572,0.0,0.0,0.5
0.0,-0.3030612244897959,1.093334,0.0,0.0,0.5
0.0,-0.3030612244897959,1.094892,0.0,0.0,0.5
0.0,-0.32346938775510203,1.096244,0.0,0.0,0.5
0.0,-0.32346938775510203,1.09739,0.0,0.0,0.5
0.0,-0.32346938775510203,1.098329,0.0,0.0,0.5
0.0,-0.32346938775510203,1.09906,0.0,0.0,0.5
0.0,-0.32346938775510203,1.099582,0.0,0.0,0.5
0.0,-0.32346938775510203,1.099895,0.0,0.0,0.5
0.0,-0.32346938775510203,1.1,0.0,0.0,0.5
0.0,-0.32346938775510203,1.1,0.0,0.0,0.5
0.0,-0.32346938775510203,1.099925,0.0,0.0,0.5
0.0,-0.32346938775510203,1.099701,0.0,0.0,0.5
0.0,-0.32346938775510203,1.099327,0.0,0.0,0.5
0.0,-0.32346938775510203,1.098804,0.0,0.0,0.5
0.0,-0.32346938775510203,1.098132,0.0,0.0,0.5
0.0,-0.32346938775510203,1.09731,0.0,0.0,0.5
0.0,-0.32346938775510203,1.09634,0.0,0.0,0.5
0.0,-0.3030612244897959,1.095221,0.0,0.0,0.5
0.0,-0.3030612244897959,1.093954,0.0,0.0,0.5
0.0,-0.3030612244897959,1.092539,0.0,0.0,0.5
0.0,-0.3030612244897959,1.090976,0.0,0.0,0.5
0.0,-0.3030612244897959,1.089266,0.0,0.0,0.5
0.0,-0.3030612244897959,1.087409,0.0,0.0,0.5
0.0,-0.28265306122448974,1.085405,0.0,0.0,0.5
0.0,-0.28265306122448974,1.083256,0.0,0.0,0.5
0.0,-0.28265306122448974,1.080961,0.0,0.0,0.5
0.0,-0.28265306122448974,1.078521,0.0,0.0,0.5
0.0,-0.2622448979591836,1.075938,0.0,0.0,0.5
0.0,-0.2622448979591836,1.073211,0.0,0.0,0.5
0.0,-0.2622448979591836,1.07034,0.0,0.0,0.5
0.0,-0.24183673469387756,1.067328,0.0,0.0,0.5
0.0,-0.24183673469387756,1.064175,0.0,0.0,0.5
0.0,-0.22142857142857142,1.06088,0.0,0.0,0.5
0.0,-0.22142857142857142,1.057446,0.0,0.0,0.5
0.0,-0.22142857142857142,1.053874,0.0,0.0,0.5
0.0,-0.20102040816326527,1.050163,0.0,0.0,0.5
0.0,-0.20102040816326527,1.046315,0.0,0.0,0.5
0.0,-0.18061224489795913,1.04233,0.0,0.0,0.5
0.0,-0.1602040816326531,1.038211,0.0,0.0,0.5
0.0,-0.1602040816326531,1.033957,0.0,0.0,0.5
0.0,-0.13979591836734695,1.029571,0.0,0.0,0.5
0.0,-0.1193877551020408,1.025052,0.0,0.0,0.5
0.0,-0.1193877551020408,1.020403,0.0,0.0,0.5
0.0,-0.09897959183673466,1.015624,0.0,0.0,0.5
0.0,-0.07857142857142857,1.010716,0.0,0.0,0.5
0.0,-0.058163265306122425,1.005681,0.0,0.0,0.5
0.0,-0.037755102040816335,1.00052,0.0,0.0,0.5
0.0,-0.01734693877551019,0.995235,0.0,0.0,0.5
0.0,0.0030612244897958996,0.989825,0.0,0.0,0.5
0.0,0.023469387755102045,0.984294,0.0,0.0,0.5
0.0,0.04387755102040819,0.978642,0.0,0.0,0.5
0.0,0.06428571428571428,0.972871,0.0,0.0,0.5
0.0,0.10510204081632651,0.966982,0.0,0.0,0.5
0.0,0.12551020408163266,0.960977,0.0,0.0,0.5
0.0,0.1663265306122449,0.954857,0.0,0.0,0.5
0.0,0.186734693877551,0.948623,0.0,0.0,0.5
0.0,0.22755102040816325,0.942278,0.0,0.0,0.5
0.0,0.2683673469387755,0.935822,0.0,0.0,0.5
0.0,0.32959183673469383,0.929258,0.0,0.0,0.5
0.0,0.35,0.922586,0.0,0.0,0.5
0.0,0.35,0.91581,0.0,0.0,0.5
0.0,0.35,0.90893,0.0,0.0,0.5
0.0,0.35,0.901947,0.0,0.0,0.5
0.0,0.35,0.894865,0.0,0.0,0.5
0.0,0.35,0.887684,0.0,0.0,0.5
0.0,0.35,0.880407,0.0,0.0,0.5
0.0,0.35,0.873035,0.0,0.0,0.5
0.0,0.35,0.86557,0.0,0.0,0.5
0.0,0.35,0.858014,0.0,0.0,0.5
0.0,0.35,0.850368,0.0,0.0,0.5
0.0,0.35,0.842636,0.0,0.0,0.5
0.0,0.35,0.834817,0.0,0.0,0.5
0.0,0.35,0.826916,0.0,0.0,0.5
0.0,0.35,0.818933,0.0,0.0,0.5
0.0,0.35,0.81087,0.0,0.0,0.5
0.0,0.35,0.80273,0.0,0.0,0.5
0.0,0.35,0.794515,0.0,0.0,0.5
0.0,0.35,0.786226,0.0,0.0,0.5
0.0,0.35,0.777866,0.0,0.0,0.5
0.0,0.35,0.769436,0.0,0.0,0.5
0.0,0.35,0.76094,0.0,0.0,0.5
0.0,0.35,0.752378,0.0,0.0,0.5
0.0,0.35,0.743754,0.0,0.0,0.5
0.0,0.35,0.735068,0.0,0.0,0.5
0.0,0.35,0.726324,0.0,0.0,0.5
0.0,0.35,0.717524,0.0,0.0,0.5
0.0,0.35,0.70867,0.0,0.0,0.5
0.0,0.35,0.699763,0.0,0.0,0.5
0.0,0.35,0.690807,0.0,0.0,0.5
0.0,0.35,0.681803,0.0,0.0,0.5
0.0,0.35,0.672754,0.0,0.0,0.5
0.0,0.35,0.663662,0.0,0.0,0.5
0.0,0.35,0.654529,0.0,0.0,0.5
0.0,0.35,0.645357,0.0,0.0,0.5
0.0,0.35,0.63615,0.0,0.0,0.5
0.0,0.35,0.626908,0.0,0.0,0.5
0.0,0.35,0.617635,0.0,0.0,0.5
0.0,0.35,0.608332,0.0,0.0,0.5
0.0,0.35,0.599003,0.0,0.0,0.5
0.0,0.35,0.589648,0.0,0.0,0.5
0.0,0.35,0.580272,0.0,0.0,0.5
0.0,0.35,0.570875,0.0,0.0,0.5
0.0,0.35,0.561461,0.0,0.0,0.5
0.0,0.35,0.552031,0.0,0.0,0.5
0.0,0.35,0.542589,0.0,0.0,0.5
0.0,0.35,0.533136,0.0,0.0,0.5
0.0,0.35,0.523674,0.0,0.0,0.5
0.0,0.35,0.514207,0.0,0.0,0.5
0.0,0.35,0.504736,0.0,0.0,0.5
0.0,0.35,0.495264,0.0,0.0,0.5
0.0,0.35,0.485793,0.0,0.0,0.5
0.0,0.35,0.476326,0.0,0.0,0.5
0.0,0.35,0.466864,0.0,0.0,0.5
0.0,0.35,0.457411,0.0,0.0,0.5
0.0,0.35,0.447969,0.0,0.0,0.5
0.0,0.35,0.438539,0.0,0.0,0.5
0.0,0.35,0.429125,0.0,0.0,0.5
0.0,0.35,0.419728,0.0,0.0,0.5
0.0,0.35,0.410352,0.0,0.0,0.5
0.0,0.35,0.400997,0.0,0.0,0.5
0.0,0.35,0.391668,0.0,0.0,0.5
0.0,0.35,0.382365,0.0,0.0,0.5
0.0,0.35,0.373092,0.0,0.0,0.5
0.0,0.35,0.36385,0.0,0.0,0.5
0.0,0.35,0.354643,0.0,0.0,0.5
0.0,0.35,0.345471,0.0,0.0,0.5
0.0,0.35,0.336338,0.0,0.0,0.5
0.0,0.35,0.327246,0.0,0.0,0.5
0.0,0.35,0.318197,0.0,0.0,0.5
0.0,0.35,0.309193,0.0,0.0,0.5
0.0,0.35,0.300237,0.0,0.0,0.5
0.0,0.35,0.29133,0.0,0.0,0.5
0.0,0.35,0.282476,0.0,0.0,0.5
0.0,0.35,0.273676,0.0,0.0,0.5
0.0,0.35,0.264932,0.0,0.0,0.5
0.0,0.35,0.256246,0.0,0.0,0.5
0.0,0.35,0.247622,0.0,0.0,0.5
0.0,0.35,0.23906,0.0,0.0,0.5
0.0,0.35,0.230564,0.0,0.0,0.5
0.0,0.35,0.222134,0.0,0.0,0.5
0.0,0.35,0.213774,0.0,0.0,0.5
0.0,0.35,0.205485,0.0,0.0,0.5
0.0,0.35,0.19727,0.0,0.0,0.5
0.0,0.35,0.18913,0.0,0.0,0.5
0.0,0.35,0.181067,0.0,0.0,0.5
0.0,0.35,0.173084,0.0,0.0,0.5
0.0,0.35,0.165183,0.0,0.0,0.5
0.0,0.35,0.157364,0.0,0.0,0.5
0.0,0.35,0.149632,0.0,0.0,0.5
0.0,0.35,0.141986,0.0,0.0,0.5
0.0,0.35,0.13443,0.0,0.0,0.5
0.0,0.35,0.126965,0.0,0.0,0.5
0.0,0.35,0.119593,0.0,0.0,0.5
0.0,0.35,0.112316,0.0,0.0,0.5
0.0,0.35,0.105135,0.0,0.0,0.5
0.0,0.35,0.098053,0.0,0.0,0.5
0.0,0.35,0.09107,0.0,0.0,0.5
0.0,0.35,0.08419,0.0,0.0,0.5
0.0,0.35,0.077414,0.0,0.0,0.5
0.0,0.35,0.070742,0.0,0.0,0.5
0.0,0.35,0.064178,0.0,0.0,0.5
0.0,0.35,0.057722,0.0,0.0,0.5
0.0,0.35,0.051377,0.0,0.0,0.5
0.0,0.35,0.045143,0.0,0.0,0.5
0.0,0.35,0.039023,0.0,0.0,0.5
0.0,0.35,0.033018,0.0,0.0,0.5
0.0,0.35,0.027129,0.0,0.0,0.5
0.0,0.35,0.021358,0.0,0.0,0.5
0.0,0.35,0.015706,0.0,0.0,0.5
0.0,0.35,0.010175,0.0,0.0,0.5
0.0,0.35,0.004765,0.0,0.0,0.5
0.0,0.35,-0.00052,0.0,0.0,0.5
0.0,0.35,-0.005681,0.0,0.0,0.5
0.0,0.35,-0.010716,0.0,0.0,0.5
0.0,0.35,-0.015624,0.0,0.0,0.5
0.0,0.35,-0.020403,0.0,0.0,0.5
0.0,0.35,-0.025052,0.0,0.0,0.5
0.0,0.35,-0.029571,0.0,0.0,0.5
0.0,0.35,-0.033957,0.0,0.0,0.5
0.0,0.35,-0.038211,0.0,0.0,0.5
0.0,0.35,-0.04233,0.0,0.0,0.5
0.0,0.35,-0.046315,0.0,0.0,0.5
0.0,0.35,-0.050163,0.0,0.0,0.5
0.0,0.35,-0.053874,0.0,0.0,0.5
0.0,0.35,-0.057446,0.0,0.0,0.5
0.0,0.35,-0.06088,0.0,0.0,0.5
0.0,0.35,-0.064175,0.0,0.0,0.5
0.0,0.35,-0.067328,0.0,0.0,0.5
0.0,0.35,-0.07034,0.0,0.0,0.5
0.0,0.35,-0.073211,0.0,0.0,0.5
0.0,0.35,-0.075938,0.0,0.0,0.5
0.0,0.35,-0.078521,0.0,0.0,0.5
0.0,0.35,-0.080961,0.0,0.0,0.5
0.0,0.35,-0.083256,0.0,0.0,0.5
0.0,0.35,-0.085405,0.0,0.0,0.5
0.0,0.35,-0.087409,0.0,0.0,0.5
0.0,0.35,-0.089266,0.0,0.0,0.5
0.0,0.35,-0.090976,0.0,0.0,0.5
0.0,0.35,-0.092539,0.0,0.0,0.5
0.0,0.35,-0.093954,0.0,0.0,0.5
0.0,0.35,-0.095221,0.0,0.0,0.5
0.0,0.35,-0.09634,0.0,0.0,0.5
0.0,0.35,-0.09731,0.0,0.0,0.5
0.0,0.35,-0.098132,0.0,0.0,0.5
0.0,0.35,-0.098804,0.0,0.0,0.5
0.0,0.35,-0.099327,0.0,0.0,0.5
0.0,0.35,-0.099701,0.0,0.0,0.5
0.0,0.35,-0.099925,0.0,0.0,0.5
0.0,0.35,-0.1,0.0,0.0,0.5
0.0,0.35,-0.1,0.0,0.0,0.5
0.0,0.35,-0.099895,0.0,0.0,0.5
0.0,0.35,-0.099582,0.0,0.0,0.5
0.0,0.35,-0.09906,0.0,0.0,0.5
0.0,0.35,-0.098329,0.0,0.0,0.5
0.0,0.35,-0.09739,0.0,0.0,0.5
0.0,0.35,-0.096244,0.0,0.0,0.5
0.0,0.35,-0.094892,0.0,0.0,0.5
0.0,0.35,-0.093334,0.0,0.0,0.5
0.0,0.35,-0.091572,0.0,0.0,0.5
0.0,0.35,-0.089606,0.0,0.0,0.5
0.0,0.35,-0.087439,0.0,0.0,0.5
0.0,0.35,-0.085071,0.0,0.0,0.5
0.0,0.35,-0.082505,0.0,0.0,0.5
0.0,0.35,-0.079742,0.0,0.0,0.5
0.0,0.35,-0.076783,0.0,0.0,0.5
0.0,0.35,-0.073632,0.0,0.0,0.5
0.0,0.35,-0.070291,0.0,0.0,0.5
0.0,0.35,-0.066761,0.0,0.0,0.5
0.0,0.35,-0.063044,0.0,0.0,0.5
0.0,0.35,-0.059145,0.0,0.0,0.5
0.0,0.35,-0.055065,0.0,0.0,0.5
0.0,0.35,-0.050807,0.0,0.0,0.5
0.0,0.35,-0.046375,0.0,0.0,0.5
0.0,0.35,-0.041771,0.0,0.0,0.5
0.0,0.35,-0.036998,0.0,0.0,0.5
0.0,0.35,-0.03206,0.0,0.0,0.5
0.0,0.35,-0.02696,0.0,0.0,0.5
0.0,0.35,-0.021703,0.0,0.0,0.5
0.0,0.35,-0.01629,0.0,0.0,0.5
0.0,0.35,-0.010727,0.0,0.0,0.5
0.0,0.35,-0.005017,0.0,0.0,0.5
0.0,0.35,0.000835,0.0,0.0,0.5
0.0,0.35,0.006827,0.0,0.0,0.5
0.0,0.35,0.012953,0.0,0.0,0.5
0.0,0.35,0.01921,0.0,0.0,0.5
0.0,0.35,0.025592,0.0,0.0,0.5
0.0,0.35,0.032096,0.0,0.0,0.5
0.0,0.35,0.038717,0.0,0.0,0.5
0.0,0.35,0.045451,0.0,0.0,0.5
0.0,0.35,0.052292,0.0,0.0,0.5
0.0,0.35,0.059236,0.0,0.0,0.5
0.0,0.35,0.066278,0.0,0.0,0.5
0.0,0.35,0.073414,0.0,0.0,0.5
0.0,0.35,0.080638,0.0,0.0,0.5
0.0,0.35,0.087944,0.0,0.0,0.5
0.0,0.35,0.095329,0.0,0.0,0.5
0.0,0.35,0.102787,0.0,0.0,0.5
0.0,0.35,0.110313,0.0,0.0,0.5
0.0,0.35,0.117901,0.0,0.0,0.5
0.0,0.35,0.125546,0.0,0.0,0.5
0.0,0.35,0.133244,0.0,0.0,0.5
0.0,0.35,0.140987,0.0,0.0,0.5
0.0,0.35,0.148772,0.0,0.0,0.5
0.0,0.35,0.156593,0.0,0.0,0.5
0.0,0.35,0.164444,0.0,0.0,0.5
0.0,0.35,0.172319,0.0,0.0,0.5
0.0,0.35,0.180214,0.0,0.0,0.5
0.0,0.35,0.188123,0.0,0.0,0.5
0.0,0.35,0.19604,0.0,0.0,0.5
0.0,0.35,0.20396,0.0,0.0,0.5
0.0,0.35,0.211877,0.0,0.0,0.5
0.0,0.35,0.219786,0.0,0.0,0.5
0.0,0.35,0.227681,0.0,0.0,0.5
0.0,0.35,0.235556,0.0,0.0,0.5
0.0,0.35,0.243407,0.0,0.0,0.5
0.0,0.35,0.251228,0.0,0.0,0.5
0.0,0.35,0.259013,0.0,0.0,0.5
0.0,0.35,0.266756,0.0,0.0,0.5
0.0,0.35,0.274454,0.0,0.0,0.5
0.0,0.35,0.282099,0.0,0.0,0.5
0.0,0.35,0.289687,0.0,0.0,0.5
0.0,0.35,0.297213,0.0,0.0,0.5
0.0,0.35,0.304671,0.0,0.0,0.5
0.0,0.35,0.312056,0.0,0.0,0.5
0.0,0.35,0.319362,0.0,0.0,0.5
0.0,0.35,0.326586,0.0,0.0,0.5
0.0,0.35,0.333722,0.0,0.0,0.5
0.0,0.35,0.340764,0.0,0.0,0.5
0.0,0.35,0.347708,0.0,0.0,0.5
0.0,0.35,0.354549,0.0,0.0,0.5
0.0,0.35,0.361283,0.0,0.0,0.5
0.0,0.35,0.367904,0.0,0.0,0.5
0.0,0.35,0.374408,0.0,0.0,0.5
0.0,0.35,0.38079,0.0,0.0,0.5
0.0,0.35,0.387047,0.0,0.0,0.5
0.0,0.35,0.393173,0.0,0.0,0.5
0.0,0.35,0.399165,0.0,0.0,0.5
0.0,0.35,0.405017,0.0,0.0,0.5
0.0,0.35,0.410727,0.0,0.0,0.5
0.0,0.35,0.41629,0.0,0.0,0.5
0.0,0.35,0.421703,0.0,0.0,0.5
0.0,0.35,0.42696,0.0,0.0,0.5
0.0,0.35,0.43206,0.0,0.0,0.5
0.0,0.35,0.436998,0.0,0.0,0.5
0.0,0.35,0.441771,0.0,0.0,0.5
0.0,0.35,0.446375,0.0,0.0,0.5
0.0,0.35,0.450807,0.0,0.0,0.5
0.0,0.35,0.455065,0.0,0.0,0.5
0.0,0.35,0.459145,0.0,0.0,0.5
0.0,0.35,0.463044,0.0,0.0,0.5
0.0,0.35,0.466761,0.0,0.0,0.5
0.0,0.35,0.470291,0.0,0.0,0.5
0.0,0.35,0.473632,0.0,0.0,0.5
0.0,0.35,0.476783,0.0,0.0,0.5
0.0,0.35,0.479742,0.0,0.0,0.5
0.0,0.35,0.482505,0.0,0.0,0.5
0.0,0.35,0.485071,0.0,0.0,0.5
0.0,0.35,0.487439,0.0,0.0,0.5
0.0,0.35,0.489606,0.0,0.0,0.5
0.0,0.35,0.491572,0.0,0.0,0.5
0.0,0.35,0.493334,0.0,0.0,0.5
0.0,0.35,0.494892,0.0,0.0,0.5
0.0,0.35,0.496244,0.0,0.0,0.5
0.0,0.35,0.49739,0.0,0.0,0.5
0.0,0.35,0.498329,0.0,0.0,0.5
0.0,0.35,0.49906,0.0,0.0,0.5
0.0,0.35,0.499582,0.0,0.0,0.5
0.0,0.35,0.499895,0.0,0.0,0.5
0.0,0.35,0.5,0.0,0.0,0.5
0.0,0.35,0.5,0.0,0.0,0.5
0.0,0.349961,0.5,0.0,0.0,0.5
0.0,0.349844,0.5,0.0,0.0,0.5
0.0,0.34965,0.5,0.0,0.0,0.5
0.0,0.349378,0.5,0.0,0.0,0.5
0.0,0.349028,0.5,0.0,0.0,0.5
0.0,0.348602,0.5,0.0,0.0,0.5
0.0,0.348097,0.5,0.0,0.0,0.5
0.0,0.347516,0.5,0.0,0.0,0.5
0.0,0.346859,0.5,0.0,0.0,0.5
0.0,0.346125,0.5,0.0,0.0,0.5
0.0,0.345314,0.5,0.0,0.0,0.5
0.0,0.344428,0.5,0.0,0.0,0.5
0.0,0.343467,0.5,0.0,0.0,0.5
0.0,0.342431,0.5,0.0,0.0,0.5
0.0,0.34132,0.5,0.0,0.0,0.5
0.0,0.340136,0.5,0.0,0.0,0.5
0.0,0.338878,0.5,0.0,0.0,0.5
0.0,0.337547,0.5,0.0,0.0,0.5
0.0,0.336144,0.5,0.0,0.0,0.5
0.0,0.33467,0.5,0.0,0.0,0.5
0.0,0.333124,0.5,0.0,0.0,0.5
0.0,0.331508,0.5,0.0,0.0,0.5
0.0,0.329823,0.5,0.0,0.0,0.5
0.0,0.328068,0.5,0.0,0.0,0.5
0.0,0.326246,0.5,0.0,0.0,0.5
0.0,0.324356,0.5,0.0,0.0,0.5
0.0,0.3224,0.5,0.0,0.0,0.5
0.0,0.320379,0.5,0.0,0.0,0.5
0.0,0.318293,0.5,0.0,0.0,0.5
0.0,0.316143,0.5,0.0,0.0,0.5
0.0,0.31393,0.5,0.0,0.0,0.5
0.0,0.311656,0.5,0.0,0.0,0.5
0.0,0.309321,0.5,0.0,0.0,0.5
0.0,0.306926,0.5,0.0,0.0,0.5
0.0,0.304473,0.5,0.0,0.0,0.5
0.0,0.301962,0.5,0.0,0.0,0.5
0.0,0.299394,0.5,0.0,0.0,0.5
0.0,0.296771,0.5,0.0,0.0,0.5
0.0,0.294095,0.5,0.0,0.0,0.5
0.0,0.291365,0.5,0.0,0.0,0.5
0.0,0.288583,0.5,0.0,0.0,0.5
0.0,0.285751,0.5,0.0,0.0,0.5
0.0,0.28287,0.5,0.0,0.0,0.5
0.0,0.279941,0.5,0.0,0.0,0.5
0.0,0.276965,0.5,0.0,0.0,0.5
0.0,0.273944,0.5,0.0,0.0,0.5
0.0,0.270878,0.5,0.0,0.0,0.5
0.0,0.267771,0.5,0.0,0.0,0.5
0.0,0.264622,0.5,0.0,0.0,0.5
0.0,0.261433,0.5,0.0,0.0,0.5
0.0,0.258205,0.5,0.0,0.0,0.5
0.0,0.254941,0.5,0.0,0.0,0.5
0.0,0.251641,0.5,0.0,0.0,0.5
0.0,0.248307,0.5,0.0,0.0,0.5
0.0,0.244941,0.5,0.0,0.0,0.5
0.0,0.241543,0.5,0.0,0.0,0.5
0.0,0.238116,0.5,0.0,0.0,0.5
0.0,0.234661,0.5,0.0,0.0,0.5
0.0,0.231179,0.5,0.0,0.0,0.5
0.0,0.227672,0.5,0.0,0.0,0.5
0.0,0.224142,0.5,0.0,0.0,0.5
0.0,0.22059,0.5,0.0,0.0,0.5
0.0,0.217018,0.5,0.0,0.0,0.5
0.0,0.213427,0.5,0.0,0.0,0.5
0.0,0.209819,0.5,0.0,0.0,0.5
0.0,0.206196,0.5,0.0,0.0,0.5
0.0,0.202558,0.5,0.0,0.0,0.5
0.0,0.198909,0.5,0.0,0.0,0.5
0.0,0.195248,0.5,0.0,0.0,0.5
0.0,0.191579,0.5,0.0,0.0,0.5
0.0,0.187903,0.5,0.0,0.0,0.5
0.0,0.18422,0.5,0.0,0.0,0.5
0.0,0.180534,0.5,0.0,0.0,0.5
0.0,0.176845,0.5,0.0,0.0,0.5
0.0,0.173155,0.5,0.0,0.0,0.5
0.0,0.169466,0.5,0.0,0.0,0.5
0.0,0.16578,0.5,0.0,0.0,0.5
0.0,0.162097,0.5,0.0,0.0,0.5
0.0,0.158421,0.5,0.0,0.0,0.5
0.0,0.154752,0.5,0.0,0.0,0.5
0.0,0.151091,0.5,0.0,0.0,0.5
0.0,0.147442,0.5,0.0,0.0,0.5
0.0,0.143804,0.5,0.0,0.0,0.5
0.0,0.140181,0.5,0.0,0.0,0.5
0.0,0.136573,0.5,0.0,0.0,0.5
0.0,0.132982,0.5,0.0,0.0,0.5
0.0,0.12941,0.5,0.0,0.0,0.5
0.0,0.125858,0.5,0.0,0.0,0.5
0.0,0.122328,0.5,0.0,0.0,0.5
0.0,0.118821,0.5,0.0,0.0,0.5
0.0,0.115339,0.5,0.0,0.0,0.5
0.0,0.111884,0.5,0.0,0.0,0.5
0.0,0.108457,0.5,0.0,0.0,0.5
0.0,0.105059,0.5,0.0,0.0,0.5
0.0,0.101693,0.5,0.0,0.0,0.5
0.0,0.098359,0.5,0.0,0.0,0.5
0.0,0.095059,0.5,0.0,0.0,0.5
0.0,0.091795,0.5,0.0,0.0,0.5
0.0,0.088567,0.5,0.0,0.0,0.5
0.0,0.085378,0.5,0.0,0.0,0.5
0.0,0.082229,0.5,0.0,0.0,0.5
0.0,0.079122,0.5,0.0,0.0,0.5
0.0,0.076056,0.5,0.0,0.0,0.5
0.0,0.073035,0.5,0.0,0.0,0.5
0.0,0.070059,0.5,0.0,0.0,0.5
0.0,0.06713,0.5,0.0,0.0,0.5
0.0,0.064249,0.5,0.0,0.0,0.5
0.0,0.061417,0.5,0.0,0.0,0.5
0.0,0.058635,0.5,0.0,0.0,0.5
0.0,0.055905,0.5,0.0,0.0,0.5
0.0,0.053229,0.5,0.0,0.0,0.5
0.0,0.050606,0.5,0.0,0.0,0.5
0.0,0.048038,0.5,0.0,0.0,0.5
0.0,0.045527,0.5,0.0,0.0,0.5
0.0,0.043074,0.5,0.0,0.0,0.5
0.0,0.040679,0.5,0.0,0.0,0.5
0.0,0.038344,0.5,0.0,0.0,0.5
0.0,0.03607,0.5,0.0,0.0,0.5
0.0,0.033857,0.5,0.0,0.0,0.5
0.0,0.031707,0.5,0.0,0.0,0.5
0.0,0.029621,0.5,0.0,0.0,0.5
0.0,0.0276,0.5,0.0,0.0,0.5
0.0,0.025644,0.5,0.0,0.0,0.5
0.0,0.023754,0.5,0.0,0.0,0.5
0.0,0.021932,0.5,0.0,0.0,0.5
0.0,0.020177,0.5,0.0,0.0,0.5
0.0,0.018492,0.5,0.0,0.0,0.5
0.0,0.016876,0.5,0.0,0.0,0.5
0.0,0.01533,0.5,0.0,0.0,0.5
0.0,0.013856,0.5,0.0,0.0,0.5
0.0,0.012453,0.5,0.0,0.0,0.5
0.0,0.011122,0.5,0.0,0.0,0.5
0.0,0.009864,0.5,0.0,0.0,0.5
0.0,0.00868,0.5,0.0,0.0,0.5
0.0,0.007569,0.5,0.0,0.0,0.5
0.0,0.006533,0.5,0.0,0.0,0.5
0.0,0.005572,0.5,0.0,0.0,0.5
0.0,0.004686,0.5,0.0,0.0,0.5
0.0,0.003875,0.5,0.0,0.0,0.5
0.0,0.003141,0.5,0.0,0.0,0.5
0.0,0.002484,0.5,0.0,0.0,0.5
0.0,0.001903,0.5,0.0,0.0,0.5
0.0,0.001398,0.5,0.0,0.0,0.5
0.0,0.000972,0.5,0.0,0.0,0.5
0.0,0.000622,0.5,0.0,0.0,0.5
0.0,0.00035,0.5,0.0,0.0,0.5
0.0,0.000156,0.5,0.0,0.0,0.5
0.0,3.9e-05,0.5,0.0,0.0,0.5
0.0,0.0,0.5,0.0,0.0,0.5
